1	0.7248756615	0.2462252338	0.0288991047
0	0.2117804342	0.2646671682	0.5235523976
0	0.5678789289	0.2272718623	0.2048492088
1	0.5539774647	0.4346712612	0.0113512742
0	0.0000000338	0.9999992618	0.0000007044
0	0.2933900540	0.6409271582	0.0656827877
0	0.4331481562	0.5222130204	0.0446388234
0	0.9771096656	0.0060017998	0.0168885346
0	0.5212942121	0.3515138228	0.1271919651
0	0.1793557065	0.0053709129	0.8152733806
0	0.4361158565	0.5622988501	0.0015852935
0	0.0418915905	0.7198808575	0.2382275520
0	0.9636838862	0.0363143009	0.0000018129
1	0.5788578060	0.2812848955	0.1398572985
1	0.4757739100	0.0000111089	0.5242149811
1	0.0717484830	0.1361540378	0.7920974792
0	0.9941766165	0.0000279254	0.0057954581
0	0.7572730213	0.2024971236	0.0402298552
0	0.8868267435	0.1094098719	0.0037633846
0	0.4388318431	0.1009780233	0.4601901336
0	0.0372631857	0.9625980525	0.0001387617
0	0.0000000000	0.0001120259	0.9998879741
0	0.0202120454	0.7666640218	0.2131239328
0	0.0309556113	0.0016484008	0.9673959879
1	0.0000790459	0.8437803828	0.1561405713
0	0.0181360452	0.3431882678	0.6386756871
0	0.6337105637	0.3583179429	0.0079714935
0	0.9711465858	0.0283488518	0.0005045624
0	0.0131180585	0.8988958312	0.0879861103
0	0.9569015138	0.0034408918	0.0396575943
0	0.5806437471	0.4146203259	0.0047359270
0	0.0331335497	0.9641004416	0.0027660087
0	0.0000113678	0.9928404598	0.0071481725
0	0.0583209011	0.1114818404	0.8301972585
0	0.3036269440	0.0001508773	0.6962221788
0	0.2060283583	0.6218930509	0.1720785908
0	0.1049488598	0.1790658221	0.7159853181
0	0.5475955632	0.4524044368	0.0000000000
0	0.5223506602	0.3179527080	0.1596966318
0	0.6168404813	0.2595624662	0.1235970524
0	0.8858228641	0.1119688463	0.0022082896
0	0.2428703700	0.0024995200	0.7546301099
0	0.3371845900	0.3340829591	0.3287324509
0	0.1393135983	0.8606864017	0.0000000000
0	0.0000000000	0.5167772898	0.4832227102
0	0.0000003882	0.8957341631	0.1042654487
1	0.0364793318	0.8914432521	0.0720774161
2	0.2492983606	0.5286723187	0.2220293207
0	0.6583318751	0.0424103063	0.2992578186
0	0.9401061182	0.0592701846	0.0006236971
0	0.0000000653	0.0000087123	0.9999912224
0	0.7141665405	0.0006252096	0.2852082499
0	0.3985941697	0.3090982846	0.2923075457
0	0.0000125337	0.9679032976	0.0320841688
1	0.0008410718	0.9449206526	0.0542382756
1	0.3164558432	0.5970894780	0.0864546788
0	0.8252376581	0.0011582706	0.1736040712
0	0.1548761634	0.3117798281	0.5333440085
1	0.9580933897	0.0267272759	0.0151793344
1	0.9923083195	0.0028698861	0.0048217945
0	0.0852809910	0.9145750345	0.0001439745
0	0.0001162257	0.5501374387	0.4497463356
1	0.0494912460	0.0886139159	0.8618948380
0	0.0003855272	0.4080891681	0.5915253046
0	0.8992925037	0.0000025112	0.1007049851
0	0.2699635030	0.0552905640	0.6747459330
0	0.9477965842	0.0114230843	0.0407803316
0	0.0000072336	0.1083746538	0.8916181126
0	0.2096505421	0.7901082500	0.0002412078
0	0.3430369705	0.6545678886	0.0023951409
0	0.9612515964	0.0382595152	0.0004888883
0	0.9993541631	0.0006318858	0.0000139511
0	0.1054198464	0.8944883569	0.0000917967
0	0.0544175279	0.0104204718	0.9351620003
0	0.4691800868	0.1257995481	0.4050203651
0	0.0455940673	0.8674896775	0.0869162552
1	0.9778760418	0.0221239038	0.0000000544
0	0.0266964915	0.9495625124	0.0237409962
0	0.5886896057	0.4113103587	0.0000000356
0	0.3674737151	0.6318640074	0.0006622775
0	0.0000004392	0.9973288842	0.0026706766
0	0.3882863149	0.6058900091	0.0058236760
0	0.0140558948	0.9172528462	0.0686912590
0	0.0655761605	0.8410146001	0.0934092394
1	0.0000000000	0.9508253309	0.0491746691
1	0.5566692144	0.0007983459	0.4425324397
1	0.2658853282	0.5363066862	0.1978079856
0	0.9239154232	0.0028011149	0.0732834619
0	0.1607698849	0.1993192608	0.6399108543
0	0.0214914994	0.2747526908	0.7037558097
0	0.2020785303	0.0000001214	0.7979213483
0	0.8948706827	0.1049809867	0.0001483307
1	0.0000007997	0.9999526205	0.0000465798
0	0.0503595504	0.0089549480	0.9406855016
1	0.9999999950	0.0000000047	0.0000000003
1	0.0000008328	0.9622373810	0.0377617862
0	0.9843842268	0.0020649732	0.0135508000
0	0.0014781739	0.4262532108	0.5722686153
0	0.9159646677	0.0000050102	0.0840303222
0	0.0031402354	0.8585848008	0.1382749637
