1	0.0388858633	0.9611141367	0.0000000000
0	0.3337094618	0.6660009966	0.0002895417
0	0.2084502264	0.1624240465	0.6291257271
0	0.7071713300	0.1392288871	0.1535997829
1	0.0000076458	0.4043717242	0.5956206301
0	0.0000000000	0.0012941348	0.9987058652
0	0.1325571356	0.8309005674	0.0365422970
0	0.3565098579	0.0950458148	0.5484443273
0	0.0103044148	0.3941882167	0.5955073685
1	0.0127199584	0.8959657000	0.0913143416
0	0.6381928122	0.3592234371	0.0025837508
0	0.0010606820	0.9943534477	0.0045858703
1	0.3709426902	0.0090447557	0.6200125542
1	0.0605222871	0.4277281162	0.5117495967
1	0.5007347872	0.1647799051	0.3344853077
1	0.1572533434	0.0222941270	0.8204525296
0	0.4113040277	0.1864929634	0.4022030089
0	0.1355654485	0.8630169309	0.0014176207
0	0.0177488031	0.9409222201	0.0413289767
0	0.0048856635	0.3809161618	0.6141981747
0	0.0482905819	0.0310902151	0.9206192029
0	0.0004744552	0.1198246632	0.8797008816
1	0.4015460597	0.2821989804	0.3162549600
0	0.7313461440	0.0193613020	0.2492925539
1	0.9011402385	0.0766546967	0.0222050648
0	0.0984725517	0.9014919601	0.0000354881
0	0.3734197033	0.0102436792	0.6163366175
0	0.1739471045	0.4680933121	0.3579595834
0	0.6774501028	0.0027769004	0.3197729969
0	0.5709277564	0.3879722061	0.0411000375
2	0.0007314367	0.9464328019	0.0528357614
1	0.9813283268	0.0186716732	0.0000000000
0	0.7458151694	0.2541848299	0.0000000008
0	0.0039503864	0.9077579133	0.0882917002
0	0.0109026045	0.4430751329	0.5460222627
0	0.8349075752	0.0000000000	0.1650924248
1	0.1487372986	0.0071722049	0.8440904966
0	0.0000014866	0.0139964992	0.9860020141
0	0.1623080575	0.3607934972	0.4768984453
1	0.9886323422	0.0009859643	0.0103816936
0	0.0012795584	0.7161765609	0.2825438807
0	0.6057330888	0.3905677863	0.0036991250
1	0.1360781027	0.0001514799	0.8637704174
1	0.1358314461	0.5453801899	0.3187883640
1	0.7146267567	0.2789846494	0.0063885939
1	0.9571103977	0.0030502540	0.0398393483
0	0.4422893053	0.1869565072	0.3707541876
0	0.7606128458	0.0301523903	0.2092347638
0	0.0141376983	0.9858564303	0.0000058714
0	0.0050031471	0.9948404862	0.0001563667
0	0.3296370357	0.0965365878	0.5738263765
0	0.0000016409	0.4090798521	0.5909185070
1	0.0244545262	0.0240066458	0.9515388280
0	0.8708759029	0.0752040249	0.0539200722
1	0.0000001373	0.3480790044	0.6519208583
0	0.0985541802	0.5780218823	0.3234239375
0	0.0002533413	0.4451342297	0.5546124290
0	0.7291351214	0.2639274612	0.0069374174
0	0.9506774770	0.0000000002	0.0493225227
0	0.7144761497	0.2849489171	0.0005749333
0	0.2109126791	0.7807335685	0.0083537524
0	0.0897504025	0.8742848738	0.0359647236
0	0.5346731566	0.4642138889	0.0011129544
1	0.0318096191	0.7151428590	0.2530475220
0	0.3902983177	0.1453483342	0.4643533481
0	0.0454010939	0.9534039643	0.0011949418
0	0.0607426792	0.1117976948	0.8274596260
0	0.9034724116	0.0750652869	0.0214623014
1	0.0243425050	0.4099034330	0.5657540620
0	0.0288491151	0.0057066708	0.9654442141
1	0.0000007748	0.9999992251	0.0000000000
0	0.0005454996	0.0055560627	0.9938984377
0	0.8011868647	0.1225242230	0.0762889123
0	0.4540472854	0.5446899223	0.0012627923
0	0.0096007314	0.8422165176	0.1481827510
1	0.5385191210	0.4546938339	0.0067870451
0	0.4810677110	0.5147074897	0.0042247993
0	0.7986084730	0.0587275348	0.1426639922
0	0.1338979496	0.0142444436	0.8518576067
0	0.4124869782	0.2095752046	0.3779378172
0	0.0019934363	0.9779500016	0.0200565622
0	0.0000032594	0.8456913590	0.1543053816
0	0.6300891914	0.3699108017	0.0000000069
0	0.9937180313	0.0048417959	0.0014401728
0	0.0386304480	0.9573719395	0.0039976125
0	0.3452873673	0.5075715571	0.1471410756
1	0.9999999998	0.0000000000	0.0000000002
1	0.0270954519	0.8424683852	0.1304361629
0	0.5069588923	0.3163716210	0.1766694867
0	0.0117212227	0.6476093450	0.3406694323
0	0.0774415740	0.7462405166	0.1763179094
0	0.1167943701	0.7243558520	0.1588497779
0	0.6196599730	0.3712004734	0.0091395535
1	0.0084826649	0.3791730910	0.6123442441
0	0.0130792087	0.1609347154	0.8259860759
1	0.7118131441	0.1441748607	0.1440119952
0	0.1551756356	0.1356891689	0.7091351954
0	0.9981371015	0.0017462560	0.0001166425
0	0.9971787882	0.0019480109	0.0008732009
0	0.3911524666	0.3843772618	0.2244702715
