0	0.0260005214	0.6083571754	0.3656423032
0	0.9593308011	0.0116813547	0.0289878442
0	0.0998357603	0.7741742461	0.1259899936
0	0.0518599465	0.6540782394	0.2940618141
0	0.5846801431	0.3894289039	0.0258909529
0	0.0452308100	0.0171970557	0.9375721343
0	0.1693389822	0.7923638039	0.0382972139
1	0.0000003499	0.9941302213	0.0058694289
0	0.2931811585	0.3884834145	0.3183354269
0	0.0889797842	0.8812573178	0.0297628980
1	0.0039906375	0.2478870616	0.7481223008
0	0.0004542470	0.0752824649	0.9242632881
0	0.9331689915	0.0246620839	0.0421689246
0	0.1268996437	0.0026049642	0.8704953921
0	0.0459575918	0.6338039146	0.3202384937
0	0.1371774624	0.8615143309	0.0013082067
1	0.2216812949	0.5265620175	0.2517566876
1	0.0787257054	0.0706950453	0.8505792493
0	0.6319241938	0.0187415995	0.3493342067
0	0.0745035612	0.4749472404	0.4505491984
2	0.3625658021	0.5965660068	0.0408681911
0	0.9927633142	0.0026947741	0.0045419118
0	0.0000000000	0.0002097094	0.9997902906
0	0.8022903721	0.1592122643	0.0384973636
0	0.0000178229	0.9285635417	0.0714186353
0	0.2623380535	0.1584902689	0.5791716775
0	0.4202586265	0.5455447120	0.0341966616
0	0.0351981602	0.9648018398	0.0000000000
0	0.0004128967	0.9855487071	0.0140383963
1	0.0253551542	0.0903010486	0.8843437972
0	0.3307769506	0.0000001747	0.6692228747
0	0.2929956064	0.4406824215	0.2663219721
0	0.3081327988	0.1797418942	0.5121253069
2	0.0000064284	0.3673100705	0.6326835012
1	0.5897733567	0.3168633824	0.0933632609
0	0.2007452551	0.5564163724	0.2428383725
0	0.0270759279	0.9706768331	0.0022472391
0	0.0044413364	0.5093657026	0.4861929609
0	0.1805184925	0.8194815075	0.0000000000
0	0.0965008312	0.8486453788	0.0548537900
0	0.0375608618	0.9407369976	0.0217021406
0	0.0514716690	0.4950520438	0.4534762873
0	0.0588482679	0.8503648240	0.0907869081
0	0.5440675880	0.4559221342	0.0000102777
1	0.0000000031	0.0605010678	0.9394989291
1	0.4513482309	0.4213145352	0.1273372339
1	0.0000885164	0.4393948749	0.5605166087
0	0.5025360657	0.0003055694	0.4971583649
0	0.0000141863	0.6271769238	0.3728088899
0	0.9549499978	0.0143797002	0.0306703020
0	0.8651469926	0.0398817413	0.0949712661
0	0.0031839116	0.9552397179	0.0415763705
0	0.2456638830	0.0162598390	0.7380762779
0	0.9277389233	0.0001468851	0.0721141917
0	0.5442332244	0.0244141224	0.4313526532
0	0.1134101229	0.2591284843	0.6274613928
0	0.4850993786	0.3578118612	0.1570887602
0	0.0221128319	0.9275598802	0.0503272879
0	0.1635979725	0.2140894691	0.6223125585
1	0.9866670226	0.0000000000	0.0133329774
0	0.6863795713	0.0000015515	0.3136188772
0	0.3194948326	0.6184699855	0.0620351819
0	0.0030616642	0.9969374002	0.0000009356
0	0.9936960438	0.0059715671	0.0003323891
0	0.1534436515	0.4468051073	0.3997512412
0	0.2580741263	0.3151941758	0.4267316979
0	0.0499846160	0.6468802204	0.3031351636
0	0.8841995988	0.0700361201	0.0457642811
0	0.0000004813	0.9413539627	0.0586455560
0	0.4207423704	0.1141947188	0.4650629108
0	0.1747284365	0.6544151531	0.1708564104
0	0.0000024571	0.1213598031	0.8786377398
0	0.1723285232	0.8276714766	0.0000000002
0	0.8018436042	0.0905143435	0.1076420523
0	0.2802650052	0.0000618156	0.7196731792
1	0.0149397365	0.4772127491	0.5078475145
0	0.9081435517	0.0918564483	0.0000000000
0	0.4285838068	0.1563289477	0.4150872455
0	0.9287871234	0.0598171642	0.0113957123
0	0.8892004515	0.0459418787	0.0648576698
0	0.0217667119	0.9768682415	0.0013650466
0	0.1785459244	0.3284126063	0.4930414693
0	0.9989250623	0.0003885758	0.0006863619
0	0.0522501744	0.9327858881	0.0149639376
0	0.0115349684	0.5786947915	0.4097702401
0	0.1442984775	0.6773009402	0.1784005823
0	0.5227351825	0.4772646720	0.0000001455
1	0.6300768862	0.0445586422	0.3253644716
0	0.8746970906	0.0635345273	0.0617683821
0	0.4515186667	0.0874134527	0.4610678806
0	0.1925644629	0.0079387300	0.7994968071
0	0.0622202159	0.1439394412	0.7938403430
0	0.9328948505	0.0000553186	0.0670498309
0	0.1053715324	0.4730472938	0.4215811738
0	0.0606087271	0.4161143221	0.5232769508
1	0.7524688914	0.2089501093	0.0385809993
1	0.7974631455	0.0026025078	0.1999343467
1	0.1638459407	0.2408133516	0.5953407077
0	0.0000440561	0.9203187134	0.0796372305
0	0.7738838044	0.0347123507	0.1914038448
