1	0.4151813735	0.5848154744	0.0000031521
1	0.1648820833	0.8071190482	0.0279988685
1	0.9495749949	0.0250861165	0.0253388886
0	0.1592193648	0.8251737412	0.0156068940
0	0.0507392377	0.5569080927	0.3923526697
0	0.0004163719	0.1104952971	0.8890883310
0	0.0844553520	0.1873016785	0.7282429695
1	0.2292673000	0.7018299668	0.0689027332
0	0.7103457121	0.0594049803	0.2302493076
0	0.7044261375	0.0205121557	0.2750617068
0	0.0003114017	0.4926237580	0.5070648404
0	0.8765331483	0.1167906971	0.0066761546
0	0.1246218096	0.1175735934	0.7578045970
0	0.0595855582	0.9299788210	0.0104356208
0	0.1886178815	0.6941429163	0.1172392022
0	0.6536580394	0.1031281656	0.2432137950
1	0.0169335030	0.7911023102	0.1919641867
0	0.0542118236	0.5307397035	0.4150484729
0	0.4872068271	0.0321275829	0.4806655899
0	0.0716956512	0.9271615355	0.0011428133
0	0.0149430388	0.0291975757	0.9558593855
0	0.5539007484	0.0000000006	0.4460992510
0	0.5126326595	0.2244549380	0.2629124025
0	0.1071548483	0.1310720660	0.7617730856
0	0.2099261910	0.4637536710	0.3263201379
0	0.0095165146	0.1868979666	0.8035855187
0	0.0423645653	0.5854709161	0.3721645186
0	0.9991804195	0.0002385281	0.0005810524
0	0.2240026486	0.3540165563	0.4219807951
0	0.0006692535	0.8891488922	0.1101818544
0	0.1276833011	0.0001253306	0.8721913684
0	0.0349307141	0.3595454293	0.6055238566
0	0.7988033501	0.0000050376	0.2011916123
0	0.0962003065	0.0352387200	0.8685609735
0	0.2988478971	0.5347041084	0.1664479945
0	0.0631427382	0.7459768966	0.1908803652
1	0.2775933337	0.0254892651	0.6969174012
0	0.4050389070	0.5527244837	0.0422366093
0	0.0198527842	0.2362322622	0.7439149536
0	0.0683884554	0.6614516200	0.2701599246
0	0.0979709457	0.0052896496	0.8967394047
0	0.0973062824	0.8609425648	0.0417511528
0	0.6207431604	0.0309265632	0.3483302764
0	0.8307828523	0.0711437598	0.0980733879
0	0.4797279576	0.2122024978	0.3080695447
0	0.7687432959	0.0307588039	0.2004979002
0	0.2701680568	0.0450956519	0.6847362913
1	0.1798338507	0.8187676534	0.0013984959
2	0.8136321370	0.0681265660	0.1182412970
0	0.7140726087	0.2343035923	0.0516237990
1	0.0184816820	0.5677952847	0.4137230333
0	0.1384011137	0.0000000417	0.8615988446
1	0.6693542730	0.0864313184	0.2442144086
1	0.9953975150	0.0016692379	0.0029332472
1	0.5909482703	0.0000107502	0.4090409796
0	0.5388664770	0.1586034795	0.3025300434
0	0.0030957677	0.7996160464	0.1972881859
0	0.0609168561	0.1275267388	0.8115564051
0	0.2524037063	0.7335186842	0.0140776095
1	0.4611765584	0.1488698582	0.3899535834
1	0.1105061187	0.5314948975	0.3579989838
0	0.7025056194	0.0817625757	0.2157318050
0	0.0741442140	0.4846942891	0.4411614970
0	0.1250631535	0.7667371353	0.1081997112
1	0.4239179992	0.0616041484	0.5144778524
0	0.2702067524	0.5737554503	0.1560377972
0	0.0878027216	0.9111420481	0.0010552302
1	0.8297906956	0.0042144313	0.1659948731
0	0.7426438371	0.2416174132	0.0157387497
0	0.0479643304	0.1113632743	0.8406723953
0	0.1424970111	0.3900015609	0.4675014280
0	0.5059210727	0.4424212823	0.0516576450
0	0.0318372866	0.9265902745	0.0415724389
2	0.7459976890	0.0000135577	0.2539887533
0	0.0000916690	0.8107354505	0.1891728805
0	0.2760392224	0.5487316176	0.1752291600
1	0.0478443721	0.0478839367	0.9042716912
0	0.0000000022	0.1935851219	0.8064148759
0	0.7464021233	0.2317244423	0.0218734344
0	0.7212491044	0.1380442465	0.1407066491
0	0.0404363729	0.5506549436	0.4089086834
1	0.0301706378	0.9697125719	0.0001167903
0	0.5141689633	0.4858307882	0.0000002485
0	0.3247186007	0.3264918713	0.3487895280
1	0.7816043025	0.2078351694	0.0105605281
0	0.2257682855	0.7739987579	0.0002329567
0	0.2415805918	0.2981844100	0.4602349982
0	0.0547082578	0.0104007143	0.9348910279
0	0.1081230768	0.3182900867	0.5735868366
0	0.5096209775	0.0704161890	0.4199628334
1	0.1625113155	0.1333937294	0.7040949551
0	0.1606671715	0.2277529215	0.6115799070
0	0.0086561214	0.7400247922	0.2513190865
0	0.8957493557	0.0219129051	0.0823377392
0	0.2975152868	0.6874372104	0.0150475028
0	0.1003036964	0.0873075118	0.8123887918
0	0.9904573160	0.0073817276	0.0021609563
0	0.0230381519	0.1123509491	0.8646108990
1	0.1775328462	0.4880085279	0.3344586258
0	0.0004557834	0.3632372059	0.6363070107
