0	0.0185008430	0.9675396724	0.0139594845
0	0.1297418994	0.1633122087	0.7069458918
0	0.3866559671	0.0165141029	0.5968299299
0	0.9865669318	0.0000389590	0.0133941092
1	0.0048620528	0.8262880591	0.1688498881
0	0.0227544710	0.9509162604	0.0263292687
0	0.1098527594	0.8871688998	0.0029783408
0	0.0804817042	0.1107751045	0.8087431914
0	0.5813775027	0.1145476415	0.3040748559
0	0.0588756974	0.3094507914	0.6316735113
0	0.0508618117	0.6623576114	0.2867805769
0	0.3170162585	0.3123313324	0.3706524091
2	0.9818991053	0.0133896270	0.0047112678
1	0.4425989321	0.0605111763	0.4968898916
0	0.4421495395	0.2117185844	0.3461318760
0	0.0000772300	0.3980688432	0.6018539267
0	0.1277830115	0.2623881915	0.6098287970
0	0.0322286747	0.3812225004	0.5865488249
1	0.2349879462	0.1185182427	0.6464938111
0	0.5054816012	0.4945183988	0.0000000000
0	0.8763330002	0.0428940334	0.0807729664
0	0.5211575256	0.0445951221	0.4342473523
0	0.1133943507	0.0387468842	0.8478587651
0	0.9320841124	0.0158219587	0.0520939288
1	0.0829085507	0.4570574767	0.4600339726
0	0.3236281720	0.3129721954	0.3633996326
0	0.0002959157	0.0002936084	0.9994104760
1	0.0052641349	0.9947064847	0.0000293804
0	0.5517582966	0.0271723162	0.4210693872
0	0.5254158335	0.0786575324	0.3959266341
0	0.5579649479	0.4420198149	0.0000152371
0	0.1511219618	0.7653805220	0.0834975162
2	0.1608590739	0.0277221728	0.8114187533
0	0.1619289527	0.7863982601	0.0516727873
1	0.9005798711	0.0000000545	0.0994200745
0	0.8563314034	0.1020115071	0.0416570894
0	0.0387362510	0.0006842593	0.9605794897
0	0.7607788697	0.0000000000	0.2392211303
0	0.1774931371	0.0083589502	0.8141479127
0	0.0135384726	0.0540069812	0.9324545463
1	0.9396518028	0.0000291746	0.0603190226
1	0.2507511634	0.3406819419	0.4085668947
0	0.2088801994	0.0701123022	0.7210074985
0	0.5539957982	0.3642875602	0.0817166416
0	0.0000000747	0.0000000003	0.9999999250
0	0.0124879446	0.0819472953	0.9055647601
0	0.2434153064	0.5701684101	0.1864162834
1	0.6475336980	0.0595793753	0.2928869267
1	0.8759529910	0.1185982555	0.0054487535
0	0.8725025215	0.0048445643	0.1226529142
1	0.1562559917	0.8436921148	0.0000518935
0	0.2886638497	0.4915417480	0.2197944023
0	0.5415257674	0.0000000045	0.4584742281
0	0.0009678660	0.0001661009	0.9988660331
0	0.0381312746	0.9618050586	0.0000636668
0	0.0060310377	0.7568348144	0.2371341479
0	0.7900882100	0.1499552642	0.0599565258
1	0.4838421798	0.3783936310	0.1377641893
1	0.4283885368	0.4611086355	0.1105028277
0	0.2259831064	0.1936006174	0.5804162762
0	0.0000150811	0.2896888544	0.7102960645
0	0.9136130268	0.0708067703	0.0155802029
0	0.2328840657	0.1157476439	0.6513682904
1	0.6964866637	0.0004541093	0.3030592270
1	0.1962343221	0.7354394833	0.0683261946
0	0.0772908246	0.9222944665	0.0004147088
0	0.0090733333	0.0000000000	0.9909266667
1	0.3112917565	0.0045956456	0.6841125978
0	0.6836708276	0.0131704576	0.3031587148
0	0.0152945831	0.0488902531	0.9358151638
1	0.0570086278	0.0000000368	0.9429913354
0	0.0339491403	0.9499209222	0.0161299375
0	0.1840623333	0.4797266867	0.3362109800
0	0.8703857370	0.0499472191	0.0796670439
0	0.2334901699	0.5084472556	0.2580625744
2	0.6582851093	0.1306360449	0.2110788458
0	0.1858625680	0.3336783244	0.4804591076
0	0.0760192546	0.7841722812	0.1398084642
0	0.1521097784	0.7882013563	0.0596888653
0	0.2582746980	0.7360331158	0.0056921862
0	0.9372098000	0.0421363007	0.0206538993
1	0.1300911842	0.5617106888	0.3081981270
0	0.6222704757	0.3758633215	0.0018662028
0	0.0234158878	0.0299969977	0.9465871145
0	0.7107649496	0.2340640107	0.0551710397
0	0.0015796903	0.9956000983	0.0028202114
0	0.8085371587	0.0042472920	0.1872155493
1	0.0143401696	0.7700038855	0.2156559449
0	0.8743546521	0.1249482168	0.0006971311
0	0.0116559522	0.9434258680	0.0449181799
0	0.2447365579	0.3230447840	0.4322186581
0	0.2306825305	0.2107999713	0.5585174982
0	0.0000681093	0.8929256718	0.1070062189
0	0.0138510962	0.4481228568	0.5380260470
0	0.2552029848	0.2677465066	0.4770505086
0	0.3222188049	0.6446471063	0.0331340887
1	0.0772474906	0.8729098108	0.0498426986
0	0.4102216933	0.5542316313	0.0355466755
0	0.1334977228	0.0131766706	0.8533256065
0	0.0238613469	0.6738526957	0.3022859574
