0	0.1231502861	0.3878755818	0.4889741321
0	0.7903969257	0.2052751614	0.0043279129
0	0.7007912748	0.2709876964	0.0282210287
0	0.8211457494	0.1374868711	0.0413673795
0	0.1666397561	0.6316658153	0.2016944286
0	0.6243896987	0.3756098885	0.0000004129
0	0.7640440920	0.2359559080	0.0000000000
0	0.7498001506	0.1388949229	0.1113049265
0	0.1590026923	0.0000000408	0.8409972669
0	0.5048071351	0.0393448148	0.4558480501
0	0.5520741372	0.2825752610	0.1653506017
1	0.9883454096	0.0116545904	0.0000000000
0	0.0026555929	0.6543267662	0.3430176408
0	0.0878810110	0.1906255297	0.7214934593
0	0.0015016996	0.9754557254	0.0230425750
1	0.1111924456	0.8888075544	0.0000000000
0	0.0125717378	0.9874089833	0.0000192788
1	0.0612080645	0.9387919355	0.0000000000
0	0.3949519928	0.4117313596	0.1933166476
0	0.2707256882	0.5770213582	0.1522529536
1	0.0000000000	0.0000007980	0.9999992020
0	0.8250270001	0.0723757607	0.1025972392
0	0.1564014645	0.0049356927	0.8386628428
0	0.0000000000	0.6821965651	0.3178034349
1	0.0001608496	0.9998391504	0.0000000000
0	0.0143247789	0.3960600105	0.5896152106
0	0.1370873298	0.4434123591	0.4195003111
1	0.0000035542	0.0153903993	0.9846060465
0	0.0184429100	0.2034197038	0.7781373861
1	0.9981400428	0.0018599572	0.0000000000
1	0.0055247902	0.9944752098	0.0000000000
0	0.5568018155	0.0436791678	0.3995190167
0	0.4252434535	0.4851149152	0.0896416314
0	0.5745634042	0.4063771441	0.0190594517
1	0.0000007116	0.9999992852	0.0000000032
0	0.7787834992	0.2138975853	0.0073189154
0	0.1231581762	0.7822608250	0.0945809988
1	0.0641649039	0.9358350961	0.0000000000
0	0.0870478247	0.0237789862	0.8891731891
0	0.0421669372	0.9207787062	0.0370543566
0	0.8418561271	0.0000000000	0.1581438729
0	0.8214999433	0.1639161542	0.0145839026
0	0.4499622462	0.0380242327	0.5120135210
0	0.1155373309	0.8841585866	0.0003040824
0	0.6559563209	0.3071494815	0.0368941976
0	0.2503061903	0.6802659145	0.0694278952
0	0.0000009775	0.9737838342	0.0262151883
0	0.0365561911	0.2960900746	0.6673537342
0	0.4158653143	0.1400610552	0.4440736306
0	0.5971653891	0.3885969649	0.0142376460
0	0.4446807903	0.0000000000	0.5553192097
0	0.0182668518	0.0035412230	0.9781919252
0	0.0542398690	0.9300781618	0.0156819693
0	0.1724946159	0.2836993040	0.5438060802
0	0.0025256920	0.0000003278	0.9974739802
1	0.0049441380	0.9950558620	0.0000000000
0	0.0417595557	0.5602009820	0.3980394623
0	0.1474549003	0.0850569823	0.7674881174
0	0.6367022086	0.3591399033	0.0041578881
0	0.6537845300	0.0448633692	0.3013521009
0	0.9816941975	0.0183057832	0.0000000194
0	0.7596867880	0.0000000000	0.2403132120
0	0.0228176833	0.9343998260	0.0427824907
0	0.0350600430	0.9399579767	0.0249819803
0	0.0314741749	0.9648766158	0.0036492092
0	0.5140614161	0.2933866967	0.1925518872
0	0.0862922722	0.5866267142	0.3270810136
0	0.0163005073	0.2375268826	0.7461726101
1	0.1545804423	0.8454193087	0.0000002489
0	0.8033126531	0.1806861574	0.0160011895
0	0.4885607802	0.0462970652	0.4651421546
1	0.9979529859	0.0020470141	0.0000000000
2	0.0339794735	0.9660205265	0.0000000000
0	0.3781095273	0.6216239557	0.0002665170
0	0.2313355897	0.7684891860	0.0001752243
0	0.1225738384	0.8582010688	0.0192250928
0	0.4312627063	0.5685870309	0.0001502628
1	0.0072600275	0.9927399725	0.0000000000
0	0.0820785724	0.0000000000	0.9179214276
0	0.8879262465	0.0006624493	0.1114113041
0	0.4500771810	0.5076930975	0.0422297214
0	0.5697388033	0.4244443513	0.0058168453
0	0.0004232102	0.2604332067	0.7391435831
0	0.0094183425	0.8301060364	0.1604756211
1	0.0875717122	0.9120905126	0.0003377752
0	0.7964862662	0.0000000497	0.2035136841
0	0.3141470160	0.6858529840	0.0000000000
1	0.2204345608	0.7795654392	0.0000000000
0	0.1071885647	0.8610795522	0.0317318831
0	0.0613274613	0.7776376776	0.1610348612
0	0.0000055808	0.0097001889	0.9902942303
0	0.0229746930	0.9545451648	0.0224801422
0	0.0522491164	0.9468853888	0.0008654948
0	0.6743647718	0.3208821377	0.0047530905
0	0.0012121748	0.9435662108	0.0552216144
0	0.0044616161	0.2655792905	0.7299590933
0	0.7402382660	0.2265812697	0.0331804644
0	0.2565102979	0.5367869092	0.2067027929
0	0.0000000638	0.8690917411	0.1309081951
0	0.1021410703	0.8978589297	0.0000000000
