0	0.1154125166	0.1035377611	0.7810497223
0	0.9803029151	0.0180477503	0.0016493346
1	0.4248396704	0.5374300926	0.0377302370
0	0.0078072137	0.0465949851	0.9455978012
0	0.1416901452	0.6866504180	0.1716594369
0	0.0000014705	0.5698388420	0.4301596876
0	0.1086680842	0.2149592687	0.6763726471
0	0.8056412122	0.0000000303	0.1943587575
0	0.8441897239	0.1558098433	0.0000004327
0	0.1244871489	0.5795895190	0.2959233321
0	0.0619219395	0.8584311626	0.0796468979
0	0.0144998291	0.0030976646	0.9824025063
0	0.1371271930	0.8064793798	0.0563934272
0	0.5604374608	0.0779815239	0.3615810153
0	0.0565896438	0.0851063915	0.8583039648
1	0.4801032415	0.4945184282	0.0253783304
0	0.0103511186	0.9732601152	0.0163887661
0	0.5441170665	0.4024609037	0.0534220298
0	0.0419232359	0.5796969550	0.3783798091
0	0.0376934229	0.3584135898	0.6038929873
0	0.5272647473	0.1186331022	0.3541021504
0	0.6200473644	0.3609726760	0.0189799596
0	0.0566989659	0.9183552408	0.0249457933
1	0.4592528621	0.0322710000	0.5084761379
0	0.2315189913	0.2309890228	0.5374919859
0	0.1111941137	0.2534452627	0.6353606236
0	0.8535985627	0.1405320215	0.0058694158
0	0.0021825304	0.9289658761	0.0688515935
0	0.0837966999	0.7191383044	0.1970649957
0	0.2994715781	0.1379935621	0.5625348598
0	0.0696566196	0.8090312753	0.1213121051
0	0.4009009610	0.2912936107	0.3078054283
0	0.0893999860	0.7507609207	0.1598390933
0	0.2214812736	0.5884927809	0.1900259454
0	0.8992745518	0.1003812064	0.0003442418
0	0.3233425574	0.2329886580	0.4436687846
0	0.2670218845	0.1569616887	0.5760164268
0	0.1726708906	0.5116438553	0.3156852540
0	0.0696492648	0.9303383992	0.0000123361
1	0.3537231020	0.6221558737	0.0241210242
0	0.0000048430	0.0025378088	0.9974573482
0	0.0000000020	0.9436783680	0.0563216300
0	0.1428222940	0.0000025839	0.8571751222
0	0.0007974699	0.9893089131	0.0098936171
1	0.5094593662	0.3783614487	0.1121791851
0	0.5198280758	0.1608047621	0.3193671621
0	0.0014300069	0.1576409711	0.8409290220
1	0.9995533658	0.0002419775	0.0002046567
1	0.9546522348	0.0404918744	0.0048558908
0	0.8551470219	0.0067485783	0.1381043999
1	0.1341947949	0.1979020136	0.6679031916
0	0.0000000216	0.0873842005	0.9126157778
0	0.7489181466	0.0022235159	0.2488583375
0	0.0760260198	0.1631109658	0.7608630145
0	0.1571230478	0.0477392241	0.7951377281
0	0.0438021872	0.2748237742	0.6813740386
0	0.0170658465	0.9654999956	0.0174341579
0	0.0179249006	0.7540484776	0.2280266218
0	0.5233827192	0.0203365924	0.4562806884
0	0.0000298141	0.9597525535	0.0402176324
0	0.0001054287	0.1510894425	0.8488051289
1	0.1256344115	0.0513917505	0.8229738380
1	0.8919361888	0.1014617834	0.0066020278
0	0.8786789384	0.1207867357	0.0005343259
0	0.0189637510	0.6052303819	0.3758058671
0	0.9533296710	0.0459914143	0.0006789147
0	0.6605424820	0.0190759215	0.3203815965
0	0.6262443306	0.3453878841	0.0283677853
0	0.5714492403	0.3362550755	0.0922956842
1	0.2725407171	0.7111026140	0.0163566689
0	0.0000000007	0.0601949328	0.9398050665
0	0.0344589815	0.1011899468	0.8643510717
0	0.0532929567	0.8696129282	0.0770941151
2	0.9451714009	0.0262389593	0.0285896397
0	0.0000419747	0.7639132796	0.2360447457
0	0.0476121192	0.3286494387	0.6237384421
0	0.8740179659	0.0837839396	0.0421980945
0	0.0110281576	0.9889265028	0.0000453396
0	0.7341093306	0.1537111108	0.1121795585
0	0.0085258907	0.9835405370	0.0079335724
0	0.9371196993	0.0615744645	0.0013058362
0	0.0782781579	0.9216011939	0.0001206482
0	0.3987440895	0.2601045768	0.3411513337
1	0.8843216343	0.0902048717	0.0254734941
1	0.9534186367	0.0451114870	0.0014698763
1	0.9305018879	0.0298742264	0.0396238857
0	0.4975200809	0.3427573043	0.1597226147
0	0.0032576185	0.2718032719	0.7249391096
0	0.4963019051	0.3753563314	0.1283417635
1	0.0000359040	0.9996099022	0.0003541938
0	0.7805909800	0.0376463116	0.1817627083
0	0.0356359234	0.0080232514	0.9563408252
0	0.1249505418	0.0166702976	0.8583791606
1	0.0685573724	0.8408673186	0.0905753090
0	0.2857155806	0.1428603139	0.5714241055
0	0.1640388060	0.2248609986	0.6111001954
0	0.6127358021	0.0495621684	0.3377020295
1	0.1698877345	0.6336426380	0.1964696275
0	0.4441675863	0.4220416814	0.1337907323
0	0.0251377585	0.1022800506	0.8725821909
