0	0.6982267575	0.2892781222	0.0124951202
1	0.2990552742	0.1166822445	0.5842624813
1	0.3321839789	0.1517697336	0.5160462874
0	0.0465046134	0.6041226260	0.3493727606
0	0.2036608668	0.5123462533	0.2839928799
0	0.2192463387	0.6819462251	0.0988074363
2	0.2110522011	0.4033394207	0.3856083782
1	0.0358745261	0.8805285782	0.0835968957
0	0.0000547228	0.9984101093	0.0015351679
0	0.8068235436	0.1398473430	0.0533291134
0	0.0721888954	0.9239443443	0.0038667603
0	0.5299639672	0.3820372183	0.0879988144
0	0.0633193211	0.8799072677	0.0567734113
0	0.1026823390	0.8138510873	0.0834665737
0	0.1127099575	0.2187677080	0.6685223345
0	0.6930330649	0.1512170403	0.1557498948
0	0.0566814778	0.0442313178	0.8990872044
0	0.3820797168	0.2683149328	0.3496053504
0	0.2931289889	0.2639060894	0.4429649217
0	0.9307874724	0.0688950097	0.0003175178
0	0.0000000000	0.9999508234	0.0000491766
1	0.2208109864	0.2565852604	0.5226037532
0	0.5640894487	0.0217258365	0.4141847147
0	0.6282271919	0.1009538125	0.2708189957
1	0.3710042028	0.4511765540	0.1778192433
1	0.6271263653	0.0567514868	0.3161221479
0	0.0604522645	0.3222776865	0.6172700489
0	0.1614025617	0.0470531523	0.7915442861
0	0.4344350843	0.3741372616	0.1914276541
0	0.0102647195	0.6064345218	0.3833007587
0	0.0000138824	0.1281443672	0.8718417504
0	0.2285166507	0.3371948509	0.4342884984
1	0.2070502559	0.5409969874	0.2519527567
1	0.0983067196	0.8996769096	0.0020163708
0	0.1871741089	0.8127505661	0.0000753250
0	0.3561468205	0.5355586603	0.1082945192
0	0.0002157909	0.4315538152	0.5682303939
0	0.5831777836	0.0000310156	0.4167912008
0	0.0872774758	0.0970567488	0.8156657754
0	0.0000011631	0.2791181525	0.7208806844
0	0.0030003307	0.4429338415	0.5540658278
1	0.1373917949	0.8238997530	0.0387084521
0	0.0371397972	0.0542599730	0.9086002298
0	0.0395813939	0.5725092097	0.3879093964
0	0.9636035303	0.0357280587	0.0006684109
0	0.7921866168	0.0723300487	0.1354833345
1	0.6482570657	0.3517428770	0.0000000574
0	0.2445765834	0.4257386045	0.3296848121
0	0.0085050839	0.0000000000	0.9914949161
0	0.9062041389	0.0364157875	0.0573800736
0	0.0079047269	0.2846536446	0.7074416285
0	0.2035549645	0.5273563477	0.2690886878
1	0.8649306613	0.0362245448	0.0988447940
0	0.1581833840	0.0170731589	0.8247434571
0	0.5108314362	0.1875226786	0.3016458852
0	0.1289497114	0.8692864396	0.0017638490
1	0.6329664214	0.3670251273	0.0000084513
0	0.4518274947	0.1727169394	0.3754555659
0	0.0006597007	0.3281001425	0.6712401568
0	0.4529787033	0.4724412643	0.0745800324
1	0.2079169742	0.5449620296	0.2471209962
1	0.0518751407	0.9094336607	0.0386911986
0	0.0078888057	0.9170614422	0.0750497521
1	0.5938116275	0.2994369337	0.1067514388
0	0.9321048896	0.0629401293	0.0049549811
0	0.0074203585	0.9235502209	0.0690294206
0	0.0237219698	0.0947068925	0.8815711377
0	0.9530781853	0.0318901365	0.0150316782
0	0.0471260191	0.8685040746	0.0843699064
0	0.3561145760	0.6115706168	0.0323148072
1	0.1603862039	0.8375875956	0.0020262005
0	0.1918813203	0.7992006562	0.0089180235
0	0.0036560746	0.9963434356	0.0000004898
0	0.0318377801	0.9671733227	0.0009888973
0	0.2285617263	0.7714382730	0.0000000008
0	0.7104810219	0.2716301361	0.0178888420
0	0.8077769641	0.0436389446	0.1485840913
0	0.3821935315	0.5682769580	0.0495295105
1	0.0135166395	0.0496922888	0.9367910717
1	0.6491048614	0.3159940146	0.0349011240
0	0.2554417358	0.6745492196	0.0700090446
0	0.0005494134	0.2050767516	0.7943738350
0	0.6048097222	0.0670421208	0.3281481570
0	0.0925775393	0.9065824286	0.0008400321
0	0.1528260432	0.7902722971	0.0569016597
0	0.4134578324	0.0000000000	0.5865421676
0	0.9754119352	0.0000007852	0.0245872797
0	0.0002219744	0.2004376763	0.7993403492
0	0.0569353892	0.0191417441	0.9239228667
0	0.0065726157	0.2901544457	0.7032729386
1	0.8669160119	0.1260087630	0.0070752251
0	0.0552756832	0.0005373957	0.9441869211
1	0.0003025487	0.9811894304	0.0185080208
0	0.9744447644	0.0255552356	0.0000000000
0	0.6215937629	0.3666443759	0.0117618612
0	0.0000000000	0.8885034034	0.1114965966
0	0.1246788662	0.8469852283	0.0283359055
0	0.8658163879	0.0742902039	0.0598934082
0	0.2345922093	0.2163065913	0.5491011994
0	0.1922033876	0.1090179564	0.6987786560
