0	0.5285652449	0.4323141271	0.0391206280
0	0.3169032746	0.5406380466	0.1424586788
1	0.0180839317	0.7556293014	0.2262867670
0	0.4204556572	0.5728171003	0.0067272425
1	0.7735270384	0.2237335532	0.0027394084
1	0.0613705078	0.8604287501	0.0782007421
0	0.0080374172	0.9919348395	0.0000277433
0	0.1000783166	0.5986553887	0.3012662947
0	0.5089452681	0.0435615536	0.4474931783
0	0.0919178697	0.0124073929	0.8956747374
1	0.4060085717	0.0633229882	0.5306684401
1	0.0043075837	0.9761420167	0.0195503996
0	0.3076178254	0.5377700649	0.1546121097
0	0.0029471066	0.7082818245	0.2887710689
0	0.6942570161	0.0001254996	0.3056174843
1	0.1239877369	0.8208580352	0.0551542278
0	0.2555037894	0.1502751214	0.5942210892
0	0.5523653994	0.3796850308	0.0679495698
0	0.9206044973	0.0607000444	0.0186954582
0	0.0109348427	0.7115856951	0.2774794622
0	0.5966374578	0.2971318581	0.1062306841
1	0.6479832884	0.0756143068	0.2764024048
0	0.2824569706	0.4920826850	0.2254603444
0	0.4214204009	0.3955101258	0.1830694733
0	0.8447060557	0.0026714702	0.1526224741
0	0.3062161384	0.0629196379	0.6308642236
0	0.9906178241	0.0000050912	0.0093770847
1	0.9757747649	0.0205367533	0.0036884817
0	0.7277813978	0.0594535197	0.2127650825
0	0.1025377408	0.8068845948	0.0905776643
1	0.2286206339	0.2706353922	0.5007439739
2	0.0969554166	0.7848087109	0.1182358725
0	0.9267566597	0.0152790938	0.0579642465
0	0.3178255196	0.6593326420	0.0228418384
1	0.0264244782	0.9729640576	0.0006114642
1	0.6306188688	0.1605371891	0.2088439420
1	0.8050308405	0.1838455932	0.0111235663
0	0.6517072191	0.2887104006	0.0595823803
0	0.8510050201	0.0003837523	0.1486112275
0	0.1707898532	0.6729691112	0.1562410356
0	0.1292299777	0.0477053699	0.8230646523
1	0.0372443544	0.6977248034	0.2650308422
0	0.0609233060	0.8270078105	0.1120688835
0	0.1174856940	0.8122866137	0.0702276923
2	0.0049375091	0.1398987864	0.8551637046
0	0.6451746634	0.3548063911	0.0000189456
0	0.8802287152	0.0904553930	0.0293158917
1	0.5535760556	0.1534022775	0.2930216669
0	0.0000000001	0.4850450991	0.5149549008
0	0.4460801870	0.0880659957	0.4658538173
0	0.1962905691	0.1140128424	0.6896965885
0	0.6026425574	0.2437019256	0.1536555170
0	0.0518554081	0.9175942213	0.0305503706
0	0.0402337270	0.9349765756	0.0247896974
0	0.3308713705	0.2270253139	0.4421033156
0	0.0087737289	0.9908394345	0.0003868366
0	0.7370360364	0.0010168389	0.2619471247
0	0.0458777862	0.0767523790	0.8773698348
0	0.8089898410	0.1670806697	0.0239294893
0	0.8962084020	0.0188700961	0.0849215018
0	0.9423942970	0.0560874782	0.0015182248
0	0.0645919177	0.2313664102	0.7040416721
0	0.6213559039	0.0399772403	0.3386668558
1	0.8689218854	0.1036005249	0.0274775897
0	0.0544484415	0.8935691281	0.0519824303
0	0.2658107147	0.7101752728	0.0240140126
0	0.0384251092	0.1894200655	0.7721548253
0	0.9544701679	0.0321832496	0.0133465825
0	0.5256198058	0.0852926968	0.3890874974
0	0.0109242862	0.9165264428	0.0725492710
0	0.0109984888	0.8980248823	0.0909766288
0	0.1298438569	0.1845944760	0.6855616671
0	0.1472689000	0.5291654009	0.3235656991
0	0.9736420258	0.0053567154	0.0210012589
0	0.5103346001	0.1543796750	0.3352857249
1	0.8560891369	0.1117311218	0.0321797413
0	0.7276628646	0.0143720424	0.2579650930
0	0.4010401031	0.4275036169	0.1714562800
0	0.7092797783	0.1787030805	0.1120171412
0	0.2314138177	0.7051053037	0.0634808787
0	0.5221915788	0.0031111125	0.4746973087
0	0.0781657187	0.0826103167	0.8392239646
0	0.0013364617	0.4468564513	0.5518070870
1	0.0389858092	0.7831718501	0.1778423408
0	0.0061023209	0.9794717592	0.0144259199
1	0.1027565002	0.0998912164	0.7973522834
0	0.1066183961	0.4304928996	0.4628887043
1	0.2196846716	0.0817446698	0.6985706586
0	0.9753706884	0.0166265166	0.0080027950
0	0.3947768205	0.4702167541	0.1350064253
1	0.5633495006	0.1570585101	0.2795919893
0	0.0585177941	0.6948989467	0.2465832592
1	0.0058285277	0.9133682910	0.0808031813
1	0.4052995915	0.0215182900	0.5731821185
0	0.0207127594	0.9646307558	0.0146564848
0	0.1254531548	0.0007102664	0.8738365788
0	0.1539265335	0.0003650822	0.8457083843
0	0.1230540760	0.3484615641	0.5284843599
1	0.4868402743	0.2396132660	0.2735464596
0	0.4265692511	0.0516952926	0.5217354563
