0	0.1699260263	0.7803819663	0.0496920073
0	0.9856401936	0.0140578002	0.0003020062
1	0.8130885282	0.1869114718	0.0000000000
1	0.2321729169	0.7678270715	0.0000000115
0	0.5217402072	0.4749166898	0.0033431030
0	0.4787708430	0.4108212409	0.1104079160
0	0.1317909082	0.7423195032	0.1258895886
0	0.0000333294	0.1896046016	0.8103620690
0	0.3987903596	0.6012021552	0.0000074852
0	0.9383341737	0.0616658261	0.0000000002
0	0.2574542834	0.0476328837	0.6949128329
0	0.0865946461	0.3441129058	0.5692924481
0	0.0059055268	0.9359732105	0.0581212627
1	0.0087798447	0.9912201553	0.0000000000
2	0.1566488147	0.8433511853	0.0000000000
0	0.4995783824	0.3543543866	0.1460672310
0	0.9432864632	0.0415827268	0.0151308100
0	0.5618599943	0.4376209958	0.0005190099
0	0.3365363418	0.6634611908	0.0000024674
0	0.0000000001	0.5421464116	0.4578535884
0	0.8915748831	0.1002170839	0.0082080330
0	0.0137571769	0.4621494488	0.5240933743
0	0.6118535769	0.3860163097	0.0021301134
0	0.6629906888	0.0263708042	0.3106385070
1	0.2832223832	0.7167776168	0.0000000000
0	0.0014853138	0.8915210244	0.1069936618
0	0.0000000000	0.0057825773	0.9942174227
0	0.0179025956	0.5744117618	0.4076856426
0	0.2595701948	0.0000000039	0.7404298012
0	0.9562296312	0.0312317603	0.0125386084
1	0.6933024509	0.3066975476	0.0000000015
0	0.5140015157	0.1577536631	0.3282448211
1	0.0001886169	0.9774843300	0.0223270531
0	0.1841412926	0.0675479696	0.7483107378
0	0.3978372807	0.6006308167	0.0015319026
0	0.1243331746	0.1336213691	0.7420454563
0	0.1430955483	0.7941800663	0.0627243853
1	0.0000106900	0.9999893100	0.0000000000
1	0.0661149653	0.9338850347	0.0000000000
0	0.0709314347	0.2931555656	0.6359129997
0	0.5601398964	0.2949572681	0.1449028355
0	0.6314972529	0.0897745745	0.2787281726
0	0.0614894122	0.4468756017	0.4916349860
0	0.4766673405	0.1398607916	0.3834718679
0	0.6171926020	0.3417216554	0.0410857426
1	0.0003067400	0.9996932600	0.0000000000
1	0.9999971909	0.0000028091	0.0000000000
0	0.8694287874	0.0405556351	0.0900155775
0	0.3363386332	0.6275552779	0.0361060889
0	0.8234905432	0.0808758845	0.0956335723
0	0.0000038908	0.5198146921	0.4801814171
0	0.0000000000	0.9857199256	0.0142800744
0	0.9665450310	0.0000000000	0.0334549690
0	0.3247237009	0.2962368268	0.3790394722
0	0.3141302408	0.1084090029	0.5774607563
0	0.1301873148	0.0021002360	0.8677124491
0	0.2032851889	0.7820457560	0.0146690551
0	0.6576312457	0.2424007925	0.0999679618
1	0.9985189130	0.0014810870	0.0000000000
0	0.0103643946	0.8041249322	0.1855106733
0	0.9507700880	0.0492293649	0.0000005472
0	0.7007079610	0.0787305237	0.2205615153
0	0.1464108173	0.8535891827	0.0000000000
0	0.5325432173	0.4270730958	0.0403836869
0	0.2032586342	0.7967360082	0.0000053576
0	0.0255963963	0.3404589753	0.6339446284
0	0.2742564937	0.7233013160	0.0024421903
0	0.0021257858	0.0900395614	0.9078346528
1	0.2544477967	0.7455522028	0.0000000005
0	0.0746756048	0.9179299967	0.0073943985
0	0.4670920890	0.0000000486	0.5329078623
1	0.0683520478	0.9282451390	0.0034028132
0	0.4663168800	0.3177389611	0.2159441589
1	0.0376753924	0.9623246076	0.0000000000
0	0.9551282762	0.0023948506	0.0424768732
2	0.0001010663	0.9998989337	0.0000000000
0	0.0857807710	0.9014016631	0.0128175659
0	0.0246000048	0.8877102531	0.0876897421
1	0.0078358449	0.9921641551	0.0000000000
0	0.7428646461	0.0243077172	0.2328276367
0	0.1048686829	0.0434618361	0.8516694811
0	0.0065186875	0.0182898756	0.9751914369
0	0.0588465846	0.9341522002	0.0070012153
0	0.8739968980	0.1249051139	0.0010979881
0	0.7118723205	0.2312067596	0.0569209199
0	0.0000000000	0.0097669744	0.9902330256
0	0.0147848232	0.4280775065	0.5571376703
1	0.2494603958	0.7505396042	0.0000000000
0	0.6948667357	0.0745313757	0.2306018886
1	0.0024306977	0.9975693023	0.0000000000
0	0.0088599742	0.9893073713	0.0018326545
0	0.9124178793	0.0498632101	0.0377189107
0	0.3083468960	0.6916127357	0.0000403683
1	0.3927243739	0.6072756261	0.0000000000
0	0.5188764226	0.0767696006	0.4043539768
0	0.7642017545	0.0775125863	0.1582856592
0	0.0028789082	0.9306116086	0.0665094832
0	0.8035364659	0.0747160546	0.1217474794
1	0.7830818529	0.1975764433	0.0193417038
1	0.8589579378	0.1410420622	0.0000000000
