0	0.2319901591	0.6440629766	0.1239468643
0	0.1435467914	0.0004212634	0.8560319452
2	0.4677852371	0.5322147629	0.0000000000
0	0.9951780198	0.0047454370	0.0000765433
0	0.0374358437	0.0000006954	0.9625634609
0	0.0169484821	0.9783889399	0.0046625780
1	0.7528562749	0.2471437251	0.0000000000
0	0.0491416402	0.2031950945	0.7476632653
1	0.1827767047	0.8172232946	0.0000000006
0	0.3471066152	0.0000000000	0.6528933848
0	0.2884722978	0.1516662282	0.5598614740
0	0.0000326069	0.0493334410	0.9506339521
0	0.5403181175	0.3413213177	0.1183605647
0	0.7988830253	0.0002359691	0.2008810056
0	0.5417067080	0.4579674978	0.0003257942
0	0.4002297823	0.4656331438	0.1341370738
0	0.0130234504	0.0052714393	0.9817051104
1	0.6210635860	0.3789364140	0.0000000000
0	0.1005318983	0.8826080640	0.0168600377
1	0.0002678906	0.9997321094	0.0000000000
0	0.0000539555	0.8935431999	0.1064028446
0	0.1794891938	0.0127253857	0.8077854205
1	0.0478157741	0.9521838382	0.0000003876
0	0.9999967380	0.0000000014	0.0000032606
0	0.8014526111	0.1728465640	0.0257008249
0	0.1077365102	0.0307421453	0.8615213445
0	0.2147040585	0.7823317335	0.0029642080
1	0.3886499399	0.6113500601	0.0000000000
0	0.2046226441	0.7676299779	0.0277473780
0	0.0014697374	0.3705542963	0.6279759663
0	0.0019690222	0.9974527780	0.0005781998
1	0.2990714683	0.7009285317	0.0000000000
0	0.1359003586	0.0061531541	0.8579464872
1	0.2274216333	0.7720620116	0.0005163550
0	0.8221030023	0.1778745223	0.0000224754
0	0.0017713899	0.1100782615	0.8881503486
0	0.8918697580	0.0447968248	0.0633334172
1	0.0026087171	0.0231392484	0.9742520345
0	0.4558438537	0.1791962660	0.3649598803
0	0.5247114400	0.3319952916	0.1432932684
0	0.0007750098	0.1105701796	0.8886548106
1	0.0000430756	0.9999569244	0.0000000000
1	0.0000136967	0.9999863033	0.0000000000
0	0.2452245963	0.7439657076	0.0108096961
0	0.0887274982	0.0170711121	0.8942013897
0	0.1281862012	0.3974323765	0.4743814223
0	0.2414439650	0.2649817181	0.4935743169
0	0.9707516370	0.0292366568	0.0000117061
0	0.0253048552	0.2524650106	0.7222301342
1	0.0119779041	0.9880220959	0.0000000000
0	0.1935479031	0.7789226500	0.0275294469
1	0.0870865153	0.9129134847	0.0000000000
0	0.3372188749	0.2738211335	0.3889599916
0	0.9103472000	0.0430438266	0.0466089735
0	0.1854957876	0.1179711997	0.6965330127
1	0.0234570111	0.9763856728	0.0001573161
0	0.5801715864	0.2154646735	0.2043637401
0	0.3960511957	0.6039488043	0.0000000000
0	0.0000000026	0.2800017011	0.7199982963
0	0.1349539094	0.5237218304	0.3413242602
0	0.0409041183	0.8972411712	0.0618547105
0	0.0024593692	0.8194891842	0.1780514466
1	0.0004465901	0.9995534099	0.0000000000
0	0.9935061431	0.0039520139	0.0025418430
0	0.5110589207	0.4533105876	0.0356304917
0	0.1997700918	0.7227878287	0.0774420796
1	0.0004586113	0.9995413887	0.0000000000
0	0.9536897321	0.0329407114	0.0133695566
0	0.4945033704	0.0768953407	0.4286012890
0	0.1132668472	0.3025852584	0.5841478945
0	0.2027588629	0.1867116063	0.6105295307
0	0.1741739484	0.8237534779	0.0020725737
0	0.1950038950	0.0186592658	0.7863368392
1	0.7245336614	0.2754655376	0.0000008010
0	0.2115764068	0.3804024590	0.4080211342
0	0.8841758225	0.0458809977	0.0699431799
0	0.5151054059	0.4235613192	0.0613332749
0	0.8270979018	0.0303783388	0.1425237594
2	0.3575247288	0.6424752712	0.0000000000
0	0.6785301913	0.0037792934	0.3176905153
0	0.0000000359	0.8839609521	0.1160390120
0	0.0147538388	0.8866953835	0.0985507777
0	0.0077549917	0.9612320833	0.0310129250
0	0.0000693556	0.9891134160	0.0108172284
0	0.4546856026	0.4937183298	0.0515960676
0	0.0000009532	0.9999990467	0.0000000001
0	0.8848202258	0.0091356402	0.1060441341
0	0.0030244843	0.9969683994	0.0000071163
0	0.2078013378	0.6062514464	0.1859472157
0	0.4143797134	0.0282900822	0.5573302045
0	0.1465212002	0.8534787998	0.0000000000
0	0.2053334962	0.7946657849	0.0000007190
0	0.1138289721	0.3507929511	0.5353780769
0	0.3662710174	0.3776175576	0.2561114250
0	0.6715173458	0.0087155116	0.3197671426
0	0.2100497559	0.5412170846	0.2487331595
0	0.1043623065	0.6695915722	0.2260461213
0	0.4384133250	0.3547810358	0.2068056392
0	0.9231702156	0.0662675819	0.0105622025
0	0.0079720981	0.0001592056	0.9918686963
