0	0.0230010809	0.1628419253	0.0069135253	0.0315037601	0.0104727168	0.0013886225	0.0005799142	0.1627817930	0.6005166618	0.0000000000
0	0.0766913464	0.0961625931	0.0968374880	0.0832805111	0.0000001506	0.0044684930	0.0018719015	0.0621272246	0.2348212453	0.3437390465
0	0.0002095561	0.0303271490	0.0054342840	0.1009030591	0.0939274684	0.0387803860	0.0015765223	0.0009116466	0.3377226272	0.3902073012
1	0.0416107714	0.2465693527	0.0000014258	0.0017710712	0.1379044155	0.0363485102	0.0000155139	0.3699886584	0.1585223972	0.0072678837
1	0.0202421540	0.2961546253	0.4206023389	0.0004853487	0.0078726182	0.0338888925	0.0000000002	0.1195975282	0.0929858086	0.0081706854
0	0.0000000655	0.2155573277	0.0956796954	0.0457325296	0.3545324549	0.0530651311	0.0000154048	0.2340810550	0.0004384840	0.0008978521
0	0.0016719397	0.0492858618	0.0086343333	0.0300858860	0.1714420081	0.4517398315	0.0006569811	0.2825319842	0.0039511744	0.0000000000
1	0.0351505139	0.0010099236	0.2456956580	0.1489324803	0.0359490919	0.1194267007	0.0036942841	0.3857179686	0.0228096019	0.0016137771
0	0.0515763555	0.0000000306	0.1587091118	0.0136579449	0.0614454461	0.0810260373	0.2611780363	0.2393575083	0.0553437729	0.0777057562
1	0.0002687509	0.0058807056	0.1064173846	0.0626086237	0.1061474830	0.3277204174	0.0001048454	0.0668575880	0.3239573974	0.0000368040
2	0.0012387973	0.0637731676	0.7308374820	0.0010473881	0.0033643381	0.0031047422	0.0000000028	0.0546636849	0.1259829390	0.0159874580
0	0.0000000000	0.0595402663	0.0382481088	0.0000000000	0.0000022562	0.6109350803	0.1132233273	0.0163814097	0.1616638874	0.0000056640
0	0.0035512008	0.0433579088	0.0037332403	0.0417066286	0.0357807734	0.0010598830	0.0000000005	0.0000000064	0.0015039707	0.8693063873
0	0.0000000000	0.0000065653	0.3609206341	0.1506588918	0.2895990024	0.0099591489	0.0726839758	0.0000000000	0.0841229918	0.0320487898
1	0.0821411082	0.1101453361	0.0270501055	0.0031169868	0.0340499152	0.1237256000	0.0000001349	0.2274267671	0.3759397494	0.0164042968
0	0.0078299805	0.0073729277	0.0486538319	0.3610098928	0.1574257580	0.0000147857	0.2706187100	0.0216983178	0.0537999119	0.0715758837
1	0.0006887731	0.0752249353	0.0207337666	0.3334406245	0.0048288427	0.4157873084	0.0000027077	0.0399556237	0.1087503054	0.0005871125
1	0.0000000000	0.0089515181	0.0028697630	0.0030610141	0.0014609199	0.0092183862	0.0006249954	0.8261119880	0.1476034157	0.0000979996
0	0.0208561694	0.1999745445	0.1112800053	0.4102848665	0.0116228921	0.0321918235	0.0071969702	0.1248324868	0.0817602142	0.0000000274
0	0.0137857328	0.0145197715	0.0007752250	0.1887313935	0.0217214911	0.3039650559	0.0000001532	0.0704506711	0.2657317927	0.1203187131
0	0.0000000005	0.0017954726	0.0002958101	0.5163579576	0.0133073145	0.0410602790	0.0173852093	0.1595402286	0.2316021504	0.0186555775
0	0.0358799011	0.0542469684	0.0636368802	0.0479462935	0.1504180415	0.5703803154	0.0227600660	0.0247105444	0.0001930840	0.0298279056
0	0.0000000000	0.0041187790	0.0001856316	0.0716154365	0.0000244716	0.0327028246	0.1901237360	0.3348949396	0.3333615556	0.0329726256
1	0.0001139352	0.0000117961	0.3878511460	0.0000000247	0.0807515895	0.0953055864	0.0076386109	0.3106178558	0.0871553466	0.0305541088
1	0.0395992751	0.0254285347	0.1354455418	0.1091282314	0.0171201217	0.0697328162	0.0000000000	0.0623260099	0.4975517593	0.0436677099
1	0.0000000000	0.0331197870	0.0007050587	0.0602804778	0.6069544845	0.0327008166	0.0003624789	0.1312750685	0.0042345319	0.1303672959
0	0.1555967175	0.0967383972	0.0032616830	0.0519849359	0.2276026353	0.0932950923	0.1749807816	0.0398027842	0.0881792963	0.0685576768
1	0.1821787618	0.0002249047	0.0000000000	0.1944227135	0.0192531359	0.0731938854	0.0207078716	0.0020227714	0.2833797570	0.2246161988
0	0.0200650634	0.0277859963	0.0450739300	0.1590062626	0.0038065859	0.3396688668	0.0669383646	0.0233483593	0.0471379914	0.2671685798
1	0.0066007606	0.0339348326	0.0470564654	0.0341381506	0.0069473740	0.0691562495	0.0000000000	0.4752197594	0.3214563468	0.0054900611
0	0.0090217315	0.3028435724	0.0408840142	0.0006418086	0.4020902406	0.2215817850	0.0000000000	0.0051468014	0.0166182345	0.0011718119
0	0.0000000000	0.3221630980	0.0013997728	0.0132994158	0.2294683236	0.0481162782	0.0822983744	0.1159980788	0.1803835063	0.0068731521
0	0.0000488018	0.0289348865	0.0044705313	0.1052915318	0.0687208746	0.0513850797	0.0204974162	0.2854636475	0.1851866112	0.2500006194
0	0.0134299371	0.0090891761	0.0000000026	0.3868357536	0.0002066448	0.0101303189	0.0035400960	0.0241740485	0.5314976426	0.0210963798
1	0.3169883229	0.0373312761	0.3824192360	0.0511229836	0.0622839732	0.0529549458	0.0000061053	0.0530057931	0.0321524614	0.0117349026
0	0.0000000000	0.0398497808	0.0349895593	0.0086186343	0.1448717054	0.5780792286	0.0000473917	0.0021488689	0.1890105610	0.0023842701
0	0.2047664346	0.0351091233	0.0465788470	0.1433524062	0.0000000031	0.0000020294	0.2036589651	0.0411049256	0.0006588023	0.3247684634
1	0.0131346629	0.0229174870	0.0073157153	0.5327182368	0.0403436887	0.2232666682	0.0000071710	0.0319426448	0.1073838252	0.0209698999
0	0.0003478739	0.0032535582	0.0259048746	0.0171522978	0.1153431481	0.0205842769	0.3596185800	0.0019631413	0.4349740248	0.0208582244
0	0.0001164007	0.1841971072	0.1232379254	0.0000094705	0.0117305215	0.1774451322	0.0165731797	0.0000217763	0.1549029057	0.3317655808
0	0.0000175248	0.0000000000	0.0098874262	0.3836564673	0.0384151867	0.2871053518	0.0230128218	0.0038011280	0.0037755171	0.2503285765
0	0.2494278443	0.0399104917	0.0323392847	0.0860724165	0.0816494642	0.1170150385	0.1375754030	0.1898590036	0.0000106200	0.0661404334
1	0.1140403005	0.0065707059	0.0455648236	0.0561047867	0.0817473201	0.1189857778	0.0000033683	0.5056231798	0.0194479410	0.0519117962
0	0.0000018107	0.0051819666	0.0000000000	0.4720644133	0.2264545069	0.0002676449	0.0231617742	0.0227425553	0.1493604397	0.1007648884
0	0.0021580551	0.0241314683	0.0023721937	0.2540504304	0.4040490256	0.0595537190	0.0031800538	0.0944893220	0.0737676085	0.0822481236
0	0.0367103842	0.1968973821	0.0036706958	0.0443118376	0.0000000017	0.0976696882	0.0349446578	0.2976667116	0.2619417592	0.0261868818
0	0.0057520025	0.0788366805	0.0000627828	0.1873898771	0.4327206477	0.0000000000	0.0045801309	0.0020813418	0.2334110369	0.0551654999
1	0.0000000017	0.0221657771	0.0110733578	0.1367547994	0.0021545630	0.1828278195	0.0014415400	0.0867188555	0.5531152605	0.0037480257
0	0.0002075300	0.0635049825	0.0000431272	0.0179933795	0.0102356205	0.0000696828	0.0039051099	0.0000783984	0.1240174115	0.7799447577
0	0.0000297435	0.0134711924	0.0241727512	0.0406149017	0.0047361078	0.1235268531	0.0017184437	0.4914254673	0.2686949092	0.0316096301
1	0.0222280963	0.0941860933	0.0213393148	0.0742779478	0.0369582509	0.3520808771	0.0046075693	0.1396750914	0.1545984895	0.1000482695
0	0.0023937377	0.0970616277	0.0055300410	0.3833321596	0.0270703239	0.2279295406	0.0282001328	0.1042494721	0.1228506817	0.0013822829
0	0.0678426502	0.0139223929	0.0621532762	0.0590647906	0.0043954102	0.4172178514	0.0002201911	0.2673786971	0.0000044441	0.1078002962
0	0.0019529804	0.1622005332	0.0016574638	0.1349911964	0.0024011396	0.0836985028	0.0000077854	0.4333510683	0.1070978442	0.0726414860
0	0.0034513162	0.0056049860	0.0085537993	0.0001494111	0.0000030139	0.0241053660	0.0092267528	0.8833714585	0.0649975993	0.0005362969
0	0.0502815382	0.0625119457	0.0013183619	0.0000061790	0.0148511580	0.7095078025	0.0592020133	0.0000165643	0.0287385436	0.0735658934
1	0.0650671592	0.3126817573	0.1166440011	0.0000000001	0.0463238925	0.3556954505	0.0000003709	0.0829147725	0.0000262514	0.0206463446
0	0.0237973614	0.0000224131	0.0282553525	0.0033509005	0.1756958314	0.2966912821	0.0293516096	0.3242903099	0.0000000163	0.1185449231
0	0.0852208179	0.0124683299	0.0018107489	0.0482774072	0.4199384189	0.2439531897	0.1240872617	0.0029058129	0.0429577072	0.0183803057
1	0.0010405759	0.3106776483	0.0112869621	0.0077861998	0.1576046140	0.3809032341	0.0018119091	0.0253385625	0.0858161874	0.0177341067
0	0.0085597682	0.2413514812	0.0008847238	0.2281984935	0.0310505335	0.0294478603	0.0109321444	0.0000188049	0.1363102239	0.3132459663
1	0.0050993937	0.1490036953	0.0129117859	0.0096500560	0.0529988172	0.0000305421	0.0001007255	0.1051121759	0.6563080865	0.0087847219
1	0.0000000000	0.0016517040	0.0759087066	0.0337898964	0.0772217746	0.0367517314	0.0000000000	0.5538799764	0.1930498888	0.0277463218
1	0.0000000000	0.0857404759	0.0470798203	0.1986994303	0.0297481796	0.1013673435	0.0000000000	0.0999420255	0.4302216547	0.0072010701
0	0.0017908965	0.0032786249	0.0169796930	0.0334613692	0.0191077720	0.0567769287	0.1988034918	0.2734315140	0.0575421771	0.3388275329
0	0.0006479620	0.3365371380	0.2061029431	0.0222301007	0.0001750168	0.0504837722	0.0021034010	0.1217703484	0.2413389723	0.0186103456
0	0.0000262552	0.0368790513	0.4572279386	0.0492737320	0.1031216532	0.0201111276	0.0000000213	0.2256951272	0.1036710420	0.0039940515
1	0.1164928715	0.1155054871	0.0043268698	0.0776129769	0.1617948104	0.0093380492	0.0000017525	0.0000343004	0.0142919681	0.5006009142
0	0.0000488104	0.0025526350	0.0087727872	0.4248904743	0.0076073225	0.2296121877	0.0148681203	0.0362934997	0.0088134870	0.2665406759
1	0.0115779702	0.0370540973	0.0258220241	0.0448430498	0.0070883266	0.0100893674	0.0000000000	0.0812318152	0.7692825224	0.0130108270
0	0.0095467957	0.2460028648	0.0375522667	0.1608739824	0.0577941068	0.1764785828	0.0051857920	0.0945963706	0.0897070607	0.1222621774
1	0.0001787844	0.0006163175	0.4721899352	0.0346178414	0.2661208706	0.0305563331	0.0000929273	0.0377342043	0.0010668897	0.1568258966
1	0.1288968016	0.0046953799	0.0540053873	0.0174752558	0.0350997937	0.4716883141	0.0000000000	0.1597431292	0.0833735727	0.0450223657
0	0.0064096680	0.0393366489	0.0000000002	0.0099477223	0.0017752465	0.2966441111	0.0078362561	0.4469549381	0.1910250405	0.0000703683
0	0.1172216022	0.0182853712	0.0004380457	0.0246063539	0.1430299943	0.0096485090	0.0013858741	0.0094836728	0.2096003268	0.4663002500
1	0.0083152993	0.0718243146	0.0176887725	0.0164934407	0.0704770872	0.0621984957	0.0029796882	0.4538072820	0.2246641211	0.0715514987
1	0.0172193665	0.1298447087	0.0156645680	0.0169447391	0.2033843877	0.5242574832	0.0030355629	0.0855048570	0.0041425982	0.0000017287
1	0.0004444943	0.5489238634	0.0072736762	0.1322020076	0.0312950377	0.0331736312	0.2294401306	0.0025706146	0.0047313354	0.0099452089
0	0.0169815942	0.3046460423	0.0007001869	0.0000381149	0.1977861681	0.0211177893	0.3027661798	0.0778177714	0.0496523601	0.0284937931
0	0.0359698137	0.1800815575	0.0278177135	0.0020059090	0.0006926477	0.6447378112	0.0000001287	0.0032332806	0.0103594597	0.0951016784
0	0.0006036968	0.0193959405	0.0003324873	0.1379258031	0.0310133123	0.0388878051	0.0063912560	0.0256618757	0.7098056570	0.0299821662
0	0.0167935629	0.0178181312	0.3337538990	0.1559651974	0.0460633381	0.0968809328	0.0036968772	0.0140728492	0.3148205931	0.0001346190
0	0.0165219851	0.0613174877	0.0146596657	0.0118958842	0.0176541831	0.0806784683	0.0003641367	0.7405259951	0.0000254251	0.0563567690
1	0.0079511569	0.0072653841	0.0307096086	0.0053680535	0.0131742750	0.3194627414	0.0000734865	0.4905659520	0.0021688547	0.1232604874
2	0.0023691229	0.0005861197	0.0950641029	0.0157893047	0.0053137009	0.0041132483	0.0000243741	0.5427086750	0.3318207272	0.0022106244
0	0.0496364085	0.0045072975	0.0180673408	0.0896837057	0.0000097221	0.4012434390	0.1724233677	0.0219222914	0.2040913920	0.0384150352
0	0.0001931814	0.0817740337	0.1309135383	0.0562189959	0.1036628550	0.2067281932	0.1766166686	0.1243943499	0.1042405998	0.0152575842
0	0.0007745064	0.0020524351	0.0280520508	0.0360512031	0.0040034197	0.8363785790	0.0030145411	0.0129049998	0.0457152018	0.0310530632
0	0.0000023231	0.0009476098	0.0515717354	0.4779204405	0.1277471591	0.0063515498	0.0748953196	0.0220637569	0.2385001056	0.0000000000
0	0.0520047254	0.4715042557	0.0256437076	0.0546823608	0.0119577593	0.1017610237	0.0013101397	0.0706480165	0.2085582178	0.0019297935
0	0.0000565405	0.3330401151	0.0066204794	0.0234823960	0.1584922648	0.0007404845	0.0797377743	0.0634291806	0.3201508551	0.0142499096
1	0.0001046614	0.0718524135	0.0225814432	0.0000163466	0.2709185209	0.4531172086	0.0044016456	0.0409592508	0.0798384977	0.0562100117
1	0.0078540688	0.0442191853	0.8615714653	0.0579667904	0.0009105457	0.0013538207	0.0000000000	0.0117674743	0.0143252528	0.0000313966
1	0.0534959228	0.0314535049	0.0823705411	0.0444329707	0.0246043164	0.0705386807	0.0000000000	0.2766488610	0.3972565028	0.0191986996
0	0.1156223293	0.0289408617	0.0486611426	0.0030855745	0.0037027393	0.2191593161	0.0313957801	0.0077492078	0.4102111388	0.1314719098
0	0.0238070560	0.0603231258	0.0623848969	0.0965608240	0.0012267309	0.0224672398	0.0087296338	0.2164637727	0.1917217522	0.3163149679
1	0.0686822104	0.0809528138	0.0668379041	0.6020236822	0.0624894321	0.0355918038	0.0000000008	0.0433410310	0.0085875815	0.0314935405
0	0.0000000000	0.0236259312	0.0028129775	0.6820333365	0.0221637237	0.1784198147	0.0009238809	0.0000000380	0.0396268855	0.0503934122
0	0.0061493536	0.2140678524	0.0259848520	0.0023060593	0.0709683148	0.0757713584	0.0019734378	0.4237041864	0.1324241820	0.0466504032
0	0.0399950504	0.0313145258	0.0000001159	0.0420353129	0.0099349482	0.0116021840	0.0255088445	0.0000407827	0.8393767639	0.0001914718
