0	0.5022520011	0.0052204731	0.0002104611	0.0431840945	0.0004938383	0.1245543203	0.0000001050	0.0439715553	0.2801131513	0.0000000000
0	0.0000959224	0.0009777566	0.2437414847	0.0000000000	0.0262579378	0.0034292837	0.0018924404	0.0000000038	0.7230614713	0.0005436994
2	0.0088740665	0.0283324733	0.0000000000	0.0002021052	0.0622203204	0.0000000000	0.0611360327	0.0037357171	0.0334038643	0.8020954206
2	0.0020088429	0.0312378702	0.0000000000	0.0089223201	0.0000000000	0.0076267860	0.2206120109	0.0582982628	0.0000030010	0.6712909062
1	0.0169931199	0.0155406232	0.0537546655	0.0893846042	0.1913141266	0.0353142560	0.0105280173	0.0487423966	0.0001555700	0.5382726208
0	0.2297039925	0.0034759857	0.0000001119	0.0001086064	0.1794894180	0.0000001126	0.0031445632	0.0338699062	0.0000321369	0.5501751665
0	0.0862782961	0.2440790107	0.0000011529	0.0576938084	0.0065321977	0.1658096956	0.0000000000	0.1934955457	0.2319790803	0.0141312125
2	0.0040463011	0.0006541967	0.0000000000	0.0009881457	0.1895476525	0.0002850892	0.5439414925	0.0190722277	0.0009323938	0.2405325008
0	0.2205906967	0.0578992082	0.0000002504	0.0539017408	0.0617799461	0.0006182050	0.0066032835	0.3432998284	0.0006152176	0.2546916233
0	0.0433275037	0.0008293530	0.5533711734	0.0000000000	0.0262659211	0.0000000070	0.0842655240	0.1914538148	0.1004867029	0.0000000000
1	0.0046955929	0.1240212605	0.0000006455	0.0000010891	0.2144773020	0.0000568863	0.1129440754	0.0345896531	0.0305326695	0.4786808258
1	0.0428208321	0.0053411532	0.0000000145	0.0023027735	0.0878841576	0.0006700879	0.0850071106	0.1931575802	0.0000792436	0.5827370469
0	0.0000097596	0.0362558301	0.0409646423	0.0435075757	0.0747284014	0.0875749491	0.0106032901	0.0256433349	0.4133618047	0.2673504119
0	0.0001498576	0.0361923952	0.2559110514	0.0534698275	0.1747102583	0.0201598313	0.1375930493	0.0603985897	0.2550925817	0.0063225580
1	0.0142876803	0.0000757233	0.0001021617	0.0007086061	0.4231022054	0.0005677276	0.2164087081	0.0726596851	0.0276212803	0.2444662222
0	0.0001709751	0.0605884915	0.0086092469	0.0000001123	0.0456429276	0.0537114427	0.0000000035	0.0002448468	0.6263220195	0.2047099343
0	0.2448103129	0.1432382679	0.0015513817	0.0028331628	0.0216974295	0.1028572740	0.0090623771	0.1084171133	0.1743476013	0.1911850794
0	0.2803941519	0.0403173116	0.0000001664	0.0798749710	0.0330245201	0.0201967330	0.1511826833	0.0119792921	0.0156000775	0.3674300930
0	0.1052647654	0.1995688470	0.0019889516	0.0577770491	0.0000002256	0.0857413614	0.0125118181	0.1841987921	0.0069342553	0.3460139343
1	0.0039139260	0.1470238320	0.0046256885	0.0000199364	0.0720867383	0.0000000000	0.0007700376	0.0000000122	0.0084628980	0.7630969309
0	0.0336349874	0.0851889988	0.0000419783	0.0003610748	0.2035718598	0.1995307916	0.0234722360	0.3913508494	0.0628472215	0.0000000023
1	0.0000035718	0.0361588268	0.0168842305	0.0000000800	0.1245559317	0.0105080402	0.0842228237	0.0631931501	0.0154098019	0.6490635432
0	0.0017361898	0.0067256913	0.0000096388	0.0000030567	0.0008058307	0.0949864386	0.1335624007	0.0027634290	0.0051440134	0.7542633110
0	0.0000607975	0.0000000000	0.0000025482	0.0000000000	0.0016161990	0.0014965251	0.0022683258	0.0102576636	0.9801612645	0.0041366763
0	0.0064592567	0.4580459883	0.1793991291	0.2591324502	0.0436447508	0.0000000001	0.0040982551	0.0033965275	0.0053821401	0.0404415022
0	0.0019273628	0.0534137770	0.0019394186	0.0717027750	0.0000000051	0.0072206371	0.0272457821	0.2322929347	0.1142970147	0.4899602930
1	0.0007514308	0.0145957975	0.0000044388	0.0000010983	0.5432572280	0.0000000002	0.0801673233	0.0453607050	0.2563970067	0.0594649712
0	0.0001217175	0.1150953095	0.0399582390	0.0000051553	0.4557950370	0.0037801119	0.0172670836	0.2310404978	0.1215891669	0.0153476816
0	0.1088326166	0.0460038264	0.0221969399	0.1942968319	0.0810060339	0.0115151276	0.1051904175	0.2662792333	0.1012256822	0.0634532907
1	0.0000000789	0.0036688126	0.0000000568	0.0000669487	0.4104978593	0.0128988525	0.2416984031	0.0081016189	0.0224531001	0.3006142689
1	0.1861550861	0.0000000001	0.1123972164	0.0000000001	0.2277645338	0.0015876402	0.1064313405	0.0000101871	0.2318385262	0.1338154695
0	0.0269493667	0.0775840793	0.0608262343	0.0011102860	0.0976569465	0.0375807583	0.0742513849	0.0002346254	0.0005174641	0.6232888544
1	0.0034442244	0.0223802993	0.0015456094	0.0296076207	0.0463306110	0.0170493630	0.0278676736	0.8371994831	0.0094084633	0.0051666522
0	0.0497440540	0.3187676137	0.0000000001	0.0697130971	0.0219637656	0.0000231004	0.0188471443	0.4879440955	0.0000103268	0.0329868025
0	0.0076934303	0.0010894115	0.0779728732	0.0000600328	0.0259795073	0.4240158752	0.0917427414	0.0446504168	0.0041610603	0.3226346512
0	0.0734099901	0.0360369068	0.0000000000	0.0684195277	0.0145336995	0.0150537043	0.0000825978	0.1395222074	0.6521115000	0.0008298664
2	0.0000000008	0.0298266772	0.0002685743	0.0000088707	0.5759417473	0.0002909683	0.0650924855	0.0274783220	0.0132098815	0.2878824724
2	0.0000000000	0.0293559003	0.0000000000	0.0000000040	0.1184394299	0.0000011913	0.0084551829	0.1064298632	0.0194321451	0.7178862832
0	0.1030451595	0.0000602695	0.0074552184	0.0000000000	0.1714261454	0.0000001390	0.0170062331	0.3049099612	0.0930996413	0.3029972325
0	0.6919750820	0.1248454991	0.0000007550	0.0133387276	0.0037605871	0.0062693499	0.0798119339	0.0140227517	0.0409041143	0.0250711994
0	0.3293929212	0.0000003800	0.1556612985	0.0000000000	0.0298056263	0.0000000008	0.1255607296	0.0000000005	0.3320830911	0.0274959520
0	0.0018101319	0.1262154152	0.0280137202	0.0043395357	0.3662445439	0.3204762915	0.0142821627	0.0183088699	0.1081155608	0.0121937682
1	0.0116038507	0.0000258828	0.0005687252	0.0450587943	0.3791873017	0.0000052497	0.0377790749	0.1310603598	0.3602216976	0.0344890634
1	0.0014404567	0.0412243841	0.0001855949	0.0006533088	0.0519933459	0.0000000000	0.1029804670	0.0006935639	0.0168181078	0.7840107709
0	0.1029972923	0.1208543016	0.0334153327	0.0000000000	0.1724327029	0.0680496752	0.0019670626	0.0529400372	0.0877742710	0.3595693245
0	0.0004980426	0.4063514062	0.0452242786	0.0283920112	0.0115230763	0.2868596032	0.1067055715	0.1143077950	0.0000614315	0.0000767838
0	0.0409199927	0.1555343966	0.0905801565	0.0008823472	0.0180680576	0.0094609049	0.0550370590	0.0000170397	0.5074819602	0.1220180857
0	0.0255114647	0.0158042407	0.0000000000	0.0247920892	0.1647353182	0.2266474725	0.0359583276	0.0065160782	0.4883274363	0.0117075725
0	0.0588778869	0.3857911068	0.0000039925	0.0016175340	0.0008672838	0.0003714929	0.0000256577	0.0961963156	0.0036489376	0.4525997923
0	0.0359598930	0.1477747631	0.0030819841	0.0054946185	0.4416026695	0.0001234252	0.0082137969	0.0001018692	0.0980005645	0.2596464161
1	0.0052066306	0.1413481380	0.0000000000	0.0152230091	0.1756332215	0.0364910557	0.0667706209	0.0000000001	0.0154635484	0.5438637756
0	0.1519350161	0.0262193529	0.0274015388	0.0259311111	0.1248742240	0.2046049455	0.0000000000	0.0355820354	0.4031595879	0.0002921883
0	0.0010583754	0.1667956897	0.0415226572	0.1911014610	0.0005131494	0.4757469181	0.0312715467	0.0727832855	0.0103897897	0.0088171273
2	0.0046715759	0.0000000650	0.0000015139	0.0000000018	0.0251639191	0.0000000000	0.0092308946	0.0012352776	0.0005216371	0.9591751151
0	0.0215523994	0.0016298947	0.0036762436	0.0079020083	0.0038268763	0.7205216417	0.0299795734	0.0180129383	0.1588624996	0.0340359249
0	0.0037486214	0.0166700630	0.2138766376	0.0000006081	0.2789979781	0.0025279347	0.0719528631	0.0250462328	0.0730880451	0.3140910160
1	0.0013415526	0.0378570994	0.0000918836	0.0000000000	0.2416134110	0.0006919910	0.0127903816	0.0246339807	0.0716914265	0.6092882737
0	0.0069954248	0.1526710703	0.0350552868	0.0000014412	0.0961009988	0.0264733677	0.0060267082	0.0005919251	0.6760837768	0.0000000003
0	0.0937592425	0.0331034064	0.1365218362	0.0709006452	0.0507854530	0.0936215378	0.0000003343	0.1112291503	0.0247319526	0.3853464416
0	0.1941814437	0.2870211087	0.0008103608	0.0000000000	0.2306644164	0.0001698546	0.0000001032	0.0000000000	0.2841886941	0.0029640186
1	0.0000000012	0.0003011803	0.0000000000	0.0005959063	0.2248069536	0.0015657623	0.0003075401	0.0063399895	0.0462210274	0.7198616394
0	0.0030943366	0.0080426755	0.0074690948	0.1303890430	0.1346560909	0.0352474512	0.5310123027	0.0465390508	0.1035455353	0.0000044194
1	0.0000000000	0.0038896867	0.0019194798	0.0000601628	0.0054583321	0.0264383893	0.0054598149	0.0102199100	0.0023888324	0.9441653920
1	0.0352491606	0.1002926046	0.0344673053	0.0107609080	0.2875667271	0.0591852090	0.0202854501	0.0976695487	0.0479254647	0.3065976218
1	0.0000002775	0.3350304597	0.0000032632	0.0000004148	0.0146089654	0.0009802771	0.0112690099	0.0017036253	0.0016168210	0.6347868861
1	0.0902825428	0.0323484169	0.0000000000	0.0008696458	0.0397629118	0.0014665257	0.0044186585	0.0103277854	0.0804507333	0.7400727798
1	0.0216630797	0.1197327910	0.0000247696	0.0000000000	0.1452863524	0.0000000000	0.0044393542	0.5610896261	0.0000055698	0.1477584571
1	0.0017000688	0.0000000026	0.0000000000	0.0000970091	0.1077243407	0.0138558599	0.0674443120	0.0336184108	0.0029367999	0.7726231963
1	0.0419607924	0.0068530493	0.0018247830	0.0013246753	0.0930771031	0.0000000000	0.3123312145	0.2705745115	0.1568859620	0.1151679089
0	0.0214744558	0.0356837184	0.0100473529	0.0019249782	0.0096473096	0.0001101127	0.0000000000	0.8702838513	0.0261182338	0.0247099874
1	0.0180720929	0.0000000006	0.0022493723	0.3246806535	0.0008738036	0.0785633805	0.1280858637	0.0001176134	0.4171073105	0.0302499090
0	0.5316493316	0.1201958777	0.0000001500	0.0295771822	0.0836226690	0.0034263041	0.1041577527	0.0486224964	0.0521112551	0.0266369810
0	0.0020705304	0.0129371899	0.0503264300	0.0003355994	0.2288194423	0.0422890256	0.3543644929	0.0000000000	0.1515723513	0.1572849383
1	0.0019046118	0.0016460455	0.0000001322	0.0090560847	0.1141298291	0.0000000002	0.3371316613	0.0596035547	0.0000000000	0.4765280805
0	0.0268708542	0.0057691965	0.0005127484	0.1116230295	0.4053217273	0.0005740635	0.0029829800	0.3175949258	0.0748718946	0.0538785801
0	0.1793310597	0.0000000001	0.0013096222	0.0795275928	0.0007281304	0.0010949150	0.0036906894	0.0002141901	0.3934494457	0.3406543544
1	0.0009077408	0.0842089351	0.0176419776	0.0000000000	0.0694634955	0.0033032838	0.1387532672	0.5026574198	0.1615259687	0.0215379113
0	0.1017288539	0.0045786426	0.1255551652	0.0026419052	0.0297620019	0.0741960024	0.0758894663	0.0016267791	0.1448446995	0.4391764840
1	0.0000000049	0.0000257439	0.0003453446	0.0003955919	0.1167735778	0.0002901938	0.0124380994	0.0000629365	0.0019013601	0.8677671471
0	0.0529358044	0.4321856769	0.0000019387	0.0264665222	0.0086288475	0.0000498456	0.0132583201	0.2600633132	0.0814371823	0.1249725493
0	0.0000000645	0.0000214073	0.0851583510	0.0315534916	0.1725367162	0.0064426560	0.0000000577	0.4057118613	0.0450667261	0.2535086682
1	0.0000030614	0.0139614104	0.0000686308	0.0010494071	0.5144672554	0.0000000000	0.2428086405	0.0839677834	0.0012770119	0.1423967992
1	0.0524280948	0.0007791031	0.0001430286	0.0003134755	0.1077718094	0.0000000000	0.0096512063	0.3488460857	0.1444528181	0.3356143785
0	0.5372235681	0.0107234392	0.0000069023	0.0014867992	0.0964525119	0.0171567332	0.0000005646	0.2249456772	0.0642567058	0.0477470984
1	0.0041100034	0.0616801288	0.0000000000	0.2905645370	0.0758336608	0.0170287096	0.3823644950	0.0141862095	0.1232033300	0.0310289259
0	0.0053394741	0.0876233101	0.4375958675	0.0000127800	0.0027002594	0.0064801927	0.0213836755	0.0764415424	0.3311813005	0.0312415979
0	0.0178190466	0.0061907998	0.0640969036	0.0000524161	0.0408835891	0.0010532510	0.6507549270	0.1419337257	0.0772153410	0.0000000000
0	0.0322111464	0.0015133746	0.0000000000	0.4737610282	0.0315182416	0.2459555490	0.0316734114	0.0060835807	0.1541446988	0.0231389694
0	0.2888826692	0.0199648667	0.2650826097	0.0021624545	0.0320610266	0.0692247379	0.0323732065	0.1144924177	0.1412631267	0.0344928845
1	0.0452084363	0.0000000036	0.0085125895	0.0000000000	0.0110965994	0.0008797237	0.0160329276	0.0000000013	0.0087381733	0.9095315453
1	0.0045484262	0.0000059794	0.0000000000	0.0002258040	0.2742817462	0.0000000000	0.0141472711	0.1151591590	0.1350737679	0.4565578463
1	0.0509986357	0.3075822028	0.0226915292	0.0129974312	0.0050174988	0.0440584290	0.1168474756	0.0330098839	0.0339304769	0.3728664370
0	0.2589522444	0.0991747869	0.0000000124	0.0000000000	0.3149122825	0.0000013135	0.0009826459	0.0298987287	0.2888355299	0.0072424559
0	0.0031812603	0.0008457572	0.0001472027	0.0052550023	0.0315441927	0.1039335878	0.0056421601	0.0379931942	0.5342650916	0.2771925511
0	0.0294693552	0.0218368398	0.0639085832	0.1663864099	0.2258772076	0.0056325213	0.0000001600	0.0280311886	0.4562184676	0.0026392668
0	0.0390328352	0.0336182983	0.0000000060	0.0003640271	0.3505103648	0.0439014388	0.0002074240	0.0726807569	0.0556568996	0.4040279492
2	0.0216554660	0.0076760488	0.0000000000	0.0000008251	0.2054895380	0.0000000000	0.0516578161	0.0208545319	0.0885487336	0.6041170406
1	0.0000581738	0.1513868468	0.0163383848	0.0358929507	0.0211629448	0.0000000000	0.0632739889	0.0156135747	0.0129673101	0.6833058254
0	0.0315904943	0.2347059130	0.0560906646	0.1200524600	0.0000000020	0.0137826639	0.0330705493	0.1190421296	0.0598251015	0.3318400217
0	0.0261320273	0.0162850152	0.0000067444	0.0222107434	0.7059230778	0.0333457413	0.0012962482	0.0000000546	0.0113371015	0.1834632464
