0	0.0060196680	0.0000567143	0.7685496796	0.0028441622	0.0027482698	0.0310819999	0.0143574801	0.1498231676	0.0178922405	0.0066266180
2	0.0008683295	0.0040238282	0.4896081978	0.0000000130	0.0000000000	0.3925616466	0.0959299676	0.0000000000	0.0170080173	0.0000000000
0	0.0015252790	0.0708729133	0.2126879885	0.0046620985	0.0046339704	0.2000580380	0.0162321661	0.2084185301	0.0378770519	0.2430319642
0	0.0104550651	0.0038400955	0.3008308437	0.1067186749	0.0073530789	0.3197300164	0.0552801938	0.0000288180	0.1094512239	0.0863119897
0	0.0000285534	0.0007987549	0.0128175485	0.1676210746	0.0000152596	0.6297085665	0.0334137881	0.0349531873	0.0119531964	0.1086900707
0	0.0731705319	0.0000000000	0.0873492519	0.0039338658	0.0350874241	0.0758460644	0.0000219626	0.0431382048	0.0409528090	0.6404998854
0	0.0188509315	0.0000000016	0.0464828897	0.0551624752	0.0813594759	0.0013561773	0.0469864170	0.6984902761	0.0193253534	0.0319860023
1	0.0074470458	0.0118379003	0.0003373653	0.0770168316	0.0431149293	0.3359243694	0.3590707241	0.0002029266	0.0759600938	0.0890878139
0	0.1474872011	0.0585886493	0.0000000025	0.0001224867	0.0000005254	0.0586166166	0.0772625631	0.5483697576	0.0432262526	0.0663259452
1	0.0224045508	0.0188561325	0.1955613910	0.6866005750	0.0000000000	0.0573997293	0.0041030854	0.0134404938	0.0000003968	0.0016336454
0	0.0000426475	0.0038557594	0.0019320029	0.1693619732	0.1892747016	0.0239166530	0.6006678129	0.0060776906	0.0043367360	0.0005340228
0	0.0000382131	0.0005226014	0.0214485937	0.3435635725	0.1650467469	0.1690725782	0.0156908171	0.0077687156	0.2680327394	0.0088154220
1	0.0168510034	0.1315847076	0.4595832570	0.2482312426	0.0059795328	0.0726510486	0.0214689329	0.0000000000	0.0394813285	0.0041689467
0	0.0243228744	0.1667820430	0.5306639641	0.1417934617	0.0000000065	0.0240823039	0.0642111693	0.0006570307	0.0063734373	0.0411137092
1	0.0000991043	0.0094392630	0.1756311486	0.0878954757	0.0000000000	0.4142025293	0.3099713258	0.0000000007	0.0027594585	0.0000016942
1	0.0080096921	0.0026713875	0.0209171113	0.0000007385	0.0000000000	0.0621831473	0.8995769811	0.0000000000	0.0006247806	0.0060161616
0	0.0015132781	0.1139865530	0.0008231843	0.0302433570	0.0688751881	0.1686874547	0.2660485235	0.0192221576	0.2631120272	0.0674882764
0	0.0659327022	0.0000000000	0.0148252369	0.0471386895	0.0056039927	0.0003795280	0.0305845364	0.1117920894	0.0133284957	0.7104147293
0	0.2247155446	0.1323198218	0.1923338040	0.0538857507	0.0463958454	0.1572249609	0.0072252351	0.1844880549	0.0000034559	0.0014075267
0	0.1748170621	0.0222261081	0.0022332763	0.0020288720	0.0384535635	0.5718348819	0.1654167327	0.0217572625	0.0000637358	0.0011685052
1	0.1366437399	0.0602176163	0.2178620259	0.0194189267	0.0057640049	0.2137298515	0.0076402602	0.0131448403	0.2771388021	0.0484399321
0	0.0311722868	0.0876326631	0.0671331822	0.0379090136	0.0000023191	0.0509722636	0.5478352125	0.0009427012	0.1662999566	0.0101004012
0	0.0002383739	0.0033441336	0.0149876885	0.0270261426	0.3812866982	0.4468145964	0.0008895734	0.1022538374	0.0004532335	0.0227057225
0	0.0186421190	0.0000000000	0.0220779754	0.3681980947	0.0022422088	0.1615542848	0.1974161960	0.0665705281	0.0377198290	0.1255787642
0	0.3183283461	0.0000084674	0.0372917595	0.0074546203	0.0000001564	0.2389776732	0.3904579807	0.0010234405	0.0024582903	0.0039992656
1	0.0006150907	0.1049632680	0.4368752355	0.0029184329	0.0181539885	0.1326414636	0.2998705575	0.0000000000	0.0002034934	0.0037584699
0	0.0562687992	0.0293302969	0.0024738786	0.1269820012	0.0116650410	0.1735321655	0.1658245143	0.3906821055	0.0379933874	0.0052478106
0	0.0097101462	0.0074368438	0.8832753795	0.0161046747	0.0047251124	0.0325014361	0.0311441922	0.0021082948	0.0017509033	0.0112430169
0	0.0025646204	0.0179662004	0.2098214986	0.1406985329	0.0000775774	0.0333406788	0.1044679211	0.0158288093	0.1704015167	0.3048326443
1	0.0004990435	0.0061795032	0.1613207120	0.1034385813	0.0000000002	0.0890036825	0.3381532438	0.0004685701	0.1648090964	0.1361275671
0	0.0121712422	0.0268589793	0.0706935380	0.0578492705	0.0986760117	0.0006532187	0.0963416442	0.3641304324	0.2710065158	0.0016191473
1	0.0019467112	0.0000000215	0.0218506069	0.0057995498	0.0004532397	0.1605328496	0.7869254052	0.0000000000	0.0159286679	0.0065629481
1	0.0451272690	0.0000000000	0.1702551566	0.0000035363	0.0613117737	0.5594769290	0.0913599981	0.0000027676	0.0002526560	0.0722099138
0	0.2921116834	0.0006738584	0.0401294717	0.1726210412	0.0179039579	0.0092445647	0.2175434006	0.0087871183	0.0146463869	0.2263385170
2	0.0000013757	0.1049663419	0.0941068750	0.0528522380	0.0000000000	0.1400451109	0.4308763856	0.0000000000	0.1736592959	0.0034923769
0	0.0559467125	0.0260839767	0.0024615952	0.0221962587	0.0301785446	0.1160828705	0.7080392058	0.0177923053	0.0077091792	0.0135093516
1	0.0551400087	0.0061435788	0.8431689852	0.0273007269	0.0001512000	0.0212124167	0.0420576019	0.0000000000	0.0007047051	0.0041207767
0	0.1566058661	0.0000021131	0.0464376908	0.1245856252	0.1455758790	0.2766788994	0.1991286599	0.0353827041	0.0011226797	0.0144798827
1	0.0000000000	0.0074102270	0.1362688533	0.0011799278	0.0001590792	0.1710344560	0.5733533572	0.0000027339	0.0000413225	0.1105500431
1	0.0128103730	0.0000000141	0.0026188750	0.0654806410	0.0000000000	0.6409209406	0.1212553612	0.0031577578	0.1537560374	0.0000000000
1	0.0532228093	0.0015423814	0.5826222541	0.0162542652	0.0000000000	0.0611456943	0.2192046400	0.0000000000	0.0650817475	0.0009262083
1	0.0139058425	0.0324058629	0.8669357461	0.0000000000	0.0002901842	0.0115429295	0.0684433558	0.0000000000	0.0000000009	0.0064760782
0	0.3046375581	0.1444752388	0.0200840843	0.0101875355	0.0019069884	0.0587351374	0.1596903687	0.0000001275	0.2764978818	0.0237850797
1	0.0082961528	0.0012087491	0.0000731483	0.0690672796	0.0001597743	0.0254800621	0.5039559460	0.0070743070	0.3391396004	0.0455449805
1	0.0000735446	0.0337948652	0.1305482016	0.1551279014	0.0000000000	0.4058508990	0.2392935457	0.0000000000	0.0285995905	0.0067114521
1	0.0975160841	0.1562737227	0.0945855222	0.0038788737	0.0000000000	0.0026198479	0.4335377325	0.0000000000	0.1226073459	0.0889808709
0	0.0521670408	0.0000001132	0.0022596168	0.2315122019	0.0000000000	0.0628007278	0.0349171402	0.0158980891	0.6004191103	0.0000259599
1	0.0175800150	0.0050762426	0.0400927756	0.0000942211	0.0000892667	0.8451225205	0.0898853450	0.0000015054	0.0020580820	0.0000000264
0	0.2414592590	0.1496336344	0.0037737979	0.0501450082	0.3426265242	0.1006393507	0.0534782321	0.0003424615	0.0579017238	0.0000000082
1	0.0000000754	0.0614619280	0.0905311771	0.2292877632	0.0074185755	0.1235609980	0.2638616073	0.0000000000	0.2180182527	0.0058596228
1	0.0178685561	0.1939833157	0.3427515290	0.1432171687	0.0000000058	0.0128476998	0.1720277150	0.0037927345	0.0835253414	0.0299859339
0	0.0005938372	0.0173144682	0.0345868282	0.1435941660	0.0001452476	0.0019147949	0.0000000000	0.0604799380	0.7016882337	0.0396824861
0	0.1703188380	0.0007425005	0.0000000000	0.0195640912	0.0630170272	0.2600710435	0.0936826850	0.0376520469	0.1685205223	0.1864312455
1	0.0587216921	0.0017035431	0.0002808587	0.0726054506	0.0000136190	0.8048850007	0.0141193623	0.0000000193	0.0239926380	0.0236778162
0	0.2105949137	0.0057600667	0.2684673607	0.1609845109	0.0001202127	0.1474854992	0.0318385057	0.1637752550	0.0028212682	0.0081524071
2	0.2520570147	0.4787817395	0.0000342841	0.0234713420	0.0000682316	0.2358481149	0.0012500089	0.0000000000	0.0084892643	0.0000000000
1	0.1189388836	0.0329801743	0.0001497367	0.0338808466	0.0088300908	0.2510072342	0.4491005650	0.0000000000	0.0069326342	0.0981798347
1	0.0003396697	0.0869003929	0.6746354054	0.0455275426	0.0000000000	0.0318182740	0.0434841412	0.0000000000	0.0002229233	0.1170716508
0	0.0551111627	0.0621718762	0.0003300135	0.0000687747	0.0085333860	0.2379565917	0.0007594533	0.0000016909	0.1447201269	0.4903469243
2	0.0244418434	0.4245542810	0.1264927623	0.1034466709	0.0000009416	0.0992631635	0.0585570574	0.0000000000	0.0093621427	0.1538811372
0	0.0010426631	0.0004610417	0.0657952961	0.4955638624	0.0044349243	0.0998067163	0.1292974451	0.1236841595	0.0796919736	0.0002219181
0	0.0141723843	0.0343947296	0.1263373117	0.0119475159	0.0905565319	0.6235805184	0.0284201389	0.0050342022	0.0303995628	0.0351571042
1	0.0365997912	0.0995607434	0.2919729246	0.0033768195	0.0100610605	0.0153322988	0.1496098197	0.0499715618	0.2296093786	0.1139056019
0	0.0031810221	0.0014531685	0.0119901214	0.0013902023	0.0211991984	0.3222203206	0.0307074290	0.5104428266	0.0192451961	0.0781705150
1	0.0144657689	0.0026854903	0.0454404488	0.0012070746	0.0000000906	0.8330215551	0.0072130212	0.0000019493	0.0209181819	0.0750464193
0	0.0070084295	0.2161726176	0.0218450163	0.0018927965	0.0203856236	0.1436326848	0.0942730885	0.0447506259	0.4467240990	0.0033150182
0	0.0357012086	0.2459076328	0.0585396753	0.1234273135	0.0018143951	0.3626832700	0.0015172442	0.0000843032	0.1001339746	0.0701909826
1	0.4391096999	0.0000045126	0.1710533997	0.0003348114	0.1249137550	0.0777740238	0.0119755132	0.0000000061	0.0296862617	0.1451480166
0	0.0125435634	0.0000710168	0.0294971511	0.0000132717	0.0001214506	0.0003017270	0.9049588800	0.0043731482	0.0470543060	0.0010654851
0	0.0682900638	0.0003453253	0.1601901811	0.0737103949	0.0053398605	0.2978837027	0.0011463806	0.3293546880	0.0067077283	0.0570316749
0	0.2932093604	0.1028081987	0.0012336537	0.0007626445	0.0058166445	0.2938380078	0.1594719359	0.0337368276	0.1091227270	0.0000000000
1	0.0148529098	0.0431120470	0.2003243873	0.0052286868	0.0000026113	0.3227342697	0.2452590305	0.0003812457	0.0515283071	0.1165765048
0	0.0000839233	0.0546416997	0.0229658003	0.1609989614	0.0032939533	0.2218226344	0.2775746037	0.0172463160	0.1714489992	0.0699231087
0	0.0000091675	0.0248005187	0.0566958968	0.0575428373	0.0014418289	0.1166846078	0.4282521048	0.0972775124	0.1709253387	0.0463701871
0	0.0788893851	0.0040344053	0.0064501545	0.0000003382	0.0766229421	0.0016259461	0.1133291194	0.0323850481	0.5650292232	0.1216334381
1	0.0284295022	0.0818360839	0.6432017479	0.0039848511	0.0000000000	0.1708917399	0.0572670856	0.0000097137	0.0143792756	0.0000000001
2	0.1694546217	0.1901005276	0.0314136651	0.0339129144	0.0012328012	0.1698498470	0.2955422721	0.0000000000	0.0000000004	0.1084933506
0	0.0800621931	0.0009462877	0.0958301521	0.2757336909	0.0000000002	0.5144967887	0.0041019693	0.0256043899	0.0013572539	0.0018672743
0	0.0075802796	0.0000049576	0.2272424054	0.1035977820	0.0004973316	0.0066466446	0.0423022436	0.1182328440	0.3506326384	0.1432628733
0	0.0000034651	0.0003436370	0.4106470708	0.0000718291	0.0008015749	0.1259494396	0.0108432749	0.0800216732	0.3708879301	0.0004301053
0	0.0047244944	0.0183228286	0.1813181957	0.0299150466	0.0419169004	0.1480090175	0.4838926739	0.0117229032	0.0780750053	0.0021029344
0	0.1597295906	0.0167305259	0.0378137588	0.0181828991	0.0000000000	0.4961325263	0.1275847996	0.0142668877	0.0035313187	0.1260276935
0	0.0204458185	0.0051025560	0.4509106031	0.0098493600	0.0000000000	0.2608905255	0.0237775135	0.0916705749	0.0000206515	0.1373323970
1	0.0012299677	0.0069545899	0.0583495580	0.5268108705	0.0056098153	0.1107154021	0.0001167602	0.0000821872	0.1858689816	0.1042618674
1	0.0000000183	0.0000006971	0.0329884103	0.0308557222	0.0000820914	0.0709975781	0.3923412694	0.0000000000	0.0002291331	0.4725050801
0	0.0515603239	0.0457172995	0.4700133904	0.0654908378	0.0000000000	0.0000000007	0.0227761371	0.3070730271	0.0113355147	0.0260334689
0	0.0000000628	0.0048338701	0.0003601744	0.0258502042	0.0081160497	0.5309378124	0.0104696308	0.2196754675	0.1994387807	0.0003179474
0	0.0982268362	0.0000000002	0.0228420708	0.0351750564	0.0371375934	0.0767983972	0.1093152439	0.1553315076	0.4517293987	0.0134438955
0	0.0060893811	0.2364270233	0.1989744225	0.2748261167	0.0000000089	0.0000002403	0.1704927309	0.0392372667	0.0739528096	0.0000000000
0	0.3988504354	0.0381234719	0.0598560500	0.0536611574	0.0459063489	0.0626744027	0.1800400119	0.0729412856	0.0017559738	0.0861908623
0	0.1572854121	0.1646556547	0.0707612856	0.0170929963	0.0108743478	0.3713266680	0.1107242996	0.0567132316	0.0235374853	0.0170286190
0	0.0083396787	0.0789414957	0.5715965846	0.0708917746	0.0003383632	0.0000000000	0.0584041421	0.0059134841	0.1896421793	0.0159322977
0	0.0355280155	0.0022850311	0.1848300519	0.1162305998	0.0032713660	0.2316055427	0.1477395023	0.2405642511	0.0331682418	0.0047773978
0	0.0613777262	0.0108814802	0.3934784066	0.3727435703	0.0000001489	0.0124737582	0.1178190571	0.0010021644	0.0016123036	0.0286113844
0	0.0000005641	0.0151537225	0.0000032591	0.1660975364	0.0014275962	0.5075179965	0.0165171452	0.0013869287	0.0002575140	0.2916377373
0	0.6977989110	0.1632157548	0.0060392290	0.0183447427	0.0005753952	0.0483168060	0.0088960589	0.0305633656	0.0019420644	0.0243076724
0	0.2482613776	0.0000421054	0.0492489532	0.1375110407	0.0024350041	0.0017261240	0.1929955302	0.0050049639	0.3317402085	0.0310346923
0	0.4307809950	0.0025345980	0.0509915985	0.3783924342	0.0000152542	0.0228362631	0.0002377036	0.0129985838	0.0841602343	0.0170523352
0	0.0957816387	0.0000328526	0.1763539666	0.0185849843	0.0000000000	0.1344086186	0.0015066804	0.2509313652	0.2324857328	0.0899141608
1	0.0105225241	0.2942378619	0.0228640335	0.0000000678	0.2082864405	0.0834382180	0.0990230704	0.0000030053	0.0097363799	0.2718883986
