0	0.0017686603	0.7301869387	0.0000000166	0.0000750823	0.0566585301	0.0000000000	0.1152978559	0.0163668294	0.0171391662	0.0625069205
0	0.0000000001	0.0015852894	0.1136374241	0.0045147467	0.1340647297	0.1577563242	0.3326104959	0.1022333454	0.1514290119	0.0021686327
0	0.1561226021	0.0407483815	0.0001510648	0.0828164395	0.0009734458	0.2560843846	0.1720962253	0.0473264973	0.1781521450	0.0655288142
1	0.0000000000	0.0628206654	0.0000000005	0.0000000001	0.0013357666	0.0029714634	0.8989826039	0.0000319818	0.0298521680	0.0040053503
1	0.0000000031	0.1237578120	0.0011963372	0.0672657199	0.0133915535	0.0044188960	0.6450384710	0.0892410305	0.0255360851	0.0301540918
0	0.0000000062	0.1788774610	0.1594059126	0.0005817520	0.0045201809	0.0000000000	0.5567232954	0.0085937761	0.0112501377	0.0800474781
1	0.0253402692	0.8050686633	0.0002764777	0.0176009066	0.0001362744	0.0013693989	0.1468745654	0.0019810387	0.0012722434	0.0000801623
0	0.0000224402	0.1318450435	0.0088492347	0.0032106503	0.0234230296	0.1793993623	0.5866531089	0.0279198893	0.0006126278	0.0380646134
1	0.0000000000	0.0071591540	0.0004055478	0.0350877111	0.0314765630	0.0005511685	0.4055974215	0.2708113137	0.2463335414	0.0025775789
1	0.0000000000	0.8040953847	0.0001871530	0.0506829993	0.0002927087	0.0324044674	0.0260223775	0.0718894360	0.0011387693	0.0132867041
0	0.0962323108	0.4146022330	0.0821994418	0.0002301106	0.0754515106	0.0003115253	0.0232167023	0.1932230621	0.0291673167	0.0853657869
0	0.0934538887	0.3419365096	0.0000136089	0.0081159607	0.0788381068	0.0302225803	0.1112422319	0.1822130922	0.1271013668	0.0268626539
0	0.0000120818	0.0160346105	0.0376681919	0.0825174680	0.0338583104	0.0000000000	0.5310200915	0.2023056450	0.0711514773	0.0254321236
1	0.0068527730	0.0000018205	0.0000000000	0.0081414735	0.0084107480	0.0423835446	0.9243236311	0.0097451074	0.0001409017	0.0000000001
1	0.0726770193	0.0720924518	0.0293657277	0.0346353072	0.0000000000	0.0000000000	0.1308636970	0.5416076086	0.1181256258	0.0006325627
0	0.0017408526	0.0768839647	0.4815801995	0.0192782707	0.1080897722	0.1770698781	0.0121379668	0.0504475801	0.0690224335	0.0037490819
1	0.0000000492	0.0274551071	0.0000000000	0.0355933089	0.1454496373	0.0436301126	0.6557676469	0.0859331902	0.0050429581	0.0011279898
0	0.0037104723	0.0155658845	0.0000174855	0.0000227139	0.0000000000	0.0279570097	0.5152063427	0.0620469339	0.0963171954	0.2791559621
2	0.0002976395	0.0023709685	0.0000001732	0.0041554751	0.0000535716	0.0007445091	0.9700447119	0.0134943220	0.0081948627	0.0006437665
0	0.0230801360	0.0220968521	0.0000000814	0.0251162737	0.0818289955	0.0278827462	0.0136593106	0.8011577052	0.0051778992	0.0000000001
1	0.0006218815	0.1698470521	0.0166307540	0.0049354821	0.0174107448	0.0021796670	0.3536043767	0.3527001436	0.0008012531	0.0812686451
0	0.0000012165	0.1652616210	0.0499083486	0.0332106331	0.0393976866	0.3945983719	0.0040386069	0.0097650859	0.1259613406	0.1778570888
0	0.0008072824	0.0320604564	0.0112778652	0.0000144517	0.0062213713	0.0000000002	0.0037857575	0.0006541754	0.8070801426	0.1380984973
0	0.0489854781	0.3018358997	0.0790410820	0.0582915465	0.0006253674	0.0399346295	0.1746191224	0.0466203828	0.2500342330	0.0000122585
2	0.0000000000	0.0042172750	0.0000000000	0.0000000653	0.0015759266	0.0000751782	0.9889847968	0.0008075190	0.0043386725	0.0000005667
0	0.4255983616	0.1241450286	0.0230755920	0.0190194516	0.2340556205	0.0011280297	0.0000351578	0.0138982369	0.0388767549	0.1201677663
1	0.0000000007	0.0081942642	0.0000732466	0.0031244140	0.0000002615	0.0351172526	0.8731587396	0.0531480018	0.0271837449	0.0000000742
0	0.0846068577	0.3129489065	0.0112258212	0.3255950590	0.0000000686	0.0161764655	0.0143554022	0.1709376430	0.0641537620	0.0000000143
1	0.0000124752	0.0273053314	0.0000000005	0.0038158848	0.0085381760	0.0019712115	0.4961425187	0.0000002363	0.4567183564	0.0054958091
0	0.0415591108	0.1210980948	0.0011396436	0.5746197590	0.0000000256	0.0251691708	0.1436518780	0.0107328527	0.0016486401	0.0803808246
2	0.0065504751	0.0071033493	0.0006159179	0.0001072141	0.0000924939	0.0008316726	0.9657981934	0.0045433070	0.0143473564	0.0000100203
0	0.0003659162	0.2430257482	0.0026360737	0.1070571962	0.0248197237	0.0548247075	0.0528481170	0.0462262730	0.3682727257	0.0999235189
0	0.0000081503	0.0002537382	0.0144418758	0.0000145322	0.3730642875	0.0022328358	0.0000074545	0.0360856978	0.5722160257	0.0016754021
0	0.0075306241	0.2044061794	0.0315059935	0.0797155216	0.0000419832	0.0000027508	0.0855309660	0.2116578604	0.3772886609	0.0023194600
0	0.0002715096	0.0000335056	0.0001356337	0.0240031947	0.0000000000	0.0047681161	0.0612229157	0.0120732699	0.8951312012	0.0023606535
0	0.0001714953	0.7021093961	0.0000000002	0.0707577483	0.0054706961	0.0003178446	0.0025622278	0.1067769341	0.1117209204	0.0001127372
0	0.0022136065	0.8225346641	0.0112770197	0.0833971076	0.0267845099	0.0057000867	0.0082678613	0.0083191540	0.0078467418	0.0236592483
0	0.0112817603	0.3342410834	0.0003228141	0.1506759806	0.1431906324	0.0048909364	0.0046817607	0.0337555986	0.0000000042	0.3169594293
0	0.0202459862	0.1726573587	0.2647490822	0.0011779990	0.2903111009	0.0105604351	0.0087128186	0.0008469827	0.0897587439	0.1409794927
0	0.7578598043	0.0100120185	0.0448286019	0.0000848804	0.0021577276	0.1551382802	0.0184578398	0.0002383321	0.0112224615	0.0000000537
1	0.0147591603	0.0043645903	0.0110349964	0.0000000000	0.0006053126	0.1372919802	0.6485067217	0.0195221837	0.1548583924	0.0090566623
0	0.1189745235	0.2636886848	0.0002001310	0.0006402276	0.0069218126	0.0000010992	0.5074879677	0.0581826309	0.0436899629	0.0002129598
1	0.0000000000	0.1396170159	0.0018319282	0.0563400608	0.0059202876	0.0068357287	0.5673159935	0.1300457224	0.0916443338	0.0004489291
0	0.0248962236	0.2015447035	0.0000257444	0.0000000041	0.0033040157	0.0000020995	0.0019434612	0.5828625009	0.0215764839	0.1638447632
0	0.0002501495	0.1889531843	0.0000003204	0.3589905653	0.0268798185	0.1500283369	0.0044141611	0.1851604351	0.0000035057	0.0853195233
0	0.0251603568	0.4140717072	0.0040151091	0.0000000000	0.0000000101	0.2473302978	0.0000024050	0.2694420703	0.0399780438	0.0000000000
0	0.0000000031	0.0550502171	0.1037406986	0.0363085309	0.0078592410	0.0199871572	0.4769546731	0.0587419433	0.2003274817	0.0410300539
0	0.0021989992	0.0016232699	0.0990249921	0.0953817179	0.0443547630	0.0015548054	0.0189332450	0.2601757801	0.4655797989	0.0111726285
1	0.0000014141	0.0033210152	0.0000000000	0.0038607401	0.0013813558	0.0006740220	0.9795563611	0.0027953026	0.0081245784	0.0002852108
0	0.3136501901	0.1987215349	0.0132964780	0.0008139710	0.0002099664	0.0021478383	0.2923640449	0.0010997464	0.1603113403	0.0173848896
0	0.0005083311	0.0278260209	0.0000000000	0.2347483161	0.0162551673	0.1233668409	0.2159008298	0.0014136227	0.0000294333	0.3799514379
0	0.0320359672	0.0540112569	0.0949411694	0.0006843827	0.3647633580	0.0007428204	0.0377949325	0.0697961400	0.1386496683	0.2065803046
1	0.0000000000	0.0536834229	0.0000011477	0.0236919651	0.0000000135	0.1764492694	0.6916037066	0.0000334167	0.0528167476	0.0017203105
1	0.0000000000	0.0001530066	0.0000000375	0.0036688392	0.0032202774	0.0045106385	0.9737419503	0.0086196398	0.0019289959	0.0041566148
0	0.0000000000	0.1037907634	0.0021746880	0.1448498735	0.0008766612	0.0860595406	0.0913005597	0.0937711683	0.4771767452	0.0000000001
0	0.0219026397	0.0000147623	0.0008238747	0.0376733857	0.0073882119	0.1743411592	0.5202214589	0.2315656237	0.0059659674	0.0001029164
0	0.1622628228	0.0072743256	0.0381282573	0.0292826319	0.0811141308	0.0000212542	0.4129267747	0.0696555003	0.0183230476	0.1810112548
1	0.0014142672	0.0123129242	0.0000036474	0.0077884337	0.0000000000	0.0000027510	0.9361681135	0.0110922657	0.0289018062	0.0023157911
0	0.0108300114	0.0069741709	0.0000000000	0.0736221472	0.0005944406	0.0106079187	0.0036326046	0.3069476026	0.0703382927	0.5164528113
0	0.1916030017	0.0045996990	0.0001340876	0.5701701522	0.0000116074	0.0402507405	0.0813589225	0.0659411088	0.0003331994	0.0455974808
0	0.0686646410	0.0530734430	0.0012676457	0.0195303005	0.5917225973	0.2190917282	0.0008407058	0.0250137780	0.0072720796	0.0135230809
0	0.0102343942	0.0215306261	0.0003199054	0.0805541657	0.0000032523	0.1036482256	0.1824505428	0.4768612142	0.0831314530	0.0412662207
0	0.0886766301	0.0012155907	0.0000000000	0.0486598238	0.0000194230	0.0177618164	0.0397563835	0.5486869688	0.2396120260	0.0156113376
0	0.1001811487	0.0776653292	0.1148639520	0.1511874156	0.0132614991	0.0077836953	0.1564660336	0.1328806781	0.2456590793	0.0000511691
0	0.2042985930	0.0018804163	0.0000001161	0.0189383662	0.1007128191	0.0536924853	0.2289136228	0.3915388060	0.0000239503	0.0000008249
0	0.4760071952	0.0187765190	0.2823786210	0.0214297721	0.0361040309	0.0047421333	0.1370151364	0.0131459531	0.0000097451	0.0103908939
1	0.0000000118	0.0028399520	0.0005482462	0.0050059097	0.0004794884	0.0026130156	0.9185033819	0.0462206782	0.0211766269	0.0026126892
0	0.0069957225	0.0254948044	0.0000501629	0.0000000007	0.0007589248	0.0306445323	0.4256579444	0.1278997778	0.3824921884	0.0000059418
0	0.0000103926	0.0004228162	0.0006706130	0.0022320012	0.0006307809	0.0016084704	0.8752569099	0.0001260175	0.0474890560	0.0715529422
0	0.0897140724	0.0231334124	0.0495321273	0.0013229352	0.3100589740	0.1020254513	0.0857300378	0.0565162136	0.1541058572	0.1278609189
0	0.0000000001	0.0074472994	0.0569375299	0.0085727500	0.0617506233	0.0321903421	0.0393715786	0.0672074073	0.1073670883	0.6191553810
1	0.0000000000	0.4078143731	0.0021941584	0.0000000001	0.0350835909	0.0065671477	0.0000506735	0.0034599015	0.5352282283	0.0096019265
0	0.1875844697	0.1277541839	0.1017643130	0.0000000000	0.1683602993	0.0218595423	0.0046567742	0.0217048736	0.3389085666	0.0274069775
1	0.0018356419	0.1925576422	0.0000000000	0.0077748400	0.0380244867	0.0010874691	0.6629073153	0.0745052444	0.0211497386	0.0001576219
0	0.0444401892	0.1101051959	0.0050311183	0.0225020292	0.1657380394	0.0187645436	0.0416335160	0.3981024896	0.0457498039	0.1479330749
0	0.0017231348	0.0425814497	0.7317724045	0.0074071266	0.0704342577	0.0000045492	0.0051043757	0.0000066850	0.0000000000	0.1409660167
1	0.0035879366	0.0115998812	0.0000000000	0.0000700438	0.0179994940	0.0822963583	0.7685598115	0.0261419521	0.0482299486	0.0415145739
1	0.0025714233	0.1089728143	0.0000000000	0.0132090344	0.0027645881	0.0000743176	0.8223115645	0.0084715238	0.0174132540	0.0242114801
1	0.0000000001	0.0026178634	0.0209875540	0.0108438953	0.0095953048	0.0333015366	0.8992272622	0.0039222532	0.0004703907	0.0190339395
0	0.1580306886	0.0011244370	0.0388310042	0.0744552871	0.0167279772	0.0000000000	0.5788872421	0.0064936384	0.1246362584	0.0008134670
0	0.0000083818	0.0000001825	0.0000033617	0.0041121179	0.0609308527	0.0000044594	0.0258100247	0.7819028199	0.0308448740	0.0963829255
0	0.0341661263	0.0000000000	0.0000000014	0.0008810685	0.0056256256	0.0000000467	0.0269235793	0.5748880202	0.3575155321	0.0000000000
1	0.0000000000	0.0021236048	0.0807778820	0.0000000000	0.0000000794	0.0000335310	0.1897611037	0.0791829710	0.6455510651	0.0025697630
0	0.0324844591	0.0000112616	0.3626091586	0.0559443209	0.2011437886	0.0461209122	0.1119320080	0.1231925685	0.0090476248	0.0575138977
0	0.0000168640	0.0319958432	0.0707079760	0.0180957174	0.0046378364	0.1765927068	0.0324326372	0.4648345755	0.2006858434	0.0000000000
0	0.0032474612	0.0436997306	0.0021564742	0.1070692339	0.0033984042	0.1198570805	0.0549926801	0.0240612403	0.6414109887	0.0001067062
0	0.0047924035	0.0995982089	0.0139157812	0.3183170497	0.0654400001	0.0279041810	0.2981063847	0.0059910646	0.1441038776	0.0218310485
0	0.0821816493	0.3296369677	0.0044891706	0.0658953064	0.0004283668	0.1724799180	0.0008566685	0.3016108774	0.0196962446	0.0227248307
1	0.0000000000	0.0668081034	0.0000000000	0.0202148674	0.0087295174	0.0000000000	0.2346407051	0.0000081892	0.6695986175	0.0000000000
0	0.0000143827	0.0223468625	0.0004039889	0.4747663061	0.1058850780	0.0113085994	0.0403239794	0.0798364936	0.0241179138	0.2409963958
1	0.0000246217	0.0996579935	0.0000000000	0.0000056024	0.0038599969	0.0427858261	0.7191875670	0.1317407549	0.0026671545	0.0000704830
1	0.0001672724	0.1946955428	0.0005259404	0.0485348879	0.0000000000	0.0379939205	0.4950213216	0.0079096526	0.2143997164	0.0007517452
0	0.0027754254	0.1120004177	0.0012097070	0.1827098381	0.1146197145	0.0074840896	0.0477954731	0.2937666981	0.1570955773	0.0805430592
0	0.0141618561	0.5867522213	0.0037677370	0.0005635774	0.0073691234	0.0049130481	0.3709866651	0.0053872108	0.0028283002	0.0032702605
1	0.0000000001	0.0489482495	0.0000000000	0.0078575439	0.0003829118	0.0542062641	0.2092227680	0.6673638381	0.0070317055	0.0049867191
0	0.0812862014	0.1012177947	0.0028711587	0.0056420989	0.0447666686	0.4121665492	0.0594041395	0.0803994924	0.1110438712	0.1012020253
1	0.0000000000	0.0631537225	0.0000000000	0.0000003054	0.0000000137	0.0085812209	0.0184990199	0.1289352225	0.7781976002	0.0026328950
1	0.0000000000	0.0265224283	0.0002276178	0.1121034096	0.0017465459	0.0324616956	0.2735301460	0.3461455288	0.0757018838	0.1315607442
1	0.0054276824	0.0344921849	0.0000000000	0.0142170513	0.1022198396	0.0233510728	0.2129336540	0.0425283538	0.3868468872	0.1779832740
0	0.0505614734	0.8671343695	0.0010733361	0.0000190566	0.0272082224	0.0002558686	0.0166319284	0.0106665616	0.0000000000	0.0264491834
