1	0.0001287068	0.0000000000	0.0000003654	0.0252696585	0.0000000001	0.1133781561	0.0034038312	0.0055497308	0.8434204224	0.0088491288
0	0.0899258102	0.0904369155	0.1285978074	0.0104648074	0.4732208683	0.1506241293	0.0065818517	0.0194877666	0.0180291971	0.0126308464
0	0.0440860252	0.0001751599	0.0242139155	0.0295077717	0.0829668102	0.2758680573	0.3250384813	0.1199884554	0.0979096955	0.0002456281
0	0.0127241305	0.0000040496	0.0837357186	0.0000799731	0.0123733488	0.0003447520	0.3279095352	0.0296231654	0.5332053022	0.0000000246
1	0.0000000000	0.0368301471	0.0021426669	0.0000073969	0.0000000000	0.0049793176	0.0124449716	0.0863634501	0.8457337889	0.0114982608
0	0.0003915143	0.0000019417	0.0364495752	0.0000000000	0.1288916236	0.0045985830	0.1255470731	0.2220982281	0.3988194162	0.0832020449
0	0.7327218472	0.0703043257	0.0151492395	0.0000000000	0.0000316643	0.0042220938	0.1774439285	0.0000000000	0.0000002697	0.0001266314
0	0.7951697840	0.0763749235	0.0034914083	0.0000043102	0.0823788103	0.0177209933	0.0137598345	0.0078070732	0.0032847068	0.0000081559
1	0.0001784191	0.0000002480	0.0589631019	0.0000000000	0.0066816512	0.1779803890	0.0146860145	0.0702389055	0.0848122485	0.5864590224
0	0.0117189984	0.0001969597	0.0802347709	0.0220118032	0.0058071365	0.5450303732	0.0176190895	0.0003360541	0.3165361091	0.0005087053
0	0.0313228822	0.0000638452	0.3022081830	0.0212640362	0.0000478822	0.0588356212	0.0421118086	0.3328465193	0.2023488129	0.0089504092
0	0.2300158243	0.4236126313	0.0388337360	0.0000078798	0.0000042998	0.0343999241	0.1675819155	0.0599191192	0.0384847626	0.0071399074
0	0.0293129522	0.0301768533	0.1940450694	0.0000000000	0.5211442734	0.1240125652	0.0937582459	0.0075388783	0.0000111624	0.0000000000
1	0.0000000000	0.0025927085	0.0000005489	0.0000000000	0.0001379798	0.0315638719	0.0066570936	0.0816844363	0.8304262092	0.0469371519
0	0.0141066931	0.0000671281	0.0005358343	0.0250693292	0.0071175598	0.0059199232	0.0025664421	0.2250356586	0.6549941081	0.0645873234
0	0.0010914308	0.0277699512	0.0078374129	0.0206918480	0.2713118848	0.0088503051	0.0862392336	0.0697402487	0.5033969066	0.0030707782
1	0.0000016592	0.0024071117	0.0005202645	0.0000016750	0.0528701911	0.0438550543	0.3941511696	0.0046912258	0.4351179814	0.0663836673
0	0.0210082628	0.0000000000	0.0047604048	0.7518476919	0.0000510925	0.0345991450	0.0002953360	0.1640773714	0.0043743707	0.0189863249
0	0.0000033471	0.0016777234	0.0756892998	0.0056864182	0.6863542470	0.0005498630	0.0045339750	0.0714157195	0.0006994790	0.1533899279
1	0.0000000001	0.0000000000	0.0003423253	0.0000013181	0.0000000000	0.0020803928	0.2764400865	0.2283467150	0.4689175869	0.0238715752
0	0.0112349208	0.0000000864	0.0530261384	0.3177553275	0.0119072205	0.0390541258	0.2284686014	0.2307674328	0.0364452795	0.0713408669
1	0.0138848482	0.1889504079	0.0000348237	0.0017801337	0.0178544853	0.0950269009	0.0422972659	0.0058234175	0.6334144296	0.0009332873
0	0.1345089424	0.0051622308	0.1042378390	0.0379018332	0.0215954276	0.2334208798	0.3729733510	0.0000000000	0.0079299672	0.0822695291
1	0.0088227278	0.0002564852	0.0007023183	0.0000001132	0.0000005517	0.0273185641	0.0000098765	0.0000014169	0.9044544711	0.0584334750
0	0.0011110100	0.0056608644	0.2683917536	0.0110927553	0.2843978469	0.1928257391	0.0030902734	0.0510767685	0.1823529888	0.0000000000
0	0.0000000000	0.5768829248	0.0504391242	0.1654399526	0.1139319548	0.0105400067	0.0015067717	0.0345452741	0.0459180038	0.0007959873
0	0.0043805963	0.0532726590	0.0313001879	0.0000599329	0.0505035327	0.3537500011	0.3666083515	0.0000031494	0.1401194669	0.0000021223
1	0.0000000000	0.0000000070	0.0002644389	0.0000000023	0.0000000000	0.0008782130	0.0783670725	0.0092054931	0.8944106611	0.0168741122
0	0.0241619771	0.2295513302	0.2468684917	0.0658435204	0.0753799731	0.0114192190	0.1104208690	0.0826851685	0.0961243684	0.0575450825
0	0.0037662996	0.0000000072	0.0526531854	0.0154180344	0.3972714548	0.0916963572	0.4318562765	0.0000000000	0.0023124854	0.0050258995
0	0.0007100741	0.0001925006	0.0479764060	0.2498596176	0.0692369502	0.0876082944	0.5040134184	0.0318562352	0.0085187531	0.0000277505
0	0.0001755985	0.3410317929	0.0000001085	0.0780518564	0.0000000018	0.0845561643	0.1910506921	0.1819908183	0.0618161155	0.0613268517
0	0.2355824876	0.0006958498	0.0045810117	0.0117657674	0.1809004135	0.0000176745	0.1166037921	0.0059096460	0.4439433574	0.0000000000
1	0.0239168286	0.0000016670	0.0001446140	0.0000000000	0.0000000668	0.0609883698	0.0017076254	0.0228383503	0.6377404288	0.2526620492
1	0.0014072890	0.0026139297	0.0000000000	0.0000366950	0.0208703843	0.1229847379	0.4335063975	0.0245328104	0.3352937133	0.0587540430
1	0.0002681446	0.0024441741	0.0003543606	0.0690737952	0.1863924305	0.0009954936	0.0293838695	0.0898436497	0.5994155891	0.0218284932
0	0.0000000000	0.0073458122	0.0018386454	0.0000000161	0.6157957689	0.0118151332	0.3471437792	0.0160608449	0.0000000000	0.0000000000
0	0.0223982480	0.0649945489	0.0218615191	0.0002413961	0.0038538252	0.2067986920	0.1189943926	0.4802711549	0.0792234754	0.0013627478
0	0.0100238534	0.0000272030	0.0504973187	0.5028392819	0.0015726897	0.1242952744	0.0000000000	0.0876239186	0.1611447124	0.0619757480
1	0.0002607198	0.0000000000	0.0000515766	0.0000513805	0.0583791769	0.0337425879	0.2479656870	0.0476239249	0.4608756540	0.1510492923
0	0.0000000013	0.0017059128	0.0914318779	0.0505545156	0.1355444381	0.0898223395	0.0318447527	0.1412707847	0.4578226072	0.0000027702
0	0.2282812012	0.0001350543	0.0001278169	0.0046448055	0.0122427392	0.0069463128	0.3799274139	0.3643901537	0.0033044194	0.0000000832
0	0.1742141097	0.0068816732	0.0244626090	0.0027331290	0.0125318657	0.0034440227	0.0820420174	0.0018820716	0.6918037949	0.0000047068
0	0.0436882150	0.0000000000	0.3320489999	0.0000782590	0.3721398595	0.0684012307	0.0689053510	0.0000991864	0.1096550310	0.0049838675
0	0.0133723955	0.0000287315	0.0530913279	0.0001954386	0.0274842988	0.0386174552	0.0016277721	0.8445619686	0.0002402157	0.0207803960
1	0.0000000000	0.0012146104	0.2603299525	0.0000277000	0.6637082952	0.0229055207	0.0000198723	0.0018862646	0.0379590043	0.0119487801
1	0.0354104097	0.0000000318	0.0017897911	0.0102850444	0.0816768945	0.0413963138	0.0318064997	0.0422277344	0.7239667955	0.0314404850
0	0.0007302779	0.0044789081	0.6587830526	0.0009718887	0.2290380890	0.0443741793	0.0180542679	0.0115152284	0.0057992941	0.0262548142
0	0.0000000034	0.0147490129	0.5661814230	0.0076543306	0.0000089628	0.0009083901	0.0468990111	0.1203118586	0.2382230500	0.0050639574
1	0.0000000000	0.1046446952	0.0000000000	0.0000037872	0.0048463119	0.0176610639	0.0000005226	0.0650945082	0.5539400987	0.2538090123
0	0.0162725230	0.0000005624	0.0025703296	0.1189901534	0.0343968874	0.0120206185	0.0825295283	0.0018092796	0.4513706175	0.2800395003
0	0.0000007073	0.0287834961	0.0371375131	0.1095102689	0.3952630150	0.0918056931	0.0018544942	0.1031407022	0.0714071405	0.1610969694
1	0.0000000000	0.0000000001	0.0000000000	0.0011472034	0.0000039064	0.1502290184	0.0086350331	0.0925247783	0.6776530553	0.0698070051
0	0.0008882632	0.0360867111	0.1783818198	0.1264978105	0.1787237263	0.0004315036	0.1954683915	0.1254168696	0.1034287892	0.0546761152
0	0.0259689093	0.0003836670	0.0223734487	0.7394186979	0.0012916737	0.0033588364	0.0003484400	0.0193556358	0.0006781402	0.1868225511
0	0.0020313509	0.0050509059	0.1916025855	0.2311788364	0.0348507387	0.0781702567	0.0697536683	0.3768343138	0.0036644962	0.0068628475
0	0.2085313523	0.0000475016	0.0685139193	0.0080638615	0.2096808792	0.0011791522	0.3088952257	0.0718636789	0.1193923958	0.0038320334
0	0.1389398161	0.0000055377	0.1175469287	0.0139247674	0.5862280743	0.0000000087	0.0792474787	0.0453012100	0.0181102447	0.0006959337
0	0.0269126148	0.0502365416	0.1068427739	0.0043134377	0.0997169260	0.0623943198	0.0033597924	0.6379654660	0.0000000000	0.0082581278
1	0.0136405034	0.0000002214	0.0000000000	0.0012968320	0.0148007528	0.0070258704	0.0000090640	0.0411855109	0.9124272178	0.0096140273
1	0.0000000000	0.0060527760	0.0041242149	0.0002748733	0.0004170085	0.0931306292	0.0001047383	0.0023303814	0.6555776041	0.2379877743
0	0.0130634967	0.0002198098	0.3241362361	0.0000001631	0.2013069094	0.0000000000	0.0000000258	0.0948023806	0.3568945577	0.0095764207
1	0.0000049648	0.0000001759	0.0056285607	0.0000886561	0.0000772294	0.0002850477	0.6720354631	0.0955255064	0.1625983228	0.0637560731
0	0.0498964414	0.0127191458	0.1172154128	0.1018191777	0.6408499034	0.0079908229	0.0141472144	0.0415853393	0.0016147804	0.0121617619
0	0.0047874210	0.0000000000	0.0537647654	0.0095441692	0.0216644434	0.6678966094	0.1462544951	0.0000084621	0.0805176376	0.0155619969
0	0.0030896560	0.1549471966	0.3453066551	0.0233610345	0.1830026456	0.0000000000	0.1051551468	0.1533416947	0.0215851183	0.0102108523
1	0.0001779419	0.0023648055	0.0000062332	0.0000000135	0.2939664535	0.2675310252	0.0000010353	0.2537456003	0.1149848697	0.0672220218
0	0.0000878149	0.0002904998	0.0408451135	0.0001796838	0.0042380866	0.0321029746	0.1141556479	0.4396131350	0.0026573429	0.3658297011
0	0.0357922536	0.7905990011	0.0151656958	0.0001402137	0.0005761902	0.0102556068	0.0647879202	0.0611805024	0.0201338003	0.0013688160
1	0.0000000000	0.0015448323	0.0007371327	0.0000102104	0.0019093790	0.0009741592	0.0000189125	0.0034056677	0.9707886700	0.0206110362
0	0.0422221287	0.0015058552	0.0001752536	0.0966434443	0.2332300737	0.1030558769	0.4891939744	0.0042699487	0.0195559299	0.0101475147
0	0.0008074333	0.0000135891	0.2551024530	0.0306062217	0.0977961760	0.2199962771	0.0282648032	0.2801864918	0.0058617104	0.0813648444
0	0.0005241016	0.0346802420	0.4658824170	0.0127146142	0.2514030472	0.0257060820	0.1245977461	0.0691112576	0.0115753562	0.0038051362
0	0.0000000083	0.0059829720	0.1941200496	0.0111778072	0.1652678605	0.1986788302	0.1643349804	0.0055352072	0.2534623148	0.0014399698
1	0.0001557169	0.0050018686	0.0000065213	0.0000000000	0.0000692299	0.0006671591	0.0344828112	0.0028289208	0.8774016202	0.0793861519
0	0.1165508098	0.0000000000	0.0000000005	0.1640290967	0.0685509179	0.0139949084	0.0782813760	0.0198303341	0.5099852978	0.0287772588
0	0.0012989439	0.0000000000	0.0001338627	0.0362734454	0.6816882767	0.1078127600	0.1647865795	0.0050972932	0.0029088350	0.0000000035
0	0.0334985251	0.0153765787	0.0007000488	0.0053344969	0.0027877274	0.0492636218	0.0496944449	0.8325703553	0.0105451273	0.0002290739
0	0.0259645843	0.0000000000	0.2434064502	0.0728455176	0.0639721817	0.0000124446	0.3652180510	0.0004292244	0.1310052728	0.0971462734
0	0.0239571052	0.0076331109	0.0244656649	0.0000000000	0.0037529281	0.3216263688	0.1144775098	0.3580476555	0.1433649504	0.0026747064
1	0.0193406416	0.0006730794	0.0754547524	0.0147325304	0.0327820590	0.0019422840	0.0177199818	0.0306927101	0.7899185238	0.0167434373
1	0.0384757865	0.0052121983	0.0000000000	0.0000000005	0.0000314312	0.0027624372	0.0812280685	0.0056052467	0.1506950619	0.7159897691
1	0.0000000000	0.0003762362	0.0000000000	0.0000049804	0.0009511487	0.0516909704	0.1748732332	0.1426107034	0.4280797031	0.2014130245
0	0.0001881183	0.0000000000	0.0140323640	0.0028559855	0.2002482855	0.0000039672	0.0002427907	0.0184857340	0.0122388015	0.7517039535
0	0.0470955792	0.0013634585	0.0251108692	0.0276891899	0.0001333748	0.1068790045	0.0353644904	0.5779753967	0.1634485104	0.0149401265
0	0.0326127937	0.0000707290	0.0552749677	0.1329938924	0.3049046552	0.2453998642	0.0000083009	0.1259322017	0.0173191699	0.0854834253
0	0.3379443692	0.0031779886	0.0000000000	0.0635854844	0.3923578134	0.1296479492	0.0000781613	0.0000000000	0.0260636439	0.0471445900
1	0.0000405970	0.0052178405	0.0051318110	0.0003790146	0.0226704411	0.0004526514	0.1887559688	0.0380782479	0.1283426352	0.6109307924
1	0.0000673392	0.2880448559	0.1259905430	0.0723475447	0.0009585892	0.0036038293	0.0191551358	0.0868176864	0.4016435664	0.0013709101
0	0.0272797816	0.0000109937	0.5189424286	0.0025994172	0.0000122699	0.0086976185	0.0618767162	0.2194975820	0.1610831923	0.0000000000
0	0.0084975057	0.0034328508	0.2812875260	0.0480546935	0.2995821349	0.1591995183	0.0428452122	0.0617439779	0.0077699258	0.0875866548
2	0.0000001282	0.0004977852	0.0000000000	0.0000000000	0.0000000036	0.0000000653	0.0003271075	0.0000378027	0.9829275508	0.0162095567
0	0.0993167522	0.0035044426	0.0050091988	0.0408196256	0.0824227884	0.0000028477	0.3408016285	0.1458451065	0.2636848648	0.0185927449
0	0.0000000076	0.0049448905	0.0825151517	0.0574068906	0.4582028815	0.0300148986	0.2795550774	0.0601450096	0.0000000001	0.0272151924
1	0.0000000000	0.0320453253	0.0056066798	0.0791369820	0.0003143151	0.0000000000	0.0000000012	0.1173222884	0.1482893956	0.6172850127
0	0.0000760201	0.0342637393	0.0002349585	0.1327697250	0.0039354532	0.0014045818	0.4386253916	0.0147438802	0.3395357927	0.0344104576
0	0.0028820400	0.1884063782	0.0001979140	0.0118591149	0.0373503942	0.1641834275	0.1543002237	0.0823225111	0.3581707988	0.0003271976
0	0.0042112799	0.0162566905	0.0636892281	0.0948154041	0.0000000177	0.3895078575	0.0753349218	0.0802870734	0.2703495384	0.0055479886
0	0.0001139635	0.5204005416	0.0058792219	0.0710304641	0.0341003012	0.1950819088	0.0142050999	0.0542343182	0.0476792164	0.0572749645
0	0.0000000011	0.0000000000	0.8101421915	0.0158579143	0.0049062732	0.0220858483	0.0088606756	0.1045007167	0.0246460660	0.0090003134
