0	0.4813879955	0.0212443216	0.1148506850	0.0173902422	0.1391301578	0.0018373199	0.0000000000	0.0200683051	0.1769258796	0.0271650933
1	0.0000005873	0.0000000000	0.0886546135	0.0004539578	0.1570625001	0.1015134148	0.1589065985	0.0655527982	0.3803026396	0.0475528901
0	0.0049088173	0.4499477015	0.0509956820	0.1679209233	0.0000000000	0.0001371211	0.0890182454	0.0224975349	0.0136714617	0.2009025128
0	0.0543926643	0.0000061798	0.2628870179	0.0272326387	0.0505562150	0.0123947048	0.0000082380	0.1354453537	0.4257987069	0.0312782809
0	0.3490410949	0.0209128857	0.0870104664	0.0893178041	0.0849429318	0.0220240803	0.0940513862	0.0461309647	0.0568546524	0.1497137337
0	0.0565887259	0.0161933206	0.0417784360	0.0025939860	0.1202497494	0.2188972582	0.0444645011	0.2799500200	0.1473116981	0.0719723047
1	0.0304798523	0.0252715220	0.4476024078	0.0132072727	0.0604882348	0.0026823733	0.0234030721	0.0171863926	0.3796788476	0.0000000248
0	0.1820707533	0.0000000000	0.0103696915	0.0000015657	0.0979895582	0.0010020004	0.1178296260	0.0007227346	0.4392061205	0.1508079498
0	0.6786775374	0.0021062290	0.0575745964	0.0000000000	0.0119050642	0.0316073724	0.0813636179	0.0163614607	0.1148441606	0.0055599614
0	0.0057525721	0.0103115507	0.0443741945	0.0003097634	0.1249070672	0.0063311904	0.0454735106	0.0088466153	0.7158126223	0.0378809134
0	0.0122768146	0.0929743671	0.0835664555	0.2219184920	0.0425461570	0.0351441245	0.2435846428	0.0007166170	0.0350991831	0.2321731464
0	0.0142785734	0.1274937633	0.0088303327	0.0012936115	0.2061843985	0.0056839522	0.2163069375	0.1876238203	0.0590953279	0.1732092827
1	0.1182197935	0.0016888763	0.1550520417	0.0372461704	0.0000792059	0.0005281420	0.0003603852	0.6686065687	0.0153055963	0.0029132201
2	0.0115051226	0.0030961240	0.3219078339	0.0696328733	0.4139455551	0.0000642014	0.0000041320	0.0002615110	0.1450415523	0.0345410944
0	0.1500487905	0.1693610943	0.0000006243	0.0000131088	0.1226573108	0.2068083664	0.0000808906	0.0000000000	0.3236250738	0.0274047404
0	0.2156004791	0.0156458620	0.0127856989	0.0006114012	0.4885095565	0.0186388089	0.0058676401	0.0066912644	0.2349643642	0.0006849247
0	0.0128159938	0.0097195076	0.0378443388	0.2145810484	0.0027256784	0.0546251524	0.0257412551	0.1589461916	0.4701364477	0.0128643862
0	0.0238567213	0.0000571299	0.0000000275	0.3895192132	0.0445110304	0.0789679061	0.0093988578	0.0037257317	0.0249114170	0.4250519652
0	0.0009918314	0.0170453675	0.2290863994	0.0341412692	0.2728825048	0.0950256719	0.0565804878	0.0133280503	0.0163783241	0.2645400937
1	0.0082263913	0.0400244749	0.1134169409	0.0006185843	0.0514761683	0.0427073510	0.1944966010	0.1483135521	0.0028900214	0.3978299146
0	0.6963622558	0.0016061171	0.1232300926	0.0024284517	0.0265889547	0.0044265582	0.0044192725	0.1344827715	0.0023083997	0.0041471262
0	0.0510383505	0.0000000000	0.1514468104	0.0020723045	0.2239026580	0.0016438513	0.3783745789	0.0129073105	0.0551887831	0.1234253529
0	0.0089927078	0.0000067463	0.0000396232	0.0220868403	0.1503259327	0.0456234947	0.0001925527	0.7381112307	0.0000000943	0.0346207773
0	0.2287153306	0.0306459589	0.1854525153	0.0471957066	0.0149451327	0.0532868676	0.0000437664	0.1802641878	0.0504499032	0.2090006308
0	0.0014578161	0.0164987052	0.0067061254	0.0000389214	0.0063186325	0.0000053539	0.0505239602	0.3433299161	0.0000637395	0.5750568298
1	0.0231579828	0.0013762598	0.2012423522	0.0000000000	0.0000000000	0.0161978238	0.0581810901	0.0413950932	0.6459489156	0.0125004825
0	0.0900113475	0.0001873023	0.3684178725	0.0181469708	0.0932535598	0.0011093429	0.0000000000	0.3314770957	0.0936914547	0.0037050537
0	0.1244166578	0.0115812208	0.0053791968	0.0471500792	0.0123676406	0.0000000000	0.0277850919	0.0001644180	0.6204382609	0.1507174339
0	0.8548158579	0.0000000056	0.0069519455	0.0509508655	0.0296496562	0.0133844300	0.0223958052	0.0105127023	0.0090650723	0.0022736595
0	0.2314588289	0.0013351648	0.0033052231	0.0834861888	0.2251450871	0.0204933870	0.0029126125	0.2996364691	0.0000000000	0.1322270386
0	0.2728600506	0.0039456391	0.0246723734	0.0022043804	0.1540598842	0.1162357091	0.0544371645	0.3654168654	0.0010336232	0.0051343102
0	0.0958837038	0.0804961198	0.1149770860	0.1303430397	0.0768193866	0.0115855264	0.0095927536	0.3718068798	0.0125092007	0.0959863036
0	0.0477569676	0.0236385163	0.1308448715	0.1157479898	0.0539525664	0.0596468847	0.0550993005	0.1212973353	0.2176778932	0.1743376747
0	0.2142794906	0.0312359833	0.0307663315	0.0077949488	0.4860961015	0.0002915631	0.0969356121	0.0000000000	0.1052898398	0.0273101293
0	0.2016162475	0.0061557564	0.2706565603	0.0010590937	0.0011221773	0.0021284372	0.0143459929	0.4218751677	0.0070414508	0.0739991162
0	0.7307720389	0.0000071362	0.0275936492	0.0000000000	0.0601231678	0.0019073391	0.1166055165	0.0429217143	0.0018963568	0.0181730812
0	0.5488282405	0.0000055678	0.1237421758	0.0138217347	0.0490715277	0.0548812790	0.0037026341	0.0362279596	0.1023454806	0.0673734002
0	0.1389933416	0.0010380499	0.0893414321	0.1501312061	0.0001006748	0.0034703143	0.1800594747	0.0330989624	0.4032930174	0.0004735266
0	0.0119880272	0.1989860794	0.2175449409	0.1201005887	0.0000000000	0.0715446625	0.0000928219	0.0973225526	0.1670033664	0.1154169603
0	0.0281472942	0.0864492962	0.2979017162	0.0382933526	0.0514212436	0.0065065423	0.0033117267	0.3968709442	0.0374016237	0.0536962603
0	0.0016814090	0.1346580436	0.0107476750	0.0381344401	0.0014590455	0.0035179476	0.0165776460	0.0738110316	0.6150573565	0.1043554053
0	0.0392053505	0.0000000000	0.1443116056	0.0000000009	0.0226605747	0.0518658925	0.0324234739	0.1228042460	0.0772071172	0.5095217388
0	0.1021344373	0.0226622988	0.0164510904	0.3840899236	0.0130994438	0.1392401619	0.0153284560	0.0281376272	0.0012176806	0.2776388805
0	0.0229103740	0.0000000002	0.1150881742	0.0078486305	0.1048266883	0.0066754420	0.0097564326	0.0039610144	0.7138098847	0.0151233592
0	0.0291254144	0.0356268802	0.0348343709	0.0341757047	0.1802695135	0.3444416579	0.0030075731	0.1184422564	0.1817336995	0.0383429294
0	0.0089785684	0.0109096234	0.0208986205	0.0000000015	0.0185403702	0.1279146653	0.0000038627	0.0116886884	0.0224237515	0.7786418482
0	0.1248271674	0.2018101529	0.0050201255	0.0242477960	0.4770821648	0.0422445641	0.0186908297	0.0491938756	0.0319598042	0.0249235199
0	0.0219482639	0.0002883541	0.2166719636	0.0023838658	0.0176177304	0.5063240209	0.0115417756	0.2231247957	0.0000571733	0.0000420568
0	0.2779397275	0.0985544440	0.0272623957	0.0527358067	0.0381677746	0.4135214459	0.0080629052	0.0303361615	0.0197241334	0.0336952055
0	0.8195892660	0.0151949836	0.0096315293	0.0853979112	0.0122128374	0.0017086364	0.0308542935	0.0010094990	0.0195848613	0.0048161823
0	0.3899685392	0.0018300393	0.0203965359	0.2300365952	0.0323959995	0.0084532518	0.0984306023	0.0007534572	0.1453214736	0.0724135060
0	0.0303617285	0.0214015460	0.2245144726	0.0094956858	0.1922346277	0.2719069561	0.0575487018	0.0863970982	0.0390814085	0.0670577748
0	0.2263389812	0.0272024409	0.3841289057	0.0237797856	0.0004180590	0.0004582491	0.0000006483	0.0334815814	0.2318198796	0.0723714692
0	0.0223488978	0.0383526433	0.0332420591	0.0766316351	0.0261510821	0.0721937318	0.0420307486	0.0186912074	0.3761056165	0.2942523783
0	0.0854823693	0.0978525397	0.0108612556	0.0000000021	0.0000000000	0.1778923376	0.0474591934	0.0603973460	0.2009623974	0.3190925591
0	0.0002880559	0.0439501247	0.0025459384	0.3280106670	0.0011339817	0.0007579373	0.0000696507	0.4625928601	0.0830420609	0.0776087234
0	0.1447574332	0.3583326546	0.0000000499	0.0000007684	0.0202980583	0.0306503617	0.0602433431	0.0416433950	0.3132229079	0.0308510278
0	0.4497260564	0.0134041764	0.0033621895	0.0023684483	0.0495437413	0.2216955770	0.0407961316	0.0986573803	0.0013810138	0.1190652854
0	0.3935609792	0.0000000115	0.0620309048	0.0772574599	0.0213798628	0.0186938634	0.1567159019	0.0483718241	0.2019351622	0.0200540302
0	0.0014448494	0.0032951422	0.0133803653	0.0197989156	0.0253271385	0.0211782005	0.0782299643	0.0544134999	0.6049705857	0.1779613386
0	0.0344617909	0.1087575274	0.0252396806	0.0199163945	0.3943869219	0.0113053433	0.1451103004	0.0244843685	0.0579090646	0.1784286077
0	0.6543730057	0.0036345115	0.2784059335	0.0000226668	0.0162097051	0.0191810840	0.0038687456	0.0018737042	0.0136847141	0.0087459294
0	0.5863088306	0.0176444611	0.0000159863	0.0202620322	0.0754162896	0.0109505765	0.0962530090	0.0291907252	0.0943085637	0.0696495258
0	0.0323162433	0.0000062699	0.3211961244	0.2225086563	0.0867786746	0.1135364936	0.0544117066	0.0143773669	0.1048256508	0.0500428137
0	0.0000434803	0.0016638529	0.4923587071	0.1601380715	0.0375168252	0.0327578164	0.0821467557	0.1828395855	0.0072020574	0.0033328480
0	0.0156508448	0.0329211880	0.0052392258	0.0055583612	0.0019415337	0.5043012643	0.0089870372	0.0056437616	0.3624351558	0.0573216276
1	0.0049125212	0.0070256987	0.0353140378	0.2733605741	0.0339359841	0.0000000000	0.0000000000	0.0097180156	0.6166662862	0.0190668823
1	0.0008184377	0.0000656541	0.5329933194	0.0455103089	0.0211650597	0.0034673912	0.0088316270	0.0000109397	0.0748407955	0.3122964668
1	0.0068985960	0.0003757932	0.0305042108	0.0519854390	0.0563883158	0.1407094314	0.0005586734	0.5539458100	0.0023673233	0.1562664070
0	0.0567045223	0.2560825050	0.0087472499	0.3352675654	0.0657578765	0.1720380095	0.0000001195	0.0077314906	0.0797227075	0.0179479538
0	0.0346264069	0.0004585859	0.0101909504	0.9156506774	0.0000059970	0.0115558539	0.0060413158	0.0064648962	0.0009888866	0.0140164299
0	0.3849016375	0.0120667616	0.0035125838	0.0027800588	0.0109126193	0.0007736483	0.3441753105	0.0255429531	0.0338095776	0.1815248495
0	0.1559247681	0.0470099981	0.2522262373	0.0009555962	0.0049807920	0.0074097307	0.2538178618	0.0074696857	0.0164643797	0.2537409503
0	0.0254359383	0.1061130711	0.0000050509	0.0000202240	0.0154986402	0.1172276184	0.0001428130	0.0144298506	0.0209557078	0.7001710857
0	0.2183164873	0.0037227324	0.0127269445	0.0011343379	0.0023343608	0.0293515454	0.0388201086	0.0392695317	0.5980693673	0.0562545840
1	0.0019152894	0.1058543301	0.0690171634	0.1072583057	0.4124602391	0.0305259806	0.0062245766	0.1529860205	0.0977051089	0.0160529857
0	0.0255630739	0.0000005751	0.0220221188	0.0000000156	0.0453310164	0.2407632495	0.0194965117	0.1760251810	0.4479931717	0.0228050863
0	0.0435031857	0.0030611399	0.2891845461	0.0241584270	0.0848227444	0.1925045621	0.0000269705	0.0274990379	0.0167243203	0.3185150661
0	0.0722579748	0.0303424249	0.0168912216	0.0233402532	0.3982086825	0.0955298281	0.0011390919	0.0000000040	0.0011394980	0.3611510209
0	0.0034504289	0.0113055018	0.0506102068	0.0667437889	0.0108071659	0.1957456343	0.0101764287	0.0087829111	0.0244802004	0.6178977331
0	0.0376898959	0.0657709034	0.2442147539	0.0183223105	0.1862754216	0.0263638249	0.2553370938	0.0000224931	0.0975176727	0.0684856303
0	0.0702186430	0.0737247152	0.0000010608	0.0185091444	0.0048801133	0.7043133693	0.0000210695	0.0729003195	0.0554308361	0.0000007291
0	0.0062988404	0.0028786945	0.0690728342	0.0097667505	0.0016808483	0.2512702184	0.0393177616	0.0000386230	0.4977628511	0.1219125780
0	0.1865322805	0.1859468542	0.0475295147	0.1923461520	0.0125690577	0.1540741411	0.0000555066	0.0251531018	0.0000013207	0.1957920707
0	0.0008450022	0.3937479024	0.0732183273	0.1107787587	0.1883790698	0.2185909137	0.0000001813	0.0000000000	0.0088622722	0.0055775724
0	0.0102819224	0.0001035962	0.1268948141	0.0001978310	0.0004765438	0.0457383894	0.0955168462	0.2813530052	0.0279677284	0.4114693232
0	0.3489738220	0.0231297606	0.1904861473	0.0063796521	0.0730936501	0.0016193366	0.0077447565	0.0416377129	0.2285665186	0.0783686433
0	0.2192044836	0.1131371365	0.0844971612	0.0184297639	0.0314592464	0.0021079612	0.0583206283	0.0212126583	0.0906609733	0.3609699872
0	0.3192641487	0.0038494144	0.0007453871	0.0000036980	0.1123683575	0.2491128791	0.0538145577	0.0000022482	0.2596556096	0.0011836997
0	0.0001355080	0.0193191057	0.4208671187	0.0004397570	0.0219583091	0.0657870609	0.0312237200	0.0049459028	0.3985897584	0.0367337594
1	0.2464114788	0.0038439726	0.0155092798	0.3126604500	0.0044403565	0.0133916197	0.0004495249	0.0001210044	0.3152292925	0.0879430209
0	0.0972622144	0.0666107013	0.1173037861	0.0586868740	0.0000208536	0.0073357157	0.2394747038	0.3445061230	0.0116752040	0.0571238240
0	0.1387530573	0.0092229371	0.0039267358	0.0001533680	0.0278336955	0.4697717526	0.1665859295	0.0020106357	0.1571087547	0.0246331337
0	0.6090869323	0.0068412137	0.0151206875	0.0278325364	0.0000197020	0.0165638701	0.0058476834	0.0000001549	0.1647210103	0.1539662093
0	0.0000070304	0.0438028725	0.1017713125	0.0056386079	0.0045987697	0.0393336187	0.0199319798	0.2977549263	0.2978525843	0.1893082979
0	0.0615322854	0.0000538470	0.0123428225	0.0047597393	0.0092107778	0.0428600918	0.0009437393	0.0957517196	0.7504416971	0.0221032803
0	0.0588877695	0.1838470130	0.5742426218	0.0000107135	0.0240325868	0.0070752700	0.0002026958	0.0692109738	0.0537484039	0.0287419521
0	0.1937553532	0.0205711874	0.0463311819	0.0113632949	0.0002191348	0.1289819799	0.1716080386	0.2346752466	0.1301276898	0.0623668929
0	0.3685306093	0.0093995932	0.0060395069	0.0078322507	0.5493796932	0.0014688556	0.0038627170	0.0193803727	0.0236470973	0.0104593041
0	0.0000000154	0.0743452561	0.0410250736	0.0000000000	0.0671609003	0.0510940264	0.4156270084	0.0011618850	0.1176133429	0.2319724917
