1	0.1996019741	0.4453538537	0.3550441722
0	0.5439261901	0.4560738099	0.0000000000
0	0.9729829330	0.0270169781	0.0000000890
0	0.0046319982	0.8035807841	0.1917872176
0	0.1956502670	0.1419682880	0.6623814450
0	0.0070367620	0.8194661369	0.1734971011
0	0.0000069604	0.0045696218	0.9954234179
0	0.0615315836	0.0000000000	0.9384684164
0	0.9305409205	0.0560519416	0.0134071379
0	0.1026376665	0.0475651734	0.8497971600
0	0.0542878211	0.9118124681	0.0338997108
0	0.0428864645	0.8521240972	0.1049894382
1	0.0495261247	0.2583354967	0.6921383786
0	0.4392970112	0.0000000434	0.5607029454
0	0.0849351935	0.9150645626	0.0000002439
0	0.8525624409	0.0136563473	0.1337812119
0	0.8608255250	0.0800510658	0.0591234092
1	0.4395817015	0.5600295201	0.0003887784
0	0.0456987108	0.8195185436	0.1347827456
0	0.1346385763	0.6339275368	0.2314338868
0	0.0000036319	0.8878060459	0.1121903223
0	0.4186867635	0.5208977109	0.0604155255
0	0.0026236790	0.2496708146	0.7477055064
0	0.0000627988	0.4593148969	0.5406223043
0	0.1112646356	0.3546310503	0.5341043141
0	0.2633903187	0.0271659986	0.7094436826
0	0.3465290094	0.6249011175	0.0285698731
0	0.0000002161	0.9999997440	0.0000000399
0	0.0069878353	0.2832325647	0.7097796000
0	0.0357955529	0.2118095014	0.7523949458
1	0.0387565828	0.1808249154	0.7804185019
0	0.3223356570	0.1285014755	0.5491628676
0	0.0000006818	0.3455366431	0.6544626751
0	0.7436581263	0.2493642033	0.0069776704
1	0.8376105378	0.0001852707	0.1622041914
0	0.3859918537	0.5961920014	0.0178161449
0	0.0082590026	0.9756711470	0.0160698504
0	0.0640029503	0.0956060560	0.8403909936
1	0.4616696947	0.2859673081	0.2523629972
0	0.0361838038	0.6403045434	0.3235116528
0	0.0008371216	0.9991451328	0.0000177457
0	0.8628229936	0.1168402639	0.0203367425
0	0.0416283900	0.5737102957	0.3846613143
0	0.0739219567	0.0080093283	0.9180687150
1	0.0051591499	0.6848847427	0.3099561074
1	0.3143686193	0.2448713263	0.4407600544
0	0.0026305111	0.8126204784	0.1847490105
0	0.0253444384	0.9705304483	0.0041251133
0	0.9088968893	0.0652841965	0.0258189142
0	0.4834409726	0.0505781361	0.4659808913
0	0.9874548003	0.0000000000	0.0125451997
1	0.0065186765	0.0260564697	0.9674248538
0	0.4778096468	0.5156070449	0.0065833083
0	0.7712069570	0.0620167897	0.1667762534
0	0.0084043008	0.0227211902	0.9688745091
1	0.0006504625	0.9120489863	0.0873005513
0	0.0977450922	0.2336792083	0.6685756995
0	0.1353351568	0.3532722249	0.5113926183
0	0.0000000000	0.7732986274	0.2267013726
0	0.2426539612	0.0976616674	0.6596843714
1	0.0111196212	0.9700343541	0.0188460247
0	0.0000000000	0.8480355442	0.1519644558
0	0.0165778606	0.7313486761	0.2520734633
0	0.2090399247	0.7892542148	0.0017058605
0	0.3009362223	0.6990621854	0.0000015923
0	0.0243728598	0.0079865749	0.9676405654
0	0.0077352836	0.0093001139	0.9829646025
1	0.1409868912	0.3912664897	0.4677466191
0	0.0034922557	0.2029081202	0.7935996241
0	0.2506681293	0.7472103102	0.0021215605
1	0.0000484902	0.9982616123	0.0016898976
0	0.2472675790	0.7527324210	0.0000000000
0	0.0006762573	0.0065482703	0.9927754724
1	0.0326526852	0.9474650271	0.0198822877
0	0.9361852893	0.0638145542	0.0000001565
0	0.4319918117	0.0042705863	0.5637376020
0	0.0223479949	0.9536219465	0.0240300586
0	0.2171176730	0.0000000002	0.7828823269
0	0.9990219187	0.0001370348	0.0008410465
0	0.0668679354	0.8984779861	0.0346540784
0	0.3074366286	0.1918861392	0.5006772321
0	0.6247262907	0.2571234923	0.1181502170
0	0.0622921195	0.9377078760	0.0000000044
0	0.0023300750	0.0000000129	0.9976699121
1	0.0000346901	0.9535009446	0.0464643653
0	0.0000000000	0.9980974638	0.0019025362
0	0.0362706447	0.0604810404	0.9032483149
0	0.1252881704	0.3411985067	0.5335133229
0	0.1408005601	0.1400996748	0.7190997651
0	0.0021396534	0.9958717999	0.0019885467
0	0.5372120971	0.3422248952	0.1205630077
0	0.0154155448	0.2723469547	0.7122375004
1	0.5364732674	0.3118799975	0.1516467351
0	0.4178225293	0.3983036115	0.1838738592
0	0.0423625728	0.9576374272	0.0000000000
1	0.8689749803	0.0713514613	0.0596735584
0	0.0506181036	0.9493675403	0.0000143561
0	0.6380559979	0.2798526269	0.0820913752
1	0.6688323915	0.0667415985	0.2644260100
0	0.0000000000	0.1909219139	0.8090780861
0	0.9502999910	0.0177116747	0.0319883343
0	0.3371471296	0.0025794619	0.6602734084
0	0.3458332466	0.0104950810	0.6436716724
1	0.1168302722	0.4697574228	0.4134123051
1	0.2273926204	0.6879726750	0.0846347046
0	0.0099081683	0.0061530709	0.9839387608
0	0.0729494909	0.8987461736	0.0283043355
1	0.0197065164	0.7968723029	0.1834211807
0	0.2443558775	0.7417803577	0.0138637648
0	0.4268899281	0.5391621439	0.0339479281
0	0.0452554748	0.9019872196	0.0527573056
0	0.8330573058	0.0205193256	0.1464233685
1	0.0039740777	0.0445403945	0.9514855278
0	0.0998927891	0.2966311231	0.6034760877
0	0.0000004787	0.9985070142	0.0014925072
1	0.0135976943	0.6401917459	0.3462105597
0	0.0005019346	0.0057872717	0.9937107937
0	0.0775450295	0.2339175285	0.6885374420
1	0.0721749035	0.9162727420	0.0115523546
0	0.0876955962	0.9035032031	0.0088012007
0	0.9999999995	0.0000000000	0.0000000005
0	0.8060285543	0.1582756028	0.0356958429
0	0.9423697524	0.0576302476	0.0000000000
1	0.0543249079	0.0068410180	0.9388340741
0	0.0706870305	0.8743450083	0.0549679612
0	0.0103381972	0.9896348173	0.0000269855
0	0.8396291054	0.1603681134	0.0000027812
0	0.1255323274	0.5663220463	0.3081456263
1	0.6891340878	0.2700684052	0.0407975070
0	0.0000000000	0.0001561010	0.9998438990
1	0.0274573681	0.3583390293	0.6142036026
0	0.9690101711	0.0189287411	0.0120610878
0	0.8267581227	0.1047956449	0.0684462324
1	0.0076613100	0.9911705450	0.0011681450
0	0.0251248546	0.0375950538	0.9372800916
1	0.0371909392	0.0082849188	0.9545241420
0	0.0716917432	0.7128719070	0.2154363498
0	0.0905785946	0.2893541316	0.6200672739
0	0.9983340061	0.0000505386	0.0016154553
0	0.1561533635	0.8438311572	0.0000154793
0	0.0007092836	0.3414342588	0.6578564576
1	0.4733942028	0.5249676294	0.0016381678
0	0.0272374925	0.1770320673	0.7957304402
1	0.0408023458	0.8800620268	0.0791356274
0	0.0013236177	0.9919639735	0.0067124088
0	0.1106477654	0.8728339870	0.0165182477
1	0.3608303878	0.5174132244	0.1217563879
0	0.6728036798	0.1366684263	0.1905278939
0	0.0412916269	0.6961709222	0.2625374509
1	0.2096870305	0.5525820787	0.2377308907
0	0.0427174150	0.0118340887	0.9454484963
0	0.6223285814	0.3208878345	0.0567835842
0	0.0201838203	0.9633443899	0.0164717898
0	0.0005893555	0.0592625596	0.9401480849
1	0.0656120293	0.3339623958	0.6004255749
0	0.9237793446	0.0000000000	0.0762206554
0	0.9960405647	0.0015979490	0.0023614864
0	0.6870223485	0.0156831242	0.2972945273
0	0.0274554548	0.6087396512	0.3638048940
0	0.0123829019	0.2371854912	0.7504316069
0	0.2706497980	0.5153843444	0.2139658576
1	0.1060575057	0.7108267588	0.1831157355
0	0.3728181788	0.2083178581	0.4188639631
0	0.0157192184	0.0241620883	0.9601186933
0	0.6512467151	0.3487309426	0.0000223423
0	0.0000001172	0.4478049866	0.5521948963
0	0.1288075736	0.4656938853	0.4054985411
0	0.0000000000	0.3021865133	0.6978134867
0	0.1242157657	0.0170593123	0.8587249220
0	0.1925769105	0.0413948703	0.7660282191
1	0.0001670153	0.7965760384	0.2032569463
0	0.2409834231	0.2605718469	0.4984447300
0	0.0037334787	0.9962665088	0.0000000124
1	0.0113639028	0.7637369845	0.2248991127
0	0.0129360482	0.2599178763	0.7271460755
0	0.0521691216	0.0464198089	0.9014110696
0	0.0058181891	0.8678281517	0.1263536591
1	0.0671559410	0.0202519091	0.9125921499
0	0.1885660097	0.0205444144	0.7908895759
1	0.3066603232	0.6913439095	0.0019957673
2	0.2370313892	0.7554118802	0.0075567306
0	0.0712732962	0.0013818038	0.9273448999
0	0.4061970615	0.5254407569	0.0683621816
1	0.4282662078	0.4470226179	0.1247111743
0	0.0595429702	0.0000680137	0.9403890160
2	0.0199681017	0.8364464242	0.1435854741
0	0.9746122384	0.0253453687	0.0000423929
0	0.8780682327	0.0024846337	0.1194471336
1	0.0560208785	0.8496222070	0.0943569145
0	0.3875173435	0.1225826528	0.4899000036
0	0.0048744794	0.9951206150	0.0000049056
1	0.0000000000	0.9792266170	0.0207733830
0	0.1652275858	0.0016280065	0.8331444077
0	0.0055188669	0.9944670151	0.0000141181
0	0.1737438963	0.0000001542	0.8262559495
0	0.0000000000	0.3799684370	0.6200315630
0	0.1979670474	0.5700637633	0.2319691894
1	0.7326150873	0.2264830093	0.0409019034
1	0.0000002061	0.9953862753	0.0046135186
0	0.0122754879	0.0376738770	0.9500506350
0	0.6561318741	0.3323548695	0.0115132565
1	0.0232252189	0.9462550534	0.0305197277
0	0.9022615726	0.0019008848	0.0958375426
0	0.0970376795	0.0011480378	0.9018142827
0	0.1449784086	0.8513476880	0.0036739034
1	0.6270064104	0.3503124458	0.0226811438
1	0.2706055309	0.1995649607	0.5298295085
0	0.9326870372	0.0141216869	0.0531912759
0	0.0723893572	0.9275608404	0.0000498023
1	0.2552655316	0.7125580927	0.0321763758
1	0.3210736948	0.6383198034	0.0406065018
0	0.0006169142	0.9065972560	0.0927858298
0	0.0000000008	0.8558665634	0.1441334358
1	0.0079524779	0.3722440068	0.6198035153
0	0.0932167704	0.2365206342	0.6702625954
1	0.0692127908	0.3893173419	0.5414698672
0	0.0851645655	0.9095770053	0.0052584292
0	0.2858008045	0.0000046738	0.7141945217
0	0.0000000000	0.4721352563	0.5278647437
0	0.1153736171	0.4641278087	0.4204985742
1	0.8986625207	0.1006540467	0.0006834325
0	0.8024724074	0.1758414665	0.0216861261
0	0.4860329094	0.3871187135	0.1268483771
0	0.1747219545	0.7637991092	0.0614789364
0	0.0461927272	0.0000000113	0.9538072616
0	0.0028359839	0.9970101923	0.0001538239
0	0.0003127943	0.0001101753	0.9995770304
0	0.2100161397	0.7867046177	0.0032792426
0	0.3991256008	0.0010432437	0.5998311556
0	0.0000104754	0.9711430890	0.0288464356
1	0.0031222133	0.9964022933	0.0004754934
0	0.0016006641	0.0135228724	0.9848764635
0	0.0126780329	0.6651250791	0.3221968880
0	0.1515105828	0.0032442309	0.8452451863
0	0.0208400344	0.2058775194	0.7732824462
0	0.3178631079	0.6810264588	0.0011104333
1	0.2280340927	0.3451448112	0.4268210961
0	0.0863545883	0.6678632502	0.2457821614
0	0.7688093413	0.1564768823	0.0747137764
0	0.0000033002	0.9163264875	0.0836702123
0	0.2171640910	0.3465722995	0.4362636096
0	0.9771150102	0.0067336705	0.0161513193
0	0.0568791709	0.1206434425	0.8224773866
0	0.4768025328	0.4645025345	0.0586949328
0	0.0000440226	0.9999559736	0.0000000037
0	0.2040754097	0.0586584557	0.7372661346
0	0.5206364249	0.3544955772	0.1248679980
0	0.1060731472	0.6895006791	0.2044261736
0	0.0414218663	0.0209214277	0.9376567059
0	0.0498273151	0.3870868540	0.5630858309
0	0.1677605452	0.0000000035	0.8322394514
0	0.0522181521	0.0000000000	0.9477818479
1	0.3492815497	0.5930225017	0.0576959486
0	0.5429795861	0.1550455975	0.3019748164
0	0.6726518439	0.0840386700	0.2433094861
0	0.8614748274	0.0002878761	0.1382372965
0	0.9711718343	0.0011646323	0.0276635334
0	0.0273776697	0.8350863337	0.1375359966
0	0.0000000000	0.9951917028	0.0048082972
0	0.1101948390	0.0000000000	0.8898051610
0	0.0000000436	0.0102080426	0.9897919138
0	0.0548753944	0.8195135806	0.1256110250
0	0.0068646390	0.7182907778	0.2748445832
0	0.1117835026	0.0874142416	0.8008022557
0	0.3114138604	0.1261277171	0.5624584225
0	0.1609184176	0.8390815824	0.0000000000
0	0.0000105313	0.5811133214	0.4188761473
0	0.8339823998	0.0709332161	0.0950843840
0	0.0131719788	0.9792329125	0.0075951087
0	0.5040503499	0.0480200682	0.4479295820
1	0.2256302317	0.6651889226	0.1091808457
0	0.3544260656	0.1023660614	0.5432078730
0	0.7420379385	0.0719183343	0.1860437271
1	0.0048484698	0.3539661627	0.6411853675
1	0.4302906816	0.5215330743	0.0481762441
0	0.6513932040	0.3486067633	0.0000000327
0	0.3106327821	0.1620457821	0.5273214358
1	0.4846039284	0.4104744522	0.1049216194
0	0.0654418254	0.6930620153	0.2414961593
0	0.4766928965	0.4942651764	0.0290419270
1	0.0306118133	0.9693801219	0.0000080649
0	0.0003708035	0.0000041207	0.9996250758
0	0.4976498808	0.5013596737	0.0009904454
1	0.9676023450	0.0317279031	0.0006697519
0	0.6564124952	0.3288844660	0.0147030389
0	0.0517701703	0.0028315101	0.9453983196
0	0.9994800039	0.0000003500	0.0005196461
0	0.6348226303	0.0072084395	0.3579689302
2	0.0110219976	0.6360861179	0.3528918845
0	0.6293029699	0.3069081735	0.0637888566
0	0.0000000028	0.0006453985	0.9993545986
0	0.0899290642	0.9100709358	0.0000000000
0	0.4461525576	0.0179107472	0.5359366952
0	0.9936291188	0.0063185920	0.0000522892
0	0.1518093571	0.4462048642	0.4019857787
0	0.1040409027	0.8951179930	0.0008411043
1	0.4361961845	0.3988319079	0.1649719076
1	0.0671794409	0.6548501232	0.2779704359
0	0.8957987125	0.0526096945	0.0515915930
0	0.1902159329	0.2734892044	0.5362948627
0	0.2829526325	0.0272482213	0.6897991462
0	0.0003719594	0.0674747659	0.9321532747
0	0.0016261717	0.0927889646	0.9055848637
1	0.6451886929	0.1769233098	0.1778879973
0	0.1182621083	0.6677170550	0.2140208367
0	0.9921711782	0.0000814197	0.0077474021
1	0.1976906937	0.7594834829	0.0428258234
0	0.6691150733	0.3305664313	0.0003184953
0	0.0173597288	0.9826402712	0.0000000000
0	0.0002500236	0.0217304652	0.9780195112
0	0.1315721099	0.8684278901	0.0000000000
1	0.3450226925	0.5934182310	0.0615590765
0	0.9979532179	0.0020467821	0.0000000000
0	0.0000000000	0.9447883275	0.0552116725
0	0.0000000010	0.9999894876	0.0000105113
0	0.0098932895	0.2542419092	0.7358648013
0	0.2887526665	0.3185739336	0.3926733999
0	0.0298249943	0.9670627518	0.0031122539
0	0.0001427569	0.2349352614	0.7649219818
0	0.3449406718	0.3733748182	0.2816845100
1	0.1139601726	0.7118883498	0.1741514777
1	0.0005504022	0.9561076068	0.0433419909
1	0.0466617873	0.7957383039	0.1575999089
0	0.3751055707	0.2171253256	0.4077691037
0	0.6369509732	0.0337259948	0.3293230320
0	0.0294165007	0.6105519286	0.3600315707
0	0.8664377373	0.0720938487	0.0614684140
0	0.0015760480	0.0157470164	0.9826769356
0	0.0000005555	0.6189318693	0.3810675751
0	0.9920297069	0.0023819345	0.0055883587
0	0.0013372804	0.7298968245	0.2687658951
1	0.1589252253	0.8303462913	0.0107284834
0	0.2594952336	0.4250873814	0.3154173850
0	0.0000619584	0.9724595192	0.0274785224
0	0.1022131940	0.0000001288	0.8977866772
0	0.9998669661	0.0000134475	0.0001195864
0	0.0773818677	0.0536701268	0.8689480055
1	0.0007864421	0.9992071092	0.0000064487
0	0.0097773812	0.1523060232	0.8379165956
0	0.8997248594	0.0101435534	0.0901315872
1	0.0341592919	0.2693056654	0.6965350428
1	0.7366292796	0.0650064365	0.1983642839
0	0.0014071978	0.2360304816	0.7625623206
0	0.9114911026	0.0000694775	0.0884394199
1	0.0559048076	0.8008945022	0.1432006902
0	0.2175745651	0.2198582254	0.5625672095
0	0.0002403283	0.7566349297	0.2431247421
0	0.0249505998	0.4502294482	0.5248199519
0	0.0051173704	0.8958184498	0.0990641798
0	0.0000000096	0.9080572709	0.0919427194
0	0.8843438568	0.1022946802	0.0133614630
1	0.8520430142	0.0244822882	0.1234746976
0	0.0723328779	0.5250481561	0.4026189660
1	0.0708084687	0.4402382182	0.4889533131
0	0.3843698549	0.0534087174	0.5622214277
0	0.0131427561	0.6440689369	0.3427883070
0	0.4822823914	0.5175316911	0.0001859175
0	0.9380724290	0.0222075861	0.0397199849
0	0.0293097015	0.8929156646	0.0777746339
0	0.2267313409	0.6636119255	0.1096567336
0	0.0003260898	0.9806092524	0.0190646579
0	0.3790993240	0.0148201459	0.6060805301
0	0.7735464308	0.2248685510	0.0015850183
1	0.1560699781	0.0725061928	0.7714238292
0	0.8051995773	0.0000000000	0.1948004227
0	0.2633719214	0.0004362303	0.7361918483
0	0.1838408764	0.3343977943	0.4817613293
0	0.0000000000	0.6749291988	0.3250708012
0	0.0000000000	1.0000000000	0.0000000000
0	0.0008734187	0.0256348247	0.9734917566
0	0.4366053548	0.2676322970	0.2957623481
1	0.1364068021	0.7430977023	0.1204954956
0	0.0433499955	0.0318026508	0.9248473537
1	0.2273609708	0.6808172336	0.0918217957
0	0.1441344425	0.0160574104	0.8398081470
1	0.0000000000	0.9669330344	0.0330669656
0	0.1714259614	0.7549390477	0.0736349909
0	0.0000000000	0.4898320555	0.5101679445
0	0.4626550019	0.0028115748	0.5345334233
0	0.9260406823	0.0739593177	0.0000000000
0	0.9632188876	0.0002912565	0.0364898558
0	0.0000000000	0.0001472579	0.9998527421
0	0.7777205157	0.2222794843	0.0000000000
0	0.2299116299	0.3652469924	0.4048413777
1	0.0743829537	0.9194453705	0.0061716758
2	0.1134188942	0.8294208658	0.0571602400
0	0.7894505527	0.0000072800	0.2105421673
1	0.1072768289	0.3900255071	0.5026976640
0	0.0000000000	0.8718695564	0.1281304436
0	0.0636022189	0.9241367010	0.0122610801
0	0.3713601610	0.5157589959	0.1128808431
1	0.2170821107	0.6042202393	0.1786976500
1	0.2233237325	0.7686760019	0.0080002657
0	0.9880600984	0.0092942988	0.0026456027
0	0.0156166492	0.9809559604	0.0034273903
0	0.0188992818	0.0212116266	0.9598890916
0	0.5524460513	0.3897384512	0.0578154974
0	0.2011300253	0.2403685404	0.5585014343
1	0.8602493196	0.1339324333	0.0058182471
0	0.7724455411	0.1284416883	0.0991127706
1	0.2714126758	0.6364396054	0.0921477187
0	0.0902526508	0.8701993167	0.0395480325
0	1.0000000000	0.0000000000	0.0000000000
0	0.1384767680	0.5291123831	0.3324108489
0	0.0091345568	0.8433333532	0.1475320901
0	0.0001438534	0.0747563008	0.9250998458
0	0.3986145017	0.5958409522	0.0055445461
1	0.1293805557	0.2802251043	0.5903943400
0	0.4721211957	0.5251971198	0.0026816846
0	0.0918670396	0.0342876969	0.8738452635
1	0.0019030142	0.9564458745	0.0416511113
0	0.0768469159	0.5609030836	0.3622500004
0	0.5687993377	0.4170060646	0.0141945977
0	0.4555875757	0.3465813375	0.1978310868
0	0.1133085844	0.2709621692	0.6157292465
0	0.9523038886	0.0206842029	0.0270119085
0	0.9694452076	0.0000000725	0.0305547199
0	0.0000000855	0.9212547664	0.0787451482
0	0.0000000000	0.0000000000	1.0000000000
0	0.0243274443	0.9460411353	0.0296314204
1	0.3914604642	0.5035844641	0.1049550717
0	0.0000000000	0.5430225230	0.4569774770
0	0.4129752656	0.0979443183	0.4890804162
0	0.5836720651	0.4162462302	0.0000817046
0	0.0000000000	0.0005230844	0.9994769156
0	0.2888788258	0.0519221850	0.6591989892
0	0.0215965063	0.5158493724	0.4625541214
0	0.0180227868	0.9807387453	0.0012384679
0	0.1459053003	0.5536898203	0.3004048794
0	0.4586812832	0.3012293780	0.2400893387
0	0.2702071286	0.7077650355	0.0220278358
1	0.0499049959	0.1951456388	0.7549493653
0	0.2297687655	0.4143174279	0.3559138066
0	0.0000000000	0.9999999974	0.0000000026
0	0.6162746140	0.3837111304	0.0000142556
1	0.0158858084	0.8859356866	0.0981785049
1	0.2975199106	0.5052487770	0.1972313123
0	0.2901660010	0.7098339990	0.0000000000
2	0.0430089087	0.9569619224	0.0000291690
0	0.0630408580	0.4676812836	0.4692778583
0	0.9332389005	0.0010514580	0.0657096414
0	0.0042575763	0.9953005224	0.0004419014
0	0.0000000000	0.0014022526	0.9985977474
0	0.0391070444	0.9608915275	0.0000014281
1	0.0000636119	0.9802898768	0.0196465113
0	0.0408607430	0.1111303301	0.8480089269
0	0.9422573174	0.0064959621	0.0512467205
1	0.6360476230	0.3611279456	0.0028244314
0	0.1085018869	0.8583260534	0.0331720597
1	0.0268529287	0.5087012661	0.4644458052
0	0.0057833971	0.3960015482	0.5982150547
0	0.1510735623	0.7670980580	0.0818283796
1	0.2607527545	0.6636284718	0.0756187737
1	0.0994247487	0.8093359555	0.0912392958
0	0.9116598095	0.0801665815	0.0081736090
1	0.6895413512	0.2609773537	0.0494812951
0	0.0000000000	0.9953883746	0.0046116254
0	0.0136124152	0.3314516768	0.6549359080
1	0.5735781896	0.4137689708	0.0126528396
1	0.0454633523	0.0873507607	0.8671858870
1	0.0013188508	0.9870832733	0.0115978759
0	0.2695649508	0.5709396747	0.1594953745
0	0.9105593810	0.0228976114	0.0665430076
0	0.3869144556	0.3554211707	0.2576643737
0	0.0134979343	0.9864875818	0.0000144838
0	0.0037167750	0.5689557881	0.4273274370
0	0.0026052596	0.9290989562	0.0682957842
0	0.0040560138	0.9688081270	0.0271358592
0	0.0005815259	0.9994184741	0.0000000000
0	0.6829631879	0.1051288272	0.2119079850
0	0.0131028726	0.3720015616	0.6148955658
0	0.3807012317	0.5294905867	0.0898081816
0	0.0530687138	0.9430167678	0.0039145183
0	0.0000000000	1.0000000000	0.0000000000
0	0.0000145410	0.6202128921	0.3797725669
1	0.0243997073	0.9755528907	0.0000474020
0	0.0083261971	0.3132188251	0.6784549778
1	0.0680238521	0.5381531962	0.3938229517
0	0.8159168319	0.1616436125	0.0224395556
0	0.4420876517	0.4469054802	0.1110068680
0	0.0000525181	0.0321436338	0.9678038480
0	0.6986026732	0.1650622619	0.1363350649
0	0.0096480247	0.8398613378	0.1504906375
0	0.8820800450	0.1089712524	0.0089487026
0	0.5115950769	0.1317084004	0.3566965226
0	0.3916126184	0.0584338464	0.5499535352
0	0.2113909996	0.7269344258	0.0616745746
0	0.0470670067	0.3745154721	0.5784175212
0	0.2813414722	0.0120137115	0.7066448163
0	0.9301464580	0.0438144605	0.0260390815
0	0.9491652898	0.0109326684	0.0399020418
1	0.2927914792	0.5275302107	0.1796783101
0	0.0450923218	0.7670000593	0.1879076189
0	0.0698099103	0.6817260522	0.2484640375
0	0.4011976670	0.0906979513	0.5081043817
0	0.0669707667	0.0028793060	0.9301499273
0	0.0000000002	0.0000000795	0.9999999203
0	0.9908820718	0.0086738456	0.0004440827
1	0.2997443271	0.6763139045	0.0239417684
0	0.1012580017	0.0000178512	0.8987241471
