0	0.0504982720	0.8366726822	0.1128290458
0	0.6175081244	0.3824918756	0.0000000000
0	0.0000642557	0.3960852013	0.6038505430
1	0.9420008866	0.0162405298	0.0417585836
0	0.4564088879	0.0000417484	0.5435493637
1	0.3785163721	0.6214422151	0.0000414127
0	0.5849515295	0.3231014978	0.0919469728
0	0.0363942131	0.1011596917	0.8624460951
0	0.0790509704	0.9209444811	0.0000045485
0	0.3548292002	0.0076601528	0.6375106469
0	0.0004870369	0.9127044130	0.0868085501
0	0.0016432208	0.4390374831	0.5593192961
0	0.2767730810	0.7006006942	0.0226262248
0	0.1521039674	0.6301136406	0.2177823920
0	0.2603632791	0.0494892988	0.6901474221
0	0.2174463406	0.0301396267	0.7524140327
0	0.1054359058	0.2871732743	0.6073908198
0	0.8462115399	0.0670054040	0.0867830561
1	0.9037578901	0.0000004013	0.0962417086
0	0.9962756879	0.0037243121	0.0000000000
0	0.8599297134	0.1389572397	0.0011130469
0	0.1321623065	0.8381226905	0.0297150030
1	0.9779961678	0.0000009708	0.0220028614
1	0.3161474577	0.5915605470	0.0922919953
0	0.1070797123	0.0525008741	0.8404194136
1	0.2466120513	0.2519770004	0.5014109483
0	0.2463105282	0.2987746436	0.4549148283
0	0.0000000003	0.9824518336	0.0175481661
1	0.9883163465	0.0032148074	0.0084688462
0	0.0313351740	0.9680130407	0.0006517853
0	0.2042958841	0.1930944756	0.6026096403
0	0.7780805360	0.1902340016	0.0316854624
0	0.2810538471	0.7063132391	0.0126329138
0	0.9999999969	0.0000000031	0.0000000000
0	0.3525395202	0.0105610178	0.6368994620
0	0.0050796230	0.5873701505	0.4075502266
0	0.3366942243	0.0000000000	0.6633057757
0	0.7071301463	0.2928697834	0.0000000703
0	0.0000076518	0.9999773780	0.0000149701
0	0.0075197073	0.9456453162	0.0468349765
0	0.8829292575	0.1060788440	0.0109918986
0	0.6440990577	0.0000592620	0.3558416803
1	0.6068337234	0.3931662181	0.0000000584
0	0.0010070675	0.4121784173	0.5868145151
0	0.0085360421	0.7473493767	0.2441145812
0	0.0387869231	0.1721485180	0.7890645588
0	0.9192000170	0.0446115348	0.0361884483
0	0.3132907720	0.6866822475	0.0000269805
0	0.1981557520	0.6258745684	0.1759696796
0	0.1259882294	0.8740067765	0.0000049941
0	0.0295135392	0.7222719335	0.2482145273
1	0.3171556260	0.0754312200	0.6074131540
0	0.0971672091	0.6405449677	0.2622878232
0	0.6349441839	0.0626447579	0.3024110582
0	0.6389726135	0.1765856927	0.1844416937
0	0.0907763354	0.8336656396	0.0755580250
0	0.0000000626	0.1566950557	0.8433048817
1	0.8188224613	0.1794281445	0.0017493942
0	0.4913871380	0.0679456652	0.4406671968
0	0.0160450452	0.9815535913	0.0024013634
1	0.0011039892	0.9988679692	0.0000280416
0	0.0414355327	0.9583936371	0.0001708303
0	0.9408120822	0.0591878702	0.0000000476
0	0.1788467050	0.3909085436	0.4302447514
0	0.0087356522	0.0036913048	0.9875730430
0	0.1504325689	0.4817118586	0.3678555725
0	0.1019008300	0.8248022386	0.0732969314
0	0.0001686526	0.9713248551	0.0285064923
0	0.0008204364	0.2783050479	0.7208745157
0	0.3159810793	0.2054570392	0.4785618814
0	0.4066224178	0.5933775822	0.0000000000
1	0.0000000000	0.9675168809	0.0324831191
0	0.0255447930	0.9323467575	0.0421084495
0	0.3720196766	0.4648566069	0.1631237165
1	0.6530473489	0.3414600472	0.0054926039
0	0.1580831710	0.7640279647	0.0778888643
1	0.9990603708	0.0009396292	0.0000000000
0	0.0007659002	0.1185797177	0.8806543821
0	0.5825522844	0.3770506492	0.0403970664
0	0.5516339103	0.0673532488	0.3810128409
0	0.9999375044	0.0000624914	0.0000000043
0	0.8278178513	0.0080318463	0.1641503024
0	0.9915487535	0.0001160767	0.0083351698
0	0.2960539871	0.0000000032	0.7039460098
0	0.9584961602	0.0404590272	0.0010448126
0	0.3464629918	0.5792473894	0.0742896188
0	0.1023051444	0.1851733434	0.7125215122
0	0.2826230037	0.7173757267	0.0000012696
0	0.0052342773	0.9240130873	0.0707526354
0	0.2060669749	0.6357389498	0.1581940753
0	0.3617100313	0.6382799283	0.0000100404
0	0.7759791068	0.0045768504	0.2194440429
0	0.0220373932	0.9746721538	0.0032904530
0	0.9591983238	0.0168887246	0.0239129516
1	0.2589109410	0.3771532533	0.3639358056
0	0.0265722447	0.9692509362	0.0041768191
0	0.0047831024	0.4959316246	0.4992852730
0	0.9680961467	0.0003811137	0.0315227397
0	0.1752870099	0.8236272720	0.0010857181
0	0.0000375651	0.9999624349	0.0000000000
1	0.0002170519	0.8593704910	0.1404124571
0	0.3870192043	0.5977355523	0.0152452435
0	0.0254233381	0.2619155761	0.7126610858
0	0.0287866568	0.7779199432	0.1932934000
1	0.1154355343	0.8210033809	0.0635610847
0	0.6777819773	0.3215789825	0.0006390403
1	0.0581875940	0.7449074678	0.1969049382
0	0.5674542406	0.4271688618	0.0053768975
0	0.1513839852	0.6936636720	0.1549523428
0	0.4272349552	0.0395865779	0.5331784669
0	0.6786293113	0.2886737595	0.0326969291
0	0.1934727144	0.8062052224	0.0003220632
0	0.9457415567	0.0536007414	0.0006577019
0	0.0031830786	0.0208761217	0.9759407997
0	0.1419318493	0.8580681507	0.0000000000
0	0.0002918503	0.4128807749	0.5868273749
0	0.8434131200	0.1537574787	0.0028294013
0	0.1620656859	0.5707148258	0.2672194884
0	0.7869846203	0.0953844687	0.1176309109
0	0.7222206393	0.2739771872	0.0038021734
0	0.8866057333	0.1133940967	0.0000001701
0	0.6020007882	0.3979992118	0.0000000000
0	0.0000006143	0.9992867704	0.0007126153
1	0.9746731197	0.0253268803	0.0000000000
1	0.0906182176	0.8062691091	0.1031126734
1	0.5287920225	0.4667562716	0.0044517059
0	0.0015840082	0.9981649779	0.0002510139
0	0.7949916851	0.0063087519	0.1986995630
0	0.0000044601	0.9934561150	0.0065394248
0	0.8050578257	0.0006706196	0.1942715546
1	0.0949463766	0.0000000108	0.9050536126
0	0.1681162651	0.0985627169	0.7333210180
0	0.0000202479	0.2096460077	0.7903337444
1	0.9694070613	0.0000000000	0.0305929387
0	0.0008914580	0.9831498561	0.0159586859
1	0.9807715850	0.0114995984	0.0077288166
0	0.5218046427	0.0118669377	0.4663284196
0	0.0046511354	0.4494332034	0.5459156612
0	0.1583355018	0.6755610288	0.1661034694
0	0.0066807876	0.8780140936	0.1153051189
0	0.0025303985	0.0730149144	0.9244546870
0	0.3758626666	0.2982306002	0.3259067331
0	0.7487782537	0.2427226875	0.0084990588
0	0.3277796832	0.5424550824	0.1297652344
1	0.5656113910	0.0515943301	0.3827942789
0	0.3281461384	0.0390626613	0.6327912004
0	0.0203527989	0.9676846154	0.0119625858
0	0.3455920166	0.6540466089	0.0003613745
1	0.8082555044	0.0024207531	0.1893237425
1	0.2557205312	0.3076185088	0.4366609599
1	0.2328050315	0.7258747400	0.0413202285
0	0.0000951982	0.6142783743	0.3856264274
0	0.4070305976	0.0798107845	0.5131586179
0	0.0370608033	0.5591755267	0.4037636700
1	0.0000000794	0.5421894429	0.4578104778
0	0.8500777585	0.0486863248	0.1012359167
0	0.2680685700	0.6378478736	0.0940835564
0	0.3445559143	0.0331730273	0.6222710584
0	0.0000000102	0.9810777646	0.0189222252
1	0.2586192162	0.0000000053	0.7413807785
0	0.0004363406	0.9995436753	0.0000199841
0	0.0285791604	0.9353024442	0.0361183954
0	0.0189223692	0.9809890413	0.0000885895
0	0.9851622624	0.0124743192	0.0023634183
0	0.0532979025	0.8888137129	0.0578883846
0	0.6406917540	0.3579770117	0.0013312343
0	0.3580928102	0.0000000000	0.6419071898
0	0.5476062681	0.0000123512	0.4523813807
2	0.9999143310	0.0000000000	0.0000856690
0	0.0199632821	0.5321177228	0.4479189952
0	0.2178760671	0.0009396779	0.7811842550
1	0.5579136849	0.4420863151	0.0000000000
0	0.0664196361	0.9334525414	0.0001278225
0	0.1025156414	0.8954416638	0.0020426948
0	0.0012379721	0.4507831658	0.5479788621
0	0.0239657454	0.0016307732	0.9744034813
0	0.8756945846	0.1201027161	0.0042026993
0	0.3036063189	0.6884462499	0.0079474311
0	0.0544049368	0.2087679752	0.7368270880
1	0.6395359462	0.3604640538	0.0000000000
0	0.0164328379	0.1640759226	0.8194912395
1	0.0000192953	0.9999799793	0.0000007255
0	0.9041924142	0.0048240941	0.0909834916
0	0.0419206670	0.2505193186	0.7075600144
0	0.2132219303	0.7292362418	0.0575418279
0	0.7984546448	0.1498935763	0.0516517789
0	0.0115732765	0.9862499193	0.0021768042
0	0.9947923195	0.0052076671	0.0000000135
1	0.9999996904	0.0000000019	0.0000003076
0	0.0016454017	0.0198632575	0.9784913407
1	0.4425189593	0.5574077619	0.0000732788
0	0.0666253086	0.9333746913	0.0000000002
0	0.0000015267	0.9999984733	0.0000000000
0	0.8872480273	0.1021675801	0.0105843926
0	0.8399349002	0.1600113100	0.0000537899
0	0.0008877203	0.0013757091	0.9977365706
0	0.0001883081	0.0007762226	0.9990354692
0	0.0167284729	0.9832026622	0.0000688648
0	0.0290444631	0.0679422032	0.9030133337
0	0.0562352678	0.0649921287	0.8787726035
0	0.0123799735	0.0000852588	0.9875347678
0	0.0292090700	0.1581533783	0.8126375517
1	0.8719968444	0.1134681658	0.0145349898
0	0.0000939938	0.9617232045	0.0381828017
0	0.0000068206	0.8891819448	0.1108112346
0	0.7281200610	0.0000008553	0.2718790838
0	0.0015762532	0.9950271462	0.0033966006
0	0.7487103798	0.2505879799	0.0007016404
1	0.2334907284	0.7665092714	0.0000000002
1	0.0010920457	0.9227827524	0.0761252018
1	0.1221840333	0.7028742442	0.1749417225
0	0.6461325575	0.3538674425	0.0000000000
0	0.1372181969	0.0000177246	0.8627640785
1	0.4448731414	0.4148778713	0.1402489873
0	0.0000000000	0.3963101342	0.6036898658
0	0.1620558278	0.0282988420	0.8096453302
0	0.0000907746	0.6840186819	0.3158905434
0	0.0000000484	0.0000823827	0.9999175688
0	0.8407268480	0.0375794853	0.1216936666
0	0.0000441821	0.6310022353	0.3689535826
0	0.8108790102	0.0696365023	0.1194844874
2	0.9999950567	0.0000049433	0.0000000000
0	0.0000560517	0.0011045203	0.9988394280
0	0.9999035049	0.0000964377	0.0000000574
0	0.2505366952	0.7457813306	0.0036819742
1	0.4555192759	0.5434242809	0.0010564433
0	0.0751833681	0.8901757563	0.0346408756
0	0.8079564953	0.1914228380	0.0006206667
0	0.3958237056	0.5960561649	0.0081201295
1	0.9747545727	0.0247928718	0.0004525555
1	0.2491592368	0.7508407539	0.0000000093
0	0.0228311264	0.0966464582	0.8805224154
0	0.3569800784	0.6296792730	0.0133406486
0	0.1224294433	0.8347142235	0.0428563332
0	0.4331313085	0.5650073421	0.0018613494
0	0.0051119982	0.9023053470	0.0925826548
0	0.0177099858	0.7362557056	0.2460343086
0	0.0036772195	0.9082855058	0.0880372748
0	0.0906106252	0.4169473989	0.4924419759
0	0.9665557041	0.0214143582	0.0120299377
0	0.6898487936	0.2003425085	0.1098086979
0	0.0000205129	0.7216719859	0.2783075011
0	0.1423606691	0.0649361883	0.7927031426
1	0.2874982639	0.7121406989	0.0003610371
0	0.5196330479	0.4803669521	0.0000000000
1	0.6135428214	0.3552465044	0.0312106741
0	0.0004711381	0.8794173219	0.1201115400
0	0.3519387162	0.6463884593	0.0016728245
0	0.8149172171	0.1125566274	0.0725261555
0	0.0000027676	0.9455434560	0.0544537764
0	0.0536430635	0.7036388409	0.2427180955
0	0.1829367420	0.3310844580	0.4859788000
0	0.3148659510	0.2500432761	0.4350907729
1	0.0856864783	0.9143135217	0.0000000000
0	0.0612634647	0.4905713215	0.4481652138
1	0.7644993132	0.2336649873	0.0018356995
0	0.5011151204	0.4950673707	0.0038175089
0	0.0062130221	0.0000078151	0.9937791628
1	0.6155010394	0.0267481410	0.3577508197
0	0.0901085551	0.3398614037	0.5700300412
0	0.6269244040	0.3708727782	0.0022028178
0	0.0000000598	0.9983955648	0.0016043754
0	0.9967796577	0.0000000939	0.0032202484
0	0.9184155409	0.0001753607	0.0814090983
0	0.0356617908	0.2258400784	0.7384981308
1	0.5759292685	0.4035713601	0.0204993714
0	0.0000266804	0.8022814116	0.1976919080
1	0.9167928523	0.0083466079	0.0748605398
0	0.1688488924	0.4326610418	0.3984900658
0	0.0000002605	0.0011459207	0.9988538188
0	0.2429393428	0.3987438404	0.3583168168
0	0.1272243356	0.8727601391	0.0000155253
0	0.0008836598	0.0694168934	0.9296994468
0	0.7961111795	0.0002295879	0.2036592326
0	0.0498000884	0.3920251883	0.5581747233
0	0.0009546820	0.9909347334	0.0081105846
0	0.0040219359	0.0341712148	0.9618068493
1	0.0906899211	0.8251451136	0.0841649654
0	0.1395515007	0.8604407554	0.0000077440
0	0.0782877375	0.3237594302	0.5979528324
0	0.0954410412	0.5095470918	0.3950118669
0	0.5808857706	0.4053279957	0.0137862337
0	0.1774273061	0.8225478877	0.0000248063
0	0.3956814949	0.0045415293	0.5997769758
0	0.0002539894	0.0028562741	0.9968897366
0	0.0817811703	0.4121278062	0.5060910236
0	0.0258807908	0.0139671801	0.9601520291
0	0.0413041179	0.9542045573	0.0044913248
0	0.2046311103	0.7895093126	0.0058595770
1	0.0002068787	0.9939768246	0.0058162967
0	0.0781255258	0.8514809216	0.0703935526
0	0.9994477436	0.0000000000	0.0005522564
0	0.6411653845	0.0015437900	0.3572908254
1	0.7985804146	0.0000088110	0.2014107744
0	0.1865233537	0.2792909746	0.5341856717
0	0.0000000001	0.9032846830	0.0967153169
1	0.1369501581	0.8630494415	0.0000004004
0	0.9584273918	0.0232422871	0.0183303211
0	0.1198616657	0.7625550854	0.1175832489
0	0.0734827290	0.9255126806	0.0010045904
0	0.2160684770	0.7839044547	0.0000270683
0	0.0756564716	0.8631547752	0.0611887532
0	0.0027783720	0.9180988290	0.0791227990
0	0.0934818370	0.8596501633	0.0468679997
0	0.7089956558	0.0000010837	0.2910032604
0	0.0657007660	0.9342946795	0.0000045545
0	0.0000000000	0.7948457458	0.2051542542
0	0.3878368996	0.5448606289	0.0673024715
1	0.2765960543	0.6321362242	0.0912677215
1	0.5493351969	0.4506648031	0.0000000000
0	0.5232078743	0.0057085963	0.4710835294
0	0.0977930657	0.9002740105	0.0019329237
0	0.0439295849	0.3841416648	0.5719287503
0	0.6349625147	0.1824758599	0.1825616254
0	0.9432424095	0.0567575903	0.0000000003
1	0.9739051909	0.0010670220	0.0250277871
0	0.0003690009	0.0253637854	0.9742672137
0	0.0024358296	0.9804703459	0.0170938245
0	0.3762182853	0.6233805958	0.0004011188
0	0.9457196427	0.0448912636	0.0093890937
0	0.8290942778	0.1527243542	0.0181813680
0	0.4721024691	0.2723446302	0.2555529007
0	0.0192993179	0.7308063075	0.2498943747
0	0.7669100889	0.2330896404	0.0000002707
0	0.0000809821	0.9999190179	0.0000000000
1	0.0143314789	0.9856430181	0.0000255030
1	0.4799153712	0.0667716412	0.4533129876
0	0.0099139881	0.3598476358	0.6302383761
0	0.9379284934	0.0000000023	0.0620715043
0	0.8782028942	0.1217970988	0.0000000070
0	0.1891426552	0.2744440363	0.5364133085
1	0.0002018157	0.9806595002	0.0191386841
0	0.9999963024	0.0000000000	0.0000036976
0	0.0000000000	0.8121469711	0.1878530289
0	0.0000226940	0.9966217115	0.0033555945
1	0.7886620408	0.2059025507	0.0054354085
0	0.0012874843	0.7503455504	0.2483669653
1	0.8445931403	0.1554068206	0.0000000391
0	0.0009425436	0.9840919915	0.0149654649
1	0.8052699146	0.0000137893	0.1947162962
0	0.2770228830	0.1811156993	0.5418614177
1	0.0924834528	0.1423909437	0.7651256035
1	0.4256643687	0.5667801318	0.0075554994
0	0.0000000000	0.9803537950	0.0196462050
0	0.0269869294	0.0149752543	0.9580378163
0	0.7484405314	0.2515594686	0.0000000000
0	0.6980074871	0.0383988645	0.2635936484
0	0.6190736774	0.0001708663	0.3807554562
0	0.7289230074	0.2709008604	0.0001761322
0	0.2326783944	0.0759244740	0.6913971316
0	0.4417739003	0.2843693659	0.2738567338
0	0.5351883777	0.2828816455	0.1819299768
0	0.4845237368	0.0001020908	0.5153741725
0	0.0008806914	0.5411212095	0.4579980992
1	0.7869193138	0.2130783884	0.0000022978
1	0.9524213017	0.0475786980	0.0000000003
1	0.2839436079	0.7097195840	0.0063368081
1	0.0804040000	0.0006066345	0.9189893656
0	0.0098341781	0.1364994178	0.8536664040
1	0.7929248502	0.0177140318	0.1893611180
1	0.9976107168	0.0023892832	0.0000000000
0	0.2399562660	0.7600328194	0.0000109146
1	0.0000000003	0.9989001455	0.0010998541
0	0.1761588841	0.1097527296	0.7140883864
0	0.1427929821	0.6443009555	0.2129060624
0	0.0611777052	0.0000000129	0.9388222819
0	0.0000000000	0.1261514794	0.8738485206
0	0.0094585006	0.9542536709	0.0362878285
0	0.0065344866	0.9934586842	0.0000068292
0	0.8684835568	0.1233580380	0.0081584052
0	0.5894472654	0.3271020775	0.0834506570
0	0.0876575529	0.7900636413	0.1222788058
1	0.8633309738	0.0000003592	0.1366686670
1	0.9951092528	0.0015586604	0.0033320868
0	0.0180408994	0.8635993913	0.1183597093
0	0.4299301650	0.5700698350	0.0000000000
0	0.2984517347	0.7015482651	0.0000000003
1	0.8962625547	0.0860215532	0.0177158922
0	0.0000134407	0.3302583824	0.6697281769
0	0.5301576915	0.4267617499	0.0430805587
1	0.0000000000	0.9937624084	0.0062375916
0	0.0465093906	0.3293223336	0.6241682758
0	0.8168181335	0.1825055614	0.0006763051
0	0.9869110362	0.0118446578	0.0012443061
0	0.1233081921	0.8703435518	0.0063482561
0	0.3127223701	0.6872776299	0.0000000000
0	0.0608329767	0.2594583771	0.6797086462
0	0.2937821439	0.7062170572	0.0000007989
0	0.4369193911	0.4964066452	0.0666739637
1	0.0100772219	0.7890900092	0.2008327689
0	0.9511384363	0.0479810507	0.0008805130
0	0.5262987880	0.4712409228	0.0024602893
0	0.7540852647	0.2423943381	0.0035203972
1	0.3607579675	0.6392293754	0.0000126571
0	0.6050919500	0.0036531253	0.3912549247
0	0.7256722715	0.2182080257	0.0561197028
0	0.0959556989	0.9038859917	0.0001583094
0	0.0002315628	0.9907067433	0.0090616938
1	0.0000163170	0.8874754174	0.1125082656
1	0.0395204218	0.9604199154	0.0000596628
0	0.3382531727	0.6541459631	0.0076008642
0	0.0470594434	0.8780912443	0.0748493124
0	0.3865997745	0.0713420261	0.5420581994
0	0.2058758728	0.1414772735	0.6526468537
0	0.1384038058	0.8445817965	0.0170143977
0	0.9214325939	0.0002837210	0.0782836851
0	0.1411042734	0.0973321216	0.7615636050
0	0.6166955792	0.3333213099	0.0499831108
0	0.4950255280	0.3686665410	0.1363079310
0	0.0019669506	0.0104545257	0.9875785237
0	0.6811774328	0.3179599116	0.0008626555
0	0.1139616667	0.8857923104	0.0002460229
0	0.9845487981	0.0154512013	0.0000000006
0	0.0357507297	0.2186001542	0.7456491161
0	0.0699084496	0.7452049337	0.1848866167
0	0.0191945782	0.0709110386	0.9098943832
0	0.5501646232	0.4489706174	0.0008647593
2	1.0000000000	0.0000000000	0.0000000000
1	0.8528923053	0.0801605420	0.0669471527
0	0.8238238006	0.0002374766	0.1759387227
0	0.5365531197	0.0198700658	0.4435768145
0	0.1287271207	0.7760462245	0.0952266548
1	0.8292251431	0.1707748084	0.0000000484
0	0.1601001577	0.0000000000	0.8398998423
0	0.0301261720	0.9698734635	0.0000003646
0	0.0000000019	0.4700949614	0.5299050366
1	0.0450366993	0.9481359102	0.0068273905
0	0.6245128071	0.3501383983	0.0253487946
0	0.0007241245	0.9992739026	0.0000019730
1	0.3656418410	0.6318521302	0.0025060288
0	0.9589645536	0.0000056379	0.0410298085
0	0.8162894962	0.0278103626	0.1559001412
0	0.0997941601	0.0114858615	0.8887199784
1	0.6752619741	0.0014979657	0.3232400602
0	0.3940827268	0.0165501767	0.5893670965
0	0.4185783116	0.5797880702	0.0016336182
1	0.9630312595	0.0369687090	0.0000000316
0	0.0000000000	0.0165107924	0.9834892076
0	0.0661318029	0.0295926362	0.9042755610
0	0.8781875882	0.0646610291	0.0571513827
0	0.0676122529	0.8909449645	0.0414427827
1	0.0756147291	0.7575869407	0.1667983302
0	0.7827902631	0.2042284888	0.0129812480
1	0.0986451599	0.0663221417	0.8350326984
0	0.5949159158	0.2394346599	0.1656494242
1	0.7254497694	0.0230505453	0.2514996853
0	0.3216356938	0.6779509550	0.0004133513
0	0.0841578926	0.9083816581	0.0074604492
0	0.2113679765	0.7816675100	0.0069645135
0	0.0154068334	0.7354548606	0.2491383061
0	0.6065265113	0.0824892512	0.3109842375
0	0.0661566365	0.6335765110	0.3002668525
1	0.9998434151	0.0001565849	0.0000000000
0	0.0375147794	0.3134793478	0.6490058728
0	0.6547876650	0.0793319148	0.2658804202
0	0.0251073862	0.0116908231	0.9632017907
0	0.9225464399	0.0461044677	0.0313490923
0	0.7931741065	0.0197688688	0.1870570246
0	0.0029195362	0.2291957470	0.7678847168
1	0.2221358798	0.2814277044	0.4964364158
0	0.8155204066	0.1832306441	0.0012489492
0	0.2003303667	0.1036715961	0.6959980372
1	0.8857790635	0.0932956249	0.0209253116
1	0.1477153131	0.0046382933	0.8476463936
0	0.0067263999	0.9766905468	0.0165830533
0	0.6237949585	0.3761365041	0.0000685374
0	0.2906962024	0.4149901257	0.2943136719
0	0.4072673507	0.0000064143	0.5927262350
0	0.1287569343	0.6215633990	0.2496796667
0	0.2426382429	0.3709168854	0.3864448717
0	0.4774887959	0.5199558421	0.0025553621
0	0.3621837287	0.5688137291	0.0690025422
0	0.0985945985	0.0171884840	0.8842169175
0	0.5784423958	0.3913948867	0.0301627175
0	0.5361079490	0.3745388315	0.0893532195
0	0.0755761432	0.1004768093	0.8239470476
0	0.0000000000	0.5734360605	0.4265639395
0	0.0871422020	0.9122498806	0.0006079174
0	0.0289972527	0.9003661291	0.0706366181
0	0.4989273676	0.4338634003	0.0672092321
0	0.6065762537	0.3814224034	0.0120013429
0	0.6827942662	0.1831742520	0.1340314818
0	0.5005098408	0.4148325788	0.0846575804
0	0.0000008301	0.1135406904	0.8864584794
0	0.6702611039	0.3271757090	0.0025631871
0	0.9846556924	0.0038592784	0.0114850292
0	0.0231904264	0.0017211024	0.9750884712
1	0.1757476496	0.2991476236	0.5251047268
1	0.1893789798	0.0747032003	0.7359178200
0	0.7186626548	0.1956479951	0.0856893501
0	0.0000019598	0.6427547205	0.3572433196
1	0.0787674528	0.0680280414	0.8532045058
0	0.0648718582	0.0323760741	0.9027520676
0	0.5850849167	0.4146482690	0.0002668143
0	0.0011243213	0.8738710629	0.1250046159
0	0.0000000007	0.7873582889	0.2126417104
1	0.9153646535	0.0846353465	0.0000000000
0	0.9464391271	0.0535608729	0.0000000000
0	0.0432134135	0.9567865865	0.0000000001
0	0.0115877692	0.9187644361	0.0696477947
