0	0.3695540069	0.3292743747	0.3011716184
0	0.0169305232	0.3650747858	0.6179946910
0	0.0099343785	0.1595257530	0.8305398685
0	0.0046405169	0.0908706021	0.9044888810
0	0.2990601720	0.6990400184	0.0018998096
0	0.7727379487	0.1171109980	0.1101510533
0	0.0002183401	0.0306104368	0.9691712231
1	0.0062938054	0.0000308638	0.9936753308
0	0.9518019753	0.0348662256	0.0133317991
1	0.3742497290	0.0181856607	0.6075646103
0	0.1708440431	0.2735335283	0.5556224286
0	0.6848820498	0.2049077878	0.1102101625
0	0.2448499911	0.0000000000	0.7551500089
0	0.6422098148	0.0213626699	0.3364275153
0	0.8533879682	0.0000000007	0.1466120311
0	0.1309510519	0.1387463732	0.7303025749
0	0.4153363106	0.1114758609	0.4731878285
0	0.8789170640	0.1069261889	0.0141567470
0	0.8553690069	0.0453220108	0.0993089823
1	0.8887843857	0.0188762603	0.0923393539
0	0.0000000000	0.9080288938	0.0919711062
0	0.3484022621	0.1183141727	0.5332835652
0	0.0000000482	0.0920169239	0.9079830279
0	0.0001433230	0.1165623336	0.8832943435
0	0.4511507768	0.5488492232	0.0000000000
0	0.5389020615	0.2718743126	0.1892236259
0	0.0025065661	0.1697080808	0.8277853531
0	0.2083170618	0.7804307838	0.0112521544
1	0.2135789706	0.2192208896	0.5672001398
0	0.0101579868	0.9830343713	0.0068076419
0	0.0003420609	0.0000000000	0.9996579391
0	0.7279261786	0.0087040722	0.2633697492
0	0.4583159532	0.0554283723	0.4862556745
0	0.1312606617	0.4920620288	0.3766773095
1	0.0292457442	0.0029137029	0.9678405529
0	0.0123211161	0.0002566618	0.9874222222
1	0.1413974249	0.7789743965	0.0796281786
1	0.0010494066	0.0043559777	0.9945946156
0	0.0005529928	0.1642483929	0.8351986143
0	0.0148365060	0.0083722472	0.9767912468
2	0.3059730062	0.0000000021	0.6940269917
0	0.0189045070	0.0101911768	0.9709043162
0	0.0088345039	0.0739331162	0.9172323799
1	0.9231412573	0.0017685825	0.0750901602
0	0.0117935531	0.9180398774	0.0701665696
0	0.7555063050	0.0361276055	0.2083660895
0	0.3880891413	0.4721081991	0.1398026596
0	0.0761285818	0.5029616453	0.4209097729
0	0.0809661622	0.0079415820	0.9110922559
0	0.8436174883	0.1248729248	0.0315095869
0	0.8190539590	0.1809268794	0.0000191616
0	0.1342436665	0.7734306845	0.0923256489
0	0.0972797088	0.7397748333	0.1629454579
0	0.3558276758	0.0506080266	0.5935642976
0	0.5002323662	0.4969838179	0.0027838159
1	0.9730250032	0.0000038431	0.0269711537
0	0.7168561404	0.2831412047	0.0000026549
0	0.6925984825	0.2705217172	0.0368798003
0	0.0372596666	0.8822630930	0.0804772404
0	0.1732778193	0.2086832777	0.6180389030
0	0.2146744795	0.0795403031	0.7057852173
0	0.0116641469	0.7021010508	0.2862348022
0	0.0068000350	0.9494030219	0.0437969431
1	0.8653731433	0.0784193925	0.0562074641
0	0.0096821350	0.0000002291	0.9903176359
0	0.1763652072	0.1515364308	0.6720983619
1	0.9114837899	0.0695119794	0.0190042306
0	0.0003867841	0.6712511286	0.3283620873
0	0.4806489142	0.4193673045	0.0999837813
0	0.0022596253	0.1338155557	0.8639248189
0	0.8114177545	0.0000000000	0.1885822455
0	0.2734771586	0.0244368917	0.7020859497
0	0.4113455376	0.5768281123	0.0118263501
0	0.0044866522	0.0229148987	0.9725984491
0	0.0000000041	0.0165124032	0.9834875927
1	0.8668553375	0.0000000000	0.1331446625
0	0.2471801297	0.7518672974	0.0009525729
1	0.3161590713	0.0099054405	0.6739354882
0	0.0822210290	0.0583678845	0.8594110864
0	0.0000000780	0.9931079756	0.0068919464
0	0.8057606131	0.0093558585	0.1848835283
1	0.3183559952	0.6643379834	0.0173060215
0	0.0386914837	0.3822729937	0.5790355226
0	0.0615988705	0.1365265119	0.8018746177
0	0.4684601755	0.0000000000	0.5315398245
0	0.0112620979	0.0003625332	0.9883753689
0	0.0112001096	0.8536370003	0.1351628900
1	0.6901106338	0.2730355557	0.0368538106
1	0.4540514362	0.0000000000	0.5459485638
0	0.2277408598	0.7643337222	0.0079254179
0	0.4822799858	0.0338805559	0.4838394582
0	0.1169377856	0.0167190743	0.8663431401
0	0.5666167888	0.2375561600	0.1958270511
0	0.3143293821	0.2007442030	0.4849264149
0	0.0410311145	0.0755315884	0.8834372971
0	0.2317140572	0.6907367961	0.0775491467
0	0.4340958564	0.2268042861	0.3390998575
1	0.2721726956	0.0000250872	0.7278022171
0	0.8272914720	0.1726181692	0.0000903588
0	0.0000014892	0.2694450224	0.7305534883
0	0.2898596457	0.3307389452	0.3794014091
0	0.2642910753	0.5972222486	0.1384866762
0	0.7908381500	0.1974698201	0.0116920300
1	0.8942333996	0.0858821693	0.0198844311
0	0.9872867355	0.0009649373	0.0117483272
0	0.5056812626	0.0193859868	0.4749327506
0	0.5092199645	0.2257999318	0.2649801037
0	0.8162744120	0.0000000000	0.1837255880
0	0.0176688883	0.0928669364	0.8894641752
0	0.8891345166	0.0664882246	0.0443772587
1	0.0387830462	0.4535003191	0.5077166348
0	0.7281740099	0.1348042401	0.1370217500
1	0.2486464659	0.1049717428	0.6463817912
0	0.7502456609	0.0000000000	0.2497543391
0	0.3950020727	0.0001664906	0.6048314367
0	0.1637833643	0.7550855265	0.0811311092
0	0.9097314619	0.0900703820	0.0001981561
0	0.9041686157	0.0000278316	0.0958035527
1	0.0239489344	0.0023238005	0.9737272651
0	0.0001399827	0.0000401211	0.9998198963
0	0.1178578064	0.0260454180	0.8560967756
0	0.2550066784	0.7449933216	0.0000000000
0	0.7119853183	0.0031055527	0.2849091290
1	0.0450933520	0.8640505449	0.0908561030
0	0.2253367135	0.0055080140	0.7691552725
0	0.0271772164	0.0000000108	0.9728227728
1	0.0620306951	0.0130034701	0.9249658348
2	0.1286472526	0.1056902086	0.7656625388
0	0.2356293940	0.0000000000	0.7643706060
0	0.0040913160	0.0576475307	0.9382611534
0	0.0090338105	0.1349859737	0.8559802158
0	0.7618298824	0.0044411909	0.2337289267
0	0.0000000248	0.4948841372	0.5051158381
0	0.5690645391	0.1412227139	0.2897127470
0	0.0025517137	0.0016178921	0.9958303942
1	0.5609865319	0.1693915707	0.2696218974
0	0.7982774847	0.1990997790	0.0026227364
0	0.6834350627	0.1347896444	0.1817752930
1	0.2460248611	0.0002553856	0.7537197533
0	0.3849023889	0.0157857927	0.5993118184
2	0.5947715034	0.0207428109	0.3844856857
0	0.0320530531	0.1287960810	0.8391508659
0	0.7068137172	0.0017232788	0.2914630040
0	0.5086172649	0.0003335198	0.4910492153
0	0.1443720568	0.0111070747	0.8445208685
0	0.7894064596	0.1890267691	0.0215667713
0	0.1134600539	0.2543369377	0.6322030084
1	0.1273842999	0.1003076767	0.7723080234
0	0.6841498637	0.0944595007	0.2213906356
0	0.0000495400	0.9891659990	0.0107844610
1	0.3862425451	0.0258246482	0.5879328067
0	0.0000009062	0.9993237251	0.0006753687
0	0.4722864787	0.0000000000	0.5277135213
0	0.0394551136	0.4113983892	0.5491464972
0	0.1217389054	0.1165918380	0.7616692566
0	0.0074425615	0.0000000000	0.9925574385
0	0.1658908140	0.8235088279	0.0106003582
0	0.6673284442	0.2553920503	0.0772795056
0	0.0575151909	0.9167628151	0.0257219940
1	0.9146547482	0.0000047446	0.0853405072
1	0.2389039020	0.4335651201	0.3275309779
0	0.9544754563	0.0252242079	0.0203003358
0	0.7107536078	0.1349459208	0.1543004714
0	0.0001282458	0.0826581467	0.9172136074
0	0.3363360517	0.6046152857	0.0590486626
0	0.0114173728	0.8051023830	0.1834802442
0	0.3158211265	0.1429176475	0.5412612260
0	0.0581691831	0.3030527951	0.6387780218
0	0.7061938252	0.0346951207	0.2591110542
0	0.1871077233	0.8030819275	0.0098103492
1	0.0131306289	0.0033687921	0.9835005790
0	0.3027511407	0.0420194342	0.6552294251
1	0.9113673696	0.0151113343	0.0735212961
0	0.0119160432	0.1761453870	0.8119385698
1	0.1531805916	0.4679008225	0.3789185859
0	0.1306623141	0.8073504900	0.0619871959
0	0.0016798635	0.0530283930	0.9452917435
1	0.2995655542	0.0056725722	0.6947618736
0	0.0000249092	0.0000072906	0.9999678001
0	0.0559341077	0.9356607621	0.0084051302
0	0.0000043358	0.6307762072	0.3692194570
0	0.3508133102	0.2443198428	0.4048668470
1	0.7328392828	0.2386085986	0.0285521186
1	0.0150738504	0.2630915021	0.7218346475
1	0.9496479867	0.0324819560	0.0178700572
0	0.2561881659	0.3834653275	0.3603465066
0	0.0131310644	0.8307427895	0.1561261461
0	0.0339594237	0.1623886413	0.8036519350
0	0.6778354419	0.2888594435	0.0333051146
0	0.0993304754	0.4098969387	0.4907725859
0	0.9294913461	0.0625469930	0.0079616609
0	0.4482959453	0.0005453144	0.5511587404
0	0.5862946958	0.3028903109	0.1108149932
0	0.7951188138	0.1989195707	0.0059616155
0	0.0376592112	0.1444968759	0.8178439129
0	0.6880585689	0.0038498675	0.3080915636
0	0.9112169498	0.0830640914	0.0057189587
0	0.0545318983	0.1857903541	0.7596777476
0	0.0688229963	0.6935604497	0.2376165540
0	0.2796101366	0.0182795180	0.7021103454
0	0.3469928826	0.0000000000	0.6530071174
1	0.2785220181	0.5032751759	0.2182028060
0	0.0032927698	0.0001160911	0.9965911391
0	0.6072531807	0.3782016008	0.0145452185
0	0.0108240449	0.0000193240	0.9891566311
0	0.0000029755	0.3192609513	0.6807360732
0	0.0319808499	0.4872392844	0.4807798657
0	0.1014341293	0.6285245272	0.2700413435
1	0.2550363586	0.0483317085	0.6966319328
1	0.8647137402	0.0280751474	0.1072111124
1	0.9241837274	0.0004510226	0.0753652499
0	0.0387062413	0.9610323263	0.0002614325
0	0.1176652996	0.7807559152	0.1015787853
0	0.7137701098	0.0068249085	0.2794049817
0	0.2941177207	0.0000439069	0.7058383724
1	0.5763813273	0.0001233667	0.4234953059
0	0.0009097857	0.7252422257	0.2738479886
1	0.4899772628	0.0038388759	0.5061838613
0	0.0020881204	0.6769196940	0.3209921856
2	0.0009511659	0.1176855305	0.8813633036
0	0.0141611806	0.5579223134	0.4279165060
0	0.8820890680	0.0501258045	0.0677851275
0	0.9513751050	0.0000599469	0.0485649481
0	0.1237143461	0.0755196696	0.8007659843
0	0.2599670816	0.3035840813	0.4364488370
1	0.7764235616	0.1027291258	0.1208473126
0	0.7539348896	0.0000015966	0.2460635138
1	0.8638209683	0.1281432418	0.0080357899
0	0.8848990749	0.0714107918	0.0436901333
0	0.1839107425	0.0913145050	0.7247747525
0	0.0302179903	0.1844956434	0.7852863663
1	0.6176136966	0.0445514132	0.3378348902
0	0.3653768128	0.0004092921	0.6342138951
0	0.1820113491	0.3106438416	0.5073448093
1	0.3984158364	0.0007142470	0.6008699166
0	0.2589551140	0.0738752742	0.6671696118
1	0.8823023752	0.0486945743	0.0690030505
0	0.5724672417	0.0208491545	0.4066836039
0	0.3629400633	0.2318575959	0.4052023408
0	0.3203729076	0.6796152252	0.0000118672
0	0.5753915818	0.3211895772	0.1034188411
0	0.4897806550	0.3130294107	0.1971899343
0	0.9999997050	0.0000000000	0.0000002950
0	0.0010657091	0.1184587004	0.8804755906
0	0.1049349676	0.0000000559	0.8950649765
0	0.4195926718	0.0587548109	0.5216525173
0	0.7280247954	0.1909577096	0.0810174950
0	0.8808274147	0.0618015094	0.0573710759
0	0.0841996008	0.0262003978	0.8896000014
0	0.1668613724	0.7824249906	0.0507136370
0	0.9866804977	0.0000005505	0.0133189518
0	0.0695829819	0.7111109654	0.2193060527
0	0.0512341109	0.8356960669	0.1130698222
0	0.5974482163	0.1629512740	0.2396005097
0	0.4419926535	0.0004406825	0.5575666640
2	0.0812731851	0.1015804894	0.8171463255
1	0.2482581980	0.3235133423	0.4282284597
0	0.0002092639	0.0000563959	0.9997343402
1	0.5922510318	0.3761889129	0.0315600553
0	0.2840347931	0.7159652069	0.0000000000
0	0.0097005518	0.0000928392	0.9902066091
1	0.0377539937	0.2972789462	0.6649670601
0	0.7547299765	0.2039599259	0.0413100976
0	0.6860943230	0.2036634425	0.1102422345
1	0.0006309294	0.0967618823	0.9026071882
0	0.0543889171	0.0793898662	0.8662212167
0	0.4112059610	0.0686049160	0.5201891230
0	0.7659346503	0.2165041188	0.0175612308
2	0.2301606071	0.7113919765	0.0584474165
0	0.2727935372	0.2717954419	0.4554110209
0	0.0130141064	0.3763366398	0.6106492538
0	0.2916206959	0.6719337279	0.0364455762
1	0.0361891351	0.0000000009	0.9638108640
0	0.0630339402	0.8700800566	0.0668860031
0	0.4951634646	0.1625472896	0.3422892458
0	0.4377302203	0.4241177390	0.1381520408
1	0.3273845805	0.0005198547	0.6720955648
1	0.8822187266	0.0482018169	0.0695794566
0	0.3372276953	0.1334431079	0.5293291968
1	0.1065435201	0.0184116686	0.8750448113
0	0.0388766466	0.0000000000	0.9611233534
0	0.1729003858	0.5759675100	0.2511321042
0	0.7532193374	0.0000000000	0.2467806626
0	0.2590982394	0.1720582755	0.5688434852
1	0.8802935445	0.1157659647	0.0039404907
0	0.2336716973	0.6014686098	0.1648596929
0	0.2536755742	0.3652669910	0.3810574347
1	0.6494910223	0.1019440977	0.2485648800
0	0.0005183235	0.0000069228	0.9994747537
0	0.2338608669	0.0001383053	0.7660008278
1	0.4363091324	0.0879038716	0.4757869960
0	0.0064447111	0.0000467638	0.9935085251
0	0.0041027431	0.8004078912	0.1954893657
0	0.4787793835	0.2303821502	0.2908384664
1	0.9623797517	0.0000029423	0.0376173060
0	0.0063350234	0.6721931113	0.3214718653
0	0.4996158961	0.2469257010	0.2534584029
1	0.8292867066	0.0678209886	0.1028923048
0	0.0003245450	0.7134690121	0.2862064430
0	0.0913626140	0.5837810020	0.3248563840
0	0.3759911936	0.2993369797	0.3246718267
0	0.6639129087	0.3360829497	0.0000041416
0	0.4409265540	0.4757766791	0.0832967669
0	0.9998835633	0.0001017869	0.0000146498
0	0.0000002881	0.0042739007	0.9957258112
0	0.2763570456	0.2540085813	0.4696343731
1	0.0664598058	0.4234736400	0.5100665542
0	0.6182679428	0.0832483403	0.2984837169
0	0.2492856452	0.7389981122	0.0117162426
1	0.3778404749	0.5332876875	0.0888718376
1	0.2310212966	0.0000558259	0.7689228775
0	0.8531804432	0.1359997450	0.0108198118
1	0.9477480951	0.0165178209	0.0357340840
0	0.4276552475	0.3297195981	0.2426251543
0	0.0501720236	0.8901955359	0.0596324405
0	0.0117107333	0.0331839652	0.9551053015
0	0.2698737779	0.0543103398	0.6758158823
0	0.0636387921	0.2686377707	0.6677234372
1	0.0322408237	0.0029312207	0.9648279556
0	0.4547757431	0.5080712250	0.0371530319
0	0.2186956461	0.7795548383	0.0017495156
0	0.2410152657	0.6900729552	0.0689117791
1	0.0481153984	0.0000172660	0.9518673356
0	0.5385840494	0.4191045238	0.0423114268
0	0.0000000000	0.3441466277	0.6558533723
0	0.7672475766	0.2229192569	0.0098331665
1	0.0930166559	0.0007205568	0.9062627873
1	0.9794214101	0.0135772631	0.0070013268
0	0.3757625599	0.3219567268	0.3022807132
0	0.8182120587	0.0000153849	0.1817725564
0	0.0363524515	0.0642810198	0.8993665287
1	0.0219417054	0.1676396275	0.8104186671
0	0.4459278238	0.0000000000	0.5540721762
0	0.0664972356	0.7891056480	0.1443971164
0	0.0012474964	0.7132614129	0.2854910907
0	0.4071967242	0.0031692466	0.5896340292
0	0.5523454010	0.0019077121	0.4457468869
0	0.4867036263	0.0001365805	0.5131597933
0	0.1339950854	0.0484848351	0.8175200795
0	0.0062257561	0.0093780838	0.9843961601
0	0.8154123490	0.0028701588	0.1817174922
1	0.1933745203	0.0099258262	0.7966996535
1	0.5646289288	0.0007024424	0.4346686288
0	0.3373883997	0.6622074552	0.0004041452
1	0.7155508779	0.1501009792	0.1343481429
0	0.7132796360	0.2837532444	0.0029671196
0	0.3787593265	0.3230608656	0.2981798079
0	0.6318237927	0.3420140262	0.0261621811
0	0.0607380971	0.2639101146	0.6753517883
0	0.9736110280	0.0143466547	0.0120423173
0	0.1308428346	0.5769315693	0.2922255961
0	0.6790416871	0.3209192549	0.0000390581
0	0.0060750610	0.9927586069	0.0011663321
0	0.3586262873	0.1878061178	0.4535675949
0	0.0981285491	0.0096202634	0.8922511875
2	0.0529046346	0.0213617149	0.9257336505
1	0.8853743168	0.0090449302	0.1055807529
1	0.0092227311	0.0000007680	0.9907765009
0	0.3591689466	0.3868548377	0.2539762157
0	0.5966293570	0.0010432929	0.4023273500
0	0.0149870099	0.9850064146	0.0000065754
0	0.3345685067	0.0134511587	0.6519803346
0	0.4347400338	0.5466497954	0.0186101708
0	0.2479740534	0.7443464936	0.0076794530
0	0.0003131610	0.9962027590	0.0034840800
0	0.3928616867	0.1376555458	0.4694827676
1	0.9465303844	0.0000000000	0.0534696156
0	0.3488890256	0.1681824206	0.4829285538
0	0.3806277889	0.0000507838	0.6193214273
0	0.0000000001	0.7031558780	0.2968441219
2	0.2232844157	0.0528582732	0.7238573112
0	0.7905375293	0.0095143165	0.1999481542
0	0.6536288321	0.2731718126	0.0731993553
0	0.9972997122	0.0024826247	0.0002176631
0	0.0980616505	0.2283590481	0.6735793014
1	0.0561914460	0.4916762840	0.4521322700
0	0.2756475502	0.4732001472	0.2511523026
0	0.0029468557	0.0767090022	0.9203441422
0	0.7249233994	0.2706962250	0.0043803756
0	0.0191204326	0.9532770545	0.0276025129
0	0.6081262006	0.3197481191	0.0721256804
0	0.0126470442	0.9241027712	0.0632501846
0	0.8355240663	0.1243250008	0.0401509329
0	0.6237931056	0.0000034089	0.3762034855
0	0.0001182557	0.2306755600	0.7692061843
0	0.6731422805	0.1468114816	0.1800462379
0	0.5374568922	0.0000001517	0.4625429561
0	0.3860953806	0.4240902817	0.1898143378
0	0.2124583801	0.7875416199	0.0000000000
0	0.5262111260	0.1720056848	0.3017831892
1	0.4432506520	0.0019047874	0.5548445607
0	0.0000441230	0.0739862137	0.9259696633
0	0.0087334436	0.9658792510	0.0253873054
0	0.9609090226	0.0001655320	0.0389254453
0	0.1414534138	0.3139436505	0.5446029357
0	0.2721775130	0.1834199488	0.5444025382
0	0.3792679666	0.4235168636	0.1972151697
0	0.0749887562	0.5843649368	0.3406463070
0	0.0000164347	0.0000000000	0.9999835653
0	0.6620642472	0.0286932598	0.3092424930
0	0.0669876995	0.0120879456	0.9209243550
0	0.3863539663	0.0921721761	0.5214738575
0	0.2917495088	0.3811376295	0.3271128617
0	0.0712512166	0.7175998226	0.2111489608
0	0.9554212641	0.0140709719	0.0305077640
0	0.0132873440	0.0150453030	0.9716673530
0	0.2821563470	0.2236050034	0.4942386496
0	0.9940758486	0.0059241508	0.0000000006
0	0.0901349981	0.0000215941	0.9098434078
0	0.3565561521	0.2894817195	0.3539621284
1	0.3869650414	0.0182777944	0.5947571642
0	0.7565990578	0.2344264272	0.0089745150
1	0.3825503391	0.2087684198	0.4086812410
0	0.5401073008	0.4330177255	0.0268749737
0	0.0000000292	0.7502095363	0.2497904345
0	0.6817697399	0.2693290637	0.0489011964
0	0.7801101206	0.2198898668	0.0000000126
0	0.5977524705	0.3607451546	0.0415023749
1	0.8532127276	0.1122529320	0.0345343404
1	0.0940143381	0.0017631057	0.9042225562
0	0.0000000142	0.0149589343	0.9850410515
0	0.6129967483	0.3323916395	0.0546116122
0	0.0357160233	0.0674614508	0.8968225260
0	0.7357744872	0.1050616921	0.1591638207
1	0.7694938965	0.1730722302	0.0574338732
0	0.1262231178	0.0000000167	0.8737768655
0	0.0000022595	0.0116821891	0.9883155514
0	0.2868332371	0.3668612562	0.3463055067
0	0.2307411437	0.4595895273	0.3096693290
0	0.0000000000	0.0000000000	1.0000000000
1	0.9147990491	0.0219263618	0.0632745892
0	0.0768278963	0.6549371906	0.2682349131
0	0.5876624633	0.0001626655	0.4121748712
0	0.2014843982	0.7985151725	0.0000004292
1	0.0643404144	0.0081335237	0.9275260619
0	0.5917516576	0.2307537949	0.1774945475
0	0.5711479802	0.0091527653	0.4196992545
0	0.9939148727	0.0044228783	0.0016622489
0	0.6244234197	0.2344904433	0.1410861370
0	0.8416136561	0.1372636915	0.0211226524
0	0.2430172439	0.3813023923	0.3756803638
0	0.9361072936	0.0594695232	0.0044231832
1	0.0230441559	0.0069448083	0.9700110358
0	0.3803067442	0.6158369718	0.0038562840
0	0.0000212215	0.8323858965	0.1675928820
0	0.1955882654	0.2465027918	0.5579089428
1	0.9595833466	0.0153123897	0.0251042637
0	0.8981307708	0.0042474302	0.0976217990
0	0.1111605503	0.0037018202	0.8851376295
0	0.8044169785	0.0239989288	0.1715840927
0	0.0513067330	0.0000000532	0.9486932138
1	0.1638662980	0.2831497728	0.5529839292
1	0.2438806582	0.0102240055	0.7458953364
0	0.2353838919	0.0197450293	0.7448710789
0	0.9545915321	0.0291431405	0.0162653274
0	0.0451189806	0.1473837976	0.8074972218
0	0.0329858225	0.6524188243	0.3145953531
1	0.0188973599	0.9800245956	0.0010780445
1	0.0000001081	0.0424422885	0.9575576034
0	0.0870087991	0.0004001199	0.9125910811
1	0.2375745676	0.0514652773	0.7109601552
0	0.9070940861	0.0929014846	0.0000044293
0	0.2370877142	0.1046438319	0.6582684539
0	0.0000000000	0.1034439118	0.8965560882
0	0.8721890089	0.0794640682	0.0483469229
0	0.3308724205	0.0564110539	0.6127165256
0	0.9496078905	0.0023112038	0.0480809058
0	0.9855536364	0.0087031441	0.0057432195
0	0.0958348324	0.1587794445	0.7453857231
0	0.3179705865	0.6113591786	0.0706702349
0	0.7362111107	0.0027447358	0.2610441535
0	0.6159006357	0.3840993643	0.0000000000
0	0.8588445459	0.1337409115	0.0074145427
0	0.3574121378	0.3569114590	0.2856764032
1	0.8529541104	0.0000000010	0.1470458886
1	0.2760549690	0.7104170696	0.0135279614
0	0.0000000845	0.1643599845	0.8356399310
0	0.0000144888	0.9999852883	0.0000002228
0	0.0147874390	0.0000000003	0.9852125607
0	0.6133575207	0.3216788530	0.0649636263
0	0.0147103860	0.0073299751	0.9779596390
0	0.6465314803	0.3188482429	0.0346202768
0	0.8342028195	0.1404952386	0.0253019419
0	0.2693261739	0.7306614438	0.0000123823
0	0.0000001261	0.6726178844	0.3273819895
0	0.0258293699	0.9277597592	0.0464108708
0	0.0006787958	0.0000000000	0.9993212042
0	0.1366348391	0.0171594149	0.8462057460
0	0.0055180856	0.9939752103	0.0005067041
0	0.0280574984	0.1844781822	0.7874643194
0	0.4443289237	0.4914779380	0.0641931383
1	0.0805440573	0.7176980134	0.2017579292
0	0.0295626185	0.4416527146	0.5287846669
0	0.0670639660	0.4049946269	0.5279414071
1	0.5135772727	0.0011028669	0.4853198603
0	0.0090751176	0.0398031750	0.9511217074
0	0.1251321294	0.3990236977	0.4758441729
1	0.6998183160	0.0359846032	0.2641970808
1	0.5114285642	0.1365168287	0.3520546072
0	0.1113143395	0.0000001411	0.8886855194
