1	0.1494656250	0.7296732478	0.1208611272
0	0.0439524273	0.0617468756	0.8943006971
1	0.3515627716	0.3839466210	0.2644906074
0	0.7021066604	0.0748801777	0.2230131619
0	0.6729121455	0.0085304147	0.3185574398
0	0.3470995509	0.5262596623	0.1266407868
0	0.7875391045	0.0606022188	0.1518586767
1	0.1699083560	0.1635932391	0.6664984050
0	0.0187517357	0.0018695626	0.9793787017
0	0.1045271940	0.2245792893	0.6708935167
1	0.1355663716	0.1494023722	0.7150312562
0	0.8975822529	0.0281354346	0.0742823125
1	0.2112164243	0.7872938498	0.0014897258
0	0.6010844913	0.1401463456	0.2587691632
0	0.7225911502	0.2758418775	0.0015669723
0	0.0031115342	0.6288242114	0.3680642545
0	0.0171931359	0.9826089743	0.0001978898
1	0.0496198475	0.7001738171	0.2502063354
0	0.3729313915	0.3812064203	0.2458621882
0	0.2177982561	0.6650398717	0.1171618722
0	0.1526276905	0.8296794822	0.0176928273
0	0.8813622151	0.0161257442	0.1025120407
0	0.8147968531	0.0335594804	0.1516436665
0	0.0376686506	0.2832283485	0.6791030009
0	0.1372493565	0.0094835290	0.8532671146
0	0.0094296318	0.9842812675	0.0062891007
1	0.8307399672	0.0325698839	0.1366901490
1	0.0272567273	0.7304800829	0.2422631899
0	0.5766677052	0.3980337456	0.0252985491
0	0.5156652567	0.0000000000	0.4843347433
0	0.9267581601	0.0022680472	0.0709737926
1	0.0047127795	0.1944113764	0.8008758441
0	0.4823826487	0.0441560185	0.4734613328
1	0.0004343778	0.4642405160	0.5353251063
0	0.2691943884	0.6788205174	0.0519850942
0	0.8322163628	0.0968693750	0.0709142622
0	0.6889951288	0.2955136869	0.0154911843
0	0.2888507956	0.1518744426	0.5592747618
0	0.0808304097	0.3839314949	0.5352380954
0	0.1709959195	0.8072742227	0.0217298578
1	0.6652339642	0.3191302590	0.0156357769
0	0.7779643848	0.2104386463	0.0115969689
0	0.3199512347	0.6674681797	0.0125805857
0	0.4713995635	0.4762457058	0.0523547308
0	0.0975357582	0.0248595812	0.8776046606
1	0.0843507987	0.6955381018	0.2201110995
0	0.0188480642	0.9811509047	0.0000010311
0	0.6610293519	0.3381025438	0.0008681043
1	0.0837536911	0.2229457166	0.6933005924
0	0.3266159992	0.5044989300	0.1688850708
1	0.7385876489	0.1454027279	0.1160096232
1	0.0005545937	0.0001949337	0.9992504726
0	0.3122806452	0.0008859203	0.6868334345
0	0.4486184469	0.0074475943	0.5439339588
1	0.1207422554	0.0962259003	0.7830318442
1	0.9411451419	0.0222958521	0.0365590059
0	0.0032381762	0.0411505427	0.9556112811
2	0.1997606080	0.5229949315	0.2772444604
1	0.7343899609	0.2526652775	0.0129447616
0	0.5710635267	0.0016482235	0.4272882498
0	0.0071408384	0.7471732007	0.2456859609
0	0.9402110198	0.0596317124	0.0001572679
1	0.5891994644	0.3825690318	0.0282315038
0	0.0307371851	0.2196873166	0.7495754983
0	0.6489025130	0.1487006225	0.2023968646
1	0.5144564277	0.0118432590	0.4737003133
1	0.0790649637	0.2421929326	0.6787421038
0	0.0504528863	0.4854631550	0.4640839587
0	0.6517353612	0.2653170319	0.0829476070
0	0.1569968798	0.7330721408	0.1099309793
0	0.6149380656	0.2757318944	0.1093300401
0	0.9868438073	0.0087816519	0.0043745408
0	0.0000907751	0.5352058429	0.4647033820
1	0.1822157786	0.1289990489	0.6887851724
0	0.3146626738	0.2731304168	0.4122069094
0	0.9480683783	0.0285686516	0.0233629701
0	0.7128915711	0.1930593138	0.0940491151
1	0.0000000116	0.9381823316	0.0618176567
0	0.2490775793	0.4612233092	0.2896991114
0	0.0769417904	0.4511611611	0.4718970484
0	0.0866875715	0.8503404310	0.0629719975
0	0.2979748042	0.6174150514	0.0846101444
1	0.5234553324	0.2244206794	0.2521239882
0	0.0453121354	0.8597028796	0.0949849850
0	0.4472902312	0.0117131980	0.5409965708
0	0.9792191765	0.0094790992	0.0113017243
0	0.0155434751	0.2496470370	0.7348094879
0	0.5123862569	0.0376462127	0.4499675304
0	0.0363503990	0.1294310900	0.8342185110
0	0.2438224209	0.6769589837	0.0792185954
1	0.3571953088	0.6417109540	0.0010937371
0	0.8524193116	0.0000000018	0.1475806866
0	0.9964965335	0.0013986273	0.0021048392
0	0.0874044868	0.5417423029	0.3708532103
0	0.9047532058	0.0492150710	0.0460317232
0	0.0794039855	0.4002459018	0.5203501127
0	0.2878836461	0.5603354001	0.1517809538
0	0.0845561771	0.4349263755	0.4805174474
0	0.7234746339	0.0000325392	0.2764928269
0	0.0459210858	0.9520910523	0.0019878619
1	0.5638538772	0.2638459763	0.1723001465
0	0.0978118235	0.7218866378	0.1803015387
0	0.9490762969	0.0079218850	0.0430018181
0	0.9906047201	0.0017091731	0.0076861068
0	0.0000604626	0.9564905347	0.0434490027
0	0.2901839706	0.6946944025	0.0151216269
0	0.7943428225	0.0196241970	0.1860329804
0	0.9250090634	0.0250975889	0.0498933477
1	0.4263487203	0.5530280496	0.0206232301
0	0.3962570121	0.1765105748	0.4272324131
0	0.3686838059	0.0552761134	0.5760400807
0	0.8102579725	0.0175632300	0.1721787976
0	0.0867834920	0.6703736604	0.2428428476
0	0.2106851513	0.4528018824	0.3365129663
0	0.5661450042	0.0936458953	0.3402091005
0	0.2782623816	0.0102992819	0.7114383365
0	0.0828377791	0.8114394011	0.1057228198
1	0.3721776146	0.4144556909	0.2133666945
0	0.9448644562	0.0000000060	0.0551355378
0	0.0067379681	0.1007122738	0.8925497580
0	0.8033325991	0.0000000000	0.1966674009
0	0.0557294292	0.0058251877	0.9384453830
0	0.7765679142	0.2193163705	0.0041157153
0	0.0839827522	0.0132612382	0.9027560096
0	0.6240806656	0.0007640404	0.3751552940
0	0.5260668182	0.2919908527	0.1819423291
0	0.8648806675	0.1348195826	0.0002997499
0	0.0810069045	0.6140348127	0.3049582828
0	0.2454080212	0.5736909715	0.1809010073
0	0.3909683284	0.1460222311	0.4630094405
0	0.1855884582	0.0447012235	0.7697103183
0	0.0447855568	0.1498217940	0.8053926492
0	0.8824463631	0.0122114819	0.1053421550
0	0.0052355920	0.0003731275	0.9943912805
0	0.3124755832	0.0178714456	0.6696529713
0	0.1012269489	0.3385075925	0.5602654586
0	0.1827767362	0.8095797554	0.0076435083
1	0.1022645864	0.1266147046	0.7711207090
0	0.8774503386	0.1098162262	0.0127334352
0	0.1217158221	0.3919129727	0.4863712052
0	0.0003262534	0.2998897025	0.6997840441
1	0.3347843072	0.0000186799	0.6651970129
0	0.0639906959	0.7159847792	0.2200245249
0	0.9665208469	0.0001014473	0.0333777057
0	0.7277861900	0.1336045800	0.1386092300
0	0.6883734176	0.2917763539	0.0198502285
0	0.9441315674	0.0558684324	0.0000000002
0	0.9313997398	0.0685934230	0.0000068372
0	0.6002774555	0.0367429214	0.3629796231
0	0.6144698139	0.0025588466	0.3829713395
1	0.7287160838	0.1830241989	0.0882597173
0	0.9035658577	0.0000013132	0.0964328291
0	0.1554720533	0.4175675139	0.4269604328
0	0.0489673839	0.8597063007	0.0913263153
1	0.4930961142	0.0187207491	0.4881831367
0	0.4925365525	0.2192017255	0.2882617219
0	0.0418557885	0.4460018393	0.5121423722
1	0.0431470815	0.6557976843	0.3010552341
0	0.2002490617	0.3706830913	0.4290678470
0	0.5971133003	0.3993937548	0.0034929448
0	0.6478946012	0.0791690176	0.2729363813
0	0.6439386301	0.1763623792	0.1796989907
0	0.0009789667	0.6395451794	0.3594758538
0	0.0008849575	0.6812424475	0.3178725951
1	0.0001833575	0.9916773770	0.0081392655
0	0.2624971718	0.1762606729	0.5612421553
0	0.1524409060	0.5715520051	0.2760070889
0	0.0942626232	0.4662436694	0.4394937074
0	0.0000000005	0.9892688415	0.0107311579
0	0.0000001961	0.1827135035	0.8172863005
0	0.2559438945	0.4562901548	0.2877659506
0	0.0641327775	0.0002982070	0.9355690155
0	0.6747517111	0.1603009880	0.1649473009
1	0.0035077166	0.6841238226	0.3123684607
0	0.4467310159	0.2494003066	0.3038686775
0	0.3371815406	0.6627018074	0.0001166520
0	0.0836548179	0.0170889777	0.8992562044
0	0.5471888100	0.4525128248	0.0002983652
0	0.6582412430	0.0751292146	0.2666295424
0	0.2193072762	0.4095020144	0.3711907094
0	0.7072887832	0.2865364113	0.0061748055
0	0.0086666416	0.6198924269	0.3714409315
0	0.0457372815	0.9067022006	0.0475605179
0	0.6922419747	0.3074932435	0.0002647818
1	0.0194580041	0.0919794929	0.8885625030
0	0.0965720959	0.9014261159	0.0020017882
0	0.5954238386	0.3708487266	0.0337274347
0	0.7595103717	0.0822124813	0.1582771470
0	0.5625544742	0.4042427709	0.0332027549
0	0.1374484908	0.4258020905	0.4367494188
0	0.3674964402	0.5714745265	0.0610290332
1	0.7039727468	0.1454314524	0.1505958007
1	0.4538482047	0.0564773811	0.4896744141
1	0.0037286173	0.9885547715	0.0077166112
0	0.4135569986	0.1240132284	0.4624297729
0	0.0461404369	0.8706181589	0.0832414043
1	0.0795855320	0.6346450013	0.2857694667
0	0.7523464343	0.1861894219	0.0614641439
0	0.6332918779	0.3518884982	0.0148196239
0	0.2649232607	0.0042371630	0.7308395762
0	0.6449551148	0.3166958333	0.0383490519
0	0.0067949924	0.7377459108	0.2554590968
0	0.2073276680	0.2004136238	0.5922587081
0	0.2395850049	0.7038340748	0.0565809203
0	0.1463233949	0.2993406057	0.5543359994
0	0.0000000000	0.0225287056	0.9774712944
0	0.0000210151	0.4370687183	0.5629102666
0	0.1312005387	0.3906685732	0.4781308881
0	0.9340092119	0.0654380518	0.0005527362
0	0.0076920117	0.6892257350	0.3030822533
0	0.0053835714	0.0683827143	0.9262337142
1	0.1708925021	0.0174637856	0.8116437123
1	0.0000031410	0.8039954142	0.1960014448
0	0.0192056249	0.8692392679	0.1115551072
0	0.4857194902	0.0007877514	0.5134927584
0	0.0044852441	0.0239195658	0.9715951901
0	0.5583137720	0.4154774396	0.0262087884
0	0.5709242220	0.4290741489	0.0000016291
0	0.1050986637	0.2111961000	0.6837052364
0	0.0551811264	0.8686047563	0.0762141173
0	0.1982192400	0.6900447554	0.1117360046
0	0.8190343335	0.1568841676	0.0240814989
0	0.5891996277	0.1742603408	0.2365400315
0	0.0639776903	0.7139342915	0.2220880183
0	0.1369211809	0.5805613992	0.2825174198
1	0.4679130515	0.0941954353	0.4378915131
1	0.2796801917	0.1424304508	0.5778893575
0	0.0064428023	0.4028910622	0.5906661354
1	0.2546524561	0.7300569183	0.0152906257
0	0.0707221554	0.0006582458	0.9286195988
0	0.0016483491	0.9982600747	0.0000915761
1	0.0048585012	0.8699702755	0.1251712233
0	0.0516402786	0.9457210169	0.0026387045
0	0.0991882629	0.8553328525	0.0454788846
0	0.0666500293	0.2052162773	0.7281336934
0	0.0384073870	0.1300712036	0.8315214094
0	0.7662806550	0.0298211467	0.2038981983
0	0.4056260044	0.3825193583	0.2118546373
1	0.0839459479	0.8813569645	0.0346970877
0	0.3642597310	0.1542974488	0.4814428202
0	0.0001645061	0.7097360435	0.2900994503
0	0.2381928365	0.1361411687	0.6256659948
0	0.2524332377	0.0712146944	0.6763520678
0	0.7605506796	0.2004107289	0.0390385915
0	0.3654519830	0.6279760578	0.0065719592
0	0.0000406174	0.9095611282	0.0903982545
0	0.1421333814	0.0451458836	0.8127207349
0	0.0000000000	0.0889133856	0.9110866144
0	0.8284311068	0.1393022521	0.0322666411
0	0.8038894441	0.0000000001	0.1961105558
0	0.0898198041	0.1418161754	0.7683640205
0	0.9413462501	0.0586480317	0.0000057182
0	0.3168651888	0.0372308887	0.6459039226
0	0.0228435826	0.3405512662	0.6366051511
1	0.0021784269	0.9701587909	0.0276627822
0	0.6138420956	0.1997981253	0.1863597791
0	0.0000757972	0.6551040859	0.3448201169
0	0.0000000342	0.7058960947	0.2941038710
0	0.8731251219	0.0000015908	0.1268732872
0	0.0085347153	0.0418096761	0.9496556086
0	0.2656937703	0.7334280920	0.0008781377
0	0.6006031280	0.3095174142	0.0898794578
0	0.0950227051	0.8889000437	0.0160772512
0	0.0000000131	0.3667494948	0.6332504921
0	0.6760825478	0.1884703810	0.1354470712
1	0.0681465052	0.1691889442	0.7626645505
0	0.0521351203	0.6676546705	0.2802102092
0	0.5791332042	0.1310244346	0.2898423612
0	0.8467862963	0.0293979396	0.1238157642
0	0.0107197061	0.9795444435	0.0097358504
0	0.3400741779	0.0018206662	0.6581051559
0	0.0232533843	0.6226811398	0.3540654759
0	0.7190383576	0.0070421194	0.2739195229
0	0.8135522078	0.0420108490	0.1444369432
0	0.8519891012	0.1184185205	0.0295923784
1	0.0303011622	0.0735200721	0.8961787658
0	0.2436614648	0.7274212466	0.0289172886
0	0.9168377776	0.0232541461	0.0599080763
1	0.1340679256	0.6653407506	0.2005913238
0	0.0013032689	0.2037972154	0.7948995157
0	0.1914039007	0.4647856321	0.3438104671
0	0.5224455999	0.1117705858	0.3657838144
0	0.8275165029	0.0776001914	0.0948833057
0	0.0810490851	0.2465127650	0.6724381498
1	0.0776086457	0.1933305649	0.7290607894
0	0.8880540948	0.0553547034	0.0565912018
1	0.5143996859	0.1311696999	0.3544306142
2	0.3707125757	0.1039639927	0.5253234316
0	0.1215144755	0.8346879750	0.0437975495
1	0.9765742148	0.0009572126	0.0224685726
0	0.0114458601	0.9591545404	0.0293995994
0	0.2801793083	0.7051801920	0.0146404997
0	0.0639348191	0.9273150873	0.0087500936
0	0.4165923903	0.0394589698	0.5439486399
0	0.0481753434	0.7084651579	0.2433594987
0	0.0631070795	0.0070561325	0.9298367880
0	0.8320406048	0.0000000048	0.1679593904
0	0.5007497295	0.4924854953	0.0067647752
0	0.8832855951	0.0032297069	0.1134846980
0	0.9658944302	0.0000259691	0.0340796007
0	0.0531872888	0.9466689679	0.0001437433
0	0.0760104907	0.3260627061	0.5979268032
0	0.8208651306	0.1726408047	0.0064940648
1	0.0099271404	0.0157645221	0.9743083376
0	0.4791076710	0.2989847717	0.2219075573
0	0.4858517036	0.2424014398	0.2717468567
1	0.0376894804	0.1619832179	0.8003273017
0	0.1294289780	0.5945223117	0.2760487103
1	0.1237591957	0.7018622421	0.1743785622
0	0.0698906377	0.0405092420	0.8896001203
0	0.2712096268	0.5274561351	0.2013342381
0	0.9290702810	0.0001357903	0.0707939287
0	0.0002620516	0.6556653001	0.3440726483
0	0.0016194406	0.3805057682	0.6178747912
0	0.1229148131	0.0000865451	0.8769986419
0	0.0374619393	0.0943739777	0.8681640829
0	0.0182371224	0.9817628128	0.0000000649
0	0.1035522473	0.4394973685	0.4569503842
0	0.7159910305	0.0948574497	0.1891515198
0	0.0000403448	0.9734862882	0.0264733669
0	0.7604496471	0.2094927583	0.0300575946
1	0.2453574712	0.6198633460	0.1347791829
0	0.3791663046	0.3388149400	0.2820187554
0	0.0198060709	0.1079663621	0.8722275669
0	0.8027228571	0.1510774908	0.0461996521
0	0.8241279657	0.1639942355	0.0118777988
0	0.2807832678	0.2570954318	0.4621213003
0	0.8700705851	0.0041939970	0.1257354179
0	0.8389285069	0.1413902070	0.0196812861
0	0.0000000000	0.4398641787	0.5601358213
0	0.1093802720	0.8578978424	0.0327218855
0	0.0010844411	0.5350457350	0.4638698239
0	0.0297600859	0.4338466426	0.5363932716
0	0.2753022779	0.0931069440	0.6315907782
0	0.0003407090	0.9053522555	0.0943070355
0	0.0362787988	0.9592955291	0.0044256722
0	0.4679241115	0.4252833106	0.1067925780
0	0.6435955116	0.3523112516	0.0040932367
0	0.4760791260	0.4666455184	0.0572753556
0	0.3566990001	0.2049670333	0.4383339667
0	0.4234672287	0.0152799046	0.5612528667
1	0.2410654349	0.0599261498	0.6990084153
0	0.2511195957	0.7119555197	0.0369248847
0	0.8657869930	0.0687520986	0.0654609085
0	0.7786265081	0.0808286594	0.1405448325
0	0.2436227034	0.1267865017	0.6295907949
0	0.0225009446	0.9580576267	0.0194414287
0	0.0006006146	0.0772287965	0.9221705889
0	0.0606450009	0.3564254331	0.5829295660
0	0.3330308658	0.1031126386	0.5638564956
0	0.0200208223	0.8536567652	0.1263224125
0	0.3611098582	0.0086451023	0.6302450395
0	0.3463655966	0.5574816736	0.0961527299
0	0.1717355678	0.5860155488	0.2422488834
0	0.2794854065	0.7202194886	0.0002951048
0	0.0054631378	0.7092474575	0.2852894047
0	0.9263413210	0.0736578345	0.0000008446
0	0.3578666382	0.4632440548	0.1788893069
0	0.1619002353	0.2208713226	0.6172284421
0	0.0367539441	0.4868005858	0.4764454702
0	0.7640449682	0.1795325201	0.0564225117
0	0.0105188852	0.1648209382	0.8246601766
0	0.9911538851	0.0088082615	0.0000378533
1	0.5025106836	0.1464514576	0.3510378587
0	0.7714293626	0.1309680483	0.0976025891
0	0.5860507652	0.1337187913	0.2802304435
0	0.8810275749	0.0315296730	0.0874427521
0	0.7355726652	0.2360293371	0.0283979977
0	0.0490952278	0.4954138601	0.4554909120
0	0.4072393664	0.1994633297	0.3932973040
1	0.1130827501	0.8695743348	0.0173429151
0	0.2578475186	0.5022781636	0.2398743178
0	0.0118285546	0.9260490733	0.0621223721
0	0.4220922611	0.4058921789	0.1720155599
1	0.3480560800	0.1390508363	0.5128930837
0	0.0854227365	0.5746894094	0.3398878541
0	0.8551777013	0.1448222987	0.0000000000
1	0.0554187652	0.4153340993	0.5292471354
0	0.4951997519	0.0948154905	0.4099847577
0	0.0000039813	0.0044892768	0.9955067419
0	0.1880102898	0.0194703736	0.7925193367
1	0.0853295526	0.0898807666	0.8247896808
0	0.0920987326	0.2979188744	0.6099823930
0	0.1668323670	0.8079699053	0.0251977277
0	0.0325368575	0.6536510830	0.3138120595
0	0.4587466117	0.0141217387	0.5271316495
0	0.0445158214	0.0727406211	0.8827435575
0	0.5774606098	0.4107175469	0.0118218433
0	0.7582188811	0.1757048477	0.0660762711
0	0.2280719409	0.7441328275	0.0277952317
1	0.9495022013	0.0050154823	0.0454823164
0	0.7647821171	0.1276717167	0.1075461662
0	0.0763047945	0.3445951212	0.5791000843
0	0.6473281348	0.1974235807	0.1552482845
1	0.1386056023	0.1148727361	0.7465216616
0	0.1389280527	0.1284270790	0.7326448683
2	0.0003528536	0.0411024818	0.9585446647
0	0.8436096645	0.1433744836	0.0130158519
0	0.0661001540	0.0062717856	0.9276280605
0	0.8421904909	0.1153816219	0.0424278872
1	0.8115194926	0.0674124832	0.1210680241
0	0.4218527736	0.3887576329	0.1893895935
0	0.2033581038	0.5443705230	0.2522713732
0	0.0003428300	0.3309671639	0.6686900062
0	0.3580380885	0.1146926898	0.5272692217
0	0.2194936766	0.7739642423	0.0065420811
0	0.3586435620	0.2355185153	0.4058379227
0	0.2134894887	0.0371908779	0.7493196334
0	0.2023996538	0.5789422292	0.2186581170
0	0.0370434883	0.1036516612	0.8593048505
0	0.8598255377	0.1162528893	0.0239215731
0	0.3215571795	0.6360106978	0.0424321228
1	0.9680890523	0.0097963791	0.0221145687
0	0.9912676189	0.0087323810	0.0000000000
0	0.0204216049	0.9794788392	0.0000995559
0	0.2263483630	0.3450109491	0.4286406878
0	0.3121658369	0.5728634141	0.1149707490
1	0.4267168992	0.2672741671	0.3060089336
0	0.7975012031	0.1254259192	0.0770728777
1	0.0920194068	0.7668638998	0.1411166934
1	0.6049554944	0.3683776126	0.0266668930
0	0.3325818993	0.6674181007	0.0000000000
0	0.9155829998	0.0030759931	0.0813410071
0	0.3028565778	0.2452300314	0.4519133907
0	0.0243199172	0.9573685061	0.0183115767
1	0.7189620594	0.2757399108	0.0052980298
1	0.0543857594	0.4551139414	0.4905002992
0	0.9409835951	0.0104990302	0.0485173747
0	0.5189990871	0.3303005898	0.1507003231
0	0.7413075007	0.1683404373	0.0903520620
0	0.3145307388	0.0864691453	0.5990001159
0	0.4473507820	0.0507530794	0.5018961387
0	0.8854518218	0.1143566417	0.0001915365
0	0.5870954793	0.0001166996	0.4127878211
0	0.4081294291	0.5608097406	0.0310608303
1	0.3664131094	0.0321482272	0.6014386635
1	0.8762915052	0.1234904429	0.0002180519
1	0.1016881466	0.2516280188	0.6466838346
1	0.0821396617	0.2629109911	0.6549493473
0	0.9431444854	0.0001084704	0.0567470441
1	0.0062518293	0.6834306707	0.3103175000
0	0.3084812322	0.2328156972	0.4587030706
0	0.4100735047	0.0008212994	0.5891051959
0	0.9388223562	0.0564040308	0.0047736130
0	0.2002894116	0.2092297410	0.5904808474
0	0.0227041869	0.8680861012	0.1092097119
0	0.4139236609	0.0894422182	0.4966341208
1	0.0000363422	0.0240447919	0.9759188659
0	0.1147665652	0.8680262329	0.0172072019
0	0.0573981447	0.7476166935	0.1949851618
0	0.0517327333	0.8363809370	0.1118863296
0	0.3944954851	0.0119904007	0.5935141142
1	0.6748756339	0.1907697516	0.1343546145
1	0.0022442911	0.9683773353	0.0293783736
0	0.0063598740	0.5761298875	0.4175102386
0	0.0171114541	0.4769113850	0.5059771609
1	0.9528235904	0.0466456207	0.0005307889
0	0.9360913517	0.0319737364	0.0319349119
0	0.1584652369	0.7435417937	0.0979929693
0	0.1344505721	0.3327651559	0.5327842720
0	0.4192041352	0.2002376229	0.3805582419
0	0.0957593892	0.6693850344	0.2348555764
0	0.9502847672	0.0452171752	0.0044980576
0	0.2018160914	0.7859831936	0.0122007150
0	0.0125252471	0.8847368078	0.1027379451
0	0.3978567366	0.5765966647	0.0255465987
0	0.3241691732	0.0000000000	0.6758308268
0	0.0009048251	0.9903069721	0.0087882028
1	0.4763361266	0.1288899681	0.3947739053
0	0.9000892641	0.0266324475	0.0732782884
0	0.0007900894	0.2281765266	0.7710333840
0	0.9361899029	0.0004645514	0.0633455457
0	0.4164695866	0.5835051498	0.0000252637
0	0.1169168230	0.0587807862	0.8243023909
0	0.8577444447	0.1097477721	0.0325077832
1	0.3477348899	0.2251321407	0.4271329694
0	0.0075104254	0.9886088152	0.0038807593
0	0.4943131726	0.4002001513	0.1054866760
0	0.9448455415	0.0551544585	0.0000000000
1	0.9983907278	0.0000002874	0.0016089848
0	0.0820226517	0.0000000000	0.9179773483
0	0.1020187283	0.8959624181	0.0020188535
0	0.1905952315	0.5489075890	0.2604971795
0	0.0201976835	0.3981836335	0.5816186831
0	0.4978354605	0.2769323963	0.2252321431
0	0.0924383317	0.4584058308	0.4491558374
0	0.6215352523	0.2739383064	0.1045264413
0	0.0376111679	0.7160097940	0.2463790381
0	0.1520653503	0.4322750512	0.4156595985
0	0.4364521457	0.5437307877	0.0198170666
0	0.1104409398	0.4045153524	0.4850437078
0	0.6423891557	0.3293557459	0.0282550983
2	0.7236055847	0.1804061763	0.0959882390
0	0.8445360473	0.0968455105	0.0586184422
0	0.2127564941	0.2264545765	0.5607889294
0	0.6810690611	0.2841905551	0.0347403838
0	0.2039790369	0.7940003035	0.0020206596
1	0.0028024305	0.0048113783	0.9923861912
0	0.0000001416	0.0150817908	0.9849180676
0	0.5497121523	0.3443700240	0.1059178236
