1	0.9786233473	0.0001969738	0.0211796789
0	0.0320292398	0.7936014309	0.1743693294
0	0.0003168763	0.7868203984	0.2128627254
0	0.7344743134	0.1407155048	0.1248101818
0	0.7509148711	0.0904588216	0.1586263073
1	0.0863073576	0.0639484584	0.8497441840
1	0.4583113823	0.4605970899	0.0810915278
0	0.0308172399	0.1417717511	0.8274110090
0	0.4515190305	0.0004267255	0.5480542440
0	0.0000000216	0.9989169783	0.0010830001
0	0.6110350851	0.3771923620	0.0117725529
0	0.4151529097	0.1859320070	0.3989150832
0	0.0048280538	0.9951719422	0.0000000039
0	0.0126990257	0.8701894319	0.1171115424
0	0.0246621474	0.2637333710	0.7116044816
1	0.0047693977	0.0311688644	0.9640617379
0	0.0596835693	0.8675696484	0.0727467823
0	0.9764439143	0.0235560139	0.0000000718
0	0.9993078938	0.0005729986	0.0001191076
1	0.1616864825	0.7784903796	0.0598231379
0	0.0423970904	0.0090297065	0.9485732031
0	0.0454630230	0.9542734820	0.0002634951
0	0.1473844625	0.8055033428	0.0471121947
0	0.1389015408	0.6039635602	0.2571348990
0	0.2180336249	0.6580506381	0.1239157370
1	0.0054487923	0.0001284132	0.9944227945
1	0.2478602945	0.6155550002	0.1365847052
0	0.5161202508	0.3727935918	0.1110861574
0	0.2025040837	0.0973043877	0.7001915286
0	0.7274281125	0.0643044844	0.2082674031
0	0.1162747500	0.0733162738	0.8104089761
1	0.0507063962	0.6651240267	0.2841695771
0	0.0978196352	0.8566672077	0.0455131571
0	0.2357583304	0.0009778288	0.7632638408
0	0.3238444211	0.0021623520	0.6739932269
1	0.6301974110	0.0090422689	0.3607603200
0	0.2786096180	0.2076866646	0.5137037174
0	0.0141754813	0.3262767384	0.6595477803
0	0.5828396138	0.0814880954	0.3356722908
1	0.3857201894	0.0035651245	0.6107146861
0	0.0000003464	0.8144902975	0.1855093561
0	0.5475494039	0.2839035443	0.1685470518
0	0.4441698259	0.2841095898	0.2717205843
1	0.1828340441	0.0000000000	0.8171659559
0	0.3684881763	0.0000000000	0.6315118237
1	0.0338862606	0.2593404227	0.7067733167
1	0.8638738989	0.0000331537	0.1360929474
1	0.5134624536	0.4865375464	0.0000000001
0	0.7845499078	0.0137367033	0.2017133890
0	0.0023892952	0.6939119990	0.3036987057
0	0.0117819663	0.8850831842	0.1031348494
0	0.1958284376	0.7778721452	0.0262994171
1	0.1735585898	0.0011176755	0.8253237346
0	0.0000008666	0.2786041394	0.7213949940
0	0.6153091692	0.1456259346	0.2390648963
0	0.7692341192	0.1861733306	0.0445925502
0	0.3617288890	0.5752589323	0.0630121788
2	0.0162022325	0.0001961111	0.9836016564
1	0.8721056490	0.0638295543	0.0640647967
0	0.6764363001	0.0005291334	0.3230345665
0	0.0014871647	0.0000545028	0.9984583325
1	0.3648121397	0.0749112955	0.5602765648
0	0.0298357285	0.9608289765	0.0093352950
0	0.5258910398	0.4041769682	0.0699319920
0	0.0674514971	0.0086071575	0.9239413454
1	0.2884001360	0.1150746183	0.5965252456
0	0.0493403271	0.4918690977	0.4587905752
0	0.3530964997	0.1334717423	0.5134317579
0	0.5012370107	0.1474670578	0.3512959315
0	0.4768046463	0.1222950338	0.4009003199
0	0.9076478254	0.0078877846	0.0844643900
0	0.6147311464	0.3811110123	0.0041578413
0	0.1895724696	0.2902801337	0.5201473968
0	0.0013551925	0.3877339848	0.6109108227
0	0.5588667118	0.0183517091	0.4227815791
0	0.7057267567	0.2936874922	0.0005857511
0	0.6318037166	0.0645705682	0.3036257152
0	0.3197886998	0.6738543915	0.0063569087
1	0.7161234177	0.0009393980	0.2829371844
0	0.0000057417	0.0000006000	0.9999936582
0	0.0000000000	0.3149257186	0.6850742814
0	0.1723362165	0.0952838571	0.7323799264
0	0.7818092838	0.1578304790	0.0603602372
0	0.7145246637	0.0709928708	0.2144824655
0	0.0409310426	0.6412142199	0.3178547376
1	0.0000000001	0.4714496064	0.5285503934
0	0.0032578930	0.6582127738	0.3385293332
0	0.1460703416	0.0000000067	0.8539296517
0	0.0276455098	0.9632311339	0.0091233562
1	0.0046369329	0.0001136957	0.9952493714
0	0.0593384680	0.0149228111	0.9257387209
0	0.3233346660	0.2390063759	0.4376589581
0	0.0263961293	0.1155633264	0.8580405444
1	0.9154662802	0.0816311909	0.0029025289
0	0.1176528759	0.3908742753	0.4914728489
0	0.7830229177	0.2169770793	0.0000000030
0	0.6969252498	0.1337125052	0.1693622450
0	0.7731877776	0.1948405967	0.0319716257
0	0.7925340484	0.1267033363	0.0807626153
0	0.3726498674	0.6044998788	0.0228502538
0	0.0578102335	0.5725143862	0.3696753803
0	0.4120663361	0.1863922879	0.4015413760
0	0.0011229092	0.3134358166	0.6854412742
0	0.5566428619	0.4279947291	0.0153624090
0	0.1259428935	0.4272650498	0.4467920567
1	0.1494589773	0.1384578267	0.7120831960
0	0.0015719531	0.8714104853	0.1270175616
0	0.0792111375	0.0052322280	0.9155566345
0	0.5940397991	0.0145363321	0.3914238688
0	0.7630036981	0.2082859876	0.0287103143
0	0.7421620375	0.0060393755	0.2517985870
0	0.0000000000	0.8950633355	0.1049366645
1	0.3836172501	0.0203757525	0.5960069974
0	0.0022991058	0.1252483311	0.8724525631
0	0.0000000044	0.9904134154	0.0095865802
0	0.8048339559	0.0052241258	0.1899419183
0	0.0006094825	0.9899717208	0.0094187967
0	0.3025630085	0.0081917690	0.6892452225
0	0.0263547736	0.4031775309	0.5704676955
0	0.0004995220	0.7937723672	0.2057281107
0	0.0976072653	0.8214415291	0.0809512055
1	0.7794565350	0.1232782156	0.0972652495
0	0.0000914122	0.0879734040	0.9119351838
1	0.0817407676	0.1124737794	0.8057854530
0	0.3624318033	0.6139454827	0.0236227140
0	0.3286494958	0.6184287588	0.0529217454
0	0.9264967914	0.0007924013	0.0727108073
0	0.0329073102	0.0812187155	0.8858739743
0	0.0744133171	0.9232327923	0.0023538906
0	0.9960747355	0.0000692299	0.0038560346
0	0.3304759593	0.4184566735	0.2510673671
0	0.0004099010	0.9616825540	0.0379075450
0	0.1497756619	0.3905163812	0.4597079569
0	0.3028589693	0.5979673408	0.0991736899
0	0.0000521294	0.3371709263	0.6627769443
0	0.1192691236	0.0569446249	0.8237862515
0	0.3458310518	0.0899818995	0.5641870486
0	0.2465578484	0.4066147300	0.3468274216
0	0.1563467192	0.4032213011	0.4404319797
0	0.0005326306	0.5937374131	0.4057299563
0	0.2039887834	0.2100285315	0.5859826851
0	0.3571672451	0.4459210883	0.1969116666
0	0.0037516774	0.8373941873	0.1588541353
0	0.0370049802	0.8931798327	0.0698151870
0	0.0000161803	0.0708270331	0.9291567866
0	0.0000072677	0.6033520622	0.3966406701
0	0.7519169008	0.1241960914	0.1238870078
1	0.0665247151	0.0000000000	0.9334752849
0	0.1177310061	0.0290112895	0.8532577044
0	0.0663040570	0.0456147179	0.8880812250
0	0.0000000000	0.9999739673	0.0000260327
0	0.4019948661	0.0862792077	0.5117259262
1	0.4036751149	0.2809811208	0.3153437643
1	0.0020363934	0.0644480864	0.9335155202
0	0.2717164215	0.7272630974	0.0010204811
0	0.8255772834	0.0049967977	0.1694259189
0	0.1563186685	0.2491090362	0.5945722953
0	0.7903870434	0.0427086390	0.1669043176
0	0.0455272113	0.0645445744	0.8899282143
0	0.2727923823	0.2851124830	0.4420951347
0	0.0000676306	0.0363498465	0.9635825229
0	0.0012309439	0.5856340860	0.4131349701
0	0.0011807584	0.1223724284	0.8764468132
1	0.1482828023	0.6467566480	0.2049605497
1	0.9896227651	0.0103757703	0.0000014647
0	0.3511394676	0.6164562333	0.0324042991
0	0.2040989437	0.5994181730	0.1964828833
0	0.1649675124	0.0012370995	0.8337953880
0	0.0526678318	0.4197685350	0.5275636332
0	0.3039444798	0.6417346525	0.0543208677
0	0.1867973778	0.0006929986	0.8125096237
0	0.8054289685	0.0040457364	0.1905252951
0	0.0003160679	0.0087208369	0.9909630952
0	0.0345898701	0.1030810717	0.8623290582
0	0.1835475936	0.5645278835	0.2519245229
0	0.2132800282	0.5290813142	0.2576386576
0	0.7711722065	0.0006269042	0.2282008892
0	0.0544084098	0.1046922947	0.8408992955
0	0.1501940738	0.0239767265	0.8258291997
0	0.0000002237	0.7449412385	0.2550585378
0	0.3053031241	0.1793381773	0.5153586986
0	0.0000198433	0.0483777255	0.9516024311
0	0.0523387475	0.0025758739	0.9450853786
0	0.0001962566	0.9997458581	0.0000578853
1	0.0374086456	0.0000000000	0.9625913544
0	0.0369007189	0.6245844899	0.3385147912
0	0.0517641837	0.7672573690	0.1809784473
0	0.0083595555	0.2784626031	0.7131778414
0	0.4321925834	0.1138844548	0.4539229618
0	0.4402667446	0.1613311682	0.3984020872
0	0.0186477897	0.9588768302	0.0224753801
1	0.7954911347	0.0072074918	0.1973013735
0	0.1321890151	0.0729129333	0.7948980516
0	0.0006401859	0.9006634324	0.0986963817
1	0.1125583705	0.0001588770	0.8872827525
0	0.4186657900	0.0866370091	0.4946972009
0	0.9376353551	0.0201668536	0.0421977913
0	0.7598778213	0.1887466643	0.0513755144
0	0.6188223302	0.3524184336	0.0287592363
0	0.5663136389	0.0276263631	0.4060599979
0	0.0011524413	0.0004429644	0.9984045943
0	0.2759330748	0.0000000111	0.7240669141
0	0.5023293101	0.0870993668	0.4105713231
0	0.1529908851	0.0028800331	0.8441290818
0	0.4339192938	0.1689869926	0.3970937136
0	0.1964588984	0.0826961958	0.7208449058
1	0.0000007853	0.0292892736	0.9707099412
0	0.0641116156	0.3121084026	0.6237799819
1	0.0772104272	0.0820292880	0.8407602848
0	0.0003456919	0.0000000012	0.9996543069
1	0.0000000000	0.0252857035	0.9747142965
1	0.9194370717	0.0000000000	0.0805629282
1	0.5911402592	0.1719894102	0.2368703306
0	0.0018494121	0.0105911888	0.9875593990
0	0.0146568982	0.0028848508	0.9824582511
0	0.2817278622	0.7179933186	0.0002788192
0	0.0297295464	0.1571748734	0.8130955802
0	0.4270087590	0.5610071471	0.0119840938
0	0.0302143901	0.7277882581	0.2419973518
0	0.3777707430	0.0163561438	0.6058731132
1	0.6885433833	0.0062520567	0.3052045600
0	0.2146047443	0.1401410019	0.6452542538
0	0.2216187451	0.6238823179	0.1544989371
0	0.1472946620	0.0000000000	0.8527053380
0	0.0304204689	0.0751359167	0.8944436144
0	0.0388391428	0.1214352719	0.8397255853
0	0.0749094695	0.1336360642	0.7914544663
0	0.2513912335	0.1335712410	0.6150375255
0	0.1279597511	0.1374662077	0.7345740412
0	0.9290989694	0.0456805488	0.0252204818
0	0.2056594157	0.1213460509	0.6729945334
0	0.4013977110	0.2605076102	0.3380946788
0	0.0634395019	0.1230161019	0.8135443962
0	0.0225730654	0.6898299313	0.2875970033
0	0.5745757705	0.1376031257	0.2878211038
0	0.7920143813	0.0658446314	0.1421409873
0	0.4739116370	0.0725154801	0.4535728829
0	0.8061863934	0.1678257041	0.0259879026
0	0.5270788334	0.0495007397	0.4234204269
0	0.6253469580	0.3386342336	0.0360188084
1	0.0474071514	0.0623708581	0.8902219905
0	0.0136517654	0.8979752033	0.0883730313
0	0.0071189130	0.0054582759	0.9874228111
0	0.8693846198	0.0612553134	0.0693600668
0	0.0574159917	0.7240088493	0.2185751590
1	0.2422350144	0.0048758400	0.7528891457
0	0.7047655780	0.0149400883	0.2802943337
0	0.7461948678	0.2491623677	0.0046427645
0	0.7700896931	0.1600409030	0.0698694039
0	0.0398093666	0.6157689756	0.3444216578
1	0.2257261271	0.1068770345	0.6673968384
0	0.0556475413	0.0028284278	0.9415240309
0	0.1843172684	0.8059851214	0.0096976102
0	0.0075163066	0.0562101932	0.9362735003
0	0.0128753180	0.4089700739	0.5781546081
0	0.0320106069	0.2761776596	0.6918117335
0	0.7034703265	0.1541277443	0.1424019292
0	0.7264697442	0.0983080585	0.1752221973
0	0.4950973573	0.4206233668	0.0842792759
1	0.0636940274	0.4362492783	0.5000566943
0	0.0081724483	0.2216538994	0.7701736523
0	0.4150519094	0.3136024606	0.2713456300
1	0.2974180950	0.0196337253	0.6829481797
0	0.1151852750	0.1110985545	0.7737161706
0	0.6694116359	0.1204508148	0.2101375493
0	0.7180315380	0.0000000000	0.2819684620
1	0.8773143762	0.0163340325	0.1063515913
0	0.8119844267	0.0571826709	0.1308329024
1	0.2606572462	0.7340026546	0.0053400993
0	0.7991738505	0.0653998352	0.1354263144
1	0.9996672755	0.0003327233	0.0000000012
0	0.2429059666	0.0203631781	0.7367308554
0	0.1112293457	0.0116195447	0.8771511096
0	0.0235053773	0.0979857493	0.8785088734
0	0.0114065639	0.0442441310	0.9443493051
0	0.0028763354	0.0216053294	0.9755183353
1	0.1037071748	0.3117981119	0.5844947133
0	0.4555125649	0.3312180289	0.2132694062
1	0.4480860482	0.4736458954	0.0782680564
0	0.0353390244	0.0514498553	0.9132111203
0	0.4450060387	0.0242368907	0.5307570706
0	0.2170248056	0.2716028423	0.5113723520
0	0.9277648296	0.0166340795	0.0556010909
0	0.0203827249	0.2571368207	0.7224804543
0	0.0206815649	0.0091417608	0.9701766743
0	0.7903879208	0.1873815228	0.0222305564
0	0.8074607743	0.0831058096	0.1094334161
1	0.0697082679	0.4954142236	0.4348775085
0	0.3667853394	0.4673580268	0.1658566339
1	0.6367336680	0.1425166612	0.2207496708
0	0.4059776661	0.5391653195	0.0548570143
0	0.5781916454	0.0187118292	0.4030965254
0	0.8963889108	0.0071511758	0.0964599134
0	0.5006617320	0.4658198784	0.0335183896
1	0.5279790309	0.0059707333	0.4660502358
0	0.0355935001	0.8934803625	0.0709261374
0	0.7640989499	0.0982200012	0.1376810489
1	0.3737311331	0.1079216862	0.5183471807
0	0.5985275654	0.4011963347	0.0002761000
0	0.0768353707	0.1357322390	0.7874323903
0	0.0638169922	0.9153610907	0.0208219171
0	0.0000000042	0.0738220583	0.9261779375
0	0.6771736362	0.2400341287	0.0827922351
1	0.8178723914	0.0000000526	0.1821275561
0	0.1315364783	0.0000003416	0.8684631800
0	0.0969335319	0.8775696564	0.0254968117
1	0.8998655216	0.0211482725	0.0789862059
1	0.4068979548	0.5168704497	0.0762315955
0	0.5868075069	0.1369042588	0.2762882343
0	0.1845255228	0.0000017449	0.8154727323
1	0.2282928308	0.0568923211	0.7148148481
0	0.0022564146	0.8466630785	0.1510805069
1	0.9156890792	0.0000000000	0.0843109208
0	0.0751696890	0.2216785305	0.7031517805
0	0.1917852149	0.0034513615	0.8047634236
0	0.3556828515	0.4902092246	0.1541079239
0	0.1507709299	0.8162201116	0.0330089584
0	0.2078939888	0.6311779280	0.1609280831
1	0.4093804324	0.0000000000	0.5906195676
0	0.6943520527	0.1546491069	0.1509988403
0	0.3007422332	0.6644443752	0.0348133916
0	0.8531189672	0.1383938290	0.0084872038
0	0.0001247343	0.4839591281	0.5159161376
0	0.0828643125	0.4920606713	0.4250750162
0	0.0121848819	0.0609043601	0.9269107580
0	0.0257154161	0.6438579476	0.3304266363
0	0.1747428579	0.0831529231	0.7421042190
0	0.0027824823	0.0019360262	0.9952814915
0	0.7471474205	0.1037206962	0.1491318833
1	0.7124766818	0.2251112985	0.0624120196
0	0.9413056875	0.0164132119	0.0422811007
1	0.5343153918	0.0391451208	0.4265394874
0	0.9750946414	0.0046373581	0.0202680005
0	0.8671086534	0.0017966235	0.1310947231
0	0.4464358179	0.4722493299	0.0813148522
1	0.0802371295	0.2206088683	0.6991540022
0	0.2817671621	0.5793104972	0.1389223407
0	0.1233645375	0.6676426354	0.2089928271
0	0.1674481465	0.0004553356	0.8320965179
0	0.0176471397	0.2405900982	0.7417627621
0	0.1202484516	0.0481396166	0.8316119319
0	0.1823335402	0.0183359268	0.7993305329
0	0.8568127519	0.0617923732	0.0813948750
1	0.8214061804	0.0023912139	0.1762026056
0	0.0172916219	0.3278625921	0.6548457860
0	0.3930417034	0.3555869127	0.2513713839
0	0.0623438698	0.3818657869	0.5557903433
0	0.0095864676	0.9824890492	0.0079244831
1	0.1715199030	0.0014107209	0.8270693761
0	0.7836982353	0.1202703706	0.0960313941
0	0.0935731256	0.4214196381	0.4850072363
0	0.4066607920	0.4694150661	0.1239241419
0	0.8605024946	0.1323201951	0.0071773103
0	0.2758317901	0.1857953897	0.5383728202
0	0.5851350185	0.3016731218	0.1131918598
0	0.0049574743	0.8928631189	0.1021794068
0	0.2426881247	0.0010312447	0.7562806306
0	0.9071198681	0.0116648819	0.0812152501
0	0.0190794567	0.0434396537	0.9374808896
0	0.8513607223	0.0847462659	0.0638930118
0	0.0862625970	0.0947279975	0.8190094055
1	0.8758203787	0.0000000000	0.1241796213
0	0.2648905136	0.4600116079	0.2750978785
0	0.0867421545	0.0000285914	0.9132292541
1	0.0046643064	0.0411927278	0.9541429658
0	0.0016208712	0.5283905472	0.4699885816
1	0.5888054919	0.0309829629	0.3802115452
0	0.1418165428	0.4099893849	0.4481940723
0	0.0767794474	0.1632128394	0.7600077132
0	0.0000000051	0.3048838250	0.6951161699
0	0.0696205696	0.2968471667	0.6335322636
0	0.1386684078	0.8598985165	0.0014330756
1	0.0558553484	0.1512023468	0.7929423048
0	0.1903430897	0.3164141862	0.4932427241
0	0.0810398008	0.8823474267	0.0366127724
0	0.2282766051	0.0000004730	0.7717229219
1	0.0360314846	0.0050441582	0.9589243572
0	0.0031147606	0.6745077494	0.3223774900
0	0.1338336331	0.6952585917	0.1709077752
0	0.6882308984	0.1968503469	0.1149187547
0	0.9352015149	0.0612829668	0.0035155183
0	0.1598759296	0.7307501808	0.1093738896
0	0.0247201492	0.2517943447	0.7234855060
0	0.0406639939	0.6963318124	0.2630041936
0	0.0588072356	0.0880802639	0.8531125005
0	0.1798689654	0.6644538008	0.1556772338
0	0.7224816492	0.0000000373	0.2775183135
0	0.2368207225	0.6293915631	0.1337877144
0	0.0245612938	0.0218120002	0.9536267060
0	0.0984401773	0.0403493365	0.8612104861
0	0.8125486764	0.1862559915	0.0011953320
0	0.0060624122	0.0376042207	0.9563333670
0	0.7403765867	0.2562975703	0.0033258429
0	0.4075696238	0.1132748645	0.4791555117
0	0.1281348321	0.2330712574	0.6387939105
0	0.2610947990	0.7057363049	0.0331688960
0	0.1030573681	0.1119825191	0.7849601128
1	0.0499513454	0.0032418383	0.9468068162
0	0.0575651951	0.0213018181	0.9211329867
0	0.0015770522	0.0314150259	0.9670079218
0	0.0016102920	0.0010854845	0.9973042235
1	0.0009765918	0.4964256105	0.5025977977
0	0.0120661284	0.1205075084	0.8674263632
1	0.8766475945	0.0835945803	0.0397578252
1	0.7170012360	0.2825558702	0.0004428938
0	0.9459322603	0.0006818789	0.0533858608
0	0.1229931664	0.0092538810	0.8677529526
0	0.5864809669	0.0898702575	0.3236487757
0	0.0203321083	0.0000000635	0.9796678282
0	0.4297961113	0.5189204712	0.0512834174
1	0.6413235149	0.0472222181	0.3114542670
0	0.6157882965	0.0003528893	0.3838588142
0	0.0269681666	0.6722737409	0.3007580924
0	0.0104750497	0.9561628719	0.0333620784
0	0.0002519743	0.0324032687	0.9673447570
0	0.9899159029	0.0030554216	0.0070286755
0	0.0051021252	0.0712618131	0.9236360618
1	0.0077968570	0.1951507768	0.7970523662
0	0.1013715484	0.8099535989	0.0886748527
1	0.7320902130	0.0004686372	0.2674411498
0	0.4892976101	0.0240982255	0.4866041644
0	0.0187940736	0.8197082306	0.1614976957
0	0.9117688495	0.0113915244	0.0768396261
1	0.0753901804	0.1149556380	0.8096541816
0	0.9239036389	0.0414379975	0.0346583636
0	0.2572518752	0.1874312101	0.5553169147
0	1.0000000000	0.0000000000	0.0000000000
0	0.0038917224	0.0017086018	0.9943996758
1	0.2235455905	0.6297285916	0.1467258178
0	0.5146430306	0.3155084470	0.1698485224
0	0.0527148637	0.0063325197	0.9409526166
0	0.4820193390	0.4906173390	0.0273633220
1	0.0310929633	0.0008536149	0.9680534218
0	0.6318970151	0.3132073477	0.0548956372
0	0.4078447797	0.5420880502	0.0500671701
1	0.1485483819	0.3220533798	0.5293982383
0	0.1834483345	0.3776626227	0.4388890428
0	0.1114046143	0.8555540960	0.0330412897
0	0.5259725526	0.0034345849	0.4705928626
0	0.8705128717	0.1127871924	0.0166999359
0	0.8038380314	0.0000000000	0.1961619686
0	0.0387646168	0.5588119904	0.4024233928
1	0.9196937084	0.0752133917	0.0050929000
0	0.0137967997	0.9849862728	0.0012169275
1	0.9507443565	0.0445610199	0.0046946236
0	0.0742265143	0.2572085044	0.6685649813
0	0.0107159598	0.3234377827	0.6658462575
0	0.6095820533	0.0534368458	0.3369811009
0	0.2454434875	0.3803182690	0.3742382434
0	0.8410335845	0.0495809751	0.1093854404
0	0.0422756668	0.9577205404	0.0000037928
0	0.2124080492	0.3995514768	0.3880404740
0	0.0541999698	0.6485834396	0.2972165906
0	0.0003995675	0.6856645555	0.3139358769
0	0.0826565095	0.3375180997	0.5798253909
0	0.0329466161	0.2324366007	0.7346167832
0	0.8607599597	0.1370657969	0.0021742434
0	0.7610021621	0.2180092366	0.0209886013
0	0.1733789076	0.7179944784	0.1086266141
1	0.4507206493	0.0000002346	0.5492791161
1	0.3535901755	0.1398233326	0.5065864919
0	0.0435986248	0.1079522875	0.8484490877
0	0.0048162458	0.9728176627	0.0223660915
0	0.4626863715	0.5162048867	0.0211087418
0	0.0830578239	0.8098211910	0.1071209851
0	0.2869410212	0.0040810146	0.7089779642
1	0.9063957354	0.0001833427	0.0934209219
0	0.6606591760	0.0529621970	0.2863786270
0	0.0452597887	0.5042137896	0.4505264217
0	0.1117103188	0.0745474052	0.8137422760
1	0.7021484938	0.0000000000	0.2978515062
0	0.0000490874	0.0015609343	0.9983899783
0	0.9336014957	0.0000077529	0.0663907514
1	0.0745797440	0.0000000000	0.9254202560
1	0.2271392654	0.7587003576	0.0141603770
0	0.8495631243	0.0990369309	0.0513999448
1	0.0718122796	0.6161898347	0.3119978857
0	0.2405627095	0.6212145932	0.1382226974
0	0.0499222011	0.8354229663	0.1146548326
1	0.8909751373	0.0823503879	0.0266744749
0	0.1134290775	0.8704515341	0.0161193884
0	0.0000251622	0.9958484212	0.0041264166
0	0.0176393116	0.0119025835	0.9704581049
0	0.8475113299	0.1518084761	0.0006801940
0	0.3785407014	0.4229107733	0.1985485254
0	0.0016764793	0.9827874074	0.0155361133
0	0.1509968889	0.0306187163	0.8183843948
1	0.9883641427	0.0009058757	0.0107299815
0	0.6191345463	0.3768095024	0.0040559513
0	0.0213292493	0.2579625397	0.7207082110
0	0.6966901150	0.0208122622	0.2824976228
1	0.1968369180	0.0000000262	0.8031630558
0	0.0000102468	0.1849835369	0.8150062163
0	0.0045859060	0.0019876502	0.9934264438
0	0.1395721399	0.2377362298	0.6226916303
1	0.1126051247	0.0665591030	0.8208357722
0	0.1466811463	0.0012792059	0.8520396478
0	0.4924133203	0.5075446573	0.0000420224
0	0.0000000259	0.0000000002	0.9999999739
0	0.0097142790	0.1098800449	0.8804056760
