1	0.5781426410	0.1122928109	0.3095645481
1	0.7992049810	0.0563201746	0.1444748444
0	0.6606921657	0.0000000516	0.3393077827
0	0.2021531827	0.1459190416	0.6519277757
0	0.7207760992	0.0669906137	0.2122332871
0	0.7331494434	0.0438202617	0.2230302949
1	0.7967594503	0.2029873140	0.0002532357
0	0.0000621266	0.0000001391	0.9999377343
0	0.5150168986	0.0092028751	0.4757802263
1	0.2701676206	0.0019564802	0.7278758992
0	0.0914194154	0.3750103458	0.5335702389
0	0.9999486353	0.0000000000	0.0000513647
0	0.7555697342	0.0852273168	0.1592029490
1	0.7239529478	0.0000000009	0.2760470513
0	1.0000000000	0.0000000000	0.0000000000
0	0.6550509702	0.0623049976	0.2826440321
0	0.2457486305	0.0000117077	0.7542396618
0	0.1636051661	0.7251965314	0.1111983025
0	0.0764684016	0.1118559314	0.8116756670
1	0.9403632664	0.0000009711	0.0596357625
1	0.5396930475	0.4600908312	0.0002161213
0	0.8414915029	0.1504343849	0.0080741122
0	0.9584715794	0.0292573286	0.0122710920
1	0.0229951674	0.9750625305	0.0019423021
0	0.0046631625	0.0000010359	0.9953358016
0	0.8392351662	0.0106896873	0.1500751465
0	0.1720812195	0.0000039815	0.8279147990
0	0.1183089404	0.0047387315	0.8769523282
1	0.9999519650	0.0000000000	0.0000480350
1	0.7411866034	0.0000000015	0.2588133951
1	0.0786761557	0.0000164191	0.9213074252
0	0.8282381131	0.1717511109	0.0000107760
0	0.9377938832	0.0043134239	0.0578926929
0	0.3226018403	0.0098984481	0.6674997116
0	0.3937453431	0.1842927926	0.4219618643
0	0.8138850120	0.0065434680	0.1795715200
0	0.1389357174	0.0004576834	0.8606065992
0	0.2624233692	0.6037014577	0.1338751732
0	0.1353014051	0.0008339572	0.8638646377
0	0.3763128186	0.4739051339	0.1497820475
0	0.0309818968	0.9690181032	0.0000000000
0	0.0043303106	0.9956660076	0.0000036818
0	0.2385496525	0.0000357959	0.7614145516
1	0.3068131895	0.6925069162	0.0006798943
0	0.9997456655	0.0002543345	0.0000000000
0	0.3897675024	0.6102324927	0.0000000049
0	0.7765540674	0.2212483305	0.0021976021
1	0.9903351325	0.0028789502	0.0067859173
1	0.6072415998	0.2738370132	0.1189213870
0	0.4726017715	0.4819721154	0.0454261130
0	0.1055394340	0.3228107761	0.5716497898
0	0.5354803284	0.0125311754	0.4519884962
1	0.7785968167	0.0565150414	0.1648881419
0	0.4417564874	0.0000000000	0.5582435125
0	0.9765651740	0.0000000000	0.0234348260
0	0.2210238524	0.0590855715	0.7198905761
0	0.9525651481	0.0457726207	0.0016622311
0	0.7345936812	0.2423842770	0.0230220418
0	0.8399747373	0.0001087836	0.1599164792
0	0.9695807307	0.0266091765	0.0038100928
0	0.0004670855	0.0004764542	0.9990564603
0	0.7430684417	0.0000000000	0.2569315583
1	0.7879851701	0.2114895868	0.0005252431
0	0.1743638592	0.7113193855	0.1143167553
0	0.7034027228	0.1820984792	0.1144987980
0	0.9999945318	0.0000000007	0.0000054675
0	0.0000829550	0.4849255249	0.5149915200
1	0.5739441534	0.3411547272	0.0849011195
1	0.1515883511	0.2815904452	0.5668212037
0	0.1319834946	0.0000438526	0.8679726528
0	0.9971587988	0.0000089598	0.0028322414
0	0.0131692241	0.1589411444	0.8278896314
0	0.6777395177	0.3209587375	0.0013017448
0	0.5932249463	0.3838294945	0.0229455592
0	0.9481385648	0.0125827040	0.0392787311
0	0.0523547070	0.0011215931	0.9465237000
0	0.7554036384	0.0779390443	0.1666573173
0	0.9994685151	0.0005314849	0.0000000000
0	0.6073393270	0.3926605473	0.0000001258
0	0.1326117505	0.0004416016	0.8669466479
0	0.9178786332	0.0006040454	0.0815173213
0	0.9625880597	0.0373980955	0.0000138448
0	0.2414911501	0.0413142897	0.7171945602
0	0.5491059020	0.2042851285	0.2466089695
0	0.0415173727	0.9561408495	0.0023417778
0	0.2803805635	0.7196182645	0.0000011720
0	0.6557023538	0.0094167844	0.3348808618
0	0.8059566680	0.1882135784	0.0058297536
0	0.1904822058	0.8095177748	0.0000000194
0	0.8885586080	0.1110101552	0.0004312368
0	0.0028774943	0.2579124460	0.7392100597
1	0.0789269548	0.6473778058	0.2736952394
0	0.3256207404	0.1007834512	0.5735958084
0	0.0524449778	0.0234526748	0.9241023474
1	0.1194210049	0.8752755272	0.0053034680
0	0.3146864615	0.6852996018	0.0000139367
0	0.0316938710	0.9211210888	0.0471850402
0	0.9999999894	0.0000000000	0.0000000106
0	0.7063560073	0.1724915221	0.1211524706
0	0.0000006537	0.7985241583	0.2014751879
0	0.9251105170	0.0000000001	0.0748894829
0	0.9787787474	0.0143279778	0.0068932749
0	0.4285218016	0.0423183215	0.5291598769
0	0.0824779760	0.4864262381	0.4310957858
0	0.7855190740	0.0134129045	0.2010680215
0	0.9607173508	0.0016454087	0.0376372404
0	0.9283806933	0.0012612275	0.0703580792
0	0.9805053852	0.0099049935	0.0095896212
1	0.1258778799	0.0289651450	0.8451569751
0	0.0094113835	0.9244921298	0.0660964866
0	0.7041168709	0.0000000002	0.2958831289
0	0.0000000000	0.0000000000	1.0000000000
0	0.0733286522	0.8843663273	0.0423050205
0	0.4875532748	0.0002399585	0.5122067667
0	0.3119265967	0.6503311599	0.0377422434
0	0.0053412846	0.9946587154	0.0000000000
0	0.5824343692	0.4175656308	0.0000000000
0	0.3130080077	0.0042735996	0.6827183928
1	0.3789561869	0.5864821493	0.0345616638
0	0.9995137044	0.0001391110	0.0003471847
0	0.7873683395	0.2112893694	0.0013422911
2	0.1426335130	0.8261619359	0.0312045511
0	0.9789134579	0.0198237305	0.0012628116
0	0.9012357588	0.0000006143	0.0987636269
0	0.2356055970	0.0548949637	0.7094994393
0	0.9623365774	0.0336893443	0.0039740783
0	0.9976943918	0.0020465834	0.0002590248
0	0.9873271851	0.0000000000	0.0126728149
0	0.6664252369	0.0367193568	0.2968554062
0	0.1667894049	0.7405665218	0.0926440733
0	0.9578985316	0.0336968484	0.0084046201
0	0.4675675990	0.0000000005	0.5324324005
0	0.3875552731	0.4276632551	0.1847814718
0	0.6152017804	0.3847982196	0.0000000000
1	0.1455733776	0.7440675831	0.1103590393
0	0.9999997105	0.0000002895	0.0000000000
0	0.0846947504	0.0273359914	0.8879692583
0	0.0000955593	0.1818776258	0.8180268149
1	0.0073118000	0.9926500565	0.0000381434
0	0.0003248758	0.7119081096	0.2877670146
0	0.2169222839	0.0184019135	0.7646758026
1	0.8003647585	0.1996352415	0.0000000000
0	0.9328534771	0.0075771364	0.0595693865
1	0.2677658091	0.0000005924	0.7322335985
0	0.5754709052	0.0000000000	0.4245290948
0	0.8910621325	0.1073465000	0.0015913675
0	0.9960699952	0.0000047120	0.0039252928
0	0.2253285734	0.7089580340	0.0657133926
0	0.1882022509	0.0004616784	0.8113360706
0	0.9583039979	0.0416946927	0.0000013093
0	0.8498820731	0.0000000009	0.1501179260
0	0.9999946692	0.0000000000	0.0000053308
0	0.2820030368	0.1319992425	0.5859977208
0	0.4728695938	0.1756799345	0.3514504717
0	0.7705510187	0.0990547549	0.1303942264
1	0.0145564450	0.1423318399	0.8431117151
0	0.0000015088	0.1967420370	0.8032564541
0	0.3107807649	0.3820141141	0.3072051210
0	0.0695692916	0.0554153625	0.8750153459
0	0.8575686629	0.0120408304	0.1303905067
0	0.8126143905	0.0068795353	0.1805060742
0	0.8803160165	0.0106126401	0.1090713434
0	0.0490474891	0.4046383389	0.5463141720
0	0.0087796192	0.2354372484	0.7557831324
0	0.9715740670	0.0283166182	0.0001093147
0	0.9831809222	0.0025240741	0.0142950037
0	0.4964094972	0.0023127244	0.5012777783
0	0.3910410001	0.1153622082	0.4935967918
0	0.9469476798	0.0000009534	0.0530513668
0	0.0304706020	0.1266206492	0.8429087488
0	0.5123772708	0.4274660235	0.0601567057
0	0.8008390780	0.0792850795	0.1198758425
0	0.5959973477	0.0042771339	0.3997255184
0	0.7810040988	0.0403187334	0.1786771678
0	0.9921834359	0.0078165245	0.0000000395
1	0.3230335600	0.6745504953	0.0024159447
1	0.1386053966	0.8289269219	0.0324676816
0	0.6039023332	0.2707258751	0.1253717917
0	0.0494714815	0.0061285222	0.9443999963
0	0.6602743734	0.0126822009	0.3270434258
0	0.0370448873	0.9629551121	0.0000000006
0	0.7318960227	0.0027865851	0.2653173922
1	0.9803802757	0.0000023941	0.0196173302
0	0.7030490527	0.0000000006	0.2969509467
0	0.8431342400	0.0125319136	0.1443338464
0	0.9566364146	0.0433627559	0.0000008295
0	0.0679763125	0.0791142295	0.8529094580
1	0.6895662851	0.1067949260	0.2036387889
1	0.9909837728	0.0088222341	0.0001939932
0	0.0001083500	0.0128813066	0.9870103433
0	0.0022969573	0.0001355105	0.9975675323
0	0.1190262013	0.8623645165	0.0186092822
1	0.7031775330	0.2539190290	0.0429034380
0	0.9999329782	0.0000670218	0.0000000000
0	0.0359744793	0.8723216714	0.0917038492
0	0.0574840885	0.9285798624	0.0139360491
0	0.7977654891	0.1113533156	0.0908811953
0	0.0014705038	0.8200035111	0.1785259851
0	0.9616957385	0.0106929242	0.0276113373
0	0.7728405474	0.0011876314	0.2259718212
0	0.0661842967	0.0036715926	0.9301441107
0	0.9847434358	0.0151594572	0.0000971069
0	0.0634749590	0.9364633569	0.0000616842
0	0.3077693765	0.0213385865	0.6708920370
0	0.9313497815	0.0005268075	0.0681234110
0	0.1855043071	0.0587100576	0.7557856353
0	0.0635327399	0.0014060232	0.9350612369
0	0.1931860275	0.8068139725	0.0000000000
0	0.7123363109	0.0599468893	0.2277167998
0	0.0092953300	0.9907046700	0.0000000000
0	0.7523880376	0.2476119624	0.0000000000
0	0.9494144002	0.0004545687	0.0501310311
0	0.8418399375	0.1514743323	0.0066857302
0	0.5293183462	0.3851636608	0.0855179930
0	0.9313575141	0.0309237460	0.0377187398
0	0.6515802000	0.3376754071	0.0107443929
0	1.0000000000	0.0000000000	0.0000000000
0	0.2201468499	0.3600836154	0.4197695347
0	0.8918866145	0.0247165813	0.0833968043
1	0.1482186598	0.0006082868	0.8511730535
0	0.0000046864	0.7529070163	0.2470882973
0	0.2901340502	0.0478630770	0.6620028728
0	0.1207818773	0.3500649267	0.5291531961
0	0.2184210337	0.0828345044	0.6987444619
0	0.1148351125	0.0000020906	0.8851627969
0	0.6398523109	0.3358397412	0.0243079479
0	0.9638618235	0.0020811103	0.0340570662
0	0.7082764424	0.2238828516	0.0678407060
0	0.0619145464	0.9148826239	0.0232028297
0	0.1118983665	0.0440733126	0.8440283209
0	0.0083519843	0.0000000002	0.9916480156
2	0.7393298118	0.2322095079	0.0284606803
0	0.2707652210	0.0000304809	0.7292042981
0	0.2273602155	0.0026328020	0.7700069825
0	0.0493754293	0.9379778055	0.0126467652
1	0.9114858623	0.0402478054	0.0482663323
1	0.8559206629	0.0021658069	0.1419135302
0	0.1258645145	0.2338105181	0.6403249674
0	0.5939441485	0.0000000000	0.4060558515
0	0.1230251911	0.0000000000	0.8769748089
0	0.6724066356	0.3274305282	0.0001628361
0	0.1535586299	0.0080868420	0.8383545281
1	0.7468302064	0.0132654538	0.2399043398
0	0.9944987485	0.0000000000	0.0055012515
0	0.4765998852	0.0041363911	0.5192637237
0	0.1468498079	0.0435103522	0.8096398399
0	0.6000331079	0.0000000012	0.3999668909
0	0.1676752633	0.0206902451	0.8116344917
0	0.9998722929	0.0001019285	0.0000257786
0	0.0421557622	0.7130278438	0.2448163941
0	0.9972534984	0.0005124580	0.0022340436
0	0.2184955150	0.0504685048	0.7310359802
0	0.0116405250	0.0049682414	0.9833912336
0	0.0012135662	0.5029398352	0.4958465986
0	0.8203056330	0.0003646545	0.1793297125
1	0.4544454834	0.4081107828	0.1374437338
0	0.0171041796	0.7585824475	0.2243133729
0	0.9521505364	0.0000000518	0.0478494118
0	0.8936154123	0.1012337072	0.0051508805
0	0.0679334338	0.0459778323	0.8860887339
0	0.1689510399	0.2736775929	0.5573713672
0	0.6205970925	0.0000707992	0.3793321083
1	0.2533731540	0.7215644570	0.0250623890
0	0.8355818821	0.0000000000	0.1644181179
1	0.0000000000	0.0069716180	0.9930283820
0	0.1498046000	0.6407172631	0.2094781369
0	0.6699586562	0.0000000001	0.3300413437
1	0.9452394575	0.0000162548	0.0547442877
0	0.0105709965	0.9894263937	0.0000026098
1	0.0875958508	0.2283791952	0.6840249540
0	0.0884204032	0.5932798045	0.3182997922
1	0.9526410100	0.0000000000	0.0473589899
0	0.3725344039	0.1035674951	0.5238981010
0	0.2911016517	0.7087543133	0.0001440350
1	0.3593667437	0.0307454058	0.6098878505
0	0.2034157888	0.3160984775	0.4804857337
0	0.8232670895	0.0329503854	0.1437825251
0	0.7120474552	0.0008316465	0.2871208983
1	0.0847761415	0.0000000000	0.9152238585
0	0.9147876726	0.0000593075	0.0851530199
0	0.1700120417	0.0193469838	0.8106409745
0	0.4900683901	0.5099316099	0.0000000000
0	0.9422997097	0.0533246064	0.0043756839
0	0.8787865004	0.0127695266	0.1084439730
0	0.2089181355	0.0000000157	0.7910818487
1	0.5724145394	0.0299628940	0.3976225665
0	0.0421396002	0.9266481971	0.0312122027
0	0.8360215420	0.1235527340	0.0404257240
0	0.1854270371	0.0738651495	0.7407078134
0	0.7128029177	0.2871948502	0.0000022321
0	0.1693998221	0.5118159400	0.3187842379
0	0.0947086444	0.0094537600	0.8958375956
0	0.4764775186	0.0000001999	0.5235222815
0	0.0000374688	0.1608129396	0.8391495916
0	0.9200772960	0.0608515509	0.0190711531
0	0.4414579957	0.0000000000	0.5585420043
0	0.3285923438	0.0221527637	0.6492548925
1	0.0732771756	0.0010024602	0.9257203641
0	0.4992576292	0.1278353414	0.3729070294
0	0.1625779175	0.6945494602	0.1428726223
0	0.5045737873	0.1509755059	0.3444507068
0	0.4157714428	0.4504415061	0.1337870511
1	0.2350190257	0.6312963698	0.1336846044
0	0.8289665382	0.1559555652	0.0150778966
0	0.0000000000	0.0036473799	0.9963526201
0	0.2641484361	0.7345088970	0.0013426668
0	0.5940361025	0.0086641395	0.3972997580
0	0.0103860178	0.0605701405	0.9290438417
0	0.1798157490	0.4343122371	0.3858720139
0	0.0954727501	0.0005445206	0.9039827292
1	0.1980337582	0.0768704278	0.7250958140
0	0.7563083314	0.0123200151	0.2313716535
0	0.0000708682	0.9999291316	0.0000000002
0	0.0022419176	0.0206234853	0.9771345972
0	0.1350205321	0.0000000000	0.8649794679
0	0.9486791351	0.0512824213	0.0000384436
0	0.2053061203	0.0054744620	0.7892194177
0	0.0181231792	0.0228239129	0.9590529079
0	0.0023568665	0.8657066592	0.1319364743
0	0.1407817826	0.6314226003	0.2277956171
0	0.9114479733	0.0885374816	0.0000145450
0	0.9999677832	0.0000000000	0.0000322168
0	0.5465812063	0.3626446914	0.0907741023
0	0.9962502179	0.0017071026	0.0020426795
0	0.7676909791	0.0971721201	0.1351369008
0	0.5793390146	0.0004753309	0.4201856545
1	0.3126465252	0.6821256491	0.0052278257
0	0.9998010884	0.0001989090	0.0000000026
0	0.0581833680	0.9396457276	0.0021709044
0	0.7568418856	0.2046189234	0.0385391910
0	0.0510530379	0.9219979983	0.0269489638
1	0.1428398044	0.0000000000	0.8571601956
0	0.5691617922	0.0000000000	0.4308382078
1	0.4301438247	0.0040934574	0.5657627179
0	0.1190843320	0.5946441427	0.2862715253
0	0.9057152096	0.0497677947	0.0445169957
0	0.9725914314	0.0010413276	0.0263672410
0	0.9348528323	0.0651470550	0.0000001127
0	0.0827670666	0.0002564354	0.9169764980
0	0.8227544192	0.0485043132	0.1287412676
0	0.8765298231	0.0933446939	0.0301254831
0	0.5901018617	0.3376362856	0.0722618527
1	0.9080067450	0.0905526105	0.0014406445
0	0.5191243165	0.4504292256	0.0304464579
0	0.9320748348	0.0048913907	0.0630337745
0	0.3033390591	0.4592776649	0.2373832760
0	0.9910188187	0.0028333153	0.0061478660
0	0.1762109191	0.2194828929	0.6043061880
0	0.7246302969	0.0000000000	0.2753697031
0	0.0000000000	0.9769806751	0.0230193249
0	0.9985944959	0.0013691071	0.0000363970
0	0.1678228360	0.4569239962	0.3752531678
0	0.4886709515	0.0341912577	0.4771377908
0	0.7858317467	0.0596627136	0.1545055397
1	0.9408638171	0.0000000001	0.0591361828
0	0.0089922202	0.8413728491	0.1496349307
0	0.9638357443	0.0007457859	0.0354184698
0	0.1991572926	0.8005995211	0.0002431863
1	0.1202195455	0.5084708339	0.3713096205
0	0.9999564181	0.0000386834	0.0000048985
1	0.9709370855	0.0001949696	0.0288679448
0	0.9999999945	0.0000000055	0.0000000000
0	0.0573134632	0.0000000000	0.9426865368
0	0.3991779996	0.6008198365	0.0000021639
0	0.9912016469	0.0000000000	0.0087983531
0	0.7172924938	0.1282713349	0.1544361713
0	0.5081529954	0.0000163812	0.4918306234
0	0.9357354071	0.0066305452	0.0576340477
0	0.2275759557	0.7724240423	0.0000000020
0	0.1137985851	0.8862014096	0.0000000053
0	0.9999714731	0.0000285267	0.0000000002
0	0.9430455779	0.0566711098	0.0002833123
0	0.3549112024	0.0626083440	0.5824804536
0	0.4653290660	0.0030539043	0.5316170297
0	0.8819846662	0.0346568663	0.0833584674
1	0.8742544690	0.0738405225	0.0519050085
1	0.0096736304	0.0191766892	0.9711496804
1	0.2311001917	0.3607343947	0.4081654136
1	0.0440354307	0.0473141651	0.9086504043
0	0.0379801340	0.0788006810	0.8832191851
0	0.2864049290	0.0540313146	0.6595637565
1	0.2420543082	0.4307085482	0.3272371436
1	0.9828170280	0.0000000000	0.0171829720
0	0.0614966997	0.0002116081	0.9382916922
1	0.8391481876	0.1515691805	0.0092826319
0	0.3684848311	0.6261225346	0.0053926343
0	0.0296898623	0.8168446365	0.1534655013
0	0.2856755493	0.5494458240	0.1648786268
0	0.9108014166	0.0000000000	0.0891985834
0	0.9838189355	0.0000080384	0.0161730261
0	0.6483291351	0.0945440223	0.2571268425
0	0.7920387560	0.0066417297	0.2013195143
0	0.7837579327	0.0373846321	0.1788574352
0	0.2165656490	0.7829806396	0.0004537114
0	0.4080619732	0.4333643402	0.1585736866
1	0.3206929664	0.0002301531	0.6790768804
0	0.2370463650	0.0000294261	0.7629242089
1	0.6552928342	0.0796071597	0.2651000061
1	0.4657125788	0.0000000000	0.5342874212
0	0.0546431029	0.1521926333	0.7931642638
1	0.6735622617	0.0000034519	0.3264342865
0	0.0307321395	0.2789286247	0.6903392358
0	0.4418220646	0.2423796900	0.3157982454
1	0.2793605789	0.0762159390	0.6444234822
0	0.4880681956	0.0003401407	0.5115916637
0	0.9804490378	0.0029270827	0.0166238795
0	0.7558531651	0.0003000338	0.2438468011
0	0.4788374342	0.0848955609	0.4362670049
0	0.9635987727	0.0020897850	0.0343114424
0	0.9995913199	0.0004079719	0.0000007082
1	0.7352798817	0.0000002063	0.2647199121
0	0.4917914508	0.1754896158	0.3327189334
0	0.2244927409	0.1542318222	0.6212754368
0	0.0020117479	0.8196525296	0.1783357225
0	0.9957233613	0.0000410220	0.0042356167
0	0.3852953086	0.0035505866	0.6111541048
0	0.5692532857	0.0000000001	0.4307467142
0	0.5305283377	0.1576870679	0.3117845944
0	0.0000000226	0.3794193491	0.6205806283
0	0.4551691898	0.2837378366	0.2610929736
0	0.9999982152	0.0000017821	0.0000000026
0	0.0012923536	0.0678959673	0.9308116791
0	0.1160696214	0.5700657736	0.3138646050
0	0.9369204360	0.0000607812	0.0630187828
0	0.4232431765	0.0962754632	0.4804813602
1	0.1086250233	0.1637106916	0.7276642851
0	0.9192682917	0.0000000000	0.0807317083
0	0.2772945472	0.0013419591	0.7213634937
0	0.0184878674	0.0883491439	0.8931629887
0	0.9784225111	0.0039215878	0.0176559012
1	0.0000000001	0.5752315600	0.4247684399
0	0.0006158577	0.3547128480	0.6446712942
0	0.0022103275	0.2227932214	0.7749964511
0	0.9236940326	0.0655877238	0.0107182436
0	0.0015356021	0.9910671010	0.0073972969
0	0.3589765360	0.0939123488	0.5471111152
0	0.6352323549	0.3330526082	0.0317150369
1	0.0000036877	0.3013648696	0.6986314427
1	0.1390549171	0.6095475928	0.2513974901
0	0.8715120228	0.1284806461	0.0000073311
0	0.0912435946	0.3828809766	0.5258754288
0	0.9792136113	0.0207863887	0.0000000000
0	0.5672905966	0.0000003523	0.4327090511
1	0.7767494989	0.2232413392	0.0000091619
0	0.1380883521	0.1311597621	0.7307518858
0	0.3166334440	0.6261059836	0.0572605724
0	0.3830282938	0.6167264150	0.0002452912
0	0.7869474015	0.0789547858	0.1340978127
0	0.0646157231	0.0000000000	0.9353842769
0	0.2148939095	0.0001303710	0.7849757195
0	0.7866869720	0.0003364922	0.2129765358
0	0.7745367933	0.0010962010	0.2243670057
0	0.5100253780	0.4899686208	0.0000060012
1	0.9515604983	0.0010287709	0.0474107309
1	0.2493058171	0.0042200484	0.7464741345
0	0.9999997738	0.0000000000	0.0000002262
0	0.2560282990	0.0628897957	0.6810819053
0	0.9984822130	0.0000000534	0.0015177336
0	0.2924397101	0.0359500927	0.6716101972
1	0.9846586793	0.0118341589	0.0035071618
2	0.2605801305	0.6622018633	0.0772180062
0	0.9989814876	0.0004623180	0.0005561943
0	0.7571646419	0.0000531554	0.2427822027
0	0.5063876501	0.1921795194	0.3014328305
1	0.6480108498	0.3404034854	0.0115856648
0	0.9981683846	0.0017897000	0.0000419153
0	0.1345925772	0.7825335998	0.0828738229
0	0.9989852015	0.0000029572	0.0010118413
0	0.4122556836	0.0038362851	0.5839080313
0	0.0952343877	0.1363861515	0.7683794608
0	0.9894169145	0.0000012368	0.0105818487
0	0.8675255671	0.1316046238	0.0008698091
0	0.9315162554	0.0639166597	0.0045670849
0	0.0001859495	0.0066140782	0.9931999724
0	0.1819603149	0.0284265207	0.7896131643
0	0.8988318451	0.0037207229	0.0974474320
0	0.0092444622	0.0000630601	0.9906924776
0	0.9658950514	0.0014139286	0.0326910200
0	0.0015267288	0.2050179892	0.7934552820
0	0.0136166736	0.0025514049	0.9838319215
0	0.9766274109	0.0233725887	0.0000000004
0	0.0000000000	0.0000000000	1.0000000000
0	0.0001317261	0.9998682739	0.0000000000
0	0.1548951718	0.0594711660	0.7856336622
0	0.0532526058	0.0000000009	0.9467473933
0	0.1277384303	0.0000039793	0.8722575904
0	0.2668011887	0.2585280393	0.4746707720
0	0.0325125669	0.1127429185	0.8547445146
1	0.0731321642	0.4763758760	0.4504919598
0	0.0813540998	0.0207994880	0.8978464122
0	0.5297358433	0.0000011199	0.4702630368
1	0.8722377941	0.1277622014	0.0000000045
0	0.9807703538	0.0000019546	0.0192276916
0	0.9794238558	0.0000000003	0.0205761439
1	0.4453855003	0.1507241864	0.4038903132
0	0.9458220863	0.0117666505	0.0424112632
0	0.0000464148	0.0010928725	0.9988607127
0	0.7633203448	0.2361426125	0.0005370427
0	0.8819723505	0.0951005297	0.0229271198
0	0.9855119208	0.0143161379	0.0001719413
