0	0.0005914412	0.2430263471	0.2648912325	0.0146305581	0.4768604210
0	0.0095626760	0.0028111402	0.0006440808	0.0000014419	0.9869806610
0	0.0003227921	0.0094118353	0.0000000000	0.0063239966	0.9839413760
1	0.5778011465	0.3411850136	0.0000000000	0.0001790455	0.0808347945
0	0.9135994537	0.0846154891	0.0006014398	0.0001767296	0.0010068878
0	0.0939614064	0.0901273105	0.1322510721	0.6803151277	0.0033450832
0	0.0016056686	0.0750539382	0.0012964594	0.0043359796	0.9177079543
0	0.4078086896	0.1275918320	0.3531425455	0.1047405362	0.0067163966
0	0.1122303720	0.0000000040	0.1523340461	0.0707683311	0.6646672467
0	0.3482532895	0.4803435052	0.0000000000	0.0897098405	0.0816933648
0	0.0000000000	0.1699365454	0.6280456327	0.0001395922	0.2018782298
0	0.0016951472	0.0000000000	0.0448318466	0.1054477349	0.8480252713
0	0.0965790305	0.1686435153	0.3498287561	0.2343710032	0.1505776949
0	0.0298134049	0.9634435509	0.0005935354	0.0000000000	0.0061495088
0	0.2978590700	0.0391006724	0.1203385936	0.2779982521	0.2647034118
0	0.0000228763	0.9207630696	0.0414960918	0.0005155092	0.0372024531
0	0.0395952331	0.5666056510	0.1647470350	0.1468489006	0.0822031803
0	0.0000000000	0.0347574443	0.0826145630	0.8791419979	0.0034859947
0	0.0000004667	0.7362094163	0.0008233253	0.0084672616	0.2544995302
0	0.0183494758	0.0040228433	0.0248150173	0.5733719678	0.3794406957
0	0.1527831397	0.1644159743	0.0157733620	0.0044829329	0.6625445912
0	0.0066066124	0.5020483007	0.0000000864	0.1028885646	0.3884564359
0	0.0000000025	0.1584930891	0.0334866958	0.2791685537	0.5288516589
0	0.0000000000	0.2831939270	0.0000000000	0.2000703403	0.5167357327
0	0.1712340866	0.4760904026	0.0000000000	0.3362873012	0.0163882095
0	0.0000000000	0.8560452669	0.0134782895	0.0006302788	0.1298461647
0	0.0003088000	0.0400461067	0.0924760829	0.5036076491	0.3635613613
0	0.1116741507	0.5579289028	0.0051444304	0.0000088068	0.3252437094
0	0.3801810750	0.3292143736	0.0110386107	0.1557997545	0.1237661862
0	0.0882673455	0.5690602368	0.0143391770	0.3154929526	0.0128402882
0	0.0016673403	0.0236158169	0.0954679215	0.0081091155	0.8711398058
0	0.0259399236	0.0056689180	0.0000884792	0.8689583300	0.0993443492
0	0.2422214287	0.0000560349	0.0009924692	0.2094744200	0.5472556471
0	0.0000771286	0.0071043526	0.5126100736	0.3731555568	0.1070528884
0	0.0634163920	0.2785523268	0.4867139793	0.1526722921	0.0186450098
0	0.0520188045	0.5417515800	0.0203240299	0.0619211690	0.3239844166
1	0.0000000000	0.9736124936	0.0000623630	0.0000072646	0.0263178789
0	0.0269069296	0.4965402868	0.0599563500	0.3079135121	0.1086829215
0	0.6365694395	0.2530684727	0.0019917784	0.0006540870	0.1077162224
0	0.0015635242	0.9727644426	0.0000038058	0.0245428522	0.0011253753
1	0.5896311574	0.1116888166	0.2228888077	0.0559598113	0.0198314071
1	0.1573944807	0.7322009548	0.0085059087	0.0002622246	0.1016364312
0	0.0001665698	0.3761775549	0.1007330812	0.0000000000	0.5229227941
0	0.5939385741	0.0158590659	0.3901699902	0.0000000000	0.0000323697
0	0.0004862970	0.0016542321	0.0076475246	0.0546142812	0.9355976652
1	0.0004541782	0.3770991098	0.0016982413	0.0306943993	0.5900540714
0	0.0087947295	0.2967768435	0.3027337131	0.0011651653	0.3905295486
0	0.1547690821	0.0478184315	0.0000000000	0.0000000000	0.7974124864
0	0.0282029060	0.4956613869	0.1200520296	0.3135566439	0.0425270337
0	0.7666037511	0.1473965119	0.0361795845	0.0455322855	0.0042878669
0	0.0074323352	0.1076588306	0.0145033548	0.6735002296	0.1969052498
0	0.0069099863	0.0438342891	0.0716466007	0.8707517778	0.0068573461
0	0.0095828499	0.1332516798	0.0003126942	0.6654907131	0.1913620630
0	0.0481719082	0.2652513830	0.0004821868	0.0258441887	0.6602503332
0	0.0000000000	0.2408076480	0.0371621489	0.4908000392	0.2312301639
0	0.0089974896	0.1016451142	0.8248210256	0.0546808467	0.0098555239
0	0.2546053725	0.7307209320	0.0146736955	0.0000000000	0.0000000000
0	0.0000000000	0.3279878066	0.0000000025	0.2083995994	0.4636125915
0	0.8679937563	0.0941117836	0.0000021637	0.0002756463	0.0376166502
0	0.0000000000	0.0440608597	0.7074227961	0.1003026402	0.1482137040
0	0.0030607195	0.0768523981	0.0000037529	0.6301190683	0.2899640613
0	0.1397236831	0.3596642227	0.0314350240	0.0106194556	0.4585576146
0	0.0897700967	0.0229229651	0.0171787066	0.4835964953	0.3865317363
0	0.0051682471	0.9240794733	0.0587244533	0.0012080717	0.0108197546
0	0.0041745555	0.2589054417	0.1836713332	0.1112351084	0.4420135613
0	0.0000047602	0.0587407649	0.0000000367	0.5671733917	0.3740810465
0	0.0054863960	0.0480015765	0.8709280875	0.0249419860	0.0506419540
1	0.0000000001	0.0552582409	0.0066066007	0.3721577478	0.5659774105
0	0.0000081419	0.8690658235	0.0000608793	0.0247913175	0.1060738379
0	0.0000000546	0.0000032875	0.3437901699	0.0000001490	0.6562063391
0	0.1719595956	0.4019219402	0.0588498290	0.0102803762	0.3569882590
0	0.0000000000	0.6951202687	0.0000000002	0.0000723652	0.3048073660
0	0.0062221973	0.0000002217	0.3812855714	0.1822772997	0.4302147100
0	0.0000000001	0.7103501035	0.0397860559	0.0003018981	0.2495619424
0	0.5699873654	0.0027348301	0.0028648377	0.0345455069	0.3898674599
0	0.0000243440	0.3772380115	0.0004581224	0.0981804766	0.5240990454
0	0.1944748780	0.2318303405	0.0000000000	0.4647661085	0.1089286730
1	0.0245126828	0.0000000405	0.0230985568	0.1425432142	0.8098455058
1	0.7376790718	0.0998777111	0.0940187088	0.0452213629	0.0232031454
0	0.3850584322	0.3164221453	0.0000000000	0.1060094234	0.1925099991
2	0.3766513638	0.0000788107	0.0000000000	0.0419794116	0.5812904139
0	0.5735821703	0.0129954150	0.1387360045	0.0185440114	0.2561423988
0	0.0009238157	0.8031461370	0.0000100775	0.0486001145	0.1473198553
0	0.0278142557	0.2133471237	0.0000197309	0.3293434087	0.4294754810
0	0.1384369419	0.0009448596	0.0170718749	0.0128108320	0.8307354915
0	0.0000033746	0.1774646317	0.8023451285	0.0013407842	0.0188460810
0	0.0914760809	0.1624238197	0.3271719760	0.1858095685	0.2331185549
0	0.1159184222	0.2231412121	0.0557390712	0.0866673318	0.5185339626
1	0.0000000001	0.1107748085	0.0000000020	0.0000000000	0.8892251895
0	0.0000014997	0.0549518042	0.8122156078	0.0016583829	0.1311727055
0	0.0326244559	0.0000019326	0.0805141206	0.0011535707	0.8857059202
0	0.0117443526	0.1040229884	0.0030650967	0.0242197849	0.8569477774
1	0.0286546025	0.0631496519	0.0000000001	0.5289868360	0.3792089096
0	0.0000000000	0.1835748069	0.0000031747	0.5977589527	0.2186630658
0	0.0000343663	0.5185784217	0.0110908570	0.0000010698	0.4702952852
0	0.0347564691	0.2113641675	0.0000000000	0.5476342364	0.2062451270
0	0.0061036379	0.9722883640	0.0000000000	0.0000527928	0.0215552053
0	0.0527922834	0.5960431576	0.0927086142	0.0000000000	0.2584559449
0	0.0000000000	0.0222197930	0.6886872314	0.1989880230	0.0901049526
0	0.0248875788	0.8948045314	0.0036551398	0.0471363737	0.0295163762
