0	0.0736581415	0.5138791182	0.0000000000	0.2627860236	0.1496767167
0	0.0000303092	0.0026342676	0.0006489554	0.2470724864	0.7496139815
0	0.3459862463	0.0418631677	0.0000000177	0.0465053988	0.5656451695
0	0.1146852381	0.6990738370	0.1014928038	0.0000000000	0.0847481211
1	0.0000005970	0.2391659619	0.0000007664	0.0009434555	0.7598892193
0	0.5910524172	0.0842758190	0.1251857368	0.0185839193	0.1809021077
0	0.0000000000	0.5067751647	0.0461958764	0.0000000001	0.4470289588
0	0.2983447460	0.0086922433	0.0241150072	0.0000376650	0.6688103385
0	0.0021631307	0.2064977906	0.1311281226	0.0161813156	0.6440296405
0	0.3922577155	0.4676976178	0.0644616892	0.0000004330	0.0755825445
0	0.0135207560	0.0007353442	0.0193834613	0.1156825805	0.8506778579
2	0.7202910732	0.1356092440	0.0512185304	0.0071553888	0.0857257637
0	0.0109738411	0.0000111330	0.0310383036	0.0006101621	0.9573665603
0	0.0000035349	0.7597579987	0.0474179885	0.0912551393	0.1015653385
0	0.0006533956	0.0021953009	0.0145567405	0.2105844511	0.7720101119
0	0.0501535289	0.8114524938	0.0011300050	0.0000000000	0.1372639722
0	0.0000000704	0.0101088749	0.9051959587	0.0000000092	0.0846950868
0	0.0000000000	0.5345991731	0.0000346695	0.0000000000	0.4653661575
0	0.0247264050	0.3114726556	0.1689603447	0.4948405898	0.0000000049
0	0.1076117982	0.4296672757	0.0016631975	0.0001637866	0.4608939420
0	0.0631146673	0.0271660580	0.4484657211	0.0000000000	0.4612535535
0	0.0105323611	0.0001029439	0.0091413175	0.0334920560	0.9467313215
0	0.0000000000	0.9917196196	0.0007764633	0.0074224974	0.0000814197
0	0.0004180981	0.0057651149	0.0000087398	0.0008140185	0.9929940287
1	0.0068102972	0.0300846534	0.0043105194	0.1080912067	0.8507033233
0	0.0343395339	0.1577996547	0.0070064649	0.0142419218	0.7866124248
0	0.0755531704	0.1343044697	0.5243324464	0.0000000411	0.2658098724
0	0.0540863748	0.1233665208	0.0000000000	0.0854767584	0.7370703461
1	0.2285538973	0.4302045082	0.0543176911	0.0049404859	0.2819834175
0	0.0000001344	0.5878551913	0.0162643762	0.2470100328	0.1488702653
0	0.1452069792	0.4239896007	0.0000418898	0.1252765113	0.3054850189
0	0.1577421206	0.0386801235	0.0066215075	0.5912131070	0.2057431414
0	0.0407862243	0.1938589847	0.1966046624	0.0603322457	0.5084178829
0	0.0010055524	0.7481240647	0.0000170405	0.0267832317	0.2240701106
0	0.0000000000	0.6078149873	0.0556103546	0.1520417124	0.1845329457
0	0.0000000057	0.3253777810	0.0208685042	0.1902539782	0.4634997308
0	0.1239904878	0.0645802277	0.4335428033	0.3721430072	0.0057434740
0	0.0194376931	0.2950603817	0.0006660919	0.0481058953	0.6367299380
0	0.0015393632	0.4907780661	0.0011105454	0.0380384617	0.4685335636
0	0.0229948377	0.0002275334	0.0085227863	0.1580689120	0.8101859306
0	0.0961043291	0.0930346850	0.7616861443	0.0000087337	0.0491661078
0	0.0281171483	0.1686640687	0.2735196562	0.4201667417	0.1095323852
1	0.1630160658	0.3428506673	0.0000698302	0.4428989573	0.0511644794
0	0.1416916872	0.0000112819	0.0000253612	0.0002643030	0.8580073668
0	0.0000000000	0.7356324933	0.0012000043	0.0470922549	0.2160752475
1	0.0731229856	0.0000848588	0.2627768768	0.0459991008	0.6180161780
0	0.0158011016	0.6032540019	0.0918221322	0.0302175314	0.2589052329
0	0.0000043869	0.1363086600	0.0424854262	0.6404894644	0.1807120626
0	0.3214545581	0.0012071170	0.0003359456	0.5480674904	0.1289348889
1	0.0033287669	0.3611042453	0.0001217516	0.0876339443	0.5478112918
0	0.0000000976	0.0011391215	0.0012401836	0.0000000000	0.9976205973
0	0.0300995877	0.0292794576	0.0128165213	0.2039937668	0.7238106667
1	0.0497687032	0.4724654083	0.4150352636	0.0627273573	0.0000032676
0	0.3607349250	0.2842575070	0.0335321386	0.0000000062	0.3214754232
0	0.0191877358	0.0000237527	0.0023103054	0.0026100678	0.9758681384
0	0.0000000000	0.0700853723	0.1555329103	0.5857221306	0.1886595868
1	0.0414178387	0.2072509146	0.0106423545	0.5449089490	0.1957799431
0	0.0000022737	0.4586622559	0.0086236147	0.2412350586	0.2914767971
0	0.0000305555	0.1906564772	0.0054037134	0.0053735402	0.7985357137
0	0.0000000000	0.3867765489	0.0077264330	0.6053911251	0.0001058930
0	0.1495588304	0.0056035887	0.0000000000	0.0000000006	0.8448375803
0	0.0575174844	0.1671330805	0.0000000000	0.3875006878	0.3878487473
0	0.0090386801	0.0273528550	0.1788345025	0.1865743206	0.5981996417
0	0.0002840386	0.1974174300	0.0000000206	0.0729428007	0.7293557101
0	0.0106789029	0.0029153513	0.0047835078	0.0805256594	0.9010965786
0	0.0006350798	0.8853843204	0.0000000210	0.0000004452	0.1139801336
0	0.0093302298	0.1593674399	0.0287760450	0.0003849739	0.8021413114
0	0.2510452483	0.0644076948	0.0344454436	0.6102642304	0.0398373829
0	0.0583248144	0.4119429020	0.0000000000	0.0344169963	0.4953152873
0	0.0000000000	0.0000000000	0.4425586359	0.0000941786	0.5573471855
1	0.0306847696	0.7477726265	0.0076709815	0.0001051553	0.2137664671
0	0.0443747392	0.0204212202	0.1582706306	0.0176782013	0.7592552088
0	0.0000000054	0.0039623347	0.3229504416	0.0372263346	0.6358608837
0	0.0011708032	0.0089592570	0.0372173294	0.0887068871	0.8639457233
1	0.0005760958	0.5473336988	0.0000000032	0.0278011096	0.4242890927
0	0.1562964885	0.0000000000	0.8347711252	0.0000460171	0.0088863692
0	0.5080241033	0.0166445479	0.3574067576	0.0027457749	0.1151788164
0	0.0024651555	0.2152370130	0.4969074135	0.0001539410	0.2852364769
0	0.0013405617	0.3122750180	0.2044131703	0.0130655933	0.4689056567
0	0.0006390911	0.0064818991	0.0033925885	0.0010917937	0.9883946276
0	0.0020110117	0.1440315923	0.1110212371	0.0421631262	0.7007730327
0	0.2759025413	0.1189638138	0.0058133645	0.5217692754	0.0775510050
1	0.1011602686	0.8684472257	0.0047750318	0.0109938519	0.0146236219
0	0.0000000016	0.0002308654	0.8388332544	0.0083287914	0.1526070871
0	0.1895264884	0.0577691315	0.6022835291	0.0758787461	0.0745421048
0	0.0001306352	0.1103391144	0.5145495361	0.0903427024	0.2846380120
0	0.3110823100	0.5415058809	0.0000000035	0.0534840153	0.0939277903
0	0.0009146794	0.6974883643	0.0020645025	0.0320759186	0.2674565352
0	0.5572173129	0.0357250712	0.0057442364	0.0596069672	0.3417064122
0	0.0197876045	0.1601546741	0.0028345129	0.0000000342	0.8172231743
0	0.0000061894	0.8299427651	0.1452141179	0.0001732107	0.0246637169
0	0.0401680407	0.0056798835	0.0719350073	0.4365788723	0.4456381961
0	0.0222138616	0.2816166349	0.6487792647	0.0272441044	0.0201461345
0	0.0012425107	0.7506613245	0.0000001563	0.0921402239	0.1559557846
0	0.0648951907	0.9101209817	0.0236929719	0.0007391982	0.0005516576
0	0.0000000045	0.0510767048	0.0851631129	0.5046385631	0.3591216147
0	0.2380851178	0.5825400814	0.0200333414	0.0201289766	0.1392124828
0	0.0041284995	0.0001396874	0.0000000000	0.0112353848	0.9844964283
0	0.0020127156	0.2101678423	0.0003734714	0.1199216042	0.6675243665
0	0.0024949571	0.1115290085	0.0924994242	0.0000345692	0.7934420411
