0	0.0000130236	0.4211950123	0.1403531970	0.1650937080	0.2733450589
0	0.0199002192	0.0566735122	0.4365061173	0.2407088042	0.2462113470
0	0.0037708417	0.0000000000	0.2035181937	0.7927090201	0.0000019444
0	0.0174754343	0.9349933198	0.0088458808	0.0083677675	0.0303175976
0	0.0000000000	0.8586583156	0.0000000000	0.1233244184	0.0180172660
0	0.0006385842	0.8151806405	0.0613581883	0.1228225815	0.0000000055
0	0.0000000000	0.2150694965	0.3199462951	0.0296477316	0.4353364768
0	0.0591560013	0.0662802950	0.0650290429	0.0423029473	0.7672317135
0	0.0258410764	0.0383999874	0.0000000158	0.6576418779	0.2781170426
0	0.0000030244	0.8960592523	0.0000000864	0.0000392827	0.1038983541
0	0.0187469485	0.9136059248	0.0582724582	0.0000040392	0.0093706293
0	0.0433264380	0.0566502417	0.0000040389	0.6031054885	0.2969137929
0	0.4853267177	0.0857053756	0.0255411848	0.0463018374	0.3571248845
0	0.7558622054	0.1658523677	0.0000000000	0.0629871691	0.0152982578
0	0.0381207173	0.0436068415	0.3858141491	0.0000030556	0.5324552364
0	0.0612600151	0.2890946986	0.0198117424	0.0004770419	0.6293565021
0	0.0000000000	0.0000000000	0.2914179720	0.0028652348	0.7057167932
0	0.0027903265	0.3370479400	0.0000000025	0.0041706249	0.6559911061
0	0.3606823548	0.1822662302	0.0286138038	0.0002836220	0.4281539892
0	0.0306505467	0.2811366393	0.0000002338	0.0633181807	0.6248943996
0	0.0000007182	0.3673847176	0.0263464554	0.2173917480	0.3888763608
0	0.2520286727	0.0036088274	0.0011091586	0.0436251237	0.6996282177
0	0.0000000205	0.4830486585	0.3738176170	0.1431331431	0.0000005609
0	0.1631092687	0.0240257030	0.0001229964	0.3226381754	0.4901038565
0	0.1255394531	0.0000000000	0.0000000000	0.0000050331	0.8744555138
0	0.0000063571	0.4643233729	0.0159698039	0.2323576030	0.2873428631
0	0.7246641786	0.0797436821	0.1513520858	0.0433973310	0.0008427225
0	0.0000000000	0.7823870016	0.0000009902	0.2107155100	0.0068964983
0	0.0000000040	0.9206876839	0.0025874448	0.0554335234	0.0212913439
0	0.0933567871	0.0000353048	0.3370083662	0.0000000157	0.5695995261
0	0.0029310983	0.0077148882	0.0023616003	0.0000000000	0.9869924132
0	0.0075710622	0.8143014570	0.0000226442	0.0013213334	0.1767835031
0	0.0000816433	0.0486843210	0.1157608438	0.0000706193	0.8354025726
0	0.5359865138	0.0513173055	0.0455016588	0.0677119220	0.2994825998
2	0.0056682073	0.0012039369	0.0038595836	0.0000000000	0.9892682722
0	0.1992212114	0.2308211014	0.0720190683	0.0254738438	0.4724647750
0	0.6956214310	0.0061212466	0.0000239909	0.0000002727	0.2982330587
0	0.8130021289	0.0004510180	0.0041822460	0.1482621313	0.0341024758
0	0.8044253836	0.0021735095	0.0009855911	0.1633354619	0.0290800538
0	0.0000000000	0.1361153033	0.0414921729	0.2588108800	0.5635816438
0	0.0000000000	0.2561379252	0.6171639505	0.0272669321	0.0994311922
0	0.0968591134	0.5335185617	0.0342563421	0.0000001690	0.3353658137
0	0.7716711397	0.0432439674	0.0000000001	0.1206719124	0.0644129803
0	0.0037490593	0.1049142001	0.0974427849	0.0054000355	0.7884939201
1	0.0066895250	0.7601345913	0.0000000000	0.1831889249	0.0499869588
0	0.0116196682	0.0050830493	0.3070339420	0.0000000000	0.6762633404
0	0.0000003270	0.5549495513	0.1339342365	0.0000000712	0.3111158140
0	0.0290176306	0.0396975388	0.1634783577	0.7072132793	0.0605931936
0	0.0229819056	0.0552650865	0.0017335708	0.5511448387	0.3688745983
1	0.0724809902	0.0435124244	0.5142686322	0.0000013002	0.3697366530
0	0.0962684740	0.4812329312	0.0045105306	0.0445630731	0.3734249911
0	0.0000000000	0.0928639505	0.1777374360	0.7218245087	0.0075741049
0	0.0749601218	0.0200713784	0.2495635900	0.0000000000	0.6554049097
0	0.0038140292	0.1024093071	0.0193222946	0.6159611680	0.2584932012
0	0.0070900472	0.0009213058	0.0000000716	0.0006804195	0.9913081558
0	0.0033407373	0.0266439631	0.3427181185	0.0717077395	0.5555894415
0	0.0036642061	0.0062722232	0.3390150929	0.0456707942	0.6053776835
0	0.2664869963	0.1118417861	0.6216487921	0.0000000025	0.0000224230
0	0.0235180756	0.7664285557	0.0000000000	0.0015880594	0.2084653093
1	0.2779831603	0.0013369557	0.0260207525	0.4055994965	0.2890596350
0	0.1621585499	0.2506148687	0.0406142722	0.1404380205	0.4061742887
0	0.0004808515	0.1545774907	0.1445020668	0.0549841597	0.6454554313
0	0.0037188678	0.0008582870	0.3952931203	0.0000476688	0.6000820561
0	0.0000543599	0.4573710022	0.4521025005	0.0162683895	0.0742037479
0	0.0000000000	0.9687978732	0.0000000001	0.0045073149	0.0266948118
0	0.0259471217	0.0021065510	0.0023294452	0.0000000980	0.9696167841
0	0.0000018407	0.0000000000	0.7434789270	0.0245366048	0.2319826275
0	0.0063933264	0.8188090862	0.0044413599	0.0196082171	0.1507480105
0	0.0120333638	0.1684045955	0.3629088902	0.0444480982	0.4122050523
0	0.1076800387	0.2959717089	0.0010173023	0.4109636589	0.1843672912
0	0.5244878087	0.0137026746	0.0003615454	0.1532088760	0.3082390953
0	0.0205959074	0.4165865536	0.3783468717	0.0000006734	0.1844699939
0	0.0797512602	0.0002450270	0.0207751985	0.0118153708	0.8874131436
0	0.0000000089	0.4343435142	0.0003380380	0.0001375143	0.5651809246
0	0.0282841353	0.9059056398	0.0001554257	0.0000730817	0.0655817174
0	0.2213589658	0.1486086222	0.0652329854	0.0310120666	0.5337873600
0	0.0000127477	0.1865733097	0.0324808553	0.0000082752	0.7809248122
0	0.0000000001	0.0468975327	0.3961865646	0.0000200651	0.5568958375
0	0.0219981424	0.0000760354	0.9531217686	0.0145838071	0.0102202464
0	0.0001368371	0.6958491902	0.0000007470	0.1125134114	0.1914998143
0	0.1731039137	0.0178773162	0.6096418586	0.0683759263	0.1310009851
0	0.0000175422	0.2717601390	0.0000000032	0.4215557255	0.3066665901
0	0.0008539400	0.2317970903	0.0825607926	0.0001329219	0.6846552551
0	0.7184404102	0.0003325357	0.2316121502	0.0478222966	0.0017926072
0	0.0040801353	0.9810285914	0.0000006573	0.0000002836	0.0148903325
0	0.1475063329	0.0087175753	0.0203588552	0.0627590876	0.7606581490
0	0.0000000001	0.1905456180	0.1235517265	0.0000887304	0.6858139250
0	0.0001273811	0.8508161046	0.0812916293	0.0440316951	0.0237331899
0	0.4581347986	0.3585394230	0.0038706350	0.0022323555	0.1772227878
1	0.0000000000	0.0497393439	0.4295706588	0.0001212414	0.5205687559
0	0.1076068762	0.2264131411	0.3768671894	0.0304739983	0.2586387949
0	0.0000000000	0.0001863408	0.1521975179	0.0133747864	0.8342413549
1	0.0674612039	0.2804773162	0.0000005515	0.1758586534	0.4762022749
0	0.1628167778	0.6669788052	0.0301121423	0.1400836248	0.0000086498
0	0.1828411457	0.2099790900	0.3968172746	0.0072331132	0.2031293765
0	0.0000223273	0.0624084896	0.0666009664	0.0452831524	0.8256850643
0	0.0893465903	0.2476248135	0.6122064339	0.0000028566	0.0508193058
0	0.0099137704	0.4163108173	0.5439438040	0.0298315817	0.0000000267
0	0.0000013554	0.3403015519	0.2197753837	0.0000000469	0.4399216620
0	0.3358722962	0.0340046248	0.0015284416	0.1315769425	0.4970176950
