0	0.0000695451	0.0205081661	0.5774153209	0.0000051197	0.4020018483
1	0.3703719369	0.0027887868	0.0000000132	0.3033636291	0.3234756339
0	0.0000000000	0.2044939586	0.1374509070	0.3383134369	0.3197416974
0	0.0007262192	0.7793758499	0.0000000000	0.0001579260	0.2197400050
0	0.0669522793	0.4486042315	0.0000096310	0.0000000000	0.4844338582
0	0.0001684792	0.1228403510	0.0400853273	0.0499752317	0.7869306107
0	0.2885597421	0.6213744991	0.0000001481	0.0872491899	0.0028164208
1	0.0000000000	0.8709402869	0.0220172816	0.0845233537	0.0225190778
0	0.0003361117	0.0001647006	0.2443750135	0.0000144573	0.7551097169
0	0.2722688229	0.0134667163	0.0001856186	0.2461311723	0.4679476699
0	0.0616381932	0.2424239117	0.3077216455	0.1321698674	0.2560463821
0	0.0000000000	0.0260677533	0.0000020964	0.2838697389	0.6900604114
0	0.0918368859	0.2556849843	0.0000152961	0.0120423805	0.6404204532
0	0.0080538178	0.6771113684	0.0044078898	0.0000000000	0.3104269240
0	0.0000000000	0.0104459215	0.0000016333	0.0018925143	0.9876599308
0	0.0000000000	0.0603831675	0.0108217559	0.2253294425	0.7034656340
0	0.0023867776	0.0179909456	0.8158420165	0.0474479812	0.1163322791
0	0.0006496966	0.2384435816	0.0447280902	0.0000005282	0.7161781034
0	0.0422122080	0.1114543407	0.0000000003	0.1866056953	0.6597277557
0	0.0216435115	0.1287071440	0.0488002427	0.0000000000	0.8008491017
0	0.2382986616	0.4397075003	0.3152040816	0.0000000000	0.0067897566
0	0.4516832636	0.0013638505	0.0147383251	0.1328170143	0.3993975465
0	0.0000000401	0.0282322796	0.0009094594	0.0091357002	0.9617225207
0	0.0011167053	0.0016285778	0.0113675957	0.0045942271	0.9812928941
0	0.0441426978	0.8224752218	0.0056006876	0.0000023803	0.1277790124
0	0.5069122717	0.0069665252	0.0005734949	0.0368877719	0.4486599363
0	0.0000120499	0.0004006449	0.0035897145	0.0196167545	0.9763808362
0	0.0000001070	0.0018600849	0.0000625681	0.0595629087	0.9385143313
0	0.1123025202	0.2769608286	0.1826984601	0.0000000000	0.4280381912
0	0.0008111759	0.4433923031	0.1998181391	0.0000139716	0.3559644103
0	0.0023098739	0.0000000696	0.9169704812	0.0490335904	0.0316859850
0	0.2458655078	0.0824443393	0.4323484875	0.0000180288	0.2393236367
0	0.2501822598	0.4566769042	0.1099730885	0.1811213963	0.0020463511
0	0.0066169700	0.9382709545	0.0486774011	0.0004969611	0.0059377133
0	0.0024446156	0.0000000000	0.0003648738	0.3133207863	0.6838697243
0	0.0729557428	0.8141690355	0.0000004582	0.0000044768	0.1128702868
0	0.0002565967	0.9515203242	0.0000000000	0.0136867052	0.0345363739
0	0.0023571446	0.0821169734	0.1470552379	0.0098317036	0.7586389404
0	0.0241320153	0.4249913667	0.1900310770	0.0426256691	0.3182198718
0	0.0031020790	0.0239165296	0.0089173393	0.5693964302	0.3946676220
0	0.0294325273	0.8153580752	0.0109344111	0.1009357268	0.0433392596
0	0.0091619371	0.2116802052	0.6605863940	0.0159638739	0.1026075898
0	0.0943756137	0.0730212370	0.0365754182	0.0616780207	0.7343497104
2	0.4112805347	0.0060212476	0.0000000001	0.0000093379	0.5826888798
0	0.0012701150	0.0014659559	0.2194979598	0.3643591587	0.4134068106
0	0.5080213169	0.2706049349	0.0174177394	0.0039149055	0.2000411033
0	0.0803071047	0.0447587262	0.8393586094	0.0048629554	0.0307126043
1	0.0100296764	0.9625730395	0.0000000000	0.0021110448	0.0252862393
0	0.2631636314	0.0734643450	0.0000519073	0.0134086511	0.6499114651
0	0.0471968113	0.0077445362	0.4714647072	0.2161845003	0.2574094449
0	0.0350866358	0.1087562882	0.0082553241	0.0000004924	0.8479012595
0	0.0710123071	0.2853656169	0.0259832285	0.0850878467	0.5325510008
0	0.0044912286	0.2159582795	0.1021880804	0.0005642494	0.6767981621
0	0.0350517402	0.8749852947	0.0730342840	0.0036909527	0.0132377284
0	0.0000372172	0.0041198250	0.0002252908	0.0022117256	0.9934059414
1	0.0828946556	0.0610522122	0.0010570001	0.0529531163	0.8020430159
0	0.0000000015	0.9891510726	0.0000019199	0.0108470040	0.0000000020
0	0.2047096886	0.0309770330	0.0000000088	0.1345140630	0.6297992066
0	0.0054286849	0.3361634104	0.0313963324	0.0126810737	0.6143304985
0	0.0858256399	0.1371999915	0.0883321195	0.6702582937	0.0183839554
0	0.0370227952	0.0485955820	0.0000014234	0.0001770917	0.9142031076
0	0.7012477531	0.0000000000	0.1679718775	0.0260641274	0.1047162420
0	0.0842682633	0.0218969994	0.0067263193	0.1580670494	0.7290413686
1	0.1627498523	0.7809180642	0.0000000010	0.0424347179	0.0138973646
1	0.0000000000	0.9068238691	0.0133160824	0.0794959580	0.0003640905
0	0.0639347030	0.0000287180	0.7027349764	0.0127481752	0.2205534274
0	0.2230613796	0.1864008736	0.0005892451	0.0000000230	0.5899484787
0	0.0000000000	0.0407054273	0.0000000001	0.0000191094	0.9592754632
0	0.2778253356	0.3412002836	0.1054361741	0.0595304477	0.2160077591
0	0.0000116655	0.3721764906	0.4177208324	0.1249860249	0.0851049866
0	0.0839672703	0.7324777760	0.0121302199	0.0043514717	0.1670732621
0	0.0091934201	0.8970801696	0.0081467416	0.0542966556	0.0312830131
0	0.0000775813	0.0001656770	0.3030456575	0.0000000000	0.6967110842
0	0.6558004007	0.3440664001	0.0000000000	0.0000000001	0.0001331992
0	0.0000000075	0.4303873549	0.0000007695	0.3912837564	0.1783281117
0	0.0375365980	0.0212238902	0.9197431686	0.0000000000	0.0214963432
0	0.0161953366	0.0330740663	0.0000000004	0.4902948022	0.4604357945
0	0.1408072331	0.0480824698	0.0052956442	0.0198497532	0.7859648997
0	0.0004835364	0.1056607925	0.0045017263	0.0000325079	0.8893214369
0	0.0002692431	0.1057476590	0.5628527044	0.2085957250	0.1225346685
0	0.0000070996	0.7528909020	0.0004325530	0.0795545782	0.1671148672
1	0.0113261937	0.7477631708	0.0002177582	0.0661755971	0.1745172802
1	0.7921428295	0.0043646812	0.2034913347	0.0000011056	0.0000000489
0	0.1493459282	0.5109281432	0.1992548262	0.1404708267	0.0000002757
0	0.0000000000	0.0081055695	0.0214476375	0.2730509854	0.6973958076
0	0.4662969128	0.0107745905	0.0000000005	0.2712345625	0.2516939337
0	0.0000000001	0.0005536707	0.0093638541	0.0974428052	0.8926396699
0	0.0000006922	0.5946496873	0.2240470752	0.0991667115	0.0821358338
0	0.0682721587	0.5070815044	0.0008041427	0.0033539780	0.4204882162
0	0.0344500182	0.1261471601	0.0543060851	0.0118775691	0.7732191675
0	0.0376803495	0.5752300587	0.2047303304	0.0080473975	0.1743118639
0	0.0000000000	0.7443391933	0.0000000045	0.0271887212	0.2284720811
0	0.0151627047	0.0141705998	0.0000005373	0.0586616539	0.9120045044
0	0.1318491747	0.1641770576	0.2499415893	0.2348407477	0.2191914307
0	0.0575217178	0.0006923060	0.1041571544	0.7400180507	0.0976107710
0	0.0000000000	0.7124959533	0.0099805890	0.0026456372	0.2748778205
0	0.0142293343	0.7372275182	0.0103830238	0.0024435301	0.2357165936
0	0.5708593323	0.0011862304	0.4279250474	0.0000000000	0.0000293899
0	0.0000000246	0.8829544591	0.0073533132	0.1086763911	0.0010158120
0	0.0000000005	0.1438048213	0.0620630782	0.0000000000	0.7941321001
