0	0.0010906050	0.5652378951	0.0038138636	0.2390312149	0.1908264214
0	0.0361858226	0.6900980643	0.0800867851	0.0104791363	0.1831501917
0	0.0012555637	0.6789203994	0.0101192013	0.2534624465	0.0562423891
0	0.0983756563	0.3047211138	0.0000000000	0.0000040547	0.5968991752
0	0.0494072465	0.2200018067	0.0017447026	0.0231274178	0.7057188265
0	0.0009422895	0.8328403351	0.0000240954	0.0225090632	0.1436842168
0	0.0629565223	0.0000003377	0.0000000117	0.3909519656	0.5460911627
0	0.1478464821	0.7398238802	0.0347293892	0.0627128875	0.0148873610
0	0.0000298531	0.4238991192	0.0001337556	0.0000511062	0.5758861659
0	0.0236950322	0.3725030362	0.2015728438	0.0048795117	0.3973495762
0	0.0000083378	0.0270808560	0.0029342080	0.8977749841	0.0722016140
0	0.6783561935	0.1169460100	0.0000000000	0.1489623514	0.0557354451
0	0.3742198490	0.3606480640	0.0005951115	0.1433692478	0.1211677276
0	0.0000254071	0.0785319008	0.0000000000	0.0000000000	0.9214426921
0	0.0163214812	0.3565715380	0.0000002169	0.3129885895	0.3141181744
0	0.7074469761	0.1494236090	0.0000000002	0.0003091285	0.1428202862
0	0.0786873989	0.0000000000	0.2096829379	0.0691985412	0.6424311219
0	0.0084390207	0.0011529499	0.0000000029	0.5063722936	0.4840357329
0	0.5376394510	0.2376342032	0.0002661159	0.0573137570	0.1671464729
0	0.2427115277	0.0000000000	0.1779712544	0.0000000000	0.5793172179
1	0.2949710220	0.0006758552	0.1252209990	0.5788583519	0.0002737718
1	0.5679270085	0.0031813525	0.0000228892	0.3105161524	0.1183525973
0	0.0000000002	0.9286845926	0.0376167493	0.0238231030	0.0098755550
0	0.3028957616	0.0267332698	0.0518278943	0.1977722492	0.4207708251
0	0.0000301783	0.4479143250	0.0000000048	0.4151743404	0.1368811515
0	0.3617731267	0.3790312324	0.0000000000	0.0294551769	0.2297404640
0	0.0000021174	0.0655139970	0.0000000000	0.1445472599	0.7899366257
0	0.0070439113	0.0002454817	0.0143292523	0.0154657694	0.9629155854
0	0.1012018684	0.3727101946	0.0000000000	0.2210024899	0.3050854471
1	0.5321414947	0.0260861212	0.0010161403	0.0000000005	0.4407562432
0	0.0029443336	0.1349760688	0.0000076658	0.0510931227	0.8109788091
0	0.0000566584	0.9098237715	0.0408390755	0.0078004772	0.0414800174
0	0.0000579323	0.3540058993	0.1867316321	0.4584987096	0.0007058267
0	0.0000000000	0.3626924354	0.0397780568	0.3169025086	0.2806269992
0	0.0000000000	0.3024138069	0.0341066229	0.0001217872	0.6633577831
2	0.0230956443	0.0129350650	0.3780110707	0.0000059126	0.5859523074
0	0.0003096619	0.3412199878	0.1476970604	0.0217196848	0.4890536051
1	0.0000000115	0.2102719882	0.0000000000	0.0802433754	0.7094846249
0	0.0000000000	0.4951065484	0.0922740226	0.0060495455	0.4065698834
0	0.0915909286	0.1815595016	0.0321661292	0.2839250030	0.4107584376
0	0.9516795449	0.0306702257	0.0000000038	0.0171451702	0.0005050553
0	0.0000005509	0.0465608951	0.0326458813	0.0000000000	0.9207926727
0	0.0014509863	0.8488022274	0.0004431202	0.0162886410	0.1330150251
0	0.0143204423	0.0051196423	0.6842249456	0.1488678139	0.1474671558
0	0.0000149350	0.9998437129	0.0001353479	0.0000026150	0.0000033892
0	0.0053341326	0.0000000204	0.0058782959	0.7827320721	0.2060554790
0	0.0000000036	0.0060916305	0.0000000796	0.0007706689	0.9931376174
0	0.4903956659	0.2955669840	0.0009454151	0.0805077751	0.1325841600
0	0.0000134730	0.0365084500	0.4995914326	0.2043798430	0.2595068014
0	0.2031394052	0.2592902286	0.0603111343	0.0000000002	0.4772592317
0	0.0002308693	0.8655621343	0.1137917178	0.0036839218	0.0167313569
0	0.0179096331	0.2911878575	0.0137313189	0.0099793400	0.6671918505
0	0.0467678961	0.0000000459	0.0000000000	0.0283405931	0.9248914649
0	0.0000000000	0.1697782569	0.1609237129	0.1459375321	0.5233604981
0	0.0000000000	0.1005079929	0.0006628417	0.3733868362	0.5254423293
1	0.0000000000	0.0139271537	0.0095098193	0.6438931828	0.3326698442
1	0.0000166024	0.1051952827	0.0915398022	0.4893896877	0.3138586250
0	0.0000005971	0.8220006591	0.0998400455	0.0136110135	0.0645476848
0	0.0039905899	0.0162426685	0.0224340813	0.0071887022	0.9501439580
0	0.0723290363	0.1939526440	0.0000005839	0.2214062077	0.5123115281
0	0.0000000000	0.3153417807	0.0046927528	0.0042990566	0.6756664099
0	0.0013127368	0.0201535926	0.3107823238	0.5747568585	0.0929944884
0	0.0079289807	0.4714883917	0.1307629049	0.3842447647	0.0055749579
0	0.2872863797	0.0000000000	0.0007046051	0.1460250412	0.5659839740
0	0.0049788736	0.7590229453	0.0210115608	0.0000014738	0.2149851465
0	0.0000000000	0.8491376913	0.0000000000	0.0412722789	0.1095900297
0	0.0363410749	0.7062201815	0.0000000000	0.0000005197	0.2574382239
0	0.0003220161	0.0611922437	0.0000000331	0.0161131890	0.9223725180
0	0.1164621540	0.2232983481	0.0000103961	0.3841079979	0.2761211039
0	0.0484784888	0.0696104725	0.4831913612	0.0149497405	0.3837699370
0	0.0004542206	0.5093969129	0.0060618633	0.0570687660	0.4270182371
0	0.0064162772	0.1678041442	0.0298618347	0.1303020469	0.6656156970
0	0.1892775463	0.2359537192	0.0000045015	0.1166208534	0.4581433796
0	0.0000865339	0.0000000000	0.5526538736	0.0141899442	0.4330696483
0	0.0012702698	0.9052116623	0.0215601621	0.0000303422	0.0719275636
0	0.0009749817	0.0178553079	0.6721120682	0.0729197971	0.2361378451
0	0.0000057890	0.0181147474	0.0833480728	0.7619378620	0.1365935287
0	0.1527632204	0.0091958904	0.2465504192	0.1071499256	0.4843405445
0	0.0469229338	0.1089359028	0.0968193264	0.0314894046	0.7158324325
0	0.0009544676	0.6270912926	0.0050072581	0.0000000000	0.3669469817
0	0.0000424708	0.0083735863	0.0048272439	0.0000000000	0.9867566990
0	0.0205645296	0.7950254949	0.1326493043	0.0000042724	0.0517563988
0	0.0374635724	0.0334197070	0.0878195360	0.0005389508	0.8407582338
0	0.2007919971	0.3226264796	0.3127377000	0.1619112879	0.0019325354
0	0.3352409989	0.3923741392	0.1535525533	0.0581052724	0.0607270362
0	0.0076397208	0.0451254715	0.0165170086	0.9307177991	0.0000000000
0	0.0000545757	0.1279082896	0.3372603552	0.0858295136	0.4489472659
0	0.5690525344	0.0000060338	0.3097281242	0.0301238778	0.0910894298
0	0.0133004868	0.5655996790	0.2831714974	0.0002183147	0.1377100221
0	0.1549967832	0.0237415361	0.0000011055	0.0025407548	0.8187198203
0	0.0969072958	0.5028444620	0.0433712994	0.0258912040	0.3309857388
0	0.0691598711	0.1358932739	0.0000080994	0.5765129130	0.2184258427
0	0.0000057021	0.0000017132	0.0016935283	0.4186531351	0.5796459213
0	0.0941399850	0.2787633012	0.1164992167	0.5094775444	0.0011199527
0	0.0016329899	0.8278200129	0.0296784060	0.0262102574	0.1146583338
0	0.7886507071	0.0865733125	0.0000810473	0.0002078761	0.1244870570
0	0.0000064802	0.3132687795	0.6863711922	0.0003535300	0.0000000181
0	0.0000000007	0.9904026079	0.0088045723	0.0000000000	0.0007928191
0	0.5655369874	0.0039917251	0.0000000000	0.0000072540	0.4304640335
0	0.0039384220	0.3435111771	0.0560999764	0.1775685001	0.4188819245
