0	0.0806180947	0.0005457189	0.0070753741	0.4521872814	0.4595735308
0	0.0000000000	0.5326146680	0.3355950947	0.0063921486	0.1253980887
0	0.1173318259	0.0000000059	0.0199631603	0.0026291852	0.8600758228
0	0.0000096187	0.7511710369	0.0050928199	0.0001120825	0.2436144420
0	0.0159333324	0.3061871226	0.0000003022	0.0005788825	0.6773003603
0	0.1319843198	0.2235329755	0.3547638119	0.0000006590	0.2897182338
0	0.0000000877	0.0000000271	0.0729136634	0.8745259442	0.0525602776
0	0.0103648530	0.0513331860	0.1044957921	0.0214301281	0.8123760409
0	0.0000000000	0.1307709358	0.0018376747	0.0000020167	0.8673893728
0	0.2156241271	0.0370025223	0.0266545949	0.5884475587	0.1322711970
0	0.0000000000	0.1342374308	0.0336020586	0.0029507438	0.8292097668
0	0.0000000903	0.1001741430	0.0203308749	0.0000000000	0.8794948918
0	0.0147002023	0.0894963058	0.5195269482	0.0279590900	0.3483174537
0	0.1544858135	0.0035569918	0.0000000000	0.4641979299	0.3777592648
0	0.0931302406	0.0000015067	0.0631242253	0.0000000000	0.8437440274
0	0.0000000003	0.5103484303	0.3399046820	0.0000000000	0.1497468874
0	0.0001978117	0.0231911462	0.0009158617	0.0116057245	0.9640894559
0	0.3338127631	0.2602294850	0.0198375364	0.0000000000	0.3861202155
0	0.0000002840	0.7054793433	0.2502663190	0.0322857945	0.0119682592
0	0.0123770783	0.1091798876	0.1439290402	0.0156809456	0.7188330483
0	0.4318137828	0.3244025854	0.0354354200	0.0191421620	0.1892060498
1	0.0000000000	0.0910010581	0.7602341784	0.1480782244	0.0006865392
0	0.0591814265	0.4342749445	0.5063066376	0.0000011788	0.0002358127
0	0.2761552285	0.1545766839	0.5443104834	0.0249515451	0.0000060591
0	0.0032535696	0.0523477015	0.0553509765	0.2889820995	0.6000656528
0	0.0889858945	0.0000000000	0.0106122408	0.0000000000	0.9004018647
0	0.0000000000	0.1014089004	0.0122026078	0.8788442520	0.0075442399
0	0.0000000000	0.0892096149	0.0000000000	0.0005002474	0.9102901377
0	0.1399436965	0.0000000460	0.0405275988	0.7282300553	0.0912986034
0	0.0504590252	0.0138448997	0.0000000000	0.6010525787	0.3346434964
0	0.0000000000	0.9222466136	0.0739039721	0.0002977224	0.0035516919
0	0.0000000000	0.2273690272	0.2094691902	0.1781825815	0.3849792011
1	0.0723692730	0.2173594309	0.5240767455	0.0399460587	0.1462484919
0	0.0001094676	0.4762329188	0.0000000270	0.0024091787	0.5212484078
0	0.0121952611	0.0798733018	0.1465830880	0.0729105741	0.6884377751
0	0.6382016223	0.0000788014	0.0000024306	0.0195060789	0.3422110667
0	0.0000923378	0.4767561415	0.0118575810	0.0284260075	0.4828679321
0	0.0005440795	0.0195503941	0.0006068081	0.0000000000	0.9792987183
0	0.1731693687	0.5281698372	0.1719146021	0.0929303029	0.0338158891
0	0.0013057817	0.1131985209	0.0656816730	0.3013810034	0.5184330210
0	0.0361965132	0.1106957683	0.0765124824	0.2890818024	0.4875134337
0	0.1700291786	0.4844335181	0.0918040576	0.0362953300	0.2174379157
0	0.0000000022	0.0441004096	0.0493086786	0.2887424611	0.6178484485
0	0.0003132938	0.9725189336	0.0091352637	0.0102562112	0.0077762978
0	0.0857515492	0.1353933481	0.0704821884	0.2260092374	0.4823636768
0	0.0000000203	0.6372584071	0.0672919942	0.0005348777	0.2949147008
0	0.2524718371	0.0069595972	0.7053588314	0.0007222549	0.0344874794
0	0.1838224527	0.1639019871	0.0815947245	0.5148908907	0.0557899450
0	0.0004004541	0.0835148340	0.5224329245	0.3332716644	0.0603801230
1	0.0412887859	0.0631750525	0.0336077326	0.0004156607	0.8615127683
2	0.0074758945	0.4579713256	0.0064242273	0.0787373666	0.4493911860
0	0.7582531119	0.0002763595	0.0000015473	0.0002331169	0.2412358644
0	0.0175978203	0.9822379336	0.0000000029	0.0000332190	0.0001310241
0	0.0009845117	0.2178543704	0.0806040218	0.0541609025	0.6463961937
0	0.0000009069	0.4887287932	0.4628619043	0.0027750723	0.0456333233
0	0.0109210655	0.9245942872	0.0000267383	0.0084855312	0.0559723779
0	0.2316159208	0.1813005644	0.1542235041	0.0000709023	0.4327891084
0	0.0105179908	0.7152623700	0.2702996799	0.0032301373	0.0006898220
0	0.0143059758	0.0261775538	0.8420656735	0.0229778433	0.0944729536
0	0.0000000217	0.0206689413	0.0119156031	0.0001149280	0.9673005059
0	0.0078507883	0.4124045010	0.5698729980	0.0001215823	0.0097501303
0	0.0084684877	0.1534969123	0.0245920633	0.0015221791	0.8119203576
0	0.0863375269	0.0046467546	0.0057125290	0.1232001242	0.7801030653
0	0.1886828820	0.1470675073	0.0002756235	0.0000010862	0.6639729010
0	0.0000000000	0.0262698195	0.0276142274	0.0000431870	0.9460727662
1	0.0158791078	0.6918316894	0.1871077982	0.0001310809	0.1050503237
0	0.0549780730	0.0377704369	0.0370271518	0.0000000985	0.8702242398
0	0.0060093762	0.0595467048	0.0041691072	0.0000005738	0.9302742379
0	0.0152807668	0.0163453561	0.1395624556	0.0472817750	0.7815296465
0	0.0000128742	0.0329679323	0.0000003122	0.9667813310	0.0002375503
0	0.0000000000	0.3536122395	0.0933716300	0.5523744449	0.0006416856
0	0.0057953415	0.7091762082	0.0886567673	0.0000269406	0.1963447423
0	0.0239299891	0.6907330088	0.0285855849	0.0886108296	0.1681405877
0	0.3995717222	0.1686201391	0.1085398259	0.0417659681	0.2815023447
0	0.0876250382	0.1912444844	0.0149518616	0.5113873273	0.1947912885
0	0.7577934890	0.0215465254	0.0595136435	0.0000000000	0.1611463420
0	0.4618091997	0.1820386048	0.0000077798	0.3531934670	0.0029509488
1	0.0123043067	0.0001583959	0.0011953215	0.1241390479	0.8622029280
0	0.0618197445	0.4778172243	0.0000000020	0.0369213983	0.4234416309
0	0.6696771704	0.0090017779	0.0000000000	0.0731011835	0.2482198681
0	0.0421600042	0.1540784768	0.8033172881	0.0000000309	0.0004442000
0	0.0114880497	0.7294912135	0.1513939210	0.0356447675	0.0719820483
0	0.0134469106	0.6860447992	0.1468713696	0.1370108329	0.0166260877
0	0.5884628644	0.1098731735	0.0000000000	0.0763561442	0.2253078178
0	0.1480074199	0.0644394260	0.2228323340	0.0463936257	0.5183271945
0	0.0001471390	0.9839668210	0.0000000000	0.0025204690	0.0133655710
1	0.0000000369	0.0359864142	0.0475058625	0.0576691717	0.8588385147
0	0.0000000356	0.0459923386	0.8808351812	0.0184121104	0.0547603341
0	0.0000396408	0.4664695106	0.3864244023	0.0024540459	0.1446124004
0	0.1850913020	0.7109305924	0.0265033700	0.0197753883	0.0576993473
0	0.0699252800	0.2696470347	0.0326058476	0.0000521662	0.6277696715
0	0.8438550331	0.0805881353	0.0055492830	0.0017976937	0.0682098549
0	0.0428602337	0.0004401492	0.1895293036	0.2331801549	0.5339901586
0	0.3715370059	0.1575140065	0.0013356766	0.0180247668	0.4515885442
0	0.0000000000	0.1541647699	0.0000099145	0.0186914578	0.8271338578
0	0.0763277816	0.1772279507	0.2247225842	0.1237470282	0.3979746553
0	0.1058215813	0.0173815159	0.7903117749	0.0459732118	0.0405119162
0	0.0120664256	0.8984646297	0.0000000000	0.0150512290	0.0744177157
0	0.0000000000	0.0024042493	0.0047060210	0.0219386480	0.9709510817
0	0.0000000009	0.0000000000	0.8967443139	0.1032143648	0.0000413204
