1	0.0000006199	0.1896436116	0.1416823518	0.0255888553	0.6430845614
1	0.5017262083	0.0007369808	0.1959234104	0.2903838263	0.0112295742
0	0.0015507610	0.2761632275	0.0322957307	0.6899896920	0.0000005888
0	0.0026746844	0.0167185506	0.8976242993	0.0205795497	0.0624029159
0	0.3117117464	0.0149855801	0.0122969019	0.6564604466	0.0045453249
1	0.0385298114	0.2597931408	0.3013422701	0.2071617640	0.1931730137
0	0.0809330470	0.2062675331	0.1895317067	0.1761951850	0.3470725282
1	0.0000000678	0.0277861112	0.5386164459	0.2057398381	0.2278575370
0	0.2276469717	0.0001444416	0.0428620401	0.1570151984	0.5723313482
1	0.1570702135	0.0419650465	0.0640000566	0.0334073295	0.7035573538
0	0.2236696955	0.0593529243	0.1492290056	0.4495164306	0.1182319440
0	0.2156156694	0.1451138172	0.4829531454	0.1062592965	0.0500580715
0	0.0406830417	0.0532574732	0.1515445679	0.7428242491	0.0116906681
0	0.0008500100	0.0004624499	0.1622623711	0.6304586959	0.2059664731
0	0.0582520918	0.0000264983	0.2413213699	0.6468133558	0.0535866843
0	0.0371029152	0.5676669136	0.1773680072	0.1790842311	0.0387779329
0	0.4886370137	0.1353838947	0.1767411355	0.1222958704	0.0769420858
0	0.0001409147	0.0286070842	0.0700265564	0.8894570874	0.0117683572
0	0.0366861403	0.0000000000	0.2605658427	0.5482982845	0.1544497326
0	0.0896577437	0.0037604216	0.0849270022	0.0000368432	0.8216179893
0	0.2705224618	0.0000059810	0.4863415248	0.2209142129	0.0222158195
0	0.1571381967	0.0035551922	0.0138618634	0.4510615103	0.3743832374
0	0.2510099027	0.0007401116	0.0955669744	0.0009148781	0.6517681332
0	0.0615485315	0.0000158663	0.3920731172	0.0198509668	0.5265115183
0	0.0000000000	0.0007599761	0.1380266665	0.5085960593	0.3526172981
0	0.0332674903	0.0217021441	0.1186121069	0.5198522606	0.3065659982
0	0.0012874627	0.0465255902	0.3020704364	0.6280790592	0.0220374515
0	0.3099871591	0.0921843978	0.0005403502	0.2831630565	0.3141250365
0	0.0001023900	0.0006009172	0.9850069894	0.0045187416	0.0097709617
0	0.1137732622	0.1656141770	0.2235436236	0.0223324201	0.4747365172
1	0.2027020352	0.1174445899	0.4089972073	0.1731370890	0.0977190786
0	0.0003708875	0.0021321287	0.6232906006	0.0001205674	0.3740858159
0	0.0507856041	0.0041171317	0.3426798919	0.4887153908	0.1137019815
0	0.0751838742	0.0000298637	0.6418688025	0.2395493703	0.0433680894
0	0.0003121091	0.0404505029	0.5117612198	0.3538162166	0.0936599514
0	0.0001167876	0.0814918138	0.0148594313	0.0066688431	0.8968631242
1	0.3099894823	0.0903664444	0.5503697487	0.0492743246	0.0000000000
0	0.6145304608	0.1496978105	0.2342425624	0.0001061161	0.0014230502
0	0.0002055980	0.0005797938	0.5583164773	0.2205115472	0.2203865837
0	0.1461533336	0.0025689424	0.1081216416	0.0903850325	0.6527710499
0	0.3550310531	0.0413388180	0.0000245810	0.0000002842	0.6036052638
0	0.1016239756	0.0307132998	0.6916303503	0.1760021486	0.0000302257
0	0.3800048835	0.0298808948	0.0620647231	0.0183646860	0.5096848125
0	0.0000000000	0.0383631006	0.0001054962	0.1026938563	0.8588375469
0	0.0772912511	0.0013946393	0.0037309724	0.0001834603	0.9173996769
0	0.0000379226	0.0000000000	0.9309919059	0.0295537626	0.0394164089
1	0.0019357688	0.0005878528	0.0210647831	0.9751750214	0.0012365739
0	0.2535747543	0.0000508633	0.0826970623	0.0148631996	0.6488141205
0	0.2315173783	0.0000000002	0.4775384702	0.0455303955	0.2454137558
0	0.1704047570	0.0538398197	0.7110686181	0.0646507436	0.0000360616
0	0.0010316727	0.1262824939	0.0735721888	0.5573960201	0.2417176244
0	0.0600909744	0.0218567987	0.0566605210	0.2568708474	0.6045208584
0	0.7553001180	0.0410313770	0.0132069840	0.0029272991	0.1875342219
0	0.0117137555	0.0227919144	0.7283647714	0.0867402826	0.1503892761
1	0.0000000000	0.0269446345	0.8459974616	0.1267660197	0.0002918842
0	0.0529079372	0.0186505597	0.0549716702	0.8734698329	0.0000000000
0	0.0100812093	0.0142581695	0.2397248050	0.0011883142	0.7347475021
0	0.3685699052	0.0394676575	0.1018547687	0.1148269719	0.3752806966
0	0.0000000000	0.2265085598	0.0000000461	0.6448444097	0.1286469844
0	0.0001555367	0.0196038981	0.1861204175	0.0712714867	0.7228486610
0	0.0157558455	0.0616827047	0.0050160783	0.1029100787	0.8146352929
0	0.0000000000	0.0943296663	0.0006108893	0.9050577707	0.0000016737
0	0.0078729278	0.0916171289	0.0790041594	0.1273269301	0.6941788538
0	0.1985170211	0.3547269637	0.2241314328	0.0022295395	0.2203950429
1	0.1371391192	0.0000587810	0.6023184264	0.0595819334	0.2009017400
0	0.0077886464	0.0000014826	0.2757796012	0.0000019121	0.7164283577
1	0.3621029831	0.0037463994	0.1012918679	0.2369297396	0.2959290099
0	0.4541060919	0.0000328989	0.4476102885	0.0003145608	0.0979361599
0	0.0892756795	0.0000003947	0.1839111877	0.2429769990	0.4838357391
0	0.0113225121	0.0000542017	0.2180796320	0.7440090954	0.0265345589
0	0.0485138960	0.0000000003	0.5246727402	0.4102614585	0.0165519050
0	0.1136046400	0.0000000000	0.6353758829	0.0011065358	0.2499129413
0	0.0719475514	0.0546036868	0.1240832189	0.3631924279	0.3861731150
0	0.3859019800	0.2649511103	0.0000059764	0.3491409333	0.0000000000
2	0.1006042237	0.0000000000	0.8977599616	0.0012764797	0.0003593350
0	0.0091663942	0.0282904208	0.4380608907	0.3916937821	0.1327885123
0	0.0003155094	0.0695870202	0.0181044950	0.8708010083	0.0411919670
0	0.0062757539	0.0000000009	0.3845278636	0.0012485513	0.6079478303
0	0.1333087591	0.0269596419	0.4465371231	0.3783841503	0.0148103257
0	0.1811229605	0.0002687008	0.2898639066	0.0341120405	0.4946323915
0	0.0117248803	0.5650826266	0.0800937601	0.0052754750	0.3378232580
1	0.0378685096	0.0033539073	0.1764121835	0.1155487484	0.6668166512
0	0.1528170089	0.2278358457	0.3360696058	0.0015752265	0.2817023132
0	0.0491085439	0.6196122426	0.0000000652	0.3312789656	0.0000001828
0	0.0163266039	0.0000000148	0.0724185407	0.1697699203	0.7414849203
0	0.0929937398	0.1467177979	0.0151613847	0.1593739494	0.5857531283
0	0.2588453470	0.1410366818	0.5946276723	0.0003699095	0.0051203895
0	0.1640862638	0.0019356481	0.3610542279	0.0333062347	0.4396176255
0	0.1141201677	0.0741088988	0.0067408389	0.7788272756	0.0262028191
1	0.4592237217	0.0502073739	0.3965454330	0.0887839792	0.0052394922
0	0.1073169313	0.0000085825	0.0151678227	0.0030483092	0.8744583543
0	0.1367571871	0.1099057903	0.4354043920	0.2003578118	0.1175748188
0	0.0000000000	0.0000036421	0.3112143694	0.1217160803	0.5670659082
0	0.1251859526	0.0250032406	0.0000104048	0.7832459007	0.0665545013
0	0.0005671258	0.0000006067	0.9312887777	0.0277252685	0.0404182213
1	0.8942681815	0.0013526467	0.0001553778	0.0213131671	0.0829106269
0	0.0015809837	0.1344707569	0.0722140104	0.0457259560	0.7460082929
0	0.0000000001	0.0801813709	0.0122120176	0.7145440724	0.1930625390
0	0.0000893707	0.0220287927	0.5962503096	0.0007659873	0.3808655397
0	0.2282891380	0.4080795271	0.0977567151	0.0305590592	0.2353155605
