0	0.0000000000	0.0037589555	0.0022615558	0.1728592052	0.8211202835
0	0.0265810521	0.2647699844	0.0014696220	0.0000000000	0.7071793416
0	0.0000018646	0.0083452179	0.7737364488	0.0844504183	0.1334660503
0	0.0001494830	0.8332678041	0.0000000000	0.0001233113	0.1664594016
0	0.2714005608	0.1643107267	0.2861777543	0.1306008584	0.1475100998
0	0.0558403323	0.4381437765	0.0190899863	0.0000000813	0.4869258236
0	0.0002450620	0.0150191760	0.3260975600	0.0321100651	0.6265281369
0	0.0905372555	0.3808386067	0.0400521506	0.1913277687	0.2972442185
0	0.0000002899	0.8933872316	0.0000036098	0.1011933062	0.0054155625
0	0.0162185550	0.0131373365	0.0002439273	0.0007357439	0.9696644373
1	0.0000000000	0.4795179403	0.3171060783	0.2026701635	0.0007058180
0	0.0012091190	0.6677220177	0.1078697007	0.1078967847	0.1153023779
0	0.0000021095	0.1868096122	0.0529924100	0.0052897777	0.7549060907
0	0.2436226348	0.5981302362	0.0000001891	0.0023836991	0.1558632408
1	0.2454067939	0.5018462256	0.0000050802	0.0928355376	0.1599063627
0	0.0691935665	0.0078008720	0.0000044081	0.9106194508	0.0123817026
0	0.0000011882	0.0000000000	0.2369574354	0.0729809536	0.6900604229
0	0.0830107318	0.6293054488	0.2322208475	0.0272906974	0.0281722745
0	0.0084314405	0.0615504477	0.8395646610	0.0005260204	0.0899274304
0	0.0416568001	0.0000003576	0.0034288097	0.0000009428	0.9549130898
0	0.0000000000	0.4979779115	0.0019552886	0.0070107680	0.4930560319
0	0.0016738911	0.0840457903	0.0046544088	0.1942100617	0.7154158481
0	0.3776497914	0.0012126602	0.0107204364	0.3162146463	0.2942024657
0	0.0388536836	0.0005258090	0.9558642120	0.0000000000	0.0047562954
0	0.0000000000	0.1965697478	0.6532961898	0.0780846767	0.0720493858
0	0.0002038786	0.2577009094	0.0119587094	0.3541108238	0.3760256788
0	0.0000049265	0.6700544627	0.0034285995	0.0559340445	0.2705779668
2	0.0000000011	0.0233766639	0.7721114145	0.0166964618	0.1878154587
0	0.1032631033	0.8801815375	0.0000850758	0.0000000000	0.0164702834
0	0.1960712422	0.2945885161	0.3747608157	0.0000000000	0.1345794260
0	0.1421394975	0.5333418506	0.0017789218	0.0000010329	0.3227386972
0	0.0000354420	0.3605807263	0.0396238625	0.0108729514	0.5888870179
0	0.0933115579	0.0034198457	0.2764109815	0.0155134913	0.6113441236
0	0.0179608328	0.1890423171	0.0054161563	0.0003841097	0.7871965840
0	0.0385058801	0.1568064855	0.0625614324	0.0078507756	0.7342754263
0	0.0045905376	0.3674096681	0.0004895115	0.0857495601	0.5417607227
0	0.0092297584	0.0820792389	0.0565050401	0.2060883696	0.6460975930
0	0.0634576139	0.1832632324	0.0261847292	0.1869740910	0.5401203334
0	0.1203284193	0.1896046880	0.0000000000	0.4273620487	0.2627048441
0	0.2910971652	0.1717152350	0.0000085098	0.0277884602	0.5093906298
0	0.0000000016	0.0489406140	0.0060346970	0.0025694705	0.9424552169
0	0.0023433112	0.1348406120	0.0004581933	0.1239701404	0.7383877431
0	0.0750571227	0.2467790606	0.3178586211	0.0000017827	0.3603034128
0	0.1298878994	0.1581986683	0.0349169795	0.0850448901	0.5919515626
0	0.0488336925	0.6262279158	0.0169206859	0.0210135391	0.2870041667
0	0.2879163877	0.2076921233	0.3053263357	0.0069506601	0.1921144933
0	0.0493616951	0.4936349204	0.4509236631	0.0000000027	0.0060797187
1	0.2832444795	0.0005313520	0.0103734794	0.6264843162	0.0793663728
0	0.0002754759	0.3267112158	0.0810926119	0.1578021858	0.4341185105
0	0.0000822280	0.0190023825	0.4897892060	0.0127630563	0.4783631273
0	0.0008414935	0.8200548719	0.0476286469	0.0000953165	0.1313796711
0	0.0548560444	0.4927017324	0.0001553171	0.3880067206	0.0642801854
0	0.1151881383	0.0008854151	0.8599571231	0.0172408050	0.0067285186
0	0.0230568721	0.1729192241	0.0000000000	0.0647667168	0.7392571870
0	0.0000002604	0.6947793744	0.0735441501	0.0000000003	0.2316762148
0	0.0000542867	0.5148516709	0.3511046525	0.0000000001	0.1339893898
0	0.0001736591	0.3035457389	0.1360498942	0.0086521385	0.5515785693
0	0.0546899998	0.8311990604	0.0000000000	0.0000023115	0.1141086283
0	0.0078893924	0.7907379572	0.0027917785	0.0000514811	0.1985293908
0	0.0272293015	0.6153442230	0.3156920736	0.0000536959	0.0416807060
0	0.0002286274	0.0028296531	0.0121275067	0.0165273986	0.9682868142
0	0.0016661690	0.1645494525	0.0120817747	0.6635183072	0.1581842966
0	0.0293204316	0.0904871758	0.0000120603	0.0028759226	0.8773044096
0	0.0049133042	0.2331021075	0.0093042634	0.0392730805	0.7134072444
0	0.0535548248	0.7734643037	0.1383098774	0.0065335257	0.0281374684
0	0.0000018025	0.9922852036	0.0000207487	0.0036424006	0.0040498446
0	0.0270218372	0.0014528632	0.3196886554	0.0700438447	0.5817927994
0	0.0548927463	0.0013989468	0.1384638809	0.3985875553	0.4066568707
0	0.0000000000	0.0000032209	0.0072545552	0.0019557254	0.9907864984
0	0.0104922702	0.1293974481	0.0415060123	0.0007045616	0.8178997077
0	0.0074379916	0.9396506303	0.0529110341	0.0000000000	0.0000003440
0	0.0134588060	0.0000024184	0.9865109635	0.0000278117	0.0000000005
0	0.0810429868	0.0000219410	0.1154931721	0.6606252170	0.1428166831
0	0.0824088271	0.2280832838	0.0196729591	0.0025277599	0.6673071701
0	0.1080083925	0.0055397203	0.1585899018	0.0014426838	0.7264193015
0	0.1698535695	0.8027947300	0.0000285414	0.0066052146	0.0207179444
0	0.0265210906	0.1676366226	0.0329866227	0.0000410405	0.7728146236
0	0.0129731838	0.0042896902	0.0015779119	0.2852840629	0.6958751513
0	0.1212097835	0.6643350239	0.0230623403	0.0077130212	0.1836798311
0	0.0378325505	0.1152107805	0.0000035176	0.3114435362	0.5355096153
0	0.0090391962	0.0325545423	0.0000225411	0.0000000828	0.9583836376
0	0.0318341951	0.0000056909	0.0005751524	0.0416354058	0.9259495558
0	0.1191265501	0.0004424853	0.0000176084	0.3172862432	0.5631271130
0	0.0000000000	0.5871545090	0.0185386838	0.0405041373	0.3538026699
0	0.0001141072	0.0864770164	0.0000000000	0.6566484783	0.2567603981
0	0.0001380339	0.0074115436	0.1432557891	0.2339756233	0.6152190102
0	0.0000102231	0.2073399259	0.0000798003	0.0058561072	0.7867139435
0	0.0003523028	0.3395272767	0.0016072632	0.0000000000	0.6585131573
0	0.2093644447	0.1625568198	0.5767038060	0.0000000000	0.0513749295
0	0.0208893522	0.2212666011	0.5669670540	0.0925394270	0.0983375657
0	0.0161945197	0.6224963266	0.0000000000	0.0004278966	0.3608812571
0	0.0000000000	0.0000000002	0.0268738876	0.0000000000	0.9731261122
0	0.1633260193	0.0636878239	0.0000034970	0.0762770355	0.6967056242
0	0.0091529925	0.3446404317	0.1860399858	0.0116296797	0.4485369104
0	0.0000000000	0.5871199131	0.2199651302	0.0866479166	0.1062670401
0	0.0076886144	0.3866501714	0.0000000000	0.0018580710	0.6038031432
0	0.0000000000	0.0324951633	0.0909960587	0.0571986437	0.8193101343
0	0.0000000000	0.1739451134	0.0628604941	0.1631266985	0.6000676940
0	0.0011303228	0.0654820184	0.0848012347	0.0368877213	0.8116987028
0	0.0392961824	0.7187507731	0.0000000112	0.1444364099	0.0975166233
