0	0.0159645547	0.0000000000	0.5984649473	0.0000000000	0.3855704980
0	0.3264364769	0.2168945723	0.0000663680	0.0184033182	0.4381992645
0	0.0173740641	0.7238489805	0.0302757984	0.0052607244	0.2232404327
0	0.3413365547	0.3300771208	0.0237830749	0.0000000007	0.3048032490
0	0.0000000000	0.6325782307	0.1127108102	0.0000000000	0.2547109591
1	0.0303118827	0.0058520706	0.0000000000	0.1344783260	0.8293577208
0	0.0000147758	0.2704435177	0.0000003500	0.6363334027	0.0932079538
0	0.0191437575	0.0023038245	0.0098423335	0.0000138376	0.9686962468
0	0.0030342231	0.0866990185	0.1055249059	0.2791811238	0.5255607287
0	0.0049020152	0.1661922168	0.0000296065	0.0028902387	0.8259859228
0	0.0010744390	0.0000049484	0.0003322014	0.9930791223	0.0055092888
0	0.0000000000	0.1645142838	0.0076634267	0.0001906588	0.8276316306
1	0.0000000000	0.5711458895	0.3936146131	0.0000000577	0.0352394397
0	0.1218364564	0.1876345600	0.0914857152	0.5207808573	0.0782624111
0	0.4341831630	0.0001433852	0.2823744590	0.0000055824	0.2832934105
0	0.0000000000	0.0000046471	0.0288795519	0.0004226463	0.9706931547
0	0.0079474764	0.0598295783	0.0000420047	0.0000005569	0.9321803837
0	0.0017000020	0.4547954342	0.0931535194	0.0000117738	0.4503392706
0	0.0952387160	0.1851104476	0.0226705420	0.0123619551	0.6846183393
0	0.0022671021	0.2696565167	0.0217387675	0.2827726522	0.4235649616
0	0.5338540842	0.1340911311	0.0001446100	0.0485933264	0.2833168483
1	0.0001353985	0.0003549030	0.0756722979	0.0507688755	0.8730685251
0	0.4705929337	0.2968605328	0.0450582503	0.1874882833	0.0000000000
0	0.0504407180	0.2341260745	0.0122137236	0.0000399462	0.7031795377
0	0.1417742676	0.2524882612	0.2301010211	0.3462773223	0.0293591278
0	0.2664313729	0.1899554369	0.3581553236	0.0181152960	0.1673425707
0	0.0137700169	0.0231118918	0.0000140821	0.2693962593	0.6937077500
0	0.0016082902	0.0000000393	0.0034105010	0.3181075581	0.6768736114
0	0.0000000001	0.1455829711	0.1053779004	0.0000385119	0.7490006164
0	0.0003934473	0.0000000000	0.5153633793	0.0000089464	0.4842342270
0	0.0086804974	0.0484168572	0.0028482416	0.3164867665	0.6235676373
0	0.0022234100	0.1456044312	0.0229531659	0.0069800396	0.8222389533
0	0.0000000042	0.0000000000	0.0053995746	0.0397612250	0.9548391962
0	0.5660004188	0.2047819738	0.0501798457	0.0000000016	0.1790377601
2	0.0001279835	0.2157252013	0.0001518882	0.7839949271	0.0000000000
0	0.0006718703	0.4923556999	0.1764041357	0.2691183214	0.0614499727
0	0.0319907962	0.1705739923	0.1913542271	0.4944330668	0.1116479175
0	0.1648626616	0.3478750459	0.0067461196	0.0000110987	0.4805050742
0	0.0000105308	0.6282505555	0.0000662662	0.0005956603	0.3710769872
0	0.0983064524	0.8353965874	0.0000020972	0.0157673336	0.0505275294
0	0.0000000000	0.3339722850	0.1734412508	0.1365958753	0.3559905890
0	0.4081371618	0.3329283833	0.0670670302	0.0627722532	0.1290951716
0	0.0374264344	0.0238683907	0.1732823832	0.2894415232	0.4759812685
0	0.0003201611	0.0442690952	0.1150053050	0.0092374248	0.8311680139
0	0.0236384818	0.1669130707	0.1391865569	0.4527368563	0.2175250343
0	0.7616505195	0.1140208698	0.0947717411	0.0215971674	0.0079597021
0	0.3457086832	0.0192134610	0.5460713384	0.0000000000	0.0890065174
0	0.0708550104	0.0174311187	0.0084636130	0.0000028015	0.9032474563
0	0.0146049585	0.8817425271	0.0510350358	0.0000546148	0.0525628639
0	0.3800527034	0.0186728914	0.0023339545	0.0339265741	0.5650138765
0	0.0005812637	0.0344403044	0.0004876773	0.0000000000	0.9644907545
0	0.0000075419	0.6492271584	0.2883582268	0.0524290849	0.0099779880
1	0.0695037145	0.6586422611	0.0000289790	0.0000000000	0.2718250454
0	0.0002058844	0.0310956569	0.0000065219	0.0081302954	0.9605616413
0	0.1125100085	0.0031880381	0.7764676959	0.0113465456	0.0964877119
0	0.0000000000	0.3512424200	0.0087863748	0.0513479470	0.5886232581
0	0.0798377658	0.0122842781	0.1069468043	0.0000000000	0.8009311519
0	0.8641284348	0.0001128167	0.0775571769	0.0088480672	0.0493535044
0	0.0004620762	0.8272929267	0.1485994961	0.0236455010	0.0000000000
0	0.3156486505	0.0933746876	0.1167477319	0.0238662556	0.4503626744
0	0.3038962980	0.0260897664	0.0012738147	0.0199441077	0.6487960133
0	0.0000000000	0.0444327257	0.0772868031	0.0162092421	0.8620712291
1	0.2082018814	0.1494756250	0.0002491517	0.3650157903	0.2770575517
0	0.0000005767	0.0000000020	0.0038914426	0.9059545037	0.0901534750
0	0.0002708481	0.8941347695	0.0324604826	0.0006991419	0.0724347578
1	0.0591965998	0.1106249321	0.3719867664	0.0054694648	0.4527222369
0	0.1809662147	0.1625996795	0.0000222967	0.0000153764	0.6563964327
0	0.5496729274	0.1569928793	0.0050328270	0.0545392416	0.2337621247
0	0.1054225264	0.0037166984	0.0197258271	0.0000182152	0.8711167329
0	0.0331623003	0.1714508014	0.4366925225	0.3453433730	0.0133510029
0	0.1150289091	0.8802263360	0.0007668567	0.0039600516	0.0000178466
1	0.0000000000	0.0043175819	0.3791554309	0.6157976808	0.0007293064
0	0.0000028797	0.0638499691	0.0112235578	0.0412876404	0.8836359529
0	0.0404316605	0.2312517715	0.3116462169	0.0743310925	0.3423392586
0	0.0000000912	0.4285382528	0.0003314343	0.0789036128	0.4922266089
0	0.0500809511	0.0000000199	0.4849966626	0.4452147468	0.0197076196
0	0.0000000003	0.0890174534	0.0303804385	0.0011543096	0.8794477982
1	0.1412946678	0.0899357041	0.0020789791	0.4784839280	0.2882067210
0	0.0000000009	0.2006238699	0.0000145952	0.2186427118	0.5807188223
1	0.0002205090	0.5338185956	0.0000097203	0.0832073991	0.3827437760
0	0.0002300009	0.0281515911	0.0059731742	0.0000149464	0.9656302874
0	0.0415391529	0.1488353630	0.6599223857	0.0004796135	0.1492234848
0	0.0000015699	0.2099452705	0.1938654747	0.0181125489	0.5780751361
1	0.0045084716	0.0000000000	0.9283214930	0.0653929023	0.0017771330
0	0.0032058433	0.9135533357	0.0059131706	0.0222172673	0.0551103831
0	0.3503730853	0.0473291936	0.0000000006	0.5084218293	0.0938758912
0	0.0014145190	0.2853011358	0.0000000000	0.2901346765	0.4231496687
0	0.0135889854	0.8846476633	0.0283889682	0.0011211658	0.0722532173
0	0.2555169244	0.0562903047	0.2675457514	0.1986546509	0.2219923685
0	0.1815707029	0.3627147186	0.0120485128	0.0215052160	0.4221608497
0	0.1847640964	0.0856100395	0.1334991030	0.4775387612	0.1185880000
0	0.0000204302	0.2378287656	0.0000000000	0.0012036148	0.7609471895
0	0.0677701077	0.0725777577	0.0030976034	0.5433692127	0.3131853186
1	0.4502209980	0.0717133385	0.0861259832	0.3821652363	0.0097744440
0	0.0852081115	0.7645967661	0.1217686375	0.0000000000	0.0284264849
0	0.0048097122	0.6080080981	0.1685262169	0.0014409148	0.2172150579
0	0.0002665467	0.2486374208	0.1289480338	0.4024280357	0.2197199631
0	0.0222849889	0.0000325774	0.1863711550	0.3951650857	0.3961461931
0	0.0000000000	0.0000311069	0.3006369337	0.1662645209	0.5330674385
0	0.1251491615	0.0282028835	0.0072438806	0.8343358599	0.0050682145
