0	0.2529501628	0.3822618694	0.0365970475	0.3275806408	0.0006102795
0	0.0004783928	0.0000148547	0.8847401138	0.0023894144	0.1123772244
0	0.3948243856	0.1136129273	0.2044127328	0.0803844167	0.2067655376
0	0.0282201954	0.5292250151	0.0103218314	0.0000000000	0.4322329581
0	0.0000050128	0.0876947313	0.0401035668	0.0038445926	0.8683520965
0	0.0000346001	0.5156034195	0.1489559271	0.1485844583	0.1868215950
0	0.0000047215	0.0462421381	0.6440698690	0.3081882711	0.0014950002
1	0.0912662035	0.4511077120	0.0965249507	0.0202703703	0.3408307635
0	0.0279482472	0.3144287971	0.4769384421	0.0002007178	0.1804837958
0	0.0000000000	0.5572571810	0.0138022614	0.0000000008	0.4289405568
0	0.4403219662	0.4479020689	0.0000000000	0.0080644090	0.1037115558
0	0.0085386374	0.4816544494	0.0391945097	0.4360091211	0.0346032824
1	0.1171118192	0.8828872795	0.0000000000	0.0000000000	0.0000009013
0	0.0012135681	0.6675503006	0.0480960554	0.0000000000	0.2831400759
0	0.0938660942	0.0000000000	0.0453302310	0.4421322093	0.4186714654
0	0.1642781225	0.3242706036	0.0013314639	0.0030254085	0.5070944015
0	0.0000381194	0.2698462995	0.6421078532	0.0604581776	0.0275495504
0	0.0000616964	0.0000320788	0.2692892852	0.0544126496	0.6762042899
1	0.4313042696	0.0003325881	0.0735173111	0.4324269429	0.0624188882
0	0.5297634638	0.1921894051	0.2716263725	0.0000000000	0.0064207586
0	0.0000000354	0.3124347909	0.0000067083	0.4512175926	0.2363408728
0	0.6901090557	0.1764437450	0.0007265483	0.1327203634	0.0000002877
0	0.0000000000	0.5623341981	0.4375671782	0.0000985435	0.0000000802
2	0.0869760151	0.0288827049	0.6370805103	0.0413666715	0.2056940983
0	0.0009466080	0.0022837687	0.0000437018	0.0046311210	0.9920948004
0	0.0049360836	0.1634446682	0.0000092756	0.0042105886	0.8273993840
0	0.0000390986	0.3622643501	0.0000002519	0.5787287739	0.0589675254
0	0.0057273286	0.0319598955	0.2486300367	0.0399037723	0.6737789669
0	0.1058762786	0.0000850730	0.8307719291	0.0028434105	0.0604233087
0	0.0241550407	0.7940296905	0.0023779806	0.1630405149	0.0163967732
0	0.0015394845	0.0883984882	0.0022166616	0.0070792723	0.9007660933
0	0.0581819824	0.0058028636	0.2561247015	0.1164665125	0.5634239400
1	0.0000010853	0.1989366389	0.4334300853	0.0065728457	0.3610593447
0	0.0000000000	0.0001391480	0.3879617206	0.6110100955	0.0008890360
0	0.0043853532	0.3154400325	0.0461095024	0.5437839577	0.0902811541
0	0.0124416468	0.0825799782	0.2122004032	0.0006010598	0.6921769120
0	0.2323287986	0.4589613244	0.0000001127	0.0099936869	0.2987160774
0	0.0012356324	0.0467489480	0.6430076277	0.1741082768	0.1348995152
0	0.0075033737	0.5723955200	0.0011829255	0.1596302385	0.2592879423
0	0.0000000704	0.2395716752	0.0864103424	0.0000517219	0.6739661902
0	0.0001912046	0.2553592066	0.0410312699	0.0008744289	0.7025438900
0	0.5537716010	0.3368610666	0.0077326360	0.0628587123	0.0387759841
0	0.0179204314	0.4834827359	0.2908114181	0.0331515323	0.1746338823
0	0.6973317737	0.2324126260	0.0042268837	0.0118487023	0.0541800144
0	0.0000013591	0.4881242875	0.3487407865	0.1188249445	0.0443086224
0	0.0000033134	0.6898679353	0.0224129296	0.0220084842	0.2657073376
1	0.2401574152	0.2308558610	0.0321054832	0.0220670926	0.4748141480
0	0.0000000000	0.0000000047	0.6768940611	0.0160287566	0.3070771777
0	0.3189115215	0.4246268760	0.0455938068	0.0494226956	0.1614451001
1	0.0000000001	0.0000000000	0.0060658459	0.4074635394	0.5864706146
0	0.0000610943	0.9844827779	0.0029506811	0.0103912284	0.0021142184
0	0.0000458741	0.0135292661	0.3864167677	0.2143603106	0.3856477814
0	0.0672425877	0.4771585004	0.0641567495	0.0373679628	0.3540741996
0	0.0497111037	0.5646140759	0.0006547819	0.1649826754	0.2200373630
0	0.0122268938	0.0000015825	0.0397272540	0.5387975549	0.4092467149
0	0.0020228707	0.1248458646	0.0003357676	0.0892015150	0.7835939821
0	0.0000247879	0.0037483550	0.0223435584	0.0003531381	0.9735301606
0	0.1730165251	0.0000000000	0.0000000000	0.6060361327	0.2209473422
0	0.0000000025	0.0467285638	0.0664688933	0.0067122438	0.8800902966
0	0.0163727111	0.7615062177	0.0200419839	0.0005509429	0.2015281445
0	0.2773465270	0.0979427842	0.4285242697	0.0005082951	0.1956781240
0	0.0880543927	0.0804248737	0.0305574495	0.0878832679	0.7130800162
0	0.0483276133	0.2048174263	0.0278726755	0.0121397018	0.7068425831
0	0.0000280893	0.2197897857	0.4564958879	0.0000986740	0.3235875630
0	0.1227484043	0.0005908248	0.0760648126	0.0000000000	0.8005959582
0	0.0016325981	0.2159008509	0.0462128510	0.0109638106	0.7252898894
0	0.0000000008	0.5901353136	0.0686277740	0.0000000000	0.3412369116
0	0.0204484817	0.9619752267	0.0000789799	0.0159576268	0.0015396849
0	0.0277402348	0.2098905398	0.1539979530	0.0092151324	0.5991561400
1	0.0428252945	0.0000000944	0.1015393885	0.0281604156	0.8274748070
0	0.0000000000	0.8995373089	0.0783803760	0.0000000000	0.0220823150
0	0.0000000000	0.0191114500	0.8438112258	0.1363730324	0.0007042918
0	0.0050053466	0.4386445957	0.0000000000	0.0366641708	0.5196858868
0	0.0228636850	0.0066079285	0.2044728965	0.0926774065	0.6733780835
0	0.0447352080	0.5856598757	0.0707519266	0.2986809386	0.0001720511
0	0.0383963057	0.1667949876	0.0394744330	0.1045022959	0.6508319778
0	0.0000957849	0.1869762623	0.0053292895	0.1615462345	0.6460524289
1	0.0144558469	0.1509763508	0.1695419242	0.4501682261	0.2148576519
0	0.1238011829	0.0305458077	0.0000000000	0.1857175919	0.6599354175
0	0.0000349765	0.1486840183	0.0000155629	0.1300963098	0.7211691325
0	0.0032761122	0.7655867224	0.0000000124	0.0025417287	0.2285954243
0	0.0001279502	0.3178969760	0.4012435959	0.0000000601	0.2807314178
1	0.0000047179	0.8896077938	0.0439860304	0.0563620004	0.0100394575
0	0.0832711077	0.8113587974	0.1053502619	0.0000000000	0.0000198330
0	0.2067297855	0.5887997445	0.0000000000	0.0218453115	0.1826251584
0	0.0000000063	0.6197745087	0.3412160166	0.0000684077	0.0389410607
0	0.0000000000	0.3484014762	0.0057542487	0.0000000000	0.6458442751
0	0.0188016492	0.1519991269	0.0000015167	0.0207058023	0.8084919049
0	0.0002152112	0.0739706304	0.2378618575	0.0005382770	0.6874140238
0	0.0123432892	0.0841480914	0.0000021644	0.1434625639	0.7600438911
0	0.0001532659	0.0124673026	0.1284629567	0.0060034247	0.8529130500
1	0.2895094352	0.1752865265	0.0726882151	0.4617089177	0.0008069055
0	0.0280923392	0.1138605371	0.8580471237	0.0000000000	0.0000000000
0	0.1937230891	0.1020674051	0.0099737488	0.2033621298	0.4908736272
0	0.0121018122	0.1936420344	0.0116054436	0.0000820970	0.7825686128
0	0.3331543767	0.0000672335	0.0911146854	0.2306019790	0.3450617254
0	0.0000000000	0.6347672356	0.1714829757	0.0000001941	0.1937495946
0	0.0000000000	0.6906739414	0.0000000000	0.3055108213	0.0038152372
0	0.0093157304	0.0126629291	0.0000000191	0.0000000000	0.9780213214
0	0.0000316948	0.0106163421	0.4401864334	0.0086060201	0.5405595095
