0	0.0174168869	0.0122319882	0.1092309011	0.4294243700	0.0033323680	0.2768664676	0.0006449917	0.0000000000	0.1068472197	0.0440048069
0	0.0295134212	0.0311239154	0.0000000000	0.0636879966	0.0018021392	0.0183406306	0.4873916709	0.0032020584	0.3640634718	0.0008746959
0	0.4980937544	0.0417170765	0.0000061325	0.1132010272	0.0037213747	0.0049212712	0.2358465036	0.0015114449	0.0585809678	0.0424004472
0	0.0391341279	0.0940999425	0.0023260462	0.0000000595	0.0000141881	0.0002983056	0.8002594691	0.0000000004	0.0529231403	0.0109447204
1	0.0015322963	0.0125858060	0.0000001778	0.0002461092	0.0085032400	0.0417919037	0.3481004802	0.4824398385	0.0833934873	0.0214066609
0	0.1810213991	0.0528907488	0.0363230272	0.0635494175	0.0089183427	0.1094212841	0.0736963664	0.0269081294	0.4293137871	0.0179574976
0	0.0510046451	0.0765171018	0.0000000154	0.0627126832	0.0063926442	0.0465429387	0.3385336254	0.0188240065	0.1426167447	0.2568555952
0	0.0006728930	0.0011690442	0.0411264410	0.0817518196	0.0000000000	0.0795344221	0.2381080490	0.2135923956	0.0720876569	0.2719572786
0	0.0000001906	0.0207132651	0.0755370561	0.1295787284	0.0272044698	0.0007036983	0.0271788102	0.0001109461	0.0000000000	0.7189728354
0	0.0006839511	0.0766263689	0.0169516781	0.1008326132	0.0380957921	0.1501977877	0.0461041038	0.0978152828	0.2358324788	0.2368599435
0	0.0733805943	0.0093300113	0.0017444930	0.1821716398	0.2131309008	0.0000005487	0.1718730887	0.0008547589	0.3379459155	0.0095680490
1	0.1472807220	0.0252301018	0.0000000708	0.0000000004	0.0000000000	0.0000000189	0.3855673703	0.1377612869	0.0224506995	0.2817097294
0	0.4091952951	0.0253471865	0.0327820322	0.0284629931	0.0319991252	0.0007556259	0.0017101024	0.0000008337	0.0735446748	0.3962021312
0	0.1371152140	0.0549645735	0.2263217056	0.0165876366	0.0798964657	0.3551175058	0.0345028874	0.0464224706	0.0338991259	0.0151724149
1	0.2390558023	0.0000060576	0.0000000000	0.0000000000	0.0470989086	0.0013113870	0.1704120929	0.3330467299	0.0046181569	0.2044508646
0	0.6701299824	0.0237636202	0.0679522485	0.1011190576	0.0271304479	0.0059351323	0.0513980714	0.0000657871	0.0278942263	0.0246114261
0	0.0107465719	0.0172131472	0.0000710010	0.0022612214	0.0208975550	0.0027256270	0.0187245762	0.7339005231	0.1540178006	0.0394419768
0	0.3183320355	0.1706724739	0.1805742212	0.1038726212	0.0000014097	0.1334333437	0.0664013142	0.0035051472	0.0230548143	0.0001526190
0	0.0918011577	0.0603053814	0.0114245884	0.0000114795	0.0037168629	0.1311778502	0.0281361091	0.0133898731	0.0001814113	0.6598552864
0	0.1077453181	0.0002080851	0.0060868475	0.2619538006	0.0000000000	0.0445371461	0.2769889403	0.0096634938	0.0510029849	0.2418133837
0	0.0011759709	0.0155508664	0.0655634575	0.0657899716	0.0977754164	0.3950225912	0.2642228739	0.0819640157	0.0126130056	0.0003218307
0	0.1289650126	0.2650713320	0.0041137607	0.3132105726	0.1252748910	0.0000000022	0.1329671703	0.0001548664	0.0063661901	0.0238762021
1	0.0967105578	0.0000000000	0.0327657918	0.0590616985	0.0001706891	0.2002751862	0.0174506177	0.0689327327	0.4368420196	0.0877907065
0	0.3245059209	0.1822817748	0.0000000003	0.0251771743	0.0086573989	0.4477631007	0.0028400467	0.0082764734	0.0000000000	0.0004981100
0	0.0350337534	0.0085661630	0.8645524621	0.0302797775	0.0000000000	0.0347732952	0.0111496569	0.0117811570	0.0002584124	0.0036053225
1	0.0147107645	0.0000396400	0.0000146166	0.0000065542	0.0000000000	0.2851327813	0.0260658933	0.3091395732	0.0000000024	0.3648901744
0	0.0333897684	0.0000071742	0.0272179082	0.0000000000	0.0138692098	0.0048629810	0.0033709010	0.0105853730	0.0000000000	0.9066966844
0	0.0000963224	0.0204694797	0.0217571835	0.0305398506	0.0009639602	0.0223626019	0.0766826573	0.1129901738	0.1085668668	0.6055709039
0	0.3298846482	0.0101716531	0.0550599510	0.0000622182	0.0814930096	0.0000514101	0.1085465122	0.2544710984	0.0766704866	0.0835890126
0	0.0020122381	0.1355517477	0.0014718959	0.0006183910	0.2008993969	0.0014729793	0.0401153548	0.0000000000	0.0047107060	0.6131472902
0	0.0000000008	0.0000049364	0.0248537586	0.0000684670	0.0026344518	0.4070029750	0.0220098498	0.1530861869	0.3867804347	0.0035589390
0	0.0148306779	0.0359792869	0.0000002669	0.0213900763	0.0000000079	0.6237933964	0.1038892810	0.1897764590	0.0001743546	0.0101661931
0	0.5496484552	0.0026793528	0.0008719260	0.0408403613	0.0858141236	0.1639310073	0.0070088786	0.0000000000	0.0906948118	0.0585110835
0	0.0622059589	0.0000000020	0.0215314931	0.0000000001	0.0009130353	0.0001881683	0.5427467898	0.2972853984	0.0274208925	0.0477082616
0	0.0183215428	0.1654638829	0.3483975825	0.0004906125	0.0000563352	0.0008320549	0.3120114917	0.0000000007	0.0808021124	0.0736243844
0	0.3029670515	0.0000000027	0.0000000000	0.0000350105	0.0118245811	0.0123931246	0.0619254027	0.0657717964	0.1513771475	0.3937058830
0	0.5866427812	0.0315245386	0.0017203642	0.0237627664	0.0000000020	0.0000000000	0.2130429415	0.0060357979	0.0001570555	0.1371137527
0	0.0060618360	0.0364571066	0.0000000003	0.1062045048	0.1627461826	0.1817397101	0.0020766889	0.0965168424	0.3832088190	0.0249883090
0	0.0954369477	0.0006185973	0.0778300894	0.1048073712	0.2098182368	0.1055901368	0.2879213017	0.0007855348	0.0995722370	0.0176195474
0	0.0093162942	0.0201489720	0.0237659275	0.0215394951	0.0450363953	0.0000085707	0.0672312783	0.0199361611	0.0000000000	0.7930169059
0	0.8865935109	0.0009863796	0.0299631837	0.0098363869	0.0377640501	0.0000000000	0.0003142962	0.0000000542	0.0315126476	0.0030294908
0	0.0000918076	0.0000000000	0.0000000000	0.4752918193	0.0101321300	0.2758686336	0.2297464106	0.0001361762	0.0087330151	0.0000000076
0	0.0705486561	0.3122822223	0.1739857258	0.0000000000	0.0126092961	0.0021575447	0.0313426110	0.0913723850	0.1623818642	0.1433196947
0	0.0872400713	0.0005274632	0.0030721466	0.0161722238	0.0005106932	0.0067655559	0.8359263583	0.0205332198	0.0290947056	0.0001575624
0	0.0015721082	0.0310673881	0.2602199276	0.0028552254	0.0060806771	0.0005837624	0.4457280555	0.0225277597	0.1601557041	0.0692093919
0	0.0348630006	0.0134288247	0.0720912444	0.0003196525	0.0001246775	0.0063115502	0.0015973002	0.0827172342	0.0145668580	0.7739796578
0	0.0045849067	0.0055199696	0.0008695759	0.0000000000	0.0051665944	0.0264958457	0.0002605603	0.0000000000	0.1290693163	0.8280332310
0	0.3086264511	0.1325413275	0.0051851318	0.0001152402	0.0101022915	0.4347459297	0.0000001672	0.0079981024	0.0016718923	0.0990134664
0	0.1338064264	0.4093881920	0.0000229827	0.0914599403	0.0005055817	0.1331935328	0.2267144074	0.0000000189	0.0048873206	0.0000215971
0	0.0238757714	0.0563804940	0.0000000000	0.1828459757	0.0344205502	0.4639464121	0.2240428853	0.0088889461	0.0047812485	0.0008177169
0	0.0088887262	0.3926614167	0.2720003864	0.0429270768	0.0092123493	0.0234125797	0.1324556802	0.0723641582	0.0000077938	0.0460698327
0	0.1984880266	0.3232945092	0.1004372542	0.0051663625	0.0084238041	0.1174738859	0.1147766868	0.0018801929	0.0492617757	0.0807975022
0	0.1748990246	0.0000000000	0.0073390783	0.0842206388	0.0000000175	0.0000342953	0.0608025816	0.2658960706	0.1961348104	0.2106734830
1	0.0148591154	0.0068575549	0.0000000024	0.0000653099	0.0020074178	0.0533052256	0.1357047202	0.0053987576	0.2390952205	0.5427066756
0	0.5974244375	0.1676646961	0.0034562985	0.0041975392	0.0005024309	0.0057245433	0.1594908909	0.0185035196	0.0325450494	0.0104905946
0	0.6872135365	0.0295802724	0.0000000000	0.0060740302	0.1198350207	0.0609361734	0.0294166227	0.0007478862	0.0283733939	0.0378230639
0	0.1167675426	0.0007745986	0.0089971615	0.0000000003	0.0182628842	0.0414043326	0.7025091147	0.0923788504	0.0189055151	0.0000000000
0	0.1552873620	0.0532109553	0.0000000432	0.0002601019	0.0008505504	0.5803607516	0.0607175691	0.0271561626	0.0625212030	0.0596353009
0	0.0101089322	0.0628751873	0.0010866559	0.1585437867	0.0000000000	0.0016799935	0.0960429619	0.2627061367	0.0734171870	0.3335391588
0	0.0848113143	0.0582566419	0.1048247953	0.0000000000	0.0980874807	0.0001446849	0.0156469333	0.0034298558	0.6044824948	0.0303157990
0	0.1865724359	0.0778667883	0.0255354649	0.0853392727	0.0528015421	0.0377859378	0.4762164350	0.0000688573	0.0193132835	0.0384999826
0	0.2263812383	0.2925044414	0.0481322323	0.0776901151	0.0003537779	0.0040427953	0.0000305048	0.1130970705	0.2377678242	0.0000000000
0	0.1891101619	0.0000000000	0.0023697811	0.0168118298	0.0000035636	0.1234309286	0.0165930628	0.1604902293	0.2813095497	0.2098808932
0	0.3402682530	0.0005725980	0.0444992475	0.0905584223	0.0000868784	0.1860955376	0.0582633133	0.0061734452	0.0092148902	0.2642674146
0	0.0002915590	0.0000000000	0.0882347573	0.0000000000	0.0347290866	0.0000000005	0.0232026794	0.1760507303	0.0547907938	0.6227003929
0	0.0636538820	0.0036688332	0.4915915921	0.0160946015	0.0040256995	0.0090918175	0.0617489288	0.2795418413	0.0020608758	0.0685219284
1	0.0429889744	0.0396195535	0.0033399812	0.0000000000	0.0000141865	0.1870306918	0.4478443866	0.1430152217	0.0008756938	0.1352713105
0	0.2241790005	0.0327895743	0.0903555857	0.0000023807	0.0358276894	0.0012097639	0.3600172532	0.0014634679	0.2272539852	0.0269012992
0	0.4396907577	0.0972444599	0.0049927969	0.0992590385	0.0768586375	0.0716093723	0.1683459359	0.0142561069	0.0277390728	0.0000038217
0	0.0429200910	0.6174699386	0.1687360121	0.0088840981	0.0253719171	0.0014132947	0.0234088993	0.0531075315	0.0582039323	0.0004842852
1	0.3206160789	0.0044862599	0.0000000008	0.1342541693	0.0105670025	0.0058260230	0.2764018899	0.0788838301	0.0332093123	0.1357554334
0	0.0861260135	0.4200144537	0.0515329534	0.0059911589	0.0410841300	0.0000000113	0.1560738327	0.0789576919	0.0011476262	0.1590721283
0	0.1155397857	0.0047923788	0.1925631000	0.0035011960	0.0325312817	0.4954114977	0.0369273703	0.0375015543	0.0337231392	0.0475086962
0	0.0106875983	0.0362917482	0.0513287398	0.0182548272	0.0003695054	0.3029186596	0.0182169043	0.0000000001	0.0065495457	0.5553824715
0	0.0783670676	0.0011023833	0.0026880347	0.0051271222	0.0045302502	0.0059314104	0.2506901989	0.0117688205	0.0087187319	0.6310759803
0	0.0371584512	0.3138192743	0.0001395803	0.0025272800	0.2228001581	0.0710586493	0.0269753947	0.2538253672	0.0017302017	0.0699656432
0	0.0481389277	0.0001292264	0.0061877086	0.0000705512	0.0065006852	0.0005024757	0.0012513329	0.1565128992	0.2700834452	0.5106227480
1	0.2247644755	0.0187471658	0.0000000000	0.0012529311	0.0030997454	0.0061548879	0.2247871128	0.4177124076	0.0080464913	0.0954347826
0	0.1284731611	0.0021184781	0.0427731863	0.0046728262	0.0374772062	0.0903357567	0.6677579908	0.0000327788	0.0085161974	0.0178424184
0	0.0183437032	0.0065276742	0.8264047343	0.0135803674	0.0288487727	0.0238424773	0.0446524475	0.0000325951	0.0377672036	0.0000000247
0	0.3468483366	0.0131554745	0.0471931516	0.0000000000	0.0000000001	0.3175365955	0.1467367544	0.0551448589	0.0412432176	0.0321416110
0	0.1286649635	0.0898978859	0.2551629546	0.0000000000	0.0000404364	0.3185596150	0.0011139131	0.0819678168	0.1165808359	0.0080115788
0	0.0122961223	0.0003925299	0.0001217160	0.0608443764	0.0000015025	0.2698326373	0.0659693725	0.0583452478	0.0058023012	0.5263941942
0	0.3356376862	0.1183633589	0.0047895700	0.0000000029	0.0016019374	0.3070932714	0.0298302891	0.0290243782	0.1731725925	0.0004869133
1	0.2470570227	0.0024753619	0.0000000000	0.0002186233	0.0018112394	0.1908972942	0.5549575072	0.0003001791	0.0000151470	0.0022676253
0	0.2234998353	0.0000002423	0.3119848660	0.0002197855	0.0542911514	0.0694606548	0.2327643446	0.0386561293	0.0691130408	0.0000099499
0	0.1723289228	0.0199313308	0.0121248815	0.1859280444	0.3878632867	0.0569157745	0.0000068097	0.0571192364	0.0703479597	0.0374337535
0	0.0938440701	0.2198291389	0.2467580869	0.0090955610	0.0162454376	0.0588201412	0.2469979159	0.0996917913	0.0040954161	0.0046224410
0	0.0046818845	0.0947692634	0.0370506753	0.0001386627	0.0279459837	0.2932056126	0.0426185133	0.2800730828	0.2195163209	0.0000000009
1	0.0001062145	0.0001014413	0.0000108612	0.0004246640	0.0112695543	0.5628509741	0.1981484627	0.0178125730	0.0063373601	0.2029378949
0	0.0146404297	0.0598043587	0.0000000000	0.0000029029	0.1420524676	0.0034652278	0.4848931242	0.0000141091	0.2306818464	0.0644455336
0	0.1835553459	0.1011698917	0.0093876583	0.0218728397	0.2736968700	0.0069712937	0.2147235762	0.1174666699	0.0328204773	0.0383353773
0	0.0534229561	0.0732730891	0.0000000000	0.0000007003	0.0173693736	0.0013560923	0.0338108161	0.5677707725	0.1703470486	0.0826491514
0	0.4379145982	0.0345353773	0.0074274808	0.0001504947	0.0281149446	0.0000000000	0.3702278900	0.0499279997	0.0357927008	0.0359085139
0	0.6715404392	0.0001860149	0.0706330478	0.0024022264	0.1046803608	0.0000010238	0.1361273978	0.0104429410	0.0038593894	0.0001271591
0	0.5179277934	0.0035226555	0.0021908723	0.0012650037	0.3157656305	0.0000101491	0.0268058820	0.0230741820	0.0825144242	0.0269234073
0	0.2864920233	0.0106861011	0.0000317789	0.0188281208	0.0181592937	0.0000054151	0.1434683537	0.0312305835	0.4910983298	0.0000000002
0	0.4414933668	0.0000278797	0.0145942135	0.0014828090	0.1774901619	0.0000103240	0.0467240475	0.0039936970	0.0078629467	0.3063205540
0	0.0249440444	0.0170299540	0.0153111155	0.0062248234	0.0031422692	0.0082862177	0.0131773023	0.0000795375	0.1870601476	0.7247445884
0	0.0004589185	0.1028423347	0.0324500690	0.0045179706	0.0004300606	0.0003761054	0.1568679024	0.5073337598	0.0096128586	0.1851100204
0	0.0797481164	0.0592620023	0.0433901311	0.0161553572	0.0000418834	0.0000000000	0.0334831493	0.2281730523	0.5381502049	0.0015961030
0	0.0604908777	0.0248794780	0.4695310700	0.0214860957	0.0029640432	0.2027838047	0.0755409987	0.0488434411	0.0921815468	0.0012986442
0	0.1391822767	0.0000013752	0.5861311967	0.0063652966	0.0000831467	0.0279666154	0.0422735344	0.0405950792	0.0708332200	0.0865682591
0	0.0281655179	0.1159315602	0.0705198712	0.0159774384	0.0018542237	0.3067117360	0.0610285585	0.0009213900	0.2261120828	0.1727776213
0	0.0459019360	0.1825018670	0.0000000000	0.0518057233	0.0000000951	0.3746409032	0.0592483807	0.0006206214	0.0152955537	0.2699849195
0	0.5353295459	0.0024921893	0.0888690504	0.0257077590	0.0407558559	0.0010932725	0.1734923863	0.0193127955	0.0473650861	0.0655820592
1	0.1475721274	0.0360972705	0.0000000013	0.0910250845	0.0221804123	0.0377995441	0.3796936754	0.1999755806	0.0009105890	0.0847457148
1	0.0000233453	0.1933365284	0.0061583786	0.0032120597	0.0000094824	0.3344524868	0.0000000162	0.2516343290	0.1696813101	0.0414920636
0	0.1216007041	0.0001182253	0.2156174460	0.0156604694	0.0161111418	0.4094100794	0.0314362556	0.0002587284	0.1060175272	0.0837694229
0	0.0000070891	0.0000000001	0.1058631317	0.0003482912	0.0000000002	0.1634625970	0.4881980482	0.0296990108	0.1107790843	0.1016427473
0	0.0183642178	0.0004574866	0.0184019973	0.0004571984	0.0155331013	0.0218337812	0.0262786384	0.0308912746	0.8675379712	0.0002443331
0	0.0032257155	0.0027441826	0.0694408413	0.7395151873	0.0028385354	0.0000000000	0.0917702491	0.0608850093	0.0022834894	0.0272967901
0	0.0014191320	0.0436735354	0.0000000000	0.0001672516	0.3758346693	0.0175149772	0.3552580929	0.0980462478	0.0317842571	0.0763018365
0	0.6449961068	0.0049683904	0.0021210110	0.0000011723	0.2119940470	0.0211782537	0.0404850224	0.0139044793	0.0546805947	0.0056709224
0	0.0829017437	0.0000997969	0.0027744700	0.0109557376	0.0361876440	0.0098533389	0.7573624991	0.0501931259	0.0121529138	0.0375187301
0	0.0000010249	0.0059954836	0.0299387446	0.0095879328	0.1447883180	0.4698470069	0.1958185406	0.0364996523	0.0012468820	0.1062764144
0	0.0420565612	0.0422996057	0.0000000279	0.0300054809	0.0092352693	0.3651206847	0.2130021215	0.2076650003	0.0883082433	0.0023070052
0	0.0434973698	0.0061687459	0.0002279760	0.1608960833	0.0020685285	0.1150160076	0.0090048929	0.0028465336	0.0486439091	0.6116299534
0	0.0215138285	0.0000160039	0.3261826535	0.1801016450	0.0264179033	0.0239177477	0.1375720414	0.0882257803	0.1939093052	0.0021430913
0	0.0588654631	0.0440448752	0.0000406282	0.0013470944	0.0051813001	0.0283994975	0.7992140051	0.0140868646	0.0314040697	0.0174162022
0	0.3440125038	0.0000000000	0.0064332730	0.0000055203	0.0054837040	0.1061417033	0.3809399845	0.0245459687	0.0033776967	0.1290596459
0	0.0930046197	0.6382876015	0.0555572366	0.0113052675	0.0003483266	0.0128044646	0.0428011261	0.0659799106	0.0573214795	0.0225899673
0	0.2646365872	0.0000000000	0.0000608545	0.0169206923	0.0424364785	0.1561958300	0.3730911144	0.0010313425	0.1103477000	0.0352794007
0	0.4221602727	0.0116802337	0.0050908477	0.0007109562	0.0000386978	0.3198904192	0.0581997005	0.0006766429	0.1405308007	0.0410214286
0	0.0040821932	0.0330235642	0.0193591541	0.0025073367	0.0184620182	0.0000000762	0.2700550767	0.3743112538	0.0476385940	0.2305607329
0	0.0180762392	0.0000000853	0.2032161799	0.0984706862	0.0014730506	0.0091381794	0.5146893721	0.0090874615	0.0000133359	0.1458354100
0	0.6184304726	0.1709685613	0.0000145311	0.0127021840	0.0044675134	0.0156773219	0.0191838818	0.0125864096	0.1060039090	0.0399652153
0	0.2977760950	0.0495231259	0.2219552848	0.0012822202	0.0033697011	0.2088674459	0.0261944588	0.1320184944	0.0058148159	0.0531983579
0	0.0325822550	0.1307037497	0.0001879886	0.0601175862	0.0132338369	0.0148392991	0.0179427044	0.0000002778	0.0017297856	0.7286625166
1	0.0466791686	0.0337740652	0.0000084369	0.0009770699	0.0000000003	0.0451084357	0.0582283038	0.0509960599	0.0236503760	0.7405780837
1	0.0044055407	0.0042672776	0.0293197317	0.0017995877	0.0046798922	0.0102147123	0.0966370514	0.0495731705	0.2436139804	0.5554890553
0	0.0701494715	0.0915748989	0.0009235856	0.1554600556	0.1598364926	0.1062986027	0.0915081781	0.0294260877	0.2353796993	0.0594429279
0	0.3808767580	0.0113694521	0.0015532112	0.0005068582	0.2589965472	0.0125175724	0.0694792666	0.0000603129	0.0126268769	0.2520131444
0	0.0269565124	0.0004312697	0.0207969351	0.0002597866	0.0054381194	0.4962004543	0.0005467738	0.0003593422	0.0488080419	0.4002027645
1	0.1341203860	0.0001832539	0.1348533811	0.0932490115	0.0002714118	0.0112442192	0.4979190564	0.0089192895	0.0503640155	0.0688759751
0	0.0218092046	0.3644668495	0.0899392117	0.0027878349	0.0343371197	0.0532545761	0.0371882048	0.0017531661	0.2452758107	0.1491880219
0	0.2336136793	0.0000000000	0.0022523263	0.0000552821	0.0000239598	0.0023206700	0.2429946926	0.0086810672	0.2179809293	0.2920773934
0	0.1121179272	0.0966821101	0.0021492233	0.0031197702	0.3683360646	0.0437674457	0.0009221956	0.0281000946	0.3326313569	0.0121738119
0	0.0028053842	0.0064999000	0.0000000138	0.0102071191	0.0135325668	0.0000000043	0.0006985458	0.5428967719	0.4202107940	0.0031489001
0	0.1012399168	0.0633894564	0.0000000000	0.0124784405	0.0103013870	0.0392547227	0.4505060243	0.0000000000	0.1803431437	0.1424869086
0	0.0141370211	0.0005408606	0.1737401713	0.0117233238	0.0249575919	0.0196344729	0.0132475894	0.4159335520	0.0793970414	0.2466883756
0	0.3456291736	0.0000046076	0.0712883108	0.0946715241	0.0091300104	0.1371111210	0.0000034118	0.0976597433	0.0322619451	0.2122401522
0	0.0112957751	0.0129011046	0.0382938871	0.0000030599	0.0000000000	0.0007740975	0.1011251114	0.0175225452	0.6941029733	0.1239814457
0	0.0130781635	0.4946554491	0.0094882850	0.0017070407	0.0000000349	0.2118572706	0.1225079628	0.0444345796	0.0000449376	0.1022262762
0	0.3727985454	0.0133788969	0.0045036068	0.0003766797	0.0013795000	0.0009156091	0.0291698581	0.0035897424	0.1838380036	0.3900495581
0	0.0079272518	0.0008364491	0.0025120637	0.0194450375	0.0028696753	0.0264117438	0.1110699574	0.0028163216	0.8146059508	0.0115055489
0	0.4843277013	0.1802403535	0.0115327168	0.0000000000	0.0485396524	0.0816963237	0.0240588916	0.0016843318	0.1141645233	0.0537555056
0	0.0036237280	0.1075531297	0.0030230317	0.0020419008	0.0000021525	0.0722865829	0.1370247580	0.0614503809	0.1257808601	0.4872134752
0	0.4699436884	0.0059229824	0.0787475897	0.0379054840	0.0001132497	0.0000095576	0.0080841029	0.2238953843	0.0130446773	0.1623332838
0	0.0781397787	0.0728893820	0.0000263747	0.0000000000	0.2064090779	0.0000000000	0.0191709419	0.0000024172	0.3963336855	0.2270283420
0	0.0505177023	0.0080952761	0.6526369687	0.0000681709	0.2161254019	0.0168749090	0.0000000000	0.0003779157	0.0252086205	0.0300950349
0	0.1268339815	0.0310872004	0.0001055039	0.0109440164	0.0000001273	0.3318453251	0.2954594890	0.1049537147	0.0748200574	0.0239505843
0	0.0243921230	0.0541984656	0.0070471421	0.0219759572	0.0000082942	0.0215621544	0.2026755108	0.6033295740	0.0643748784	0.0004359002
0	0.3862441382	0.3017410969	0.0338741964	0.0015829110	0.1075139013	0.0552859604	0.0274326667	0.0051570011	0.0000642691	0.0811038589
0	0.3316676665	0.0000010989	0.0138232103	0.3516798265	0.0218502023	0.0002546745	0.0543336404	0.0648293664	0.0578408385	0.1037194758
0	0.0006879595	0.0669389574	0.1444219254	0.2590504934	0.4455386847	0.0165554693	0.0165063153	0.0000003319	0.0054233501	0.0448765128
0	0.0547863267	0.0000087360	0.0977459375	0.2956945542	0.0320496754	0.0175034131	0.0670148949	0.4176140531	0.0138354444	0.0037469648
1	0.2974999037	0.0506905358	0.0000083103	0.0553599826	0.0053529865	0.2048458626	0.2819260595	0.0000609150	0.0727197724	0.0315356715
0	0.0156954240	0.3626812837	0.0000000000	0.0000000359	0.0660608533	0.0652871727	0.3337910418	0.0055907917	0.1202548369	0.0306385600
0	0.2737624416	0.0766712463	0.0000181467	0.0000000000	0.1169980479	0.1544816479	0.3097760927	0.0007721419	0.0033828103	0.0641374248
0	0.1706874977	0.0000000000	0.0080637108	0.0009171854	0.1655026189	0.0851474129	0.0115621968	0.1697326413	0.3572072173	0.0311795189
0	0.0031167004	0.2666514203	0.1250273143	0.0049560037	0.0685886861	0.0402285746	0.0307609947	0.0077544777	0.4054636356	0.0474521926
0	0.0044680554	0.0488760764	0.0623297071	0.0056763006	0.0118463165	0.0018993106	0.4698390196	0.2380567529	0.0002374563	0.1567710046
0	0.1098037382	0.0000000118	0.0943370276	0.0025189431	0.0091398943	0.0696353436	0.0005200661	0.0000039022	0.0362075837	0.6778334894
0	0.0781163027	0.0350091493	0.3155425155	0.0327407231	0.0001926205	0.0402461703	0.3453811612	0.0213940837	0.0937978331	0.0375794406
0	0.7452899348	0.0041868280	0.0580528844	0.0151518586	0.0033430422	0.0149296454	0.1010469805	0.0214743760	0.0361467981	0.0003776520
0	0.0121745378	0.0150391994	0.4386200161	0.0318432728	0.0260788458	0.0426655251	0.1319812934	0.0276062998	0.0504400308	0.2235509790
0	0.1034188252	0.0000000021	0.0000184900	0.4269463664	0.0988038682	0.1133411309	0.1801329501	0.0230591905	0.0203500600	0.0339291166
0	0.0013485005	0.0156767409	0.3894103507	0.0692023087	0.0332702292	0.0073818836	0.4135211641	0.0000007375	0.0000000726	0.0701880122
0	0.0013881876	0.3448288986	0.0662971293	0.0410461263	0.2580440143	0.0455651327	0.0016959790	0.0000000008	0.0000261862	0.2411083451
0	0.1959975427	0.0008149540	0.0001426100	0.0000000000	0.1247248250	0.0031295333	0.0461027640	0.1616182626	0.1961995707	0.2712699376
0	0.0064575744	0.0000329043	0.2995833367	0.1505727492	0.2418174832	0.0133101714	0.0804306425	0.0781308437	0.0748032185	0.0548610761
0	0.2650737185	0.0924475503	0.0631306448	0.0343251040	0.0020181887	0.0005050583	0.5077366452	0.0048363328	0.0164441141	0.0134826432
0	0.0061876951	0.6309673426	0.0726147688	0.0000662350	0.0524259733	0.0000000000	0.0346176449	0.0951780710	0.0005821888	0.1073600805
0	0.5165652502	0.0250139310	0.0038251579	0.0466032045	0.0000000104	0.2563003950	0.0194014359	0.1319490486	0.0000134531	0.0003281135
0	0.0085904587	0.0429864805	0.0007549527	0.0867511634	0.0818224975	0.0743593640	0.2640112197	0.0000429365	0.0166581074	0.4240228195
0	0.0419534594	0.0051119730	0.1038620396	0.0119102955	0.1261796416	0.0005242268	0.4690267573	0.0586245644	0.0109627252	0.1718443172
0	0.0573347920	0.0000008767	0.0000000074	0.0027247842	0.3945885733	0.2221467473	0.0000000000	0.0000000043	0.2607214964	0.0624827185
0	0.2384874615	0.0874769494	0.0089753713	0.0002274582	0.0002038974	0.0744322762	0.1310169908	0.4105971235	0.0485824716	0.0000000000
0	0.4955036033	0.0000617914	0.0006415122	0.0000001450	0.0700716923	0.0843554589	0.1493161472	0.0008361961	0.1524208020	0.0467926516
0	0.0000000214	0.2165679959	0.0000000846	0.0000590494	0.0105314208	0.4478561508	0.0060598420	0.0156231185	0.0401582808	0.2631440358
0	0.3933612659	0.0281678806	0.0011474935	0.0000000205	0.0007025186	0.0065090527	0.3193442027	0.2473832686	0.0000129886	0.0033713083
0	0.0001589398	0.0226390199	0.2322935276	0.0449465909	0.1060970147	0.0002704024	0.4273084780	0.0157956624	0.0168873093	0.1336030551
0	0.4992658403	0.0560255850	0.0168009206	0.0560360380	0.0281684724	0.0174398850	0.0978678794	0.0000218007	0.1646524609	0.0637211177
0	0.3161427194	0.0142299295	0.0130675916	0.0000318709	0.0254155004	0.0007231808	0.4315306504	0.0000035767	0.1898962672	0.0089587131
0	0.1590208440	0.0000000052	0.0041506830	0.0000022274	0.1770549735	0.0443880592	0.0073326730	0.0000000000	0.4374570073	0.1705935274
0	0.0001000036	0.0154307365	0.0126735808	0.0000000000	0.0468997580	0.0000000036	0.0127790281	0.0187233614	0.0176973380	0.8756961900
0	0.0484137718	0.0040550485	0.3455509609	0.2100482783	0.0017398235	0.0164731706	0.0000000003	0.2615039560	0.0497368956	0.0624780945
0	0.0927118256	0.0000000227	0.0818926658	0.0043522787	0.5499681994	0.0074443535	0.0388694376	0.1321389011	0.0702896327	0.0223326830
0	0.0961489924	0.0438445386	0.0776730982	0.0000000054	0.0000915786	0.4671519988	0.0417324641	0.2502441856	0.0222874660	0.0008256724
1	0.1991094733	0.0001518515	0.0000000412	0.0000002898	0.1634132574	0.0438606454	0.2506369873	0.0001404940	0.3409680604	0.0017188998
0	0.0861392903	0.0012029964	0.0024471318	0.1340134801	0.0514267111	0.1418879363	0.3784358230	0.0029661768	0.0000000000	0.2014804542
0	0.0229426709	0.0204331018	0.0092563917	0.0536028221	0.0002850010	0.0915611205	0.3233048496	0.0580239577	0.3602768910	0.0603131936
0	0.0042724671	0.1259348754	0.0697854705	0.1302003141	0.0130751180	0.0160571712	0.1583520402	0.1567504584	0.1663667501	0.1592053349
0	0.0460850142	0.0022716929	0.0068743014	0.0034091962	0.0264567110	0.0485766512	0.0682541106	0.0000592417	0.7614743397	0.0365387410
0	0.4027758711	0.0490423615	0.0140675240	0.0945016762	0.0509468020	0.1549713036	0.0912959391	0.0024714732	0.1272052858	0.0127217634
0	0.2063743214	0.0606969421	0.0413828806	0.0331033856	0.0964982318	0.2941353629	0.2135902403	0.0119690480	0.0037990967	0.0384504906
0	0.4773501401	0.1202408837	0.0000017710	0.0088816143	0.0291346020	0.0000016443	0.0427395510	0.2201458211	0.1015039726	0.0000000002
1	0.0206585021	0.0115123982	0.0008848886	0.0000000000	0.0002068468	0.0016164391	0.6909819981	0.0008925117	0.1466470524	0.1265993629
0	0.7350398562	0.0155534464	0.0106001568	0.0069297510	0.0623553868	0.0056383662	0.0000000000	0.1549308501	0.0074550106	0.0014971759
0	0.0000025217	0.0145319512	0.0471869392	0.0274666831	0.0001610118	0.0363347539	0.0198255098	0.0434126296	0.8110777702	0.0000002294
0	0.0974775831	0.2449062588	0.0125839868	0.0000115273	0.0278142476	0.0150771712	0.5010066449	0.0152619832	0.0621268743	0.0237337228
1	0.0001040556	0.0013587310	0.0114158504	0.0068175312	0.0030811063	0.0000404493	0.3979468055	0.5275015065	0.0233796753	0.0283542889
0	0.0154171773	0.3108947463	0.0392304735	0.0000082404	0.0014780592	0.2688852602	0.0235727452	0.0000000000	0.3401706621	0.0003426358
0	0.1587983115	0.0467008326	0.2402154496	0.0420835397	0.0119533599	0.0005175916	0.0669518736	0.0367423535	0.0005765516	0.3954601364
0	0.0052469677	0.1212726452	0.1118117376	0.0191105784	0.1535057941	0.0000001727	0.0524535887	0.4142380292	0.0073920405	0.1149684459
1	0.0274124501	0.0001905965	0.0019833568	0.0000058228	0.0000000001	0.0782628512	0.1196380593	0.2940007181	0.0005097848	0.4779963603
0	0.4508425120	0.0003399721	0.0191812184	0.0868501099	0.1389611545	0.1040419411	0.0607749532	0.0942612666	0.0340659991	0.0106808730
0	0.0025204427	0.0061083480	0.0057240344	0.0225892343	0.0293832996	0.5438727285	0.0053857174	0.0074818925	0.3481371360	0.0287971666
0	0.0000353708	0.1188416680	0.0230564917	0.0000000000	0.0000864421	0.2442974301	0.1546877418	0.0861095509	0.0174696193	0.3554156853
0	0.0069914008	0.0280051817	0.0787438970	0.0000009814	0.0000028216	0.0319354549	0.4570014579	0.0000002046	0.2873137549	0.1100048453
0	0.0443471760	0.0005251926	0.0199000555	0.0034034742	0.2157279723	0.0012895237	0.3130767604	0.0468915135	0.3210797895	0.0337585423
0	0.0050012001	0.4986248791	0.0000382616	0.0001150524	0.0180442547	0.0265085967	0.1125689234	0.0181194236	0.0000000000	0.3209794085
0	0.3677797820	0.0418333954	0.0456912451	0.0000000000	0.1728689287	0.0962277205	0.1247400216	0.1004457343	0.0473109347	0.0031022377
0	0.6225224336	0.0000427952	0.0202940035	0.0000003558	0.0002939702	0.0050560910	0.0011146181	0.0164564477	0.1729000950	0.1613191898
0	0.0585839391	0.0572857881	0.0000008703	0.0455617331	0.1334674644	0.3857167160	0.1914656485	0.1240548740	0.0038612942	0.0000016724
0	0.0104955608	0.0285822024	0.0001425463	0.0045191254	0.0269769411	0.0231628398	0.0147519137	0.0005254518	0.8803013623	0.0105420563
1	0.0000403937	0.0082864842	0.0006508737	0.0000000015	0.0020788238	0.0815337639	0.8094444204	0.0010456533	0.0062930231	0.0906265624
0	0.0080199314	0.0745473356	0.1760806659	0.1060720628	0.0000000000	0.0393122823	0.0241412621	0.4459626578	0.1199484980	0.0059153041
0	0.0239478125	0.0197530983	0.0101805598	0.0000972858	0.0034733594	0.2195491639	0.0979754702	0.0418413094	0.0334773827	0.5497045580
0	0.0790130236	0.1300528300	0.0077306309	0.0003611550	0.0153764967	0.1644488309	0.0411518128	0.2784694945	0.0206591937	0.2627365320
0	0.0192550771	0.0003997840	0.0013408597	0.0000000000	0.0111483359	0.0197084028	0.0666413635	0.0113260646	0.0620387236	0.8081413887
0	0.0114866691	0.6787830810	0.0039355338	0.0001918185	0.0002541677	0.0300415389	0.1487943762	0.0023492357	0.0050176166	0.1191459625
0	0.2921334391	0.2842747714	0.0000711835	0.0000000002	0.0229974776	0.0000000144	0.0000000123	0.0264742668	0.3692605147	0.0047883200
0	0.0150528822	0.2179992600	0.0812754973	0.0078733168	0.0000280448	0.1217110401	0.3267252495	0.0126218153	0.1694374450	0.0472754490
0	0.0400254869	0.0000191951	0.0001406269	0.0005088482	0.6649501044	0.1787932366	0.0002348474	0.1068719163	0.0000000000	0.0084557382
0	0.0710908810	0.0020826505	0.0000000000	0.2688637532	0.2133153692	0.0250117455	0.0000726884	0.0000000000	0.0448207243	0.3747421878
1	0.0064105024	0.1321422385	0.0003126507	0.0137852430	0.1256197179	0.3048082073	0.1912933158	0.1721740567	0.0459411461	0.0075129215
0	0.0789602900	0.0000000000	0.0075725727	0.0000001118	0.3813209837	0.3114056771	0.0000080284	0.1498444718	0.0662682144	0.0046196502
0	0.7476135031	0.0107046318	0.0000000611	0.0000000000	0.0073925199	0.0420686429	0.0539544571	0.0484167675	0.0538117273	0.0360376893
0	0.1057515735	0.0000000000	0.0045299001	0.0236308808	0.0893598015	0.2981794701	0.0283791597	0.0034375015	0.4116534332	0.0350782797
0	0.0059127276	0.3710405718	0.0489974322	0.2366034554	0.0254800325	0.0000157503	0.1844061487	0.0448468925	0.0754363173	0.0072606719
0	0.1064765858	0.0213316639	0.0756097558	0.0153492877	0.0805577295	0.0915376185	0.5977543483	0.0006190078	0.0000000000	0.0107640028
0	0.5502684620	0.0402100028	0.0340748824	0.0000710851	0.0329861108	0.0132715131	0.0913049942	0.0000231367	0.2377897470	0.0000000658
0	0.0000000000	0.2044381010	0.0000000006	0.0827248944	0.0008590885	0.0355277706	0.2547947130	0.0952160100	0.2401815702	0.0862578515
0	0.1329586861	0.0012066933	0.0062517960	0.0011532874	0.0000000001	0.1113986459	0.0000339906	0.0620933941	0.0245038768	0.6603996296
0	0.6547233998	0.0262441679	0.0022534075	0.0159341448	0.2153519704	0.0016621936	0.0002090797	0.0020121898	0.0318073613	0.0498020850
0	0.1239113990	0.0040607633	0.0001362445	0.0000000001	0.0250494700	0.0275568547	0.1554218240	0.2271365218	0.3704859910	0.0662409317
0	0.7309478230	0.0093787391	0.0023171656	0.0179648819	0.0386679198	0.0257591291	0.0647768203	0.0000000000	0.1024283864	0.0077591347
0	0.1945058775	0.0000544954	0.0117780930	0.2003850288	0.0294237322	0.1402435378	0.1514136177	0.2486112042	0.0000093175	0.0235750960
0	0.1345058083	0.0061410475	0.0000791553	0.0011561095	0.0280799945	0.4251821888	0.2735892571	0.0207089648	0.1021737330	0.0083837412
0	0.1374278776	0.1133457527	0.0007926793	0.0054998440	0.0218581101	0.0005732982	0.0000000000	0.0408499291	0.6694458026	0.0102067065
0	0.0252780659	0.1180890308	0.0074497069	0.1038751989	0.0033297372	0.0134596415	0.0000000000	0.5220230257	0.2033781507	0.0031174424
0	0.1060088575	0.0124159908	0.0036262674	0.2941103896	0.0000000000	0.2641181879	0.1166537528	0.0025369913	0.0021124205	0.1984171423
0	0.0095874049	0.1906791207	0.0141703038	0.0003444628	0.0315097927	0.0000560677	0.4558486079	0.0123218005	0.0633552402	0.2221271988
0	0.1433587601	0.4143002710	0.0008078691	0.0387950370	0.0108608511	0.0062388160	0.3740130269	0.0098087919	0.0003535099	0.0014630669
0	0.0102767661	0.0000014363	0.0041386940	0.0157514896	0.0058038562	0.1341576292	0.4326929995	0.0033343658	0.3008434353	0.0929993280
0	0.0000188186	0.0000000000	0.2567949236	0.0000000000	0.0026230222	0.0052293343	0.0408129260	0.3940884290	0.1785669033	0.1218656430
0	0.0269395451	0.0449101594	0.0000531092	0.0104580784	0.0000000000	0.0629350641	0.5531842656	0.1365580870	0.0058224035	0.1591392877
0	0.0000002142	0.3963866888	0.0758209262	0.0802809463	0.0000000000	0.2024832515	0.1314580896	0.0016514786	0.0617933632	0.0501250418
0	0.6338295889	0.0001941452	0.1614860519	0.0014859631	0.0522338470	0.0097750857	0.0071836137	0.0001421204	0.0599909260	0.0736786582
0	0.0007504206	0.0000000000	0.0000000046	0.0011209782	0.0001188598	0.6532969145	0.2198545599	0.0000000501	0.1081943534	0.0166638590
0	0.6520099226	0.0596329908	0.0082175149	0.0000300136	0.0017642369	0.0267973518	0.0140485168	0.0005817007	0.2097964536	0.0271212983
0	0.4137505072	0.0284287743	0.0115524457	0.1076212220	0.1150166570	0.1463437161	0.0077715351	0.0107567170	0.0077961991	0.1509622265
0	0.6112301314	0.0008671806	0.0000000015	0.2056053285	0.0252556571	0.0044523161	0.0078272961	0.0066147226	0.0008686727	0.1372786934
0	0.0006372438	0.0310777721	0.0343170368	0.3077571571	0.0001292951	0.0214966726	0.0605316107	0.2602794898	0.1015869342	0.1821867879
0	0.0735865488	0.0114541831	0.1752427631	0.0062205707	0.0137102437	0.1065391217	0.5799037201	0.0001800754	0.0237705824	0.0093921910
0	0.6503895084	0.1034894525	0.0000078849	0.0238515482	0.0002998968	0.0028070201	0.0385518290	0.1098598583	0.0269296900	0.0438133119
0	0.0049015398	0.2231923565	0.0358742410	0.2172250914	0.1482274174	0.0343117419	0.1895227915	0.0310432211	0.0000011750	0.1157004245
0	0.6159442174	0.0569067120	0.0000000000	0.0144219617	0.0000168166	0.1442684847	0.0001805915	0.0653923220	0.0818851316	0.0209837625
0	0.8117574512	0.0084297823	0.1084068573	0.0233154865	0.0026008277	0.0007243243	0.0090701526	0.0000080708	0.0056811362	0.0300059111
0	0.3114834831	0.0000746681	0.2226686683	0.0780997585	0.0217375493	0.0241907586	0.0838836554	0.0311301340	0.0336148994	0.1931164254
0	0.2342541888	0.3996654747	0.0064006189	0.0015829501	0.0794985072	0.0000488202	0.0175138280	0.2591910718	0.0000000001	0.0018445404
1	0.0800285095	0.0199917294	0.0147956239	0.0000005976	0.0000000000	0.4795190087	0.0847882133	0.0675487180	0.1733274433	0.0800001564
0	0.4754842476	0.0160682079	0.0017269395	0.0000000000	0.0318148611	0.1156403643	0.1830768731	0.0021183897	0.0089152366	0.1651548804
0	0.0000060545	0.0081148910	0.0036308420	0.0086274281	0.0055938937	0.0012485512	0.0307117925	0.0060490484	0.0081446949	0.9278728037
0	0.2993780715	0.0689322369	0.0062980186	0.1136499253	0.0012385821	0.0075694819	0.0552507626	0.2793923568	0.0103928338	0.1578977305
0	0.2480159445	0.0000000000	0.0171074283	0.3732872005	0.0000053343	0.0192931417	0.0000000000	0.2418512760	0.0903139407	0.0101257340
0	0.0538211145	0.0004582522	0.0075325798	0.1555862583	0.0074447804	0.0013624589	0.3411377663	0.1000663655	0.0405401930	0.2920502310
0	0.5166436370	0.0127936206	0.0100414203	0.1240300660	0.0036909826	0.0013306295	0.1434090988	0.0117395225	0.1761974798	0.0001235429
0	0.1028214689	0.0054585653	0.0000000000	0.0197181371	0.0000003946	0.0656369552	0.7996885779	0.0061009533	0.0005749416	0.0000000062
0	0.0681922920	0.2222073607	0.0000003372	0.1061947148	0.0005691818	0.0000009196	0.0248529687	0.3146729995	0.0747991157	0.1885101101
0	0.0275127049	0.0008972220	0.1557477492	0.0391385782	0.0002086090	0.2490621739	0.2042181905	0.0327691571	0.2128694352	0.0775761800
0	0.0009514680	0.0191290303	0.0002257829	0.0001044351	0.0192227895	0.0249936463	0.5379454656	0.2454281705	0.1130519768	0.0389472349
0	0.3082098190	0.0725624926	0.0018070681	0.2520344130	0.0000036012	0.0196580846	0.1166687617	0.1237205631	0.0938177510	0.0115174457
0	0.3609105885	0.0143660727	0.0000000000	0.0004392723	0.0010803300	0.0942871028	0.3115331955	0.0125953590	0.0708384744	0.1339496047
1	0.0263095849	0.2054337593	0.0074078309	0.1275815689	0.0003557219	0.1326432357	0.4888207603	0.0010638989	0.0012965137	0.0090871255
0	0.3335619449	0.1682543370	0.0002966741	0.0006059718	0.0027014825	0.0000000000	0.3500768762	0.0074887820	0.0346881444	0.1023257870
0	0.1989937859	0.0000002710	0.0001029615	0.0094957284	0.0781466004	0.0193495251	0.2987838338	0.0016172969	0.2456569268	0.1478530702
0	0.0081141896	0.1222436576	0.0728173150	0.0280715397	0.0004456222	0.0352331290	0.5675900734	0.0000000000	0.0046105437	0.1608739298
0	0.1805855860	0.0001495998	0.0002012068	0.0000000002	0.0031204037	0.0093620082	0.0539903061	0.0366921839	0.0000405905	0.7158581149
0	0.1530755699	0.0167208493	0.0046230336	0.0002551002	0.0236100147	0.0075106694	0.1034004595	0.0229551252	0.0550583837	0.6127907945
0	0.5634961413	0.2931295741	0.0056742256	0.0018175111	0.0525884177	0.0329528607	0.0000897881	0.0040726201	0.0246066628	0.0215721984
0	0.1432785765	0.0001171859	0.0142418605	0.0423428377	0.0686161147	0.0055531062	0.0067051559	0.0697373100	0.4571584152	0.1922494375
0	0.1553094078	0.0000051956	0.1303846007	0.0005490086	0.0642006039	0.0460805925	0.0047957386	0.0000002206	0.5975601532	0.0011144785
0	0.0317217105	0.0373066530	0.1288651215	0.3177857006	0.2646418940	0.0000050398	0.1727669289	0.0001716385	0.0048067694	0.0419285437
0	0.0304449818	0.0000000005	0.2215803204	0.0066972004	0.1187928498	0.0444667011	0.2335873379	0.0107775960	0.2615424371	0.0721105750
0	0.1122511143	0.0000068006	0.0004269105	0.3826129519	0.0065532610	0.0000000000	0.0362655385	0.0088619800	0.2990819838	0.1539394593
0	0.0831157122	0.0000795750	0.0292705383	0.0360729442	0.0576537736	0.0160954981	0.0238847501	0.0039487827	0.3035677887	0.4463106370
0	0.0223343631	0.0949388878	0.0197017738	0.0269219400	0.0307266293	0.1151110081	0.4961983067	0.0572711758	0.0236098789	0.1131860366
0	0.4278003996	0.0051388396	0.0043503971	0.0062774561	0.0027502735	0.1955853738	0.0321354932	0.1031450764	0.1154417892	0.1073749014
1	0.0218833620	0.0014498801	0.0000000000	0.0000000376	0.0004229144	0.3674493433	0.1090588257	0.0371261425	0.0029772660	0.4596322283
0	0.0091543543	0.2667452484	0.1339396385	0.0020554946	0.0000000000	0.0011442479	0.1850973271	0.1149039819	0.0151839776	0.2717757296
0	0.0379986137	0.0000000002	0.0265273333	0.0000554542	0.0000000000	0.0006087857	0.1859797483	0.0957142018	0.2897293350	0.3633865278
0	0.0089053277	0.0197224832	0.0000000001	0.0000077142	0.1407728365	0.1237925453	0.3599896533	0.2276405244	0.0055123894	0.1136565258
0	0.5541263026	0.0043289645	0.0000139551	0.0103503337	0.0000000000	0.0151310747	0.2174496880	0.0267873595	0.0088614882	0.1629508336
0	0.0000021633	0.0152681664	0.0068578047	0.0000000848	0.0183566788	0.0229639556	0.1015175412	0.6653767030	0.1557163273	0.0139405749
0	0.1793891654	0.0346480686	0.0000000000	0.0000000395	0.0090916404	0.0005458523	0.0006238882	0.4397490185	0.0325457129	0.3034066142
1	0.3007342862	0.0006012089	0.0000000030	0.0000000000	0.0179132654	0.0147292683	0.4461860896	0.0584455529	0.0503219273	0.1110683984
0	0.1557411105	0.2055150640	0.1148221516	0.0000107879	0.1956057733	0.0334310730	0.0594809001	0.0123353118	0.2230577810	0.0000000467
0	0.0432322366	0.0000000000	0.0201568415	0.0000090007	0.0351909932	0.0463509575	0.6012301420	0.0205778773	0.1839184145	0.0493335367
0	0.0333087176	0.0016346947	0.0000576900	0.1443636034	0.0688463987	0.1407284507	0.3388190992	0.2371794465	0.0340662775	0.0009956217
0	0.3358443883	0.4446764593	0.0170635727	0.0012749785	0.0000050009	0.0142349857	0.1535320619	0.0146018841	0.0117933615	0.0069733071
0	0.1930983249	0.0248368488	0.0227760089	0.3542924993	0.0095371655	0.0620201710	0.0023698742	0.0008506787	0.2794793149	0.0507391138
0	0.0894834559	0.0573397787	0.0000000000	0.1741173973	0.0009329027	0.0232057137	0.0530964001	0.0642722405	0.5287964278	0.0087556831
0	0.1262491405	0.0180284039	0.0000922251	0.0428130025	0.0145343094	0.0165778255	0.2416882636	0.1394534546	0.2867245132	0.1138388617
0	0.0373085579	0.0074293081	0.0000000000	0.0335558188	0.0055192973	0.0107312893	0.8263342512	0.0686894261	0.0004637717	0.0099682797
0	0.3212554035	0.0011827606	0.0000008431	0.0020682695	0.0078905862	0.0045449970	0.2054858016	0.0071028831	0.4144064390	0.0360620162
0	0.1879544355	0.0000000547	0.0644774770	0.0176702368	0.0475015011	0.0086595414	0.2035651836	0.0013801191	0.3759170822	0.0928743687
0	0.0311026412	0.0121620330	0.0000045876	0.0035931839	0.0059920427	0.0000000000	0.6151548036	0.0136740017	0.3085208894	0.0097958169
0	0.0389327246	0.0000508316	0.0230853467	0.0032225409	0.0392954030	0.0187298299	0.0053455658	0.0028092269	0.8476401642	0.0208883666
0	0.3682738764	0.0655801950	0.1676586623	0.0000000000	0.0006825161	0.0000101523	0.0000074552	0.2645309716	0.1140293887	0.0192267823
1	0.0000000008	0.0639713965	0.0007812580	0.0050310710	0.0193893599	0.5596246519	0.0228037580	0.1050035813	0.0055833994	0.2178115232
1	0.1045923692	0.0003696243	0.0134616847	0.0000017049	0.0000000029	0.0000000000	0.8469919882	0.0317201623	0.0028624426	0.0000000209
0	0.2459942159	0.0281271336	0.0225806117	0.0017718904	0.0000000000	0.0194247251	0.1476812253	0.1170214124	0.3630783581	0.0543204274
0	0.3935830753	0.0364877438	0.0011635251	0.0910581499	0.2651769423	0.1046462642	0.0383282138	0.0020817685	0.0000121887	0.0674621284
1	0.0196268895	0.0287131483	0.0706911352	0.1450145327	0.0292731984	0.0390889318	0.0046198543	0.0530555124	0.0374624031	0.5724543944
0	0.1326693239	0.0649847390	0.2648741943	0.0003308993	0.0225287593	0.1241658574	0.3474259771	0.0011861468	0.0001166687	0.0417174343
0	0.0962478212	0.0543064703	0.2798587629	0.0823462316	0.2276340687	0.1912964786	0.0000000032	0.0470875354	0.0212209449	0.0000016832
0	0.0528120145	0.0361414631	0.1313412594	0.1581920041	0.1668662981	0.1049410970	0.0118819438	0.0085050723	0.0541860730	0.2751327747
0	0.1203946218	0.0000550458	0.0099832915	0.3653860354	0.0378944701	0.1501822354	0.2146986520	0.0000242616	0.0602363808	0.0411450055
0	0.0001253802	0.0113317937	0.0089873112	0.2500708152	0.0076063357	0.2090363160	0.0585576843	0.0615134966	0.2516392724	0.1411315946
0	0.0394828560	0.0133308829	0.0126414188	0.0022165560	0.0000000000	0.0287363677	0.8107854886	0.0005097027	0.0826858360	0.0096108914
0	0.2424165429	0.0137071724	0.0191544444	0.0124062090	0.4177364344	0.0000000000	0.0056752014	0.1195446908	0.1657410030	0.0036183017
0	0.3319973189	0.0000002645	0.2202355970	0.0314604547	0.0728284872	0.0908291305	0.0457605717	0.1185563732	0.0057191975	0.0826126047
0	0.0094548138	0.0028949486	0.0596318411	0.4945544738	0.0000000024	0.1525989063	0.0295866780	0.0065217914	0.1186303767	0.1261261680
0	0.0466614387	0.0838794659	0.0000114773	0.0000036822	0.1843289916	0.0359669355	0.4852893936	0.0825768492	0.0812817659	0.0000000000
0	0.1904711174	0.2832488335	0.0000000100	0.0120048043	0.0256450383	0.0048913441	0.2672128257	0.1420740132	0.0546168631	0.0198351504
0	0.0134761722	0.0000000000	0.1160601537	0.1138772738	0.0204294897	0.2386785016	0.3835914890	0.0119548666	0.0872463100	0.0146857434
0	0.0081405611	0.0181286528	0.0507902008	0.0028291006	0.0637075667	0.0147696399	0.1412810433	0.0016330664	0.5632084806	0.1355116879
0	0.0000427101	0.0230103001	0.0266708263	0.3477923772	0.0936031376	0.0000000000	0.0463761010	0.0794246038	0.2631391586	0.1199407851
0	0.0173291047	0.0097875028	0.0066181868	0.0719900496	0.1166989815	0.0075083321	0.1389148349	0.0061246523	0.3645280143	0.2605003411
1	0.0012091994	0.0008191702	0.0207267893	0.0000969206	0.0000000000	0.0169121055	0.5206531034	0.4298250381	0.0000000000	0.0097576734
1	0.0650175304	0.0242363158	0.1579455100	0.0000000000	0.0406610851	0.1818422690	0.0444632624	0.2928174601	0.0307690143	0.1622475530
0	0.0147467390	0.0000012921	0.0122562987	0.0036293268	0.0336880787	0.1024126206	0.5190347578	0.1049704928	0.0904531663	0.1188072272
0	0.2507443600	0.4032643631	0.0003601218	0.0084180324	0.0000016507	0.0000014363	0.0036837674	0.2886100935	0.0449161472	0.0000000276
0	0.0185373903	0.0173166610	0.0004852540	0.0044063915	0.0013961512	0.0068640124	0.0171003780	0.0216276476	0.8625028557	0.0497632583
0	0.3585477577	0.0000004821	0.0000197121	0.0000000000	0.0066129590	0.0141596097	0.4932738733	0.0027062000	0.0820625092	0.0426168969
0	0.0131979950	0.0025538560	0.0012626860	0.0017507587	0.0000000000	0.6247238977	0.0540358714	0.0131749118	0.2893000233	0.0000000000
0	0.1320322335	0.0000004381	0.5805929509	0.0164356186	0.0323825440	0.0059544810	0.1387455365	0.0888284047	0.0022758508	0.0027519418
0	0.6033415905	0.0446655261	0.0084079241	0.0009068409	0.0635026588	0.0111990015	0.0801102851	0.0000092297	0.1680416136	0.0198153297
0	0.1111115088	0.0139644648	0.0169510795	0.0000086785	0.0362500799	0.2261072015	0.0992664404	0.4921422747	0.0034789254	0.0007193466
0	0.0945278964	0.0006350296	0.0476173196	0.0000592474	0.0001100193	0.4681711302	0.3026962281	0.0002073323	0.0106552343	0.0753205627
0	0.0457281434	0.0005222147	0.0363312987	0.0000000359	0.0269906302	0.0484581714	0.0036625059	0.1215044464	0.6532640738	0.0635384793
0	0.0705719997	0.0267333766	0.0927423109	0.0000030519	0.2597183872	0.0000569015	0.0012143002	0.0052511174	0.4953819605	0.0483265940
0	0.4678993032	0.0065889126	0.0822622684	0.0000000003	0.0000199433	0.2104940946	0.1298667598	0.0619788909	0.0340802040	0.0068096228
0	0.0454229445	0.0660100656	0.0009266808	0.0113034338	0.0000000341	0.6793716794	0.0177140869	0.0735632381	0.0000827403	0.1056050966
0	0.0000022219	0.0002096774	0.0332867154	0.0698809192	0.0107975133	0.0151851704	0.2671913814	0.0168235475	0.3226285607	0.2639942927
0	0.0966355555	0.0000000022	0.0000163314	0.0001503511	0.3191273186	0.0321172912	0.3587150521	0.1728600880	0.0028376054	0.0175404046
0	0.1750473320	0.0016442289	0.0029058279	0.0002800226	0.1085186577	0.0056130438	0.0275731815	0.0578455081	0.2450397970	0.3755324006
1	0.0053382238	0.1079019443	0.0245589552	0.0000040250	0.0000068567	0.3683942621	0.2297731973	0.0263805755	0.0000240626	0.2376178975
0	0.4409559110	0.0696568738	0.0028510009	0.0733021199	0.0194081674	0.1458280469	0.0781519225	0.0090127645	0.0288019890	0.1320312040
0	0.0224514033	0.0425465454	0.0406239284	0.0021972611	0.0258788466	0.7656642749	0.0057839380	0.0000004683	0.0851688013	0.0096845326
0	0.0000000144	0.4210948706	0.0000670756	0.1182992558	0.1435232967	0.0689847376	0.0686368732	0.1049041715	0.0678177349	0.0066719696
0	0.1609231333	0.0081950378	0.0000504720	0.0000240828	0.0533955524	0.0390035366	0.2171378759	0.0000184915	0.0485066123	0.4727452054
0	0.0869441987	0.2999134834	0.4104496264	0.0118868229	0.0013572505	0.1688030669	0.0133194617	0.0044740200	0.0000062467	0.0028458229
0	0.5362814597	0.0021725292	0.0785263034	0.0000000000	0.0019519696	0.0772572622	0.0001267312	0.2042255140	0.0980295836	0.0014286471
0	0.1249275107	0.0921009140	0.1382372277	0.0090785336	0.0126743233	0.0214735954	0.0034644179	0.0673563072	0.4667293052	0.0639578649
0	0.0106527205	0.0296698245	0.5325509897	0.0024771371	0.0006420736	0.0535529207	0.0235344014	0.3396983684	0.0072086309	0.0000129334
0	0.0902337092	0.1701642190	0.0004293943	0.1687258083	0.1430160320	0.0115928785	0.0058413813	0.2718130777	0.1381834587	0.0000000409
0	0.0072658142	0.0100944595	0.0036192162	0.2072168599	0.0027748741	0.3805710783	0.0794975920	0.0992929305	0.1877987726	0.0218684027
0	0.0121391559	0.0937008476	0.0398276208	0.0175518863	0.0286781135	0.0174437989	0.6120001830	0.0063799775	0.0004434688	0.1718349477
0	0.1104594007	0.0000745358	0.0001668919	0.0000007291	0.0726602280	0.6894862286	0.0419454123	0.0403915751	0.0024464956	0.0423685029
0	0.2257645090	0.0151258506	0.0000009211	0.0000004671	0.2284629990	0.0557413404	0.0175317776	0.0004044843	0.1919909313	0.2649767195
0	0.0000000001	0.0000364798	0.0000000000	0.0950453775	0.1254796934	0.2798536367	0.2403702372	0.0023733884	0.0172125851	0.2396286019
0	0.5417128996	0.0002067085	0.0013322600	0.0342882260	0.0297666562	0.2903613740	0.0441666617	0.0305982562	0.0248876174	0.0026793405
0	0.0025981860	0.0000146668	0.0494599991	0.2463502559	0.1369778420	0.1551285869	0.0033336475	0.3133806296	0.0613213311	0.0314348552
0	0.0107554455	0.0106890924	0.0021825593	0.3562192993	0.0604153093	0.0166150454	0.0001917655	0.3293027802	0.0677269534	0.1459017497
2	0.0000032359	0.0000000000	0.0471183281	0.0000000000	0.0000000103	0.0262347182	0.1884099458	0.0288064906	0.7094246467	0.0000026244
0	0.1212402329	0.0035085878	0.0024178827	0.0000000000	0.0208398208	0.0052489521	0.4502189304	0.0067944942	0.0000320235	0.3896990756
0	0.0105808346	0.0000384157	0.0059411751	0.7553279111	0.0019665308	0.0778581444	0.0257591454	0.0044008647	0.0159340332	0.1021929450
0	0.0299508278	0.0687277931	0.0593378426	0.0654917849	0.0459534847	0.0000000000	0.0701808634	0.0296969713	0.4678343880	0.1628260443
0	0.0810446334	0.0037195223	0.0542576461	0.0000000382	0.0597552520	0.0000000029	0.2621871524	0.1004062407	0.2195341026	0.2190954093
1	0.0000000000	0.0029831358	0.0075260863	0.0000000000	0.0067524149	0.5506756456	0.0276127214	0.0602135467	0.1723845029	0.1718519463
0	0.2344840987	0.0002133916	0.0765671592	0.0623327294	0.0130292425	0.0725123625	0.0361324673	0.3382692639	0.1442221477	0.0222371372
0	0.0786940092	0.0169003938	0.0018686861	0.0571300308	0.0847821912	0.1531683730	0.2292171843	0.1596014897	0.1845738799	0.0340637619
0	0.0068341808	0.0000000000	0.0002591218	0.0006274505	0.0000000000	0.1522444784	0.0011060771	0.0852860658	0.0020448182	0.7515978074
0	0.0175690331	0.0359581029	0.0008160538	0.0000609156	0.1909968388	0.1728174742	0.1986197320	0.0344215901	0.0000110602	0.3487291993
0	0.0759972359	0.6733843652	0.0001140509	0.0301234146	0.0134732558	0.0206789694	0.0326117769	0.0098868670	0.0275198903	0.1162101739
0	0.1849920873	0.2129846785	0.0005478326	0.0335146811	0.0682956950	0.3073027016	0.0415996674	0.0157218019	0.1088762945	0.0261645602
0	0.1611670624	0.0406409765	0.0160024293	0.0160485364	0.1531822860	0.0005218753	0.1319151463	0.1089597798	0.2987543428	0.0728075652
1	0.0046684797	0.0000000000	0.0000000445	0.0000000000	0.2835935092	0.2797154219	0.0000000000	0.4242071775	0.0018101318	0.0060052353
0	0.3060611572	0.0646882797	0.0078294447	0.0021371547	0.2367842088	0.0888201967	0.0939632081	0.1614077740	0.0118709180	0.0264376581
0	0.1774711966	0.6308378544	0.0000000000	0.0000004533	0.0239838422	0.0612338560	0.0029760354	0.0096360079	0.0000002743	0.0938604799
0	0.0030451041	0.0000282213	0.0014902773	0.0011104047	0.0021002310	0.0000031289	0.0002245641	0.0429668626	0.0438138337	0.9052173723
0	0.1070099286	0.0002036818	0.0000548925	0.0204211643	0.1365544452	0.0000026202	0.3894079854	0.1918462858	0.0674575898	0.0870414063
1	0.0004034232	0.0341794144	0.0000000000	0.0000080075	0.0000881170	0.0171450941	0.5162433738	0.1433857778	0.0217998688	0.2667469234
1	0.0205894685	0.0000000000	0.0015865953	0.0000000014	0.0257503441	0.3906727190	0.0250482366	0.4984268360	0.0251713773	0.0127544219
0	0.8793056436	0.0001062156	0.0215038992	0.0042303530	0.0086877520	0.0004709744	0.0021556943	0.0264734840	0.0013979660	0.0556680178
0	0.0082655316	0.0065209754	0.0030696986	0.0148123796	0.0244749348	0.0012838053	0.0000000000	0.0381040143	0.0540870138	0.8493816467
0	0.3460180986	0.0200402118	0.0000000000	0.0582548590	0.0000604916	0.0673042212	0.0577001825	0.2215620429	0.0349113236	0.1941485688
0	0.1779348082	0.0066574986	0.1474304740	0.0407390448	0.0000000000	0.1425912277	0.1194704366	0.2425172361	0.1108583586	0.0118009154
1	0.2488115422	0.0116957773	0.2153760065	0.0956908515	0.0975662527	0.0007251036	0.0780964964	0.1481310856	0.0085606071	0.0953462771
0	0.2129417659	0.0001203751	0.0074806563	0.1078642507	0.0627828116	0.0000000018	0.4152275539	0.1031451988	0.0129241466	0.0775132392
1	0.0173779037	0.0014793320	0.0198032108	0.0000000000	0.0000000002	0.0904298561	0.0001577233	0.4837508194	0.3652645819	0.0217365726
0	0.0024190754	0.0007418370	0.0000000072	0.0298280759	0.0166261486	0.0024139867	0.0164189610	0.0832955909	0.7130336129	0.1352227044
0	0.0000000019	0.0302171719	0.0560281466	0.0742955193	0.0016428136	0.0000130451	0.5496946137	0.0415021932	0.0382545138	0.2083519810
0	0.0464255221	0.0808492245	0.4601535195	0.0253074969	0.2181721949	0.0925538867	0.0177309997	0.0093255599	0.0487405001	0.0007410957
0	0.0242759932	0.5135140521	0.0000002083	0.0000662358	0.0000887785	0.0000000000	0.0178180552	0.0183876735	0.0365832275	0.3892657760
0	0.3110895813	0.0000000000	0.0000212867	0.0000000000	0.0561532754	0.0246369827	0.4142964430	0.1927095087	0.0010608017	0.0000321205
0	0.0031158214	0.0058002788	0.1840019779	0.0396317667	0.0160351252	0.0175236692	0.0018851880	0.0046609795	0.7272097989	0.0001353945
0	0.0000003039	0.0039020686	0.1161874507	0.2721126630	0.2565830628	0.0009422561	0.0845778830	0.1253754801	0.0001087742	0.1402100576
0	0.5845158916	0.0204614771	0.0149631921	0.0000194983	0.0034689597	0.0004581081	0.1768117996	0.0018140834	0.1778543889	0.0196326013
0	0.0150904062	0.0000000000	0.0130615370	0.1824287511	0.0408492593	0.0451678297	0.0580965887	0.5502225865	0.0773707055	0.0177123359
0	0.0340889673	0.0588381715	0.0069061241	0.0000001855	0.0204210222	0.0008725095	0.0807236377	0.7532450697	0.0440880683	0.0008162441
0	0.1907110418	0.1733610357	0.0061157480	0.0036822110	0.2556893499	0.1576759344	0.0182232823	0.0339210837	0.1355676344	0.0250526787
0	0.5977446056	0.0111224210	0.0000840160	0.0048654786	0.0000009921	0.0000000000	0.1951388504	0.0000813112	0.1025536244	0.0884087005
0	0.0506269049	0.2407532921	0.0013187000	0.1648224751	0.3548609967	0.0001100963	0.0503255918	0.0003404855	0.0345345859	0.1023068718
0	0.5027231613	0.0115339324	0.0774473411	0.0000000000	0.0466755592	0.0888060276	0.0058700930	0.1890276616	0.0088982996	0.0690179243
0	0.7696697908	0.0217461927	0.0045268407	0.0000001756	0.0529480975	0.0290670448	0.0896112270	0.0194434901	0.0000150028	0.0129721379
0	0.3308048525	0.0077565414	0.1153215472	0.0628625547	0.2593708394	0.0002823562	0.0883419829	0.1327459583	0.0010134816	0.0014998857
0	0.6381562689	0.0020365514	0.0069391509	0.0000114890	0.0006306464	0.0000107099	0.0164516308	0.3047876052	0.0011253572	0.0298505904
0	0.5070864637	0.1853771918	0.0007328309	0.0453270113	0.0000000000	0.0639085033	0.0781698263	0.0385874132	0.0151193413	0.0656914182
1	0.0000003140	0.3210721328	0.0000005350	0.0163148626	0.0542274893	0.0129315644	0.0600554115	0.0325910841	0.1873756497	0.3154309565
0	0.2238045047	0.0000000000	0.0000000000	0.0000000010	0.1400276889	0.2464800550	0.2830201198	0.0619210610	0.0001896574	0.0445569122
0	0.0534781910	0.0000000323	0.0196160189	0.0000000000	0.0000000067	0.0305206482	0.3412170996	0.0081006895	0.5271881508	0.0198791630
0	0.0350588466	0.0000917283	0.0006303338	0.5428777994	0.0433282167	0.1818545819	0.0574590277	0.0050128738	0.0824361648	0.0512504270
0	0.1944713714	0.0000045822	0.0428591308	0.0026650883	0.4396273346	0.0594081234	0.1556144816	0.0827533782	0.0225922578	0.0000042518
0	0.0501939196	0.0034185892	0.1859327157	0.0000030776	0.2684497059	0.1194415384	0.0379561311	0.0000004331	0.0386706373	0.2959332521
0	0.1283030679	0.0138574172	0.0025629004	0.0002346353	0.0000000002	0.0773178252	0.7553107344	0.0001143502	0.0211582288	0.0011408404
0	0.0177358065	0.2660457066	0.0219159831	0.0012866716	0.0399972877	0.0177798547	0.2000186804	0.0058792313	0.0276134500	0.4017273279
0	0.2042027907	0.0026541854	0.0000000001	0.0528719705	0.0304866713	0.5067744364	0.0043645952	0.0049150999	0.1933779103	0.0003523403
0	0.0000192552	0.1046781990	0.0000345753	0.1347490397	0.3366566590	0.1889739867	0.0228545236	0.0000531985	0.1089972020	0.1029833612
1	0.0000286558	0.0000015583	0.0000210547	0.0480620670	0.0028892813	0.0998461606	0.1834574561	0.4125466701	0.0147994162	0.2383476798
0	0.0887699961	0.1138784873	0.0131588399	0.3125420199	0.0219200077	0.4003160431	0.0034792284	0.0110281310	0.0057816972	0.0291255494
0	0.0676778476	0.0206970935	0.0093393722	0.0098147444	0.1100167628	0.7350600729	0.0050655377	0.0263600783	0.0159684896	0.0000000010
0	0.0506519274	0.0013491182	0.4477354782	0.0015778637	0.2390515728	0.0035965996	0.0833245212	0.0007868189	0.1531367705	0.0187893295
0	0.0330798666	0.0561807357	0.0447992396	0.0478959731	0.1139734147	0.0021059732	0.0000000001	0.0730802917	0.6224088635	0.0064756419
0	0.1789377188	0.0480240855	0.0049186009	0.0159582938	0.0000000000	0.0786463399	0.4807067965	0.0024992010	0.0720598707	0.1182490928
0	0.6343579235	0.0366849852	0.0074423211	0.0184477587	0.0120134131	0.0745942101	0.0000000515	0.0131523514	0.1602433135	0.0430636720
1	0.1793184881	0.0138568857	0.0000419248	0.0001746793	0.0397557308	0.0143345333	0.5573792726	0.1101747359	0.0098103401	0.0751534094
0	0.0405346075	0.0265953231	0.0030345244	0.0215927373	0.0205525048	0.0050164104	0.0337854889	0.0082908453	0.8405352697	0.0000622886
0	0.5431611076	0.0612603825	0.0000006278	0.0041457710	0.0000000010	0.1635164037	0.0225692255	0.0134264445	0.0114751584	0.1804448780
0	0.0260593821	0.0037235496	0.0000010676	0.0000558344	0.1058630784	0.0000000000	0.0292298651	0.2036782552	0.0728622043	0.5585267634
0	0.2648782889	0.5997699699	0.0000854616	0.0000001441	0.0495206460	0.0017664285	0.0803320471	0.0000000068	0.0018992943	0.0017477128
0	0.0000130043	0.0312395454	0.1114413419	0.0043879655	0.1748475805	0.0307215076	0.1602461986	0.0000000215	0.4741076613	0.0129951734
0	0.0000031786	0.1388310853	0.0449219950	0.0695469423	0.3731391891	0.0000000000	0.0000000012	0.0136478060	0.0015572013	0.3583526011
0	0.0028738044	0.2920781241	0.0038153722	0.0436813961	0.1744638935	0.0384077807	0.0008188240	0.4398142152	0.0021171109	0.0019294790
0	0.0557157987	0.0133471714	0.0010098929	0.0000000000	0.1320973959	0.0009541159	0.0982930885	0.1885251430	0.2590699755	0.2509874182
0	0.0002687752	0.2572429423	0.1539060165	0.0155118436	0.0000001257	0.0001920020	0.2925555866	0.0951475470	0.0043566220	0.1808185392
0	0.0438026248	0.1042180389	0.1653691096	0.0065612404	0.0000000078	0.0159875216	0.0011538856	0.3744982043	0.0345605448	0.2538488223
0	0.2971804973	0.0000000035	0.0000000000	0.0862516869	0.0000017068	0.0004592262	0.2904103043	0.0867612611	0.0016490841	0.2372862298
0	0.0458086693	0.0835162222	0.0109726831	0.0070158163	0.0021455954	0.0349224915	0.2100824123	0.0000242233	0.5778920311	0.0276198556
0	0.1384599118	0.1585251409	0.0052856787	0.0006212761	0.1110574923	0.0000281971	0.1830529211	0.0116911911	0.0198737835	0.3714044074
0	0.0244516976	0.0000156087	0.4083180473	0.0004243370	0.4668594857	0.0341037270	0.0288169906	0.0000235240	0.0285648262	0.0084217558
0	0.2384765413	0.1083570246	0.0050419303	0.0311286341	0.0082285988	0.2781312928	0.0206018330	0.0303810897	0.2651708368	0.0144822185
0	0.3593186798	0.1551991449	0.0231214825	0.0420351400	0.0034105604	0.0057760264	0.0616775247	0.0178026044	0.2476458926	0.0840129444
0	0.3409744303	0.0883968424	0.1522871806	0.0569055235	0.0067682656	0.0839066883	0.0000007449	0.0167165111	0.0044937849	0.2495500284
0	0.2816678452	0.0033206677	0.0032456205	0.0000652191	0.0461852387	0.0491000775	0.0450132468	0.0322625778	0.1189418639	0.4201976428
0	0.0317770991	0.1414781510	0.0114355546	0.0000028211	0.0100816687	0.0018034600	0.2322840310	0.0061334367	0.3740062859	0.1909974920
0	0.0710807525	0.0305223704	0.0492540513	0.0025458852	0.0104795634	0.0257237757	0.0448995705	0.0049589933	0.5641134285	0.1964216091
0	0.0641526002	0.4778947924	0.0229428267	0.0006872203	0.0232103169	0.0003212505	0.0570390797	0.0567361464	0.0212056427	0.2758101241
0	0.4497638524	0.0188516706	0.0075630143	0.0202811350	0.1884533940	0.0000002044	0.0000009030	0.1299455088	0.1843083858	0.0008319317
0	0.2783980373	0.0034028351	0.0000000002	0.0069894325	0.0000000001	0.1234209415	0.2511911474	0.2794100081	0.0091899488	0.0479976489
0	0.8178479195	0.0453386779	0.0000000000	0.0054327660	0.0000560351	0.0503486762	0.0316234166	0.0404529981	0.0004125877	0.0084869230
0	0.0235853734	0.0717750052	0.4960168680	0.0433568357	0.0004998200	0.1176107684	0.0708809443	0.0361960090	0.0449570736	0.0951213024
0	0.1368958882	0.0703638727	0.0033841506	0.1055501012	0.0007273325	0.1764602822	0.0082643342	0.0013045455	0.0005101098	0.4965393833
0	0.3547476965	0.0002071070	0.0000000064	0.0006222534	0.1149600121	0.4250919960	0.0000209411	0.0493203043	0.0284616996	0.0265679837
0	0.0027935778	0.0632764501	0.0623879794	0.0212136020	0.0819192349	0.0403304559	0.0232348514	0.5221750353	0.0936060275	0.0890627857
0	0.0216844539	0.0000000002	0.1034853036	0.3687739932	0.0430904974	0.2597089400	0.0936939774	0.0032057452	0.0024432925	0.1039137966
0	0.0189809832	0.0111965711	0.1887279333	0.0000068750	0.0439520106	0.0010341371	0.1760477183	0.2431469503	0.2980679800	0.0188388411
0	0.0683245523	0.1066042945	0.0067869767	0.3107448448	0.0048159377	0.2861309047	0.1190898875	0.0831010117	0.0064883723	0.0079132180
0	0.0099595460	0.5218346427	0.0960484436	0.0000003781	0.1109068821	0.0000014667	0.0002808030	0.0000000062	0.0136606068	0.2473072247
0	0.0010543196	0.3097975044	0.0361674628	0.0078639790	0.2509816335	0.0000000000	0.1524621181	0.1930167942	0.0441228879	0.0045333005
0	0.5857177309	0.0000163122	0.0000000058	0.0018761050	0.0623880698	0.0009808410	0.3253358135	0.0002129627	0.0204974680	0.0029746912
1	0.1955633768	0.0000016677	0.0001333336	0.0035398106	0.0290618301	0.0741686926	0.0099673202	0.2146607516	0.0255513246	0.4473518923
0	0.0546804870	0.0000000477	0.0014461253	0.0023918058	0.5896303896	0.2459047393	0.0321171420	0.0003532961	0.0113236417	0.0621523256
0	0.0221006234	0.0000000000	0.0481865659	0.0015964665	0.0444510398	0.6477525845	0.0005206711	0.0000046040	0.1639196695	0.0714677752
0	0.0095774513	0.0745809382	0.0148135235	0.0135945689	0.0578787100	0.2163192865	0.0414281940	0.0012863498	0.0284939095	0.5420270682
0	0.0324214108	0.0384945176	0.0133161171	0.0000994656	0.4138242124	0.2025872602	0.1377279565	0.0611000940	0.0469280581	0.0535009076
0	0.3233011030	0.0022224225	0.0014997484	0.0634265252	0.1048441175	0.0190677786	0.0218276241	0.0000002792	0.0689641885	0.3948462130
0	0.5972711947	0.0000000001	0.0028843901	0.0000010421	0.0001864744	0.0145110836	0.2040756219	0.0201723152	0.1313304795	0.0295673985
1	0.0016587694	0.0009902594	0.0117336608	0.0000000000	0.0000000000	0.0170744708	0.0207329195	0.0175559037	0.1488659235	0.7813880928
0	0.1755984232	0.1641519166	0.0000004751	0.0000000000	0.0769242011	0.0016437125	0.0015336562	0.1900687425	0.1661083098	0.2239705630
0	0.1600929707	0.2307509739	0.0000000002	0.0037044790	0.1166869053	0.0000000000	0.4530022175	0.0295556144	0.0061929420	0.0000138970
0	0.4495865163	0.0000000000	0.0022055215	0.0016187291	0.0307626663	0.0239369805	0.4561458918	0.0314870018	0.0000034861	0.0042532066
0	0.1339822667	0.0054525734	0.0151377201	0.1031079857	0.2022141835	0.0736298631	0.0652603341	0.0189108493	0.0580253880	0.3242788361
1	0.0370472590	0.0473171423	0.0083716929	0.0000748504	0.0000314564	0.2147466473	0.2214486341	0.0000655659	0.1759719315	0.2949248203
1	0.0642845004	0.2131308897	0.0200295663	0.0130791644	0.0002998327	0.1403145623	0.2100243185	0.0025880280	0.1773170796	0.1589320580
0	0.8235759544	0.0000000035	0.0076590927	0.0184239353	0.0295888629	0.0054554685	0.0318448266	0.0457663569	0.0050523133	0.0326331859
0	0.0067446369	0.1746898819	0.2588397810	0.0143025687	0.1855201484	0.0524442869	0.2698209168	0.0290655534	0.0027270502	0.0058451759
0	0.2787585642	0.0372935436	0.0000003865	0.0103882447	0.0068455629	0.0509206406	0.2050049337	0.0501787550	0.1078594173	0.2527499513
0	0.0352926601	0.0000000042	0.0451385100	0.1450366197	0.1466798976	0.2171274152	0.3415905007	0.0683908805	0.0000062969	0.0007372151
0	0.3071421314	0.0000030235	0.0002912000	0.1740030333	0.0228511652	0.0839222613	0.0000009470	0.0193853604	0.0786763345	0.3137245435
0	0.0010796642	0.0134931954	0.0005872955	0.0006489411	0.0000456004	0.0233872323	0.8887224867	0.0237940240	0.0482410560	0.0000005045
0	0.0150273545	0.0008246934	0.5418042478	0.0000000000	0.0145667025	0.1862147261	0.0195845482	0.0000001268	0.1314363520	0.0905412487
0	0.0634101001	0.0000000184	0.0001256406	0.0000056165	0.0032196484	0.1097704420	0.1827851327	0.2186609235	0.4144805116	0.0075419661
0	0.1974316221	0.0363783797	0.1477336835	0.0017273751	0.0504377419	0.0081603168	0.4624702260	0.0000000585	0.0715856360	0.0240749604
0	0.5495889815	0.0085131033	0.3780854620	0.0045660774	0.0000176188	0.0012784340	0.0019738710	0.0555890134	0.0002045228	0.0001829158
0	0.0247263709	0.1372085893	0.0118045664	0.0000000000	0.0136297765	0.0615867449	0.3372836314	0.0000017158	0.0001248478	0.4136337570
0	0.0241248171	0.1997378525	0.0884977986	0.0000075583	0.0000000000	0.4369452623	0.0388953275	0.0006781541	0.0028867572	0.2082264724
1	0.0532507568	0.0000000000	0.0000020245	0.0066885692	0.0100366339	0.0637373232	0.8033560074	0.0598793448	0.0030117967	0.0000375435
0	0.7125985061	0.1862247955	0.0317284552	0.0119646658	0.0000000000	0.0000006165	0.0097414693	0.0415811383	0.0056666088	0.0004937443
0	0.0504985643	0.0095681477	0.0589986619	0.2907657787	0.0522424907	0.1700615280	0.3073374249	0.0094577006	0.0294224778	0.0216472254
0	0.0542538719	0.0099502770	0.0246590307	0.5406436188	0.0000000000	0.1018417910	0.0259417529	0.1149427433	0.0827123212	0.0450545933
1	0.0000937167	0.0222228233	0.0000000519	0.0000576338	0.0000000004	0.2173560343	0.0005579340	0.0862992157	0.2340463884	0.4393662015
0	0.1711423145	0.0603331335	0.0004321993	0.0011581052	0.0379345363	0.0009732976	0.4911482959	0.0698688639	0.0992067405	0.0678025133
0	0.0038750067	0.2808358818	0.0122056122	0.0524571416	0.0032861842	0.0789757947	0.2605602223	0.0153921789	0.2431312898	0.0492806879
0	0.0278446350	0.3081038607	0.0254225962	0.0000240940	0.0370681342	0.0031443959	0.1817254808	0.2824959205	0.0070761095	0.1270947732
0	0.0012602592	0.0162517240	0.0426270516	0.0000000000	0.0000367304	0.0805830503	0.3611331046	0.2933108955	0.1150023103	0.0897948740
