0	0.0002330642	0.1710776464	0.0496496817	0.0000091105	0.0000000022	0.2874873206	0.0018650680	0.0910875144	0.0464228751	0.3521677170
0	0.0284415985	0.0390979344	0.5514857788	0.0000000001	0.0704298887	0.0021688747	0.0000000950	0.1014702382	0.0492548844	0.1576507073
0	0.1056666896	0.0383913345	0.0003759076	0.0001337166	0.0145816729	0.2249542197	0.0005145111	0.5084168973	0.0871024354	0.0198626152
0	0.1702219903	0.1449670291	0.0140039382	0.0486381045	0.0000000000	0.0076739017	0.0935430721	0.0461589492	0.0444370060	0.4303560090
0	0.0002892416	0.4147565074	0.1843282344	0.0162835455	0.0812114669	0.0429234796	0.0345247168	0.1291424114	0.0122451480	0.0842952485
0	0.0328601853	0.0562209647	0.7806096562	0.0383850158	0.0000000000	0.0112892806	0.0000000590	0.0659063986	0.0015256142	0.0132028256
0	0.0270212184	0.0449397660	0.0006096569	0.4256826389	0.1608812036	0.2792667628	0.0072193454	0.0198488358	0.0344390904	0.0000914820
0	0.1661590468	0.0011580581	0.0211097327	0.6090691507	0.1423020409	0.0272595016	0.0000000066	0.0001022843	0.0326725815	0.0001675968
0	0.0692535395	0.0409804133	0.0754520030	0.0032922041	0.0000000000	0.2674523985	0.4825987849	0.0044850693	0.0338784344	0.0226071529
0	0.0000000000	0.0233725092	0.0121139032	0.0458021506	0.0000082383	0.1250416651	0.0035365126	0.0017399962	0.0001840028	0.7882010220
0	0.0205406566	0.3386424098	0.0000191970	0.0243277528	0.0615412945	0.2052362883	0.0066486240	0.0064167816	0.0526279434	0.2839990520
0	0.0893038426	0.0008341339	0.0001983495	0.2019533861	0.0103657093	0.0115537899	0.0214707643	0.4187005594	0.2357261406	0.0098933243
1	0.2414860235	0.1650631281	0.4149820142	0.0000009238	0.0000406615	0.0255616380	0.0000005453	0.1528033785	0.0000000000	0.0000616871
1	0.0136593572	0.6927764738	0.0003251933	0.2214704226	0.0698272854	0.0000320461	0.0018154378	0.0000000798	0.0000000000	0.0000937040
0	0.3139843946	0.0072558133	0.0783001405	0.0000000019	0.0139174390	0.0175907803	0.0054496124	0.0071253039	0.2647371124	0.2916394018
0	0.0001478247	0.0131478446	0.1612766713	0.0089873431	0.0050558248	0.1097612811	0.0024625616	0.0000000670	0.6991373362	0.0000232457
0	0.0937729737	0.0080617181	0.4935765222	0.0000000000	0.0863275887	0.0131422162	0.0178290462	0.1305252750	0.1564624560	0.0003022038
0	0.0000017329	0.0000106286	0.0153641853	0.1253508974	0.0000000004	0.6734249165	0.0044846922	0.0180809817	0.1290562721	0.0342256929
0	0.8661600771	0.0624187125	0.0000000004	0.0000000007	0.0038550827	0.0004781741	0.0000000000	0.0027758841	0.0000000140	0.0643120544
0	0.2638603989	0.0455014944	0.0080497361	0.0000048613	0.0000000665	0.5384900240	0.0031098705	0.0001067596	0.1163925389	0.0244842498
0	0.0159782330	0.0016391775	0.0013494601	0.0004493534	0.6074529664	0.0717015103	0.0000047756	0.0936819485	0.1809975121	0.0267450630
0	0.4361546040	0.0000061091	0.0513788968	0.0610546397	0.0161547282	0.0215561055	0.1172639598	0.0880222669	0.1511866160	0.0572220741
0	0.4362830528	0.1342622410	0.0117766655	0.0315433145	0.3479692628	0.0365015927	0.0000001263	0.0000000000	0.0016637126	0.0000000317
0	0.0000000000	0.0986691674	0.2307016231	0.0000170597	0.0058674621	0.2070281084	0.0081619628	0.4325447422	0.0118795768	0.0051302976
0	0.1663428246	0.5621774116	0.0838930403	0.0472171412	0.1282827638	0.0096412446	0.0000000855	0.0019351509	0.0003388037	0.0001715338
0	0.0284949865	0.8049540859	0.0126079131	0.0029933647	0.0167032311	0.0289109092	0.0738742715	0.0191802200	0.0009571915	0.0113238265
0	0.0550439769	0.0000003535	0.0000004363	0.0612831067	0.4347634233	0.0000000068	0.0000000000	0.1211844744	0.0001071052	0.3276171170
0	0.0309283751	0.0049683432	0.0014282280	0.0052524881	0.8051973889	0.0067064991	0.0212885126	0.0056151588	0.1166210400	0.0019939662
0	0.4578069194	0.0000000000	0.0579379311	0.0000030885	0.0000000000	0.1719279547	0.0127984187	0.2193473700	0.0801769590	0.0000013586
0	0.1189305682	0.0985115596	0.0088619286	0.1637332697	0.1154746324	0.0606941576	0.0041493563	0.4079097718	0.0208353617	0.0008993942
0	0.0018810981	0.0001010010	0.2594813528	0.0470807320	0.0170215095	0.4348230746	0.0398083179	0.1940504056	0.0000000007	0.0057525077
0	0.0015444995	0.2479478383	0.0490548981	0.0405082147	0.1255013570	0.0457391904	0.0000387150	0.4801569855	0.0082164939	0.0012918075
0	0.0000000000	0.0007733745	0.0093522800	0.7508187416	0.0107054400	0.0483758616	0.0000000017	0.1698710740	0.0004123553	0.0096908714
1	0.1688374941	0.4963799594	0.1390372915	0.0540285588	0.0023483436	0.0107433740	0.0000000000	0.0730606389	0.0000000000	0.0555643397
0	0.0474616466	0.0021646045	0.2497135271	0.0189055412	0.0089548095	0.3717854791	0.0866352718	0.0005813790	0.2134699185	0.0003278228
0	0.0425689338	0.0078248822	0.0004564679	0.0000000154	0.5001347646	0.0516869076	0.0271379301	0.1992678605	0.0706166732	0.1003055647
0	0.0000000000	0.1603248851	0.1085345592	0.1408061554	0.0000212288	0.2029505379	0.0551840479	0.1033438555	0.2288345823	0.0000001479
0	0.3122785482	0.0500468329	0.0000194665	0.0024419824	0.0793492391	0.0219479966	0.0317022740	0.0040060761	0.4981930480	0.0000145362
0	0.0106396480	0.0009627747	0.4211281520	0.0001605638	0.0009951545	0.0013010451	0.3209721911	0.2254134173	0.0024276996	0.0159993539
0	0.0000000000	0.0386092925	0.0044552558	0.0893615678	0.0000000837	0.2893405284	0.0000112944	0.0136532983	0.5524493497	0.0121193294
0	0.0000000005	0.1217700375	0.1664190093	0.0631778878	0.0045538315	0.0003069909	0.0012506848	0.3763129549	0.2660145056	0.0001940972
0	0.0071855376	0.0703803243	0.0964327489	0.0000131111	0.0042904411	0.6151756879	0.0053091951	0.1836909200	0.0171326460	0.0003893879
0	0.0242717648	0.0142481115	0.0000000627	0.1146457551	0.0130756278	0.0143038754	0.0101157089	0.7104128024	0.0988511011	0.0000751903
0	0.0332878202	0.0255626826	0.0006076582	0.0010025911	0.0195947083	0.1356368380	0.0083489295	0.2149676191	0.5609910991	0.0000000538
0	0.1317490017	0.1118583272	0.0654380184	0.3364133873	0.0185828736	0.0754018630	0.0000018042	0.2586438311	0.0019108935	0.0000000000
0	0.0277843367	0.0421869640	0.0770301821	0.0283354288	0.0256600852	0.3080982092	0.0876826052	0.2914513089	0.0876972128	0.0240736671
0	0.0093785459	0.1713033618	0.1900375128	0.0694777082	0.0152397810	0.0243724522	0.0198683985	0.3484947649	0.0049214344	0.1469060403
0	0.0981526655	0.0070718912	0.0000000000	0.0000000169	0.0367142097	0.1041193350	0.1238311992	0.0388999821	0.5907897814	0.0004209189
0	0.0267013738	0.1928994409	0.2980838806	0.0232171102	0.0429348835	0.3702983763	0.0001056558	0.0081852782	0.0270391022	0.0105348985
0	0.0032043865	0.0019798519	0.3002702980	0.2270083697	0.0585496829	0.0703175946	0.0525155842	0.0285972886	0.0054708697	0.2520860739
0	0.0185080957	0.0065369702	0.0961528988	0.0020564814	0.0439789930	0.0306141986	0.4678663913	0.0951674235	0.0454650612	0.1936534862
0	0.0897331830	0.1823485642	0.0000000000	0.1904028753	0.0042211851	0.3275532220	0.0084345897	0.0447861464	0.0625959739	0.0899242604
0	0.0047647444	0.1083216197	0.0119701378	0.0079607951	0.0709191861	0.0747860925	0.1997493425	0.3359154667	0.0004048740	0.1852077411
0	0.0403447322	0.0729861722	0.0000000000	0.2790751800	0.0032779920	0.4020614648	0.1088992909	0.0925993018	0.0007558662	0.0000000000
0	0.0829831357	0.0000000000	0.0165700553	0.1957850123	0.2087275607	0.0000000000	0.2174355727	0.0000002477	0.0003400591	0.2781583565
1	0.0001547389	0.0950057539	0.0773579570	0.1398644544	0.0756245228	0.0227660866	0.0000001120	0.5139032622	0.0000000000	0.0753231123
0	0.0085708778	0.0281344126	0.0032712672	0.0705378485	0.0005944433	0.4159205586	0.2811638713	0.1319340152	0.0027442377	0.0571284678
0	0.0003185479	0.0152308448	0.0000007618	0.0000010429	0.1169367680	0.1487485269	0.0000117200	0.5976543193	0.1192039888	0.0018934797
0	0.0000000000	0.2360101200	0.0097600244	0.1285530117	0.0401732039	0.0658742530	0.0215704683	0.0507324005	0.1571932488	0.2901332693
0	0.3125919365	0.0082905025	0.1425630074	0.0001534212	0.0058938922	0.1775751312	0.0835180217	0.0803759487	0.0638296500	0.1252084886
0	0.0145838785	0.0670602402	0.0000845339	0.0203677936	0.0000096030	0.0383658708	0.0177168090	0.0283992759	0.0135017690	0.7999102261
0	0.0000000000	0.0064145769	0.0297200908	0.0000257468	0.2497877351	0.4301443672	0.0027557478	0.0559691820	0.0311572114	0.1940253418
0	0.0000000630	0.1382044760	0.1190906509	0.0391507730	0.5251374552	0.1140445695	0.0000000000	0.0179049040	0.0157023191	0.0307647894
0	0.1134921586	0.0122872815	0.0009519731	0.0662064368	0.0009031015	0.0000000852	0.1642591587	0.4452805810	0.1762020813	0.0204171422
0	0.0004606201	0.2055366169	0.1429634254	0.0728873579	0.0727565722	0.0000263502	0.0724599302	0.0000133727	0.4308473200	0.0020484344
0	0.0949638664	0.0000016637	0.0005448116	0.3283100308	0.0184549399	0.0150081022	0.0062471524	0.1006633756	0.0650958762	0.3707101812
0	0.0308375179	0.0105831953	0.0000026439	0.3211093125	0.0000000013	0.0316277209	0.0581285885	0.0614940213	0.4045644260	0.0816525724
0	0.3865720765	0.0898510537	0.1029336362	0.1477694108	0.0112373215	0.0608823690	0.0000000000	0.0999864754	0.0058052599	0.0949623970
0	0.0039424249	0.2996876695	0.0000048494	0.0887856244	0.1075348224	0.1777195665	0.0774690973	0.0357115426	0.0004943527	0.2086500502
0	0.0532967068	0.0080707746	0.0009742047	0.0028066266	0.0156059190	0.0053796570	0.0105633031	0.3740460754	0.0424439277	0.4868128052
0	0.0268060368	0.1781931834	0.0162418779	0.3425596911	0.0109741341	0.0401820600	0.0001630630	0.0087108118	0.3582588199	0.0179103221
0	0.0000158118	0.0233746164	0.0024101399	0.0078530058	0.0018716720	0.6608542728	0.0000000000	0.0074830000	0.2903178732	0.0058196081
0	0.0005453735	0.6280911314	0.0212242283	0.0309402402	0.1476639686	0.0687635719	0.0002565396	0.0244528527	0.0725872798	0.0054748141
0	0.2515003219	0.0709330705	0.0171687798	0.0000000000	0.0007477412	0.1093819109	0.0001020733	0.0018530236	0.4366771934	0.1116358853
0	0.0000828078	0.0000000210	0.0006918935	0.0000008100	0.0007646035	0.2585935026	0.0012962814	0.0000000001	0.0078808390	0.7306892412
0	0.0000011890	0.0240651140	0.2008313283	0.1117533355	0.0000001394	0.0065680228	0.0002814233	0.0003346937	0.0083330202	0.6478317338
0	0.1919787732	0.1344516278	0.0063709165	0.0030695101	0.0000000000	0.3172040655	0.1961395034	0.0201497429	0.0553552280	0.0752806327
0	0.0000000067	0.7414202208	0.0000000000	0.0000027168	0.1006002213	0.0153201185	0.0913191530	0.0258146025	0.0023858506	0.0231371098
0	0.2194843312	0.2462307441	0.0128644844	0.0351840599	0.0029205168	0.0000900435	0.1218048659	0.3054301334	0.0476646009	0.0083262198
0	0.0426182142	0.4399199328	0.0394890198	0.0042452317	0.0698573881	0.3788128799	0.0000275904	0.0209532867	0.0023210468	0.0017554097
0	0.0021921220	0.1468100919	0.5966020001	0.0077815687	0.0980912575	0.1047858949	0.0008857753	0.0102915949	0.0318384527	0.0007212421
0	0.0018022746	0.3264997934	0.0010989601	0.0000000000	0.0527911677	0.5256896745	0.0455222942	0.0171342460	0.0097578007	0.0197037887
1	0.0000000000	0.5362828536	0.0752039506	0.2358541361	0.0404959872	0.0469750588	0.0304764130	0.0001019180	0.0344001326	0.0002095500
0	0.0003515382	0.1350023570	0.0956053131	0.0000000000	0.1115642770	0.0387461468	0.0026330489	0.0398502312	0.0099308548	0.5663162329
0	0.0684713990	0.0146336037	0.0000533504	0.0870606867	0.0004504901	0.4549507324	0.0503984439	0.1614131160	0.0051659948	0.1574021829
0	0.0000000737	0.5483225650	0.0013792629	0.0106964786	0.0000000000	0.0033133884	0.0000000000	0.2455848078	0.1854868331	0.0052165906
0	0.0360807191	0.0083609759	0.0671461347	0.1260501446	0.5352676955	0.0000000946	0.0557985275	0.0748833746	0.0487704350	0.0476418984
0	0.0353293662	0.8657827374	0.0541744720	0.0000001326	0.0000822749	0.0404277284	0.0002345524	0.0007209139	0.0000273724	0.0032204498
0	0.0000000000	0.0088802501	0.0001310477	0.0023148961	0.0007186209	0.3622539531	0.5613123625	0.0297262754	0.0309600955	0.0037024986
0	0.0063431226	0.3118749345	0.1064245552	0.0465813253	0.0583799577	0.0006062747	0.4515677448	0.0153693313	0.0028527539	0.0000000000
0	0.1555924940	0.0000393985	0.0248158800	0.3392790081	0.0000000426	0.0004493937	0.0045388369	0.4183027950	0.0344028841	0.0225792672
0	0.0832490091	0.0743658114	0.0000000000	0.0563273239	0.2046853777	0.0613519668	0.0438493943	0.0783883087	0.3977828080	0.0000000000
0	0.0256630656	0.0000284543	0.0000000841	0.0034544221	0.0124471068	0.7343181549	0.0000000000	0.2088802441	0.0151144093	0.0000940589
0	0.0000611537	0.6260719242	0.0020981697	0.3015619772	0.0019490276	0.0084397541	0.0039655424	0.0168176421	0.0367792851	0.0022555240
0	0.1896137474	0.1165238157	0.0000023569	0.0808564115	0.2264790291	0.0531795998	0.0147845589	0.3144641206	0.0040963601	0.0000000000
0	0.9183153070	0.0111283787	0.0086079216	0.0134670105	0.0162011078	0.0108126564	0.0150982663	0.0039522730	0.0022560640	0.0001610147
0	0.0196131904	0.2164658986	0.0000046927	0.0744373847	0.0136815907	0.0174087038	0.0934753490	0.0000000557	0.5041174389	0.0607956954
0	0.0000000941	0.0000000000	0.1245697459	0.1784931851	0.0000000000	0.1750847215	0.1251839164	0.3155643471	0.0808370018	0.0002669881
0	0.2317614495	0.0032956825	0.4173285461	0.0000005261	0.0034736481	0.0256043851	0.2257558683	0.0319162151	0.0004255828	0.0604380965
0	0.0000103269	0.0633341306	0.2589333078	0.0040137602	0.0000000000	0.0753064496	0.0505841519	0.4974947399	0.0261741387	0.0241489946
0	0.0198978025	0.0020350068	0.0000013992	0.0419748209	0.1170556069	0.5134314504	0.0263696819	0.0000014517	0.0710925497	0.2081402300
0	0.0345152997	0.1149628802	0.0476924903	0.0566077136	0.2314770166	0.3462784878	0.0010739184	0.0280093396	0.1393828538	0.0000000000
0	0.6349847691	0.0192184312	0.0252847369	0.0613988863	0.0000003869	0.0296686881	0.0180368139	0.1788890768	0.0130149283	0.0195032823
0	0.0882983729	0.0000020172	0.0301777084	0.0433215927	0.0000010574	0.5167158311	0.1838035747	0.1335724635	0.0000000000	0.0041073821
0	0.0682424536	0.0017462464	0.0457878967	0.0157307946	0.1004432112	0.1358332210	0.0000006748	0.3344339329	0.2977276109	0.0000539581
0	0.1048984182	0.3773005547	0.0126859252	0.0000010666	0.0002767838	0.1447595647	0.0000058229	0.1431793945	0.2168924690	0.0000000002
0	0.3096895050	0.0542693339	0.0034623503	0.0008825810	0.0003246909	0.3188440832	0.0000001436	0.0000140475	0.0884974662	0.2240157984
0	0.0302597793	0.0050807234	0.1049784126	0.3488162942	0.1012720883	0.3368927486	0.0218938891	0.0278522344	0.0229538300	0.0000000000
0	0.0085976112	0.0109078669	0.0253314478	0.0022644124	0.9163848620	0.0101231820	0.0135087529	0.0128135348	0.0000681536	0.0000001765
0	0.2883467473	0.0080036960	0.1061193630	0.0000000000	0.0000000003	0.0974106814	0.0911518217	0.0244015482	0.1535030823	0.2310630598
0	0.0423608708	0.0013606030	0.0247078858	0.0011974148	0.0465998996	0.5178350367	0.0013416960	0.0301642300	0.2330719979	0.1013603656
0	0.0015354123	0.0964409533	0.0000000001	0.0053298899	0.0700652077	0.0000000000	0.0078655030	0.1274866855	0.6912763437	0.0000000046
0	0.0003173568	0.4333556226	0.0342400110	0.0016841040	0.0514574658	0.0019413467	0.0060716758	0.1397916936	0.2992052784	0.0319354454
0	0.0595730914	0.3562017303	0.2456384945	0.0001124997	0.3217355660	0.0000000000	0.0100339012	0.0000000173	0.0031839273	0.0035207724
0	0.2221319677	0.0396126801	0.0000000527	0.0005219053	0.0518729524	0.6062912395	0.0020563304	0.0433809052	0.0144398442	0.0196921226
0	0.0000000203	0.2287439096	0.0083252892	0.6018246269	0.0097878106	0.0347513095	0.0000000000	0.0510464119	0.0511182180	0.0144024041
0	0.0351062459	0.0135748557	0.0004380912	0.1263572833	0.0031244020	0.0000019659	0.0215784668	0.6743448003	0.1227643770	0.0027095119
0	0.0000000000	0.0308708972	0.0618986689	0.0511928480	0.1545295104	0.2837940908	0.0000000000	0.1612382020	0.0337969934	0.2226787893
0	0.0183353915	0.0807363690	0.0017872663	0.0218418888	0.6636158985	0.1258555797	0.0631411919	0.0179510240	0.0055780057	0.0011573847
0	0.0020376554	0.1276621762	0.0012563115	0.0150031011	0.0000000000	0.1999347822	0.0034670277	0.1895215596	0.3219733844	0.1391440019
0	0.0120914732	0.0132404742	0.0000341212	0.0000000597	0.0405176288	0.0021294560	0.0000000497	0.7320587683	0.0148373707	0.1850905983
0	0.0344894962	0.0000385516	0.0002520827	0.3013158565	0.1264551042	0.0182751466	0.0420297289	0.4325031185	0.0429733442	0.0016675706
1	0.0137166159	0.2259612341	0.0000000097	0.1176840765	0.0921946359	0.0007564973	0.0113204131	0.2313390832	0.0000000104	0.3070274239
0	0.3245120645	0.0003058549	0.0534166033	0.0558700428	0.0002062063	0.1802171275	0.0021709102	0.2528745710	0.1130836775	0.0173429420
0	0.0091408090	0.0005217242	0.0000000063	0.0000003215	0.2120407647	0.0421724836	0.0420545347	0.0033166169	0.1617044813	0.5290482577
0	0.0000732745	0.7561753360	0.0000019319	0.0510826978	0.0013460257	0.0016830777	0.0054232676	0.1403923534	0.0438220353	0.0000000000
0	0.0014571178	0.0000000539	0.2040260669	0.0614773286	0.0009537854	0.4001100278	0.0004458262	0.0303184286	0.0000000735	0.3012112914
0	0.0105317876	0.1102600465	0.0017549842	0.0324131139	0.0000121628	0.4843859869	0.0000329532	0.1287003605	0.2091963153	0.0227122891
0	0.0126334707	0.0443152839	0.0615216371	0.6078509828	0.0000013550	0.1052664656	0.0206664292	0.0953252064	0.0376999691	0.0147192002
0	0.0700747687	0.0172000956	0.0054388636	0.0387210474	0.2400701113	0.1237043068	0.0002905554	0.1713939956	0.2634629007	0.0696433549
0	0.0000000547	0.0782545166	0.0568389183	0.2010457899	0.0000190075	0.1571016036	0.0000000927	0.4118995345	0.0679699217	0.0268705605
0	0.0000022013	0.1870179838	0.0038010613	0.1181489438	0.0000126506	0.5590377273	0.0031839551	0.0744401382	0.0543551768	0.0000001618
0	0.0000000000	0.4869089540	0.0002587571	0.0777031466	0.0191557400	0.2692343155	0.0571442106	0.0845118574	0.0000170133	0.0050660055
0	0.0066546273	0.8641371254	0.0000000000	0.0236172001	0.0469282802	0.0000230078	0.0053218927	0.0151809713	0.0063362437	0.0318006515
0	0.2098373793	0.1475449853	0.0639932872	0.0000000000	0.0577408646	0.3341082133	0.0004330353	0.0421542873	0.1441747600	0.0000131876
0	0.1078023106	0.0034881929	0.5119564990	0.0000000000	0.0000000000	0.1134721819	0.0000001939	0.2464560084	0.0021746796	0.0146499337
0	0.2802765831	0.2672662083	0.0000170216	0.0000013094	0.0000000007	0.1512900628	0.0000000000	0.1177501422	0.0020812753	0.1813173967
0	0.1028572966	0.2437425864	0.4503466718	0.0931635890	0.0004460046	0.0707395406	0.0023932835	0.0007435232	0.0355330191	0.0000344852
0	0.0000000001	0.0000443618	0.0001141564	0.5588245447	0.0253119806	0.0490960663	0.0659152773	0.1033928127	0.0566005143	0.1407002858
0	0.0780119471	0.1843898210	0.0040463004	0.4049049346	0.0675966734	0.0350418482	0.0000339936	0.0463798639	0.1795946179	0.0000000000
0	0.2232586420	0.0652814665	0.0173973224	0.5439005662	0.0583689510	0.0003363727	0.0000000430	0.0012349373	0.0615213319	0.0287003672
0	0.0007055794	0.0055717517	0.0005721811	0.0019935795	0.2396435842	0.0000000000	0.0083487903	0.7428504031	0.0000217636	0.0002923671
0	0.0043934965	0.0649832643	0.0094175685	0.0244084507	0.0401157879	0.5464594806	0.0682215267	0.2138714137	0.0000000000	0.0281290110
0	0.4514749981	0.0000000000	0.0003525538	0.0012969392	0.0000561081	0.0000290000	0.0030723542	0.2692943246	0.1962052084	0.0782185136
0	0.1995987443	0.0009285288	0.0252610113	0.0100328004	0.0000014180	0.0382261660	0.0273399326	0.0559852681	0.5874095561	0.0552165745
0	0.0000000060	0.0242182775	0.1208953404	0.0955208880	0.0454584183	0.0688912260	0.3845729985	0.0235360241	0.2351547036	0.0017521175
0	0.0431013708	0.0026334847	0.0111048301	0.0372323324	0.0000265953	0.1340819993	0.2306217559	0.5411891540	0.0000025711	0.0000059065
0	0.3315879703	0.0004776340	0.1057425623	0.0057271408	0.0045113022	0.2126397590	0.0020114147	0.0028256773	0.0330564486	0.3014200907
0	0.0275624135	0.0022196152	0.0003829613	0.0749686686	0.0026514112	0.6723051296	0.0190529814	0.0609914059	0.1136286057	0.0262368075
1	0.0000042459	0.0237467867	0.0241718484	0.1040529857	0.0000256660	0.1873436894	0.0449698488	0.5389809130	0.0000152744	0.0766887419
0	0.5358044178	0.0701167229	0.0262144408	0.0016477867	0.0010119915	0.0908062888	0.0679838762	0.0153337900	0.0000000150	0.1910806703
0	0.6406330889	0.0236874201	0.2583278409	0.0000644347	0.0448285959	0.0251740569	0.0066217547	0.0004585993	0.0000033452	0.0002008634
0	0.0007311156	0.2785800173	0.0000051408	0.2066869872	0.0131039851	0.1150092171	0.0000000000	0.0973407167	0.0297416879	0.2588011323
1	0.0000087832	0.3702728497	0.0166231988	0.4467367108	0.0376658332	0.0105232607	0.0000000000	0.1033201805	0.0000000130	0.0148491701
0	0.1348755424	0.0049052400	0.3226806208	0.0000000016	0.0539711504	0.4492265419	0.0010210648	0.0000000018	0.0331548886	0.0001649478
0	0.0011261739	0.3881973419	0.0000251334	0.2380581055	0.0000922382	0.0103613657	0.1467842604	0.0365286798	0.1476093921	0.0312173092
1	0.0000009272	0.6561932671	0.0000222866	0.0004819314	0.0082371613	0.0019151946	0.0502203822	0.0338306672	0.0000090509	0.2490891314
0	0.0429338632	0.0000017064	0.0818683140	0.1655343371	0.0118953791	0.4927243171	0.0373135520	0.1249628237	0.0014493596	0.0413163478
0	0.2133961319	0.0572967527	0.3619630876	0.0099668303	0.0019906073	0.1233424678	0.0003751975	0.0131463990	0.0148705348	0.2036519911
0	0.0020928973	0.0452750612	0.2780535555	0.2801966238	0.0008088281	0.0280453517	0.0000564846	0.0784938340	0.0029620241	0.2840153396
0	0.0448365682	0.0998155216	0.0000282588	0.0000110915	0.0000000016	0.1318661471	0.0000000542	0.1617620428	0.4684622626	0.0932180516
0	0.0201273579	0.0052777847	0.0044909875	0.1583186344	0.0053072326	0.4702150965	0.0852691471	0.1233275123	0.0831952753	0.0444709717
0	0.0035128086	0.0000000879	0.0317819544	0.0745063951	0.1546959338	0.0000026949	0.0105503173	0.2464272204	0.0000000034	0.4785225843
0	0.1406835339	0.0754542788	0.1354204071	0.0004409017	0.0067506811	0.0183443631	0.0244186110	0.0481114033	0.2370287720	0.3133470481
0	0.4068125264	0.1471469147	0.2819818732	0.0397426899	0.0000000000	0.0005815173	0.0000000000	0.1128339496	0.0109005291	0.0000000000
0	0.0006102482	0.1004954770	0.0019762465	0.0814515281	0.4218475450	0.0000032490	0.1632162791	0.0648364896	0.0147341777	0.1508287600
0	0.1828747693	0.0080229534	0.0598435228	0.0565349461	0.4957270103	0.1077950875	0.0000027227	0.0241255199	0.0000000000	0.0650734679
0	0.0023578857	0.0648504858	0.0000000003	0.0203251449	0.0014376829	0.8832904667	0.0050492352	0.0225433541	0.0001457394	0.0000000050
0	0.1207655844	0.0493458109	0.0284968163	0.5279379415	0.0322814797	0.1787423910	0.0005114912	0.0000000000	0.0619184641	0.0000000209
0	0.3908067569	0.2444749482	0.0298201454	0.0008321298	0.0690886659	0.0187878314	0.0044169822	0.0857808209	0.0089719240	0.1470197953
0	0.0148283920	0.0002508875	0.3294459482	0.0000129799	0.0059350648	0.0868004962	0.0000000000	0.3786558943	0.1825066349	0.0015637021
0	0.0000000000	0.0150858284	0.2476673971	0.0000003548	0.0297192069	0.0058722582	0.0026531858	0.2913600388	0.0888814382	0.3187602918
0	0.1449943702	0.0000012414	0.0855357303	0.0003807895	0.4129340673	0.0000000000	0.0180252859	0.3381185645	0.0000099357	0.0000000152
0	0.0000063471	0.0882926238	0.0081655094	0.0068261110	0.0000000000	0.0011419311	0.2014752811	0.0005524655	0.6935397310	0.0000000000
0	0.0010002192	0.0748509412	0.1365114884	0.0041732703	0.2471442793	0.1734127822	0.0001677351	0.0000000026	0.1490035770	0.2137357046
0	0.0567302121	0.1939673111	0.0863479750	0.2370854187	0.0936307475	0.0000002103	0.2094770394	0.0313996751	0.0000092882	0.0913521225
0	0.0000000027	0.5904519867	0.0497117278	0.0587756694	0.0275092058	0.0144482914	0.1624703317	0.0550494742	0.0415293349	0.0000539753
0	0.4705481579	0.1520517920	0.0222172150	0.0000010772	0.0381178635	0.3170307852	0.0000196264	0.0000107828	0.0000000000	0.0000027000
0	0.0562585523	0.0027846067	0.0029444595	0.0322735779	0.0045271456	0.5952032123	0.2023770743	0.0246823953	0.0776583647	0.0012906115
0	0.0867728997	0.1895228701	0.0288965999	0.0001779184	0.5515119885	0.1240855210	0.0015422409	0.0036878040	0.0138021576	0.0000000000
0	0.0875140968	0.0324530168	0.0232010287	0.0005616652	0.0845430434	0.0532471853	0.0032982623	0.0020411657	0.6315049910	0.0816355447
0	0.0000000041	0.0055103648	0.4011097258	0.0000000000	0.0000000017	0.1633464897	0.0000124345	0.0010936066	0.0029420227	0.4259853500
0	0.0247599218	0.0007376372	0.0703229774	0.1074219827	0.0000066544	0.0007927980	0.0035305094	0.1678895205	0.5688324848	0.0557055139
0	0.0806501719	0.0000010351	0.0528901653	0.0557143354	0.0234887165	0.0563214883	0.0002415511	0.1731730846	0.5575194517	0.0000000000
0	0.0632622204	0.1583589151	0.0206619220	0.2770187982	0.0029568837	0.2242151330	0.0090114352	0.0000087389	0.2170230274	0.0274829261
0	0.0670951353	0.0219595824	0.0000000000	0.4178096601	0.0000000000	0.4353515702	0.0009016171	0.0394926492	0.0000003219	0.0173894639
0	0.0146197936	0.2727079220	0.0084279492	0.0339899383	0.0258650880	0.0230942811	0.0026772558	0.4218262737	0.1967053132	0.0000861852
0	0.3414193621	0.0000770524	0.0284845751	0.0000000000	0.0038111461	0.0000000001	0.0089487402	0.6127907468	0.0044673420	0.0000010352
0	0.1674658097	0.4204872574	0.0091841042	0.1815588136	0.0000000000	0.0880847810	0.0688950532	0.0147876761	0.0452823038	0.0042542010
0	0.0001248989	0.7065301534	0.0053491076	0.0289877412	0.1200651008	0.1077480586	0.0000000000	0.0108084801	0.0159993532	0.0043871062
0	0.0309680255	0.0839533805	0.0014886270	0.0095522387	0.8557431835	0.0000001206	0.0000000014	0.0030897752	0.0151918899	0.0000127577
0	0.0301991236	0.0008880932	0.4407527003	0.0148921481	0.0084856337	0.2252058202	0.0585174586	0.1957329683	0.0065375602	0.0187884938
0	0.2297479355	0.0000000000	0.0025546590	0.3123977788	0.0167842235	0.4226962896	0.0000000647	0.0144477237	0.0012006723	0.0001706529
0	0.0468753443	0.0000000000	0.0001536413	0.0371668638	0.0000000923	0.0000000000	0.1991577752	0.4029843281	0.3047461675	0.0089157875
0	0.0016448062	0.0000000000	0.0463794378	0.0070962366	0.4625488174	0.2692628610	0.0587718727	0.1523130299	0.0000251544	0.0019577841
0	0.0052913636	0.0212279746	0.1832047342	0.0054875301	0.0560653397	0.1994810951	0.5207918761	0.0040541656	0.0017781052	0.0026178157
0	0.0007335114	0.0383197489	0.0011510101	0.1154324336	0.0133862808	0.0256867511	0.2400942739	0.0001387133	0.5365246966	0.0285325803
0	0.0015212718	0.0016393336	0.4240071775	0.3588318207	0.0002107152	0.0085108806	0.0276605530	0.1568765604	0.0116402379	0.0091014492
0	0.0052707746	0.2216317347	0.0083397857	0.0935488267	0.0611634465	0.0291762022	0.0019788442	0.0307387629	0.1077353867	0.4404162358
0	0.0000000000	0.0000253327	0.1650995371	0.0000000000	0.5452542716	0.0000042688	0.2648876114	0.0122438146	0.0008734253	0.0116117385
1	0.0000000000	0.0042786131	0.2989105664	0.0468770003	0.0693152434	0.0126610600	0.0165910263	0.4342195845	0.0000000000	0.1171469060
0	0.0000193450	0.6553334418	0.0000247638	0.0131182157	0.0970731610	0.0000000000	0.1260629810	0.0578984963	0.0000000000	0.0504695955
0	0.1076596354	0.0000010283	0.0000558563	0.0290425341	0.0000001754	0.0000056812	0.0072453000	0.3704404071	0.4495161283	0.0360332540
0	0.0000002782	0.0142891449	0.0035801129	0.0015918257	0.0002901936	0.8954339791	0.0408017592	0.0438234707	0.0000000000	0.0001892357
0	0.0000000000	0.8457536252	0.0453556838	0.0191755512	0.0279912534	0.0610733877	0.0000000029	0.0000016634	0.0003550994	0.0002937330
0	0.0000359025	0.4659757497	0.0000000000	0.0543376824	0.2363949134	0.0343231772	0.1741496756	0.0002508656	0.0063654007	0.0281666328
1	0.0406909756	0.1073343075	0.5112004650	0.0113345396	0.0000000000	0.0053022160	0.0790550780	0.0000000000	0.0000157946	0.2450666237
0	0.2538726007	0.0309101372	0.0444372199	0.1696428124	0.3299673137	0.0597375574	0.0025272217	0.0000000000	0.0937953788	0.0151097582
0	0.0000000102	0.0569227803	0.0000151654	0.3060239175	0.0007387715	0.0171857003	0.0094452659	0.5584082821	0.0000000000	0.0512601068
0	0.0000000000	0.0004499662	0.2015086152	0.5829133307	0.0000000006	0.0348295477	0.0039472659	0.1062880568	0.0581282008	0.0119350161
0	0.0039406297	0.2087755632	0.1484426635	0.0081318530	0.2363227245	0.0000000000	0.1472985707	0.1235374678	0.0568627831	0.0666877445
0	0.0009285761	0.1207854844	0.0049790339	0.0003634391	0.0134291011	0.6023445357	0.1548011033	0.0010287124	0.0989250925	0.0024149213
0	0.2455037697	0.0000036944	0.1376684349	0.0762055092	0.0000000000	0.2068741274	0.0599710617	0.2457836054	0.0173566666	0.0106331307
0	0.0277229603	0.0000000082	0.0923207197	0.6421245753	0.0148078842	0.0000396319	0.0093663004	0.0284836813	0.0350456429	0.1500885957
0	0.0010465848	0.0000000000	0.0197205891	0.0000412258	0.0002731321	0.0575887612	0.0000000308	0.0241072994	0.1329864384	0.7642359385
0	0.2276861654	0.0442817873	0.3366521985	0.0527842893	0.1445043824	0.0419537092	0.0019384938	0.1060753657	0.0042647510	0.0398588574
0	0.0000012930	0.0825895825	0.0318007629	0.0019221126	0.0961135049	0.4846317039	0.0003797596	0.0916463640	0.0036277720	0.2072871447
0	0.0544876539	0.0261865399	0.0000027134	0.2706997121	0.0024023458	0.0728957824	0.0067513806	0.3315104086	0.0755422713	0.1595211919
0	0.0414877312	0.0842699309	0.1788817835	0.0000004412	0.2985945658	0.0472223999	0.0011425618	0.0091911913	0.0013955755	0.3378138188
0	0.1106140678	0.0673153557	0.0179642941	0.0231346942	0.0076482216	0.3030975055	0.2294005551	0.0445382769	0.1962870292	0.0000000000
0	0.0082307766	0.0460872932	0.0002976234	0.0670159612	0.0000000000	0.0071657133	0.0708882468	0.0287312776	0.7715831078	0.0000000001
0	0.0007867639	0.1349956043	0.0266053423	0.0258724649	0.0168041920	0.2928651674	0.0936428956	0.1110298648	0.1402083761	0.1571893286
0	0.0000001462	0.0000000001	0.0073545012	0.1266818119	0.2123902746	0.3751642264	0.0485824203	0.0008282746	0.0140844195	0.2149139253
0	0.0014537306	0.1177102225	0.0332079513	0.5134881228	0.0293123339	0.1287524730	0.0000000161	0.0605865226	0.1130254481	0.0024631792
0	0.0370329262	0.7919697928	0.0124290322	0.0071603484	0.0099276526	0.0000350172	0.0090721064	0.1316181620	0.0007543508	0.0000006113
0	0.0115876808	0.1638326838	0.3972086108	0.0318171263	0.0115464038	0.0771919145	0.1414001969	0.0789243752	0.0254750370	0.0610159710
0	0.1372149771	0.0376160822	0.0001486302	0.0000759155	0.0596385985	0.0717837582	0.0000390106	0.1539017270	0.1962871260	0.3432941746
0	0.0613786473	0.1335952489	0.0312399817	0.0000102032	0.0588777619	0.1264359257	0.0007710380	0.0117461523	0.4941252676	0.0818197733
0	0.0935390396	0.1730440710	0.0252252860	0.0300842706	0.0296242241	0.1193472388	0.0014740033	0.4968437915	0.0058562469	0.0249618281
0	0.0010297232	0.1691906919	0.2422224352	0.0000000000	0.0287599871	0.2384784548	0.0920695248	0.0000000212	0.1698983206	0.0583508411
0	0.0081700065	0.2560514822	0.0523539700	0.0000000028	0.0000000000	0.0000132661	0.1924653921	0.1370183860	0.0188840350	0.3350434594
0	0.0000423186	0.2345478843	0.0038820619	0.3390575716	0.0126027420	0.0790987899	0.0125438246	0.1245798906	0.1570127467	0.0366321697
0	0.2493810605	0.0011104483	0.1631187242	0.0442918083	0.0980317502	0.1149867109	0.0185923219	0.1380040744	0.0262350977	0.1462480036
0	0.0000000000	0.0577982002	0.2092689213	0.0000809948	0.0465467182	0.2896063280	0.0002194227	0.2016307748	0.1829605710	0.0118880690
0	0.6254309398	0.0000061346	0.0132482976	0.0001345951	0.0213616889	0.0131450693	0.1606521474	0.0581552358	0.0954566781	0.0124092132
0	0.1369431863	0.2466013256	0.0091415227	0.0000000000	0.0027812001	0.2375580875	0.0142356698	0.2280550764	0.1093102581	0.0153736736
0	0.0593476035	0.0005120937	0.0061343852	0.0228405221	0.0362883133	0.0029877250	0.4261959891	0.1152074659	0.3058795398	0.0246063624
0	0.0025348058	0.3161373176	0.1216391516	0.0169903018	0.1591414828	0.3097514246	0.0000010165	0.0095124576	0.0505210860	0.0137709556
1	0.0000122977	0.1956806604	0.1584314327	0.3502735011	0.0079286866	0.0348138235	0.0854185244	0.0366806523	0.0000000000	0.1307604214
0	0.0000000000	0.2298708864	0.0000039824	0.0830068288	0.0006501415	0.1935636327	0.0009477039	0.0009520365	0.4798258145	0.0111789734
0	0.2862203852	0.0722927114	0.0000000000	0.3274259821	0.0155167142	0.0000000000	0.0324197302	0.1470291884	0.0443382399	0.0747570485
0	0.0054697766	0.0007464099	0.0036073092	0.0457490532	0.0000000018	0.0315221234	0.0000000377	0.0198594323	0.8930458560	0.0000000000
0	0.0000029062	0.0591055917	0.1692502270	0.0076747880	0.0008988833	0.1181048920	0.2528001026	0.3686280718	0.0034306708	0.0201038665
0	0.0000000000	0.0000701149	0.0000000000	0.1232650035	0.0000000000	0.0000003860	0.3473764614	0.0044236716	0.0069810209	0.5178833416
1	0.0241743296	0.2296468093	0.0653566470	0.0000153719	0.0198372853	0.0001589461	0.0174815046	0.1334039874	0.0000000000	0.5099251188
0	0.0216157509	0.0644601854	0.0871808530	0.2044285502	0.0232728347	0.0520066878	0.1437510760	0.2726406397	0.0796840007	0.0509594216
0	0.0595398835	0.3963416477	0.0062910458	0.0002417636	0.0051208595	0.0000186418	0.0086344110	0.3435128835	0.1802987850	0.0000000784
0	0.0000000000	0.0003375918	0.3000320938	0.0458538354	0.0001763038	0.0265492030	0.0079791409	0.6048772006	0.0057809339	0.0084136968
1	0.1910699912	0.4905118089	0.0313354552	0.0945000771	0.0000000000	0.0480797071	0.0000180612	0.1158001680	0.0000000000	0.0286847314
0	0.0619720177	0.0018659827	0.0000000012	0.0595434834	0.2624391387	0.1582742779	0.2671150832	0.1887637625	0.0000023750	0.0000238777
0	0.0354644512	0.2533947350	0.1329638222	0.1483409965	0.0008638898	0.1650002989	0.0000000208	0.0013862424	0.1864415950	0.0761439482
0	0.0005584483	0.0017872766	0.0000012181	0.4069194676	0.1182276225	0.0014285818	0.0199566890	0.1136767697	0.3006369925	0.0368069339
0	0.0002644860	0.0000000000	0.0135308622	0.2793142215	0.0057293504	0.3466318645	0.0000000000	0.1383611422	0.0000070998	0.2161609733
0	0.0012482245	0.0112342868	0.0000000000	0.0229595977	0.0077996678	0.1559372703	0.5809083714	0.1887386454	0.0000000000	0.0311739362
0	0.1173314346	0.0100852566	0.0505127832	0.0000001600	0.0005975221	0.7313671438	0.0000000174	0.0442969808	0.0419408005	0.0038679008
0	0.0000000000	0.1694095473	0.0022333259	0.0311789803	0.6796021790	0.0016776124	0.0000000000	0.1104378904	0.0004550400	0.0050054246
0	0.3269016947	0.0004833568	0.0000000001	0.0453160495	0.0239443773	0.0137642628	0.0574350965	0.0000007452	0.5311433481	0.0010110690
0	0.0000000060	0.1925254653	0.1726783148	0.3274103196	0.0400654656	0.0001221077	0.0054085664	0.1485429649	0.1131879547	0.0000588350
0	0.0472371453	0.0088687552	0.0008344105	0.0000321653	0.1707554089	0.1383177784	0.0529195150	0.0309146220	0.2289872038	0.3211329955
0	0.1285079830	0.0657126742	0.0000000000	0.0080240394	0.0000020587	0.0000159930	0.0475997686	0.7441500029	0.0000000000	0.0059874803
0	0.4564346723	0.1391205959	0.0004871040	0.0076717638	0.0150681325	0.2338806905	0.0485070080	0.0748305410	0.0132591262	0.0107403657
0	0.0122127870	0.0009364973	0.0005678432	0.0000112194	0.0111199657	0.2566382371	0.6385935853	0.0048679447	0.0747590610	0.0002928594
0	0.0000000000	0.0202450520	0.0682022768	0.0063893085	0.0186573514	0.0882021779	0.0000000000	0.7319496857	0.0662862997	0.0000678479
0	0.2166968244	0.0885206320	0.0703090634	0.0002825163	0.0175720294	0.1065698865	0.0276583863	0.4597156848	0.0021997400	0.0104752368
0	0.0000172211	0.2873560530	0.1067733325	0.0005037873	0.0000087494	0.0040812422	0.0001681552	0.0185586343	0.0346034873	0.5479293376
0	0.0192085192	0.0125648484	0.0000001624	0.0944966869	0.0001914753	0.6838526621	0.0000000000	0.0000111241	0.0219184520	0.1677560697
0	0.0726170483	0.0000418454	0.0339893740	0.0246840336	0.0493301706	0.1548903420	0.0724804176	0.3415404108	0.2244749303	0.0259514274
0	0.0113573253	0.0670144348	0.0343219846	0.0482713872	0.0093243434	0.3090761982	0.0056723437	0.1201397559	0.3948222269	0.0000000000
0	0.0181895399	0.0000000000	0.0163103524	0.0371862996	0.0000000000	0.0000000000	0.6420689352	0.1034630868	0.1188957698	0.0638860162
0	0.0000062275	0.0730765151	0.2790551588	0.0025494137	0.0000382364	0.0406124134	0.0064865463	0.0976518203	0.0211866841	0.4793369845
0	0.0026763573	0.0043181677	0.0272753148	0.5737409388	0.0380196475	0.1358309444	0.0057946913	0.1743277910	0.0095643799	0.0284517674
0	0.0001570022	0.0000014830	0.0100472379	0.0007781493	0.0295163792	0.6792266091	0.2497959958	0.0000000010	0.0304746885	0.0000024540
0	0.0228708493	0.1216699131	0.0283385571	0.0000142449	0.1739428842	0.2990857158	0.0836381220	0.0000000000	0.2642528716	0.0061868421
0	0.0047440201	0.0014312976	0.1179324942	0.2030957517	0.0004372875	0.2103198820	0.0000410309	0.2408457849	0.1011695871	0.1199828639
0	0.0578022352	0.0000000000	0.6934031052	0.0000000000	0.0749206919	0.1662737289	0.0000109244	0.0000052007	0.0068807016	0.0007034120
0	0.0026349839	0.0032836203	0.1043289150	0.1379994807	0.0009752039	0.0020121674	0.2413679651	0.3650624981	0.1208839202	0.0214512454
0	0.0000000000	0.0003902092	0.2998074735	0.0049313433	0.0919326465	0.0082655081	0.1442528259	0.0069233803	0.4412518474	0.0022447657
0	0.0026821426	0.0000000146	0.0609961462	0.0316262414	0.0682099305	0.0210073576	0.0000000004	0.2539510949	0.2773768317	0.2841502400
0	0.3644224353	0.0119919138	0.0001817605	0.2162488288	0.0000000000	0.3945994544	0.0125083752	0.0000025200	0.0000447121	0.0000000000
0	0.0226809727	0.5559095600	0.0000000000	0.1980340758	0.0000000000	0.0002297521	0.1378458930	0.0175835461	0.0677161960	0.0000000043
0	0.0000000000	0.2363386218	0.2724773540	0.0468463703	0.0000000000	0.0206563999	0.0000011817	0.3084942617	0.0015740804	0.1136117302
0	0.2272703200	0.0418881103	0.1128003983	0.0000023939	0.0917467458	0.0561726995	0.0000000000	0.4617264373	0.0076059945	0.0007869004
0	0.0000062778	0.0033275698	0.0237080437	0.0003888614	0.7994350935	0.0907076180	0.0002382734	0.0481037300	0.0340813270	0.0000032054
0	0.0178276210	0.0000000000	0.0014973116	0.0025713410	0.1302469618	0.1719637975	0.0019490638	0.6718206728	0.0012238368	0.0008993938
0	0.0000014614	0.6244589152	0.0000119901	0.0509639712	0.0284885791	0.0081896772	0.0292245624	0.0000023297	0.0001652612	0.2584932525
0	0.4302767309	0.0000000547	0.0266437448	0.2180136099	0.0000843129	0.1291200895	0.0000010793	0.0005958650	0.1952645081	0.0000000049
0	0.3555289077	0.0692911161	0.0000000106	0.0000000003	0.0000000000	0.0232408998	0.3342634294	0.0859282783	0.1262923438	0.0054550139
0	0.0026392270	0.5609945994	0.1864549609	0.1470536860	0.0741524676	0.0285955871	0.0000000000	0.0000988506	0.0000106213	0.0000000000
0	0.1449368397	0.0635901288	0.2580675162	0.0278728731	0.1169161858	0.0450904914	0.0530852268	0.2878247551	0.0001030667	0.0025129164
0	0.0014593338	0.0108010959	0.0001669539	0.0000000001	0.1075126049	0.0648099960	0.0892454874	0.1340256382	0.0187005678	0.5732783220
0	0.1616169994	0.3019038999	0.0005746203	0.0814906646	0.3404611067	0.0043948973	0.0000047590	0.0339448271	0.0668217011	0.0087865245
0	0.0333270409	0.0008876935	0.8448952403	0.0000000024	0.0000470489	0.0768551109	0.0016341693	0.0409163547	0.0005169218	0.0009204173
0	0.0000000000	0.0001720917	0.0142497509	0.2207576850	0.0957914166	0.0460034824	0.0653972305	0.5178927132	0.0110142492	0.0287213804
0	0.2188984650	0.1992495083	0.0958902679	0.3860401402	0.0690074931	0.0001617350	0.0004203901	0.0231053026	0.0000000000	0.0072266978
0	0.0770590826	0.1503644307	0.0211380527	0.0979293248	0.0003161768	0.5258437792	0.0000000194	0.0654880934	0.0286443374	0.0332167031
0	0.0000001344	0.2243475383	0.1767839657	0.0088585030	0.0060419389	0.0524728103	0.0144573370	0.5108680779	0.0053515207	0.0008181740
0	0.0003567607	0.1473966033	0.0015376630	0.0296093960	0.3709963085	0.0000081440	0.0811892252	0.1535075856	0.0017751402	0.2136231734
0	0.0000001679	0.1331549837	0.0218592295	0.1617838647	0.1758063603	0.0007761471	0.3753619459	0.0338686181	0.0973885864	0.0000000962
0	0.0763101218	0.1723772559	0.2194766582	0.0206731718	0.0447064769	0.0000805062	0.0493468437	0.3693453039	0.0476836616	0.0000000000
0	0.1883026312	0.0954200580	0.1000868429	0.3018481828	0.0022966205	0.0000051762	0.0286574119	0.0000079560	0.1208720019	0.1625031185
0	0.0806364386	0.1290998996	0.0000000154	0.1390924519	0.0002660884	0.0002552280	0.0488297252	0.0000000000	0.5751755391	0.0266446138
0	0.0799158255	0.0030456084	0.4633293921	0.0006749877	0.0000000000	0.0077056646	0.0000001841	0.1415314054	0.0079742852	0.2958226469
0	0.0066087149	0.2700771943	0.0082827976	0.1791272900	0.0434256441	0.0000000000	0.0278191282	0.4177906001	0.0357779731	0.0110906576
0	0.0683702698	0.4754717591	0.0769488470	0.0068255101	0.1085685672	0.0996924425	0.0376306483	0.0995654198	0.0269092360	0.0000173002
0	0.0035030547	0.1898975379	0.0000000000	0.1406540898	0.0460216773	0.0384588441	0.3221390960	0.2358525816	0.0224255454	0.0010475731
0	0.0106947567	0.0258621160	0.4485943903	0.0000013412	0.0002749162	0.0387067157	0.0398517302	0.1263499287	0.2427455240	0.0669185809
0	0.0000011354	0.0592082517	0.1182137685	0.0000014003	0.0007307028	0.0217618945	0.0625318468	0.5163245730	0.2204413695	0.0007850575
0	0.0010049732	0.0000358074	0.1762622532	0.0209028570	0.0838290298	0.0623210349	0.0000000000	0.6312148902	0.0236019517	0.0008272025
0	0.0000807014	0.0028910187	0.6475895929	0.0028123446	0.0108502121	0.0000350180	0.0118765302	0.1203650686	0.1976935198	0.0058059937
0	0.1069766756	0.4610099503	0.0628134266	0.0000128803	0.0294722882	0.0424445184	0.0241867034	0.1538052751	0.0825087120	0.0367695701
0	0.0838408008	0.1514068487	0.0000055879	0.0601154586	0.1413368597	0.2250489175	0.2891103271	0.0000000000	0.0491351998	0.0000000000
0	0.0000000000	0.0638869689	0.6172442438	0.0182630786	0.0000009975	0.2899222276	0.0102247685	0.0000000002	0.0000596040	0.0003981109
1	0.0112936595	0.3407272768	0.0001911582	0.0842887251	0.2764999907	0.0832679719	0.0000000082	0.1959215761	0.0077880849	0.0000215487
2	0.0000001396	0.9019069515	0.0043073496	0.0173210565	0.0012513388	0.0015239521	0.0003078280	0.0733811325	0.0000000000	0.0000002515
0	0.0274471377	0.1138777178	0.0000001756	0.0685475985	0.0637703498	0.1050269740	0.1233110983	0.0172139497	0.4808048305	0.0000001682
0	0.0097879432	0.2107927036	0.0423022054	0.0000036890	0.3132893127	0.1131364317	0.2136078200	0.0000382523	0.0136303889	0.0834112532
0	0.0575630766	0.5401086771	0.0166457593	0.0705015213	0.0144469544	0.1494628390	0.0000001509	0.0403765280	0.1037232896	0.0071712040
0	0.2231489724	0.0000305327	0.0090735587	0.0112864282	0.0000000000	0.5192285012	0.1557687241	0.0715601335	0.0077180976	0.0021850517
0	0.3368801119	0.1830933013	0.0756839861	0.0000000010	0.0580192296	0.0252801761	0.0000000000	0.0024239381	0.3138804511	0.0047388047
0	0.0000073197	0.0039081295	0.0039930103	0.1564411729	0.0009891628	0.0001202500	0.0172296957	0.8159940524	0.0000204280	0.0012967787
0	0.0399439522	0.0028975848	0.0352663832	0.0938494713	0.0164986891	0.0295860174	0.0815709316	0.4408232890	0.2535154273	0.0060482541
0	0.0680184891	0.0000005059	0.0017729949	0.0126455677	0.0019758823	0.0051006263	0.1782316851	0.1010583582	0.4587084435	0.1724874469
0	0.0062395858	0.1928772635	0.0284756797	0.0262682835	0.2258953443	0.1765714035	0.0381741556	0.3054538981	0.0000423368	0.0000020491
0	0.0323577538	0.1793472986	0.0009286626	0.0029134866	0.0071312870	0.1417617800	0.0392040428	0.2809427566	0.1677214780	0.1476914541
0	0.0586880465	0.3236638915	0.0683716162	0.1817538006	0.0223959080	0.0491587466	0.1461085072	0.1278594469	0.0027800121	0.0192200244
0	0.0172158881	0.0085020881	0.3876671588	0.2618778648	0.0255525897	0.0273262152	0.0068931170	0.0019128787	0.2630521995	0.0000000000
0	0.0504278396	0.0002530730	0.0001287066	0.1062040057	0.0000375300	0.0898256714	0.0077071036	0.7050596290	0.0069627328	0.0333937082
0	0.0000000016	0.5032100100	0.0009310045	0.0456314634	0.0301490650	0.0611789625	0.1108681605	0.0001146733	0.0210971261	0.2268195330
0	0.0001797867	0.0927940704	0.0283897621	0.0008545168	0.3976316527	0.1072672263	0.0112006515	0.1197313279	0.0368970033	0.2050540023
0	0.0006423743	0.0080588614	0.2044983798	0.0667902377	0.0000016241	0.0004207360	0.1050500114	0.3321824972	0.0512047726	0.2311505055
0	0.0016626712	0.1131792465	0.0020139523	0.0008870666	0.0296543080	0.0379891923	0.6975145864	0.1170616351	0.0000372698	0.0000000718
0	0.0551749993	0.1208875725	0.2209462113	0.1768564773	0.0192495103	0.1139044338	0.1229277681	0.1429093302	0.0271378247	0.0000058724
0	0.0000654001	0.0000293399	0.0008484545	0.1986720014	0.0322125042	0.0088718762	0.0051939886	0.6704065605	0.0008688092	0.0828310655
0	0.1321063823	0.0728268490	0.0000000004	0.0040588089	0.6377564769	0.0377248388	0.0027616462	0.0500447375	0.0612871255	0.0014331345
0	0.1220445116	0.0118413434	0.2838123987	0.1337862115	0.0025807248	0.4060215938	0.0071457153	0.0255265333	0.0000000000	0.0072409674
0	0.0065360661	0.0226847658	0.2113285363	0.0000109486	0.0160374519	0.0745978404	0.0110530013	0.0000004389	0.0000000000	0.6577509506
0	0.0001521665	0.0084658486	0.1953386796	0.0000026136	0.0002086932	0.0313163646	0.0006961570	0.1461337208	0.0389993602	0.5786863960
0	0.0557499620	0.3876280244	0.2513106768	0.0260306501	0.1130039978	0.0149793757	0.0714946500	0.0780824949	0.0017201682	0.0000000001
0	0.0000000000	0.0000000003	0.0518167614	0.3861727921	0.0065839287	0.3396735576	0.0703655752	0.0529466647	0.0922372844	0.0002034355
0	0.0032827553	0.0222875566	0.0371994546	0.0000000000	0.0000000003	0.6109352174	0.1099053883	0.0661864876	0.1121350819	0.0380680580
0	0.0056585362	0.1496197314	0.0638943897	0.2097608460	0.0000000097	0.1832000693	0.2598101746	0.1201154389	0.0000000000	0.0079408042
0	0.0425986827	0.0118989278	0.0176842143	0.2528012120	0.0151004479	0.2324171536	0.0786744650	0.0511559739	0.2083071729	0.0893617500
0	0.0000451207	0.2902183691	0.0000000000	0.0114104526	0.0013892767	0.2766635756	0.0035144519	0.0049620189	0.3997084466	0.0120882878
0	0.0000012617	0.1355868495	0.2438654434	0.0000011132	0.0006216670	0.4910930111	0.0000080050	0.0000001129	0.0050111070	0.1238114291
0	0.3136250571	0.0000143695	0.1183419965	0.1397765278	0.3413507220	0.0088367853	0.0024342449	0.0000101823	0.0221948870	0.0534152276
0	0.1436554484	0.0000000000	0.6306582897	0.0001939902	0.0000022811	0.0000000000	0.1218974680	0.0714069918	0.0321668404	0.0000186905
0	0.0890601767	0.1713423987	0.0077589753	0.0416461387	0.0001355351	0.2029122785	0.0002908549	0.1852275528	0.2837631854	0.0178629040
0	0.1673905273	0.5476650644	0.0451086507	0.0302677856	0.0367579704	0.0000027059	0.0181397029	0.0265380236	0.0913759645	0.0367536047
0	0.0056342380	0.0640005253	0.0048270520	0.1983369972	0.0530582687	0.0760178216	0.5359612227	0.0001850306	0.0003184497	0.0616603941
0	0.0000228420	0.4029473718	0.0743337252	0.3264472520	0.0067824121	0.0000000001	0.0229694821	0.1664868333	0.0000100814	0.0000000000
0	0.0335399208	0.0000198861	0.3401567773	0.0037610767	0.0000000065	0.0000003192	0.2075197754	0.1868649780	0.0000000000	0.2281372601
0	0.1405902961	0.0420793034	0.0580107490	0.0073151784	0.0001480907	0.0000066514	0.0221960425	0.0035753058	0.6586917513	0.0673866315
0	0.1403161122	0.0924998012	0.0048560604	0.0029614741	0.2252455385	0.1291936857	0.0382018311	0.0000000000	0.0163811811	0.3503443157
0	0.0158421187	0.0602643868	0.0000200648	0.0017688645	0.0172487111	0.5594438470	0.1487248578	0.1963482564	0.0003386907	0.0000002022
0	0.0019352268	0.5603590224	0.0118397403	0.0034270325	0.0000041079	0.1212986087	0.0138476888	0.0650171241	0.0946219846	0.1276494640
0	0.2369117016	0.1204274674	0.0044169688	0.4794772795	0.1327185748	0.0040064722	0.0146317323	0.0046333740	0.0027764095	0.0000000199
0	0.0560357440	0.0624289667	0.0004572049	0.0028318645	0.3242830892	0.1046282211	0.0104366952	0.1376474506	0.3012507529	0.0000000108
0	0.0020599736	0.2034140756	0.2072989607	0.0069973461	0.0557772160	0.0615429849	0.1509747099	0.0471018361	0.0003006780	0.2645322191
0	0.0261573582	0.0392679562	0.0000088985	0.0718791185	0.7140854065	0.0000525445	0.0001061811	0.0340338166	0.0000000000	0.1144087199
0	0.1626056570	0.0906690707	0.3723146450	0.1362081680	0.0000000000	0.0104598084	0.0356053350	0.0000028611	0.1921342392	0.0000002157
0	0.0000000000	0.3697630348	0.0764506396	0.0000091002	0.2753928578	0.0938267211	0.0807256392	0.0336990378	0.0079244829	0.0622084867
0	0.0000002475	0.0634512608	0.0001480002	0.0049161707	0.0131236461	0.0670331215	0.1485299917	0.2932186684	0.2006970336	0.2088818595
0	0.1689103172	0.1839616884	0.2407627734	0.0000001578	0.0000000000	0.1515198959	0.0543512472	0.0037014120	0.0239719072	0.1728206009
0	0.0000858602	0.0824803839	0.4519937038	0.1068323041	0.0000000000	0.0908509064	0.0000000000	0.0628311494	0.1187357827	0.0861899095
0	0.3894021137	0.0357675775	0.0302865262	0.0000000000	0.0556034636	0.3464562459	0.0222842364	0.0503754370	0.0696936745	0.0001307253
0	0.1061437247	0.2047780299	0.0000043118	0.0669151566	0.0015315929	0.1488707795	0.0001806473	0.3729527376	0.0302917749	0.0683312447
0	0.2064646772	0.1117603339	0.0267432674	0.0003196997	0.6012023130	0.0046257776	0.0005416809	0.0024625875	0.0416701294	0.0042095334
0	0.0725013132	0.4343822068	0.0097850353	0.0566074171	0.0000706893	0.0174898652	0.0000000000	0.2344675631	0.0068589468	0.1678369631
0	0.1592900374	0.3094236480	0.0188470934	0.2058954635	0.1410016600	0.0446958806	0.0400453600	0.0612923343	0.0195085226	0.0000000000
0	0.0158378557	0.0778916194	0.4679403445	0.2736997626	0.0013488799	0.0166803216	0.0608336804	0.0116271371	0.0008792113	0.0732611875
0	0.0494915175	0.0520001779	0.0496527995	0.1868861391	0.0436887768	0.0000002471	0.0014256131	0.5362481402	0.0298349949	0.0507715941
0	0.0002617207	0.0245960143	0.3668627725	0.0106233535	0.3989588682	0.0031634621	0.0005181510	0.0158768406	0.1776149750	0.0015238421
0	0.0001456808	0.3188777065	0.0035291421	0.0180053306	0.0016267247	0.0104903554	0.0017619914	0.4643464509	0.0303763347	0.1508402829
0	0.0001163276	0.0000064554	0.1849577574	0.0059252938	0.5705273336	0.0000020214	0.0453334249	0.0634244165	0.0992331526	0.0304738167
0	0.0000043863	0.0509028132	0.0839575741	0.0000647558	0.0071162105	0.4522186378	0.0061039581	0.0289852060	0.3057270879	0.0649193704
0	0.0738234511	0.0007720026	0.0108612556	0.3539262757	0.0484802223	0.0347907578	0.0000096871	0.4303061215	0.0470301520	0.0000000742
0	0.0000000000	0.0000319587	0.0002989012	0.1115019339	0.0015534208	0.4914049481	0.0006810363	0.2960409241	0.0000000000	0.0984868769
0	0.0265768103	0.2841581562	0.0001535575	0.3603713522	0.0602864988	0.0000054651	0.0168635263	0.0352107944	0.2141997473	0.0021740920
1	0.0053710819	0.7449254522	0.0025064235	0.1259207849	0.0000442472	0.0355138744	0.0000000032	0.0000000831	0.0000000000	0.0857180496
0	0.0000034279	0.0011553936	0.1318955406	0.4178319211	0.0531462803	0.0225983681	0.0244921444	0.2387966553	0.0006654651	0.1094148036
0	0.1591477069	0.0161071877	0.0029118950	0.0003952998	0.0001166415	0.4065346394	0.0000000000	0.2142684634	0.0000000000	0.2005181662
0	0.0007959120	0.0000127244	0.0000000000	0.0030262227	0.0000565488	0.0867249684	0.0672105779	0.0023501491	0.0736295429	0.7661933538
1	0.0059384902	0.1173516881	0.0000000039	0.2446293844	0.0000958756	0.3925844333	0.0000000000	0.2015721607	0.0000202923	0.0378076715
1	0.0000000000	0.1537274945	0.1244185835	0.2471687651	0.0156560293	0.0252174508	0.0000000000	0.2535763065	0.0000000001	0.1802353701
0	0.0010612250	0.7278771057	0.0000029789	0.0222133710	0.0453076074	0.0371242637	0.0426874184	0.1170822110	0.0003112746	0.0063325444
0	0.0039229834	0.5321930272	0.0036717071	0.0337692197	0.0369719297	0.0482696975	0.0000035682	0.0929578974	0.0908675933	0.1573723766
0	0.0000000001	0.4654270418	0.0517246127	0.0528014792	0.3419503676	0.0000002546	0.0026868001	0.0065814803	0.0787008661	0.0001270974
1	0.0243767790	0.2483357499	0.0954299614	0.0000021271	0.0306303729	0.5001706811	0.0000000000	0.0476574422	0.0000124056	0.0533844806
0	0.0372593090	0.0878558253	0.0504903821	0.0001300464	0.0000008232	0.0002255312	0.0000009012	0.0032725770	0.8201879146	0.0005766901
0	0.1834764189	0.0000036142	0.0203561194	0.0000582663	0.0690942938	0.1603587846	0.2747495105	0.0000011133	0.2919018790	0.0000000000
1	0.0279647289	0.4639798784	0.0312413508	0.0497977201	0.0000000005	0.0092623454	0.0341949041	0.3564108969	0.0007530034	0.0263951716
0	0.0000735812	0.0019422908	0.2392165393	0.2234303036	0.0173942787	0.0813492315	0.0000000045	0.0000000009	0.3727169794	0.0638767901
0	0.1422526697	0.0036048568	0.0118671034	0.0000000403	0.0789376261	0.2599412172	0.0417825186	0.0814754838	0.3801376926	0.0000007914
0	0.0709357693	0.1306380218	0.0000006396	0.0469721272	0.3321382660	0.3772294761	0.0040147050	0.0380155821	0.0000554130	0.0000000000
0	0.0000030331	0.2044730018	0.0037716278	0.4289267739	0.0000000000	0.0004143038	0.2157604206	0.0000000010	0.0566923253	0.0899585128
0	0.3229237139	0.0524003911	0.1102596693	0.0475443825	0.0456272998	0.1022291577	0.0210154376	0.2480133591	0.0000000000	0.0499865889
0	0.4990820774	0.3504983662	0.0000000000	0.0315098230	0.0039662619	0.0381330501	0.0307914714	0.0272987329	0.0102340006	0.0084862164
0	0.1881399549	0.0173312723	0.0000006568	0.0021056134	0.0037468503	0.0000000000	0.0002468253	0.0014084824	0.1633633698	0.6236569749
0	0.0062269398	0.4142598542	0.5130771847	0.0351272607	0.0002710306	0.0019384487	0.0000000001	0.0055058758	0.0221856887	0.0014077168
0	0.2115876487	0.3210402785	0.0154450030	0.0682980522	0.3121107790	0.0210388137	0.0228175547	0.0000003365	0.0274724108	0.0001891230
0	0.0173791029	0.0113434489	0.0020669497	0.0468756389	0.0899557292	0.2067217059	0.0001916659	0.3739642391	0.1555827531	0.0959187664
0	0.0094523487	0.0006455195	0.0086989541	0.0048411373	0.4197968643	0.4668250661	0.0361246232	0.0116866307	0.0258905058	0.0160383504
0	0.0074767379	0.1438917109	0.0000014644	0.0689225687	0.4026647982	0.0000923148	0.0058083018	0.3116575170	0.0581002893	0.0013842969
0	0.2355226893	0.0788756905	0.0371522581	0.0004651932	0.0178584697	0.0006349168	0.0016270741	0.5214140802	0.0563016433	0.0501479848
1	0.0255809220	0.8026218710	0.0018236451	0.0012828124	0.0046756613	0.0426148542	0.0004489130	0.0039657274	0.0002154838	0.1167701099
0	0.0003966794	0.2145270997	0.1440278763	0.3705240487	0.0058760813	0.0222522684	0.1891996964	0.0247870024	0.0001130242	0.0282962232
0	0.1809497111	0.0280353336	0.0103747646	0.0260153040	0.3773400940	0.1422435707	0.0000000000	0.1481115720	0.0869167443	0.0000129058
0	0.0000000000	0.2464117582	0.2152582890	0.0166691869	0.0746857424	0.0027980079	0.0023349922	0.0002503136	0.4387563830	0.0028353269
0	0.0000000000	0.0001030948	0.0000000001	0.1689964811	0.1001024418	0.1466765780	0.1369753898	0.0053875271	0.3168249674	0.1249335200
0	0.0232000754	0.0000036799	0.0063571778	0.0004569721	0.2526815087	0.2856039060	0.0027053903	0.2829464671	0.0835959944	0.0624488282
0	0.0088622601	0.2068188896	0.0000000223	0.2201213644	0.0086799896	0.4415017918	0.0484270066	0.0565636141	0.0089711304	0.0000539311
0	0.0000000000	0.0415841508	0.1885408626	0.0518127806	0.0252730713	0.0003306814	0.0105947135	0.0020145520	0.2311614954	0.4486876923
0	0.0816484752	0.0005682708	0.2133912892	0.0071439262	0.0000004507	0.0000000000	0.1703992939	0.0798049493	0.4247281512	0.0223151935
1	0.0223953727	0.8523107338	0.0013319003	0.0008417191	0.0000118834	0.1121790223	0.0000000000	0.0071818404	0.0000000000	0.0037475281
0	0.0354306972	0.0199875077	0.2968647053	0.0042908584	0.2045400333	0.1844511324	0.0010378291	0.1162806893	0.0582203077	0.0788962396
0	0.0012726878	0.2207907118	0.0323157500	0.0240548855	0.1982669721	0.0904121879	0.1754078019	0.0301940712	0.2272445574	0.0000403745
1	0.1295231622	0.0752374327	0.0480316007	0.0000335078	0.0271153542	0.4124104605	0.0576731926	0.2071199286	0.0417343367	0.0011210241
1	0.0011386085	0.6894933592	0.0291956230	0.0522489682	0.0742980908	0.0000000044	0.0189698584	0.1002741948	0.0000000000	0.0343812927
0	0.0006387973	0.0005820576	0.0303537060	0.0118458263	0.0000000000	0.7238732349	0.0000000000	0.2066024985	0.0000014973	0.0261023822
0	0.0000001895	0.0712459384	0.1526012775	0.0000000000	0.1895287224	0.0002784828	0.3222717317	0.0758284082	0.0335163641	0.1547288853
0	0.0163963555	0.0017604712	0.1241892603	0.2168923825	0.0877709051	0.1753414060	0.1458590425	0.0844564934	0.0550434822	0.0922902013
0	0.0000062874	0.2954058339	0.0369570057	0.0000000000	0.0465076871	0.0216468902	0.0048208613	0.0008356420	0.5911597816	0.0026600107
0	0.0548062117	0.1026331479	0.0000064976	0.3863593267	0.0220245177	0.0550485912	0.0458709611	0.2846943579	0.0484247547	0.0001316335
0	0.0630544741	0.1179954471	0.0042262647	0.0000000000	0.2399062785	0.1471715780	0.2620501020	0.0000029260	0.0558714696	0.1097214600
0	0.0009283513	0.0077547948	0.0000000000	0.0126921185	0.1421061562	0.0002313088	0.2279031668	0.0410089489	0.0144502845	0.5529248702
0	0.0000215172	0.1372666694	0.5758739652	0.0017628521	0.0000116798	0.0932745469	0.0197947950	0.0085350431	0.1081079082	0.0553510230
0	0.0009651417	0.0050477115	0.0003013345	0.0003173941	0.0517516804	0.1949737358	0.3978671979	0.2722519290	0.0155625936	0.0609612816
0	0.0000000000	0.0000025887	0.0824286527	0.0071647999	0.0006547616	0.0001402720	0.0001204374	0.1102051533	0.0229671892	0.7763161453
0	0.0850380272	0.0763282616	0.3133401545	0.0000699240	0.3318680685	0.1715281765	0.0000526194	0.0168790044	0.0048957636	0.0000000002
0	0.0000000002	0.3211766964	0.1503871659	0.0152454372	0.1472004268	0.0011663927	0.0000004059	0.0173901509	0.0000357704	0.3473975535
0	0.0089685452	0.0002889863	0.0000002870	0.0020988896	0.0006291880	0.0301157302	0.0157741881	0.0140958563	0.0071566105	0.9208717188
0	0.0065898835	0.0660799259	0.3417568648	0.0936558993	0.1519020837	0.0175955086	0.0034394472	0.1154988388	0.1831586771	0.0203228712
0	0.1948852742	0.0000002473	0.0002622966	0.2593115953	0.2402952112	0.1265341200	0.0713950548	0.0896914757	0.0000464572	0.0175782676
0	0.1969043492	0.0060674510	0.0507099099	0.2678326198	0.0283948815	0.1301056306	0.0132168772	0.0097866878	0.0320150163	0.2649665765
0	0.0000125821	0.0033352159	0.1529234833	0.1384406929	0.2964840895	0.0780031645	0.1295313368	0.0000000000	0.0898941008	0.1113753342
0	0.0000000033	0.0383144741	0.0000000000	0.0013066053	0.4247675251	0.0062384881	0.0312442319	0.2078055911	0.2063886672	0.0839344140
0	0.2283264426	0.3047179999	0.0039868657	0.3587873749	0.0355166086	0.0674650273	0.0000004375	0.0010760410	0.0000091295	0.0001140730
0	0.0168565088	0.3758770494	0.1365949713	0.0007383979	0.3362343743	0.0589002550	0.0250173983	0.0000000000	0.0424192388	0.0073618061
0	0.0191976979	0.9341391057	0.0000264895	0.0034255500	0.0138375194	0.0000515649	0.0000206366	0.0007112285	0.0229298120	0.0056603955
0	0.0000002676	0.0112830912	0.1821932883	0.0740365292	0.0000000000	0.1381820696	0.2787197348	0.2093027579	0.0940987428	0.0121835186
0	0.0014530224	0.0006573380	0.1858120766	0.2120603965	0.1929877051	0.2108441216	0.0000000000	0.0633192385	0.0354705946	0.0973955066
1	0.0705695713	0.2785435492	0.0102049620	0.0254565187	0.0000680176	0.0272351525	0.0009310625	0.4555739381	0.0000000000	0.1314172280
0	0.3719536601	0.1698201884	0.1438144342	0.0217903259	0.0061703655	0.0809191687	0.0241680129	0.0033950808	0.1576904121	0.0202783514
0	0.0000025261	0.0001280592	0.0000029671	0.0000005178	0.1029396191	0.8130739895	0.0075837010	0.0188354658	0.0574331518	0.0000000026
0	0.0022075177	0.0000000000	0.0532707098	0.0896305505	0.1263275446	0.0086288412	0.4997715759	0.2100695046	0.0000104940	0.0100832617
0	0.0000000766	0.2071069915	0.0009896627	0.5577834970	0.0018077537	0.0402087374	0.0406139114	0.0443830897	0.0000000283	0.1071062517
0	0.0000429912	0.0004452120	0.0000236846	0.0007041340	0.0207598186	0.5909169211	0.0056221773	0.3265478381	0.0442120118	0.0107252113
0	0.0128721129	0.0273457466	0.3555367668	0.1541265298	0.1451760443	0.1861236355	0.0157870362	0.0000000877	0.0963340465	0.0066979936
0	0.0000741951	0.2213996599	0.0015248314	0.5724256431	0.0035457273	0.0022760505	0.1792945074	0.0058461010	0.0000000000	0.0136132843
0	0.0543387509	0.0116783919	0.0038247441	0.0002288178	0.0002494832	0.0000000000	0.0462932353	0.1311569311	0.7502009993	0.0020286465
0	0.0272213617	0.0186735139	0.0000772389	0.0024622629	0.0419672581	0.2932526386	0.1359292037	0.0891442158	0.3410787082	0.0501935982
0	0.2810528448	0.2180173126	0.0191664982	0.0686795129	0.2769911508	0.0086114758	0.0000003504	0.0525326929	0.0738048614	0.0011433001
0	0.6515351636	0.1945028300	0.0202616319	0.0000000066	0.0835380014	0.0236064604	0.0251617055	0.0000000000	0.0013942006	0.0000000000
0	0.0000000000	0.0000994799	0.1239568366	0.1243603956	0.4428758853	0.0000762989	0.1141255057	0.0971294277	0.0000000013	0.0973761690
0	0.0105406721	0.2515145775	0.0000000000	0.0009761046	0.0000313412	0.0000022533	0.0042981349	0.0345041533	0.6964286547	0.0017041083
1	0.0100980771	0.4993388634	0.0026785607	0.0095352201	0.0332455659	0.0910353800	0.0000001640	0.2539992400	0.0000000000	0.1000689289
0	0.0007636911	0.0114444817	0.0002418017	0.2696997027	0.0574319501	0.0068108232	0.1062035944	0.0179585381	0.0000053336	0.5294400834
0	0.0001143074	0.2491655515	0.0501785976	0.2500511816	0.3835469766	0.0003332165	0.0000027919	0.0000013192	0.0000000000	0.0666060577
0	0.4212563249	0.0896215942	0.0131016920	0.0000000631	0.0000000000	0.0291664181	0.1380624312	0.0448955249	0.2185116599	0.0453842919
0	0.0809374472	0.5309785646	0.0675317437	0.0003978554	0.0016031060	0.0302328843	0.0000000000	0.0196941959	0.2686242029	0.0000000000
1	0.0000000015	0.5408943076	0.0000000518	0.0228650003	0.0153380215	0.3052547762	0.1029051734	0.0000040264	0.0000053287	0.0127333127
0	0.0493023162	0.5619619800	0.0477049017	0.0000001070	0.0078666841	0.1000623576	0.0000003568	0.1840773100	0.0000000000	0.0490239866
0	0.3569852380	0.0068455631	0.0000000000	0.1596956294	0.0171309030	0.0277243700	0.0163607009	0.0155382847	0.0048308775	0.3948884334
0	0.0000002646	0.0178012375	0.0281148398	0.1212439220	0.0684814800	0.0000003639	0.0093188800	0.6049589818	0.1224149891	0.0276650413
0	0.1268567947	0.5037398830	0.0359238295	0.0027149220	0.1388603952	0.0045829750	0.0211090087	0.0382041119	0.0339178846	0.0940901955
0	0.0375667459	0.1376846146	0.0950693077	0.0000344736	0.0000237207	0.0007357448	0.0000000717	0.5124372434	0.2161704967	0.0002775808
0	0.0045702913	0.0779942712	0.0046329401	0.0401116190	0.1149311038	0.2171019995	0.1661727226	0.0744074247	0.2283410982	0.0717365297
0	0.0002776702	0.0763630194	0.1324387999	0.0026863608	0.2240773374	0.1029256260	0.0018056121	0.0369345190	0.0529052230	0.3695858324
0	0.3553844762	0.0178550078	0.0000000000	0.1169076675	0.0000029966	0.3612636720	0.0627400751	0.0000000000	0.0713729893	0.0144731155
1	0.0001322647	0.1841735073	0.0140908956	0.0011384080	0.0326950512	0.0532869119	0.0000000000	0.6661199501	0.0443033618	0.0040596495
0	0.0415646920	0.4648880427	0.0013694843	0.0006415475	0.0056695996	0.2855480546	0.0041446274	0.1373701578	0.0006071356	0.0581966584
0	0.1029988004	0.0007431395	0.0523531801	0.0151068114	0.0063177981	0.7634654854	0.0000177113	0.0000000103	0.0001897084	0.0588073551
0	0.3021373972	0.0233775625	0.0022140716	0.0005846728	0.2989430486	0.3001438094	0.0460753574	0.0223312321	0.0037374729	0.0004553756
0	0.0002011615	0.3242492433	0.0180414126	0.0031592634	0.2744229434	0.0632556164	0.2810110061	0.0013277436	0.0259355255	0.0083960843
0	0.0011995127	0.8919401488	0.0000672133	0.0224042935	0.0379866502	0.0361120213	0.0000000026	0.0000000000	0.0076289460	0.0026612117
0	0.0294836601	0.0902337015	0.3022686327	0.0000002204	0.0868130002	0.0852685676	0.1757151435	0.1446656165	0.0784809511	0.0070705064
0	0.0000000001	0.0029402609	0.0000704015	0.0362355982	0.1029999122	0.1671132378	0.0000000000	0.0411070082	0.2503923926	0.3991411884
0	0.0174415271	0.0215035618	0.1817348367	0.2031386517	0.0000001842	0.2136870232	0.2111329671	0.1279246608	0.0043446782	0.0190919091
0	0.0390003380	0.0040672517	0.0148867504	0.0031956602	0.7788341473	0.0206259175	0.0013644313	0.0499878954	0.0063011271	0.0817364811
0	0.0075944669	0.0000003614	0.0876749904	0.0471631112	0.2031145521	0.0019460888	0.0000003928	0.3267437966	0.2864059139	0.0393563260
0	0.0003283292	0.0527787768	0.7080038811	0.0000514185	0.0684715514	0.0048408780	0.0000000005	0.0820865610	0.0348683013	0.0485703022
0	0.0000000003	0.0000000000	0.0003323162	0.0000012238	0.0516920946	0.0013163760	0.0106217969	0.8042398077	0.1295910158	0.0022053686
0	0.0919363883	0.0120494903	0.0000000008	0.0087300691	0.1630456513	0.5712681215	0.1524430005	0.0005176870	0.0000095744	0.0000000167
0	0.0544228678	0.1013285643	0.1645756766	0.1290272529	0.0000400970	0.0000000000	0.0224623518	0.0601317191	0.4595957334	0.0084157371
0	0.0082960369	0.1329961135	0.4863446288	0.0675190543	0.0000000555	0.0008522690	0.1241944867	0.1446960573	0.0351000756	0.0000012223
0	0.2656871116	0.0000006235	0.1244512721	0.2150142050	0.1284091110	0.1003607173	0.0000466196	0.0800551422	0.0777398355	0.0082353622
0	0.0000000000	0.1502753071	0.0000002034	0.0003449041	0.0029089124	0.0770740845	0.0002762411	0.0000140124	0.6809311011	0.0881752338
0	0.1110362102	0.0000000000	0.0001452591	0.4490302953	0.0677790816	0.0007035419	0.0000005419	0.2061070742	0.1594438626	0.0057541332
1	0.0556095009	0.3451569118	0.1504098115	0.0264507743	0.0488493470	0.0000318056	0.0091758912	0.1232158311	0.0000000000	0.2411001266
0	0.0280421722	0.1557202525	0.0000010950	0.0005650387	0.0509704691	0.6182579814	0.0000000012	0.0961847483	0.0000048257	0.0502534159
0	0.1261985437	0.0070797011	0.0102984522	0.0174532876	0.0027975498	0.0110577905	0.0045826435	0.0953111359	0.4052271347	0.3199937609
0	0.0002933235	0.0093466578	0.0692845177	0.0147093607	0.3288030295	0.3297400411	0.2306452443	0.0119977741	0.0005523425	0.0046277088
0	0.0769155136	0.1142158676	0.1613288516	0.0426127762	0.2978886884	0.1125425293	0.0146857964	0.0000640666	0.0000000550	0.1797458553
0	0.0005562889	0.2875153176	0.0093988275	0.0000000000	0.0255761219	0.2880216698	0.2218082324	0.1650862723	0.0000000000	0.0020372697
0	0.0007392448	0.0355791202	0.0064797171	0.3967359925	0.0000343663	0.1477610614	0.0003205760	0.0716494348	0.3380170764	0.0026834104
0	0.0037042265	0.0441082599	0.0789965702	0.0000001133	0.0327784820	0.0280366205	0.0156320151	0.0611590447	0.0184852343	0.7170994334
0	0.0017852849	0.0000610508	0.2448028227	0.0153894766	0.1287125635	0.0026296075	0.0292649388	0.0254106824	0.5517429669	0.0002006057
0	0.0017561009	0.0000010307	0.0002321749	0.0054309002	0.0038487980	0.0217890068	0.0075458857	0.1452415149	0.8141545830	0.0000000050
0	0.1229605527	0.0006530556	0.0466080404	0.0187837759	0.0000002305	0.1455678068	0.0547953728	0.3468786116	0.1871593639	0.0765931897
0	0.0000818362	0.0134042992	0.0046291319	0.0805270158	0.0048668399	0.0000000000	0.0027115276	0.5318965549	0.0144770425	0.3474057520
