Values used for beta_0k(intercept). Sampled from -1.0 to 1.0 uniformly:
   1	-0.1085548520
   2	-0.9608004375
   3	0.3325412940
   4	0.9075582322
   5	-0.1135971716
   6	-0.5332420890
   7	0.5265890073
   8	-0.5220595409
   9	0.7948036196
  10	-0.6669534155
  11	0.3091261470
  12	0.9543969854
  13	-0.8127290318
  14	0.2817638135
  15	0.7866252318
  16	0.8492949776
  17	-0.3275833944
  18	0.0048653464
  19	-0.1156945884
  20	-0.9911121998
  21	-0.9511364056
  22	0.7985652052
  23	0.7835948922
  24	0.2586196854
  25	-0.6278970131
  26	0.5369636135
  27	0.4800456756
  28	-0.1979451094
  29	0.7131295925
  30	0.5752929545
  31	-0.8656705952
  32	0.7814585938
  33	0.1709435277
  34	0.3757867801
  35	0.1112647167
  36	0.6223400317
  37	0.0266214257
  38	0.9176262501
  39	-0.4290271787
  40	0.2728693126
  41	0.8610218501
  42	0.6128931263
  43	-0.1928717287
  44	0.9616115617
  45	-0.3328390382
  46	-0.0156155094
  47	-0.6491260749
  48	0.4453892475
  49	0.6778087355
  50	-0.7100182153
  51	0.2611312622
  52	-0.6280694114
  53	-0.5208374834
  54	0.0002587128
  55	0.2448376325
  56	-0.2135954988
  57	-0.9562397418
  58	-0.9365485455
  59	0.3790225511
  60	0.1756128859
  61	-0.7745983147
  62	0.3314030735
  63	0.0686087560
  64	-0.8945347864
  65	-0.0291065971
  66	-0.0193633762
  67	-0.2985092372
  68	0.4417019762
  69	0.4181147603
  70	0.0300761984
  71	-0.9127097041
  72	0.3092469270
  73	0.6275749218
  74	-0.1434227717
  75	-0.9829025334
  76	-0.9751370722
  77	0.6084664617
  78	0.3325066351
  79	-0.5437736109
  80	-0.4689229707
  81	0.6335024566
  82	0.2920535878
  83	0.1548885552
  84	-0.8288292962
  85	-0.5948248342
  86	-0.3406773071
  87	0.2425318477
  88	-0.2267689954
  89	-0.9607435417
  90	0.7403066292
  91	-0.9406830435
  92	0.3729034295
  93	0.4972693931
  94	0.7228707649
  95	-0.9574534101
  96	0.6698760475
  97	0.8503941808
  98	0.7134925996
  99	-0.0496330576
 100	0.0492551916

Values used for beta_k(effect). Sampled from normal with mean 0 and std 1.0:
   1	-0.8465473276
   2	0.2968821639
   3	-0.7551671123
   4	0.2723202423
   5	1.5687891758
   6	1.6524441081
   7	-0.5988695937
   8	1.0944927285
   9	-0.6129373957
  10	0.4029157573
  11	0.5880504126
  12	-0.6937859302
  13	0.0154195095
  14	-0.7831840419
  15	-0.2377028150
  16	-0.3819476048
  17	-0.6709434047
  18	0.0424161030
  19	1.5066096130
  20	-1.0181818925
  21	-0.1105934386
  22	0.1066067985
  23	-1.5245412960
  24	-0.1990408320
  25	-0.2214655732
  26	-0.4744577441
  27	-0.0434009280
  28	-0.6648799589
  29	0.9487922097
  30	-1.2833802912
  31	0.7212654948
  32	1.3396089532
  33	0.4261925546
  34	-0.4203465044
  35	0.9359820853
  36	-0.2708001012
  37	-0.3312790720
  38	-1.1832214935
  39	0.0939445327
  40	0.0003723619
  41	0.6970334488
  42	-0.5011962911
  43	-0.1000592628
  44	-1.4775843026
  45	-0.5815162416
  46	0.7131201653
  47	1.0115334227
  48	-0.0566257148
  49	-0.4351271322
  50	-0.0296216169
  51	0.9439393770
  52	-0.4148425420
  53	0.3566867601
  54	-0.7877780647
  55	-1.6977669975
  56	-0.9247755052
  57	-1.3607755565
  58	1.9672028609
  59	0.6058828841
  60	-0.7300992514
  61	0.2529432605
  62	0.2929319048
  63	0.0678002854
  64	-0.5725508217
  65	0.0879789854
  66	1.6748885266
  67	0.8379069312
  68	-0.3059073590
  69	0.5016681530
  70	-0.9514508129
  71	0.3133628046
  72	-0.1648950080
  73	0.6074573298
  74	-0.6253690861
  75	1.9538773971
  76	-0.5628384759
  77	1.2978335309
  78	1.8583819281
  79	0.3651060038
  80	-1.0960284628
  81	-0.1077134199
  82	0.7508768256
  83	2.3377644799
  84	1.4478482115
  85	0.8650422777
  86	-0.0764761421
  87	0.5359152662
  88	-0.0145308829
  89	1.0505883437
  90	1.2228310515
  91	-1.0871307568
  92	-0.7157431635
  93	-1.0761266467
  94	0.2264303266
  95	-0.6317304253
  96	-0.0127786576
  97	1.7910515216
  98	-0.8209635266
  99	-1.1371896806
 100	0.6988396195
