0	0.4526410429	0.1912515959	0.0000800192	0.3361764818	0.0198508603
1	0.0023574963	0.0698899481	0.3238929928	0.0000039636	0.6038555992
0	0.0000039803	0.1193259898	0.4186080451	0.1475707175	0.3144912672
1	0.0407354904	0.3289039404	0.0292898975	0.1491875893	0.4518830824
0	0.6804865003	0.1217913221	0.0951624809	0.0000334956	0.1025262011
0	0.5242502683	0.0112003846	0.3052212726	0.1546266680	0.0047014065
0	0.6216133618	0.0138684890	0.0003764874	0.0002512396	0.3638904222
0	0.0821021765	0.0367622791	0.0001420836	0.0539770557	0.8270164051
0	0.0669373270	0.0665755178	0.0863688613	0.0000000037	0.7801182901
0	0.9972692236	0.0000000146	0.0000027767	0.0026220428	0.0001059423
2	0.0004917121	0.3241496433	0.2176068817	0.4572836261	0.0004681369
0	0.0847087243	0.6086116844	0.0635655853	0.1055385910	0.1375754150
0	0.0233224122	0.0476708953	0.0000069922	0.0391684483	0.8898312520
0	0.0550107206	0.0676089608	0.0501185048	0.2155854054	0.6116764084
1	0.1944253341	0.2625398452	0.1528737286	0.2774128700	0.1127482222
0	0.8398094851	0.0000001263	0.0841745904	0.0684232058	0.0075925925
1	0.1538373745	0.0000016520	0.1271378108	0.6598399249	0.0591832377
0	0.3862726460	0.3699998263	0.0000038731	0.0953632162	0.1483604383
0	0.0000866271	0.3727324649	0.6219321625	0.0008844995	0.0043642459
0	0.1211461473	0.6481130301	0.1709947205	0.0483923570	0.0113537451
1	0.0828785414	0.0000230931	0.6350918398	0.2817824314	0.0002240943
0	0.2868958848	0.0317375291	0.2978755999	0.0073225219	0.3761684644
0	0.2252463000	0.0704735070	0.2241753301	0.2548942624	0.2252106006
0	0.0645734398	0.8869100262	0.0470447781	0.0000614903	0.0014102655
0	0.0094088734	0.9016345363	0.0871266024	0.0000450036	0.0017849843
0	0.8887387823	0.0142303313	0.0026658896	0.0904927162	0.0038722807
0	0.0280106567	0.8218629919	0.0015302557	0.0912766092	0.0573194864
1	0.0401273520	0.6231336519	0.0276078698	0.2312260359	0.0779050904
0	0.4376329839	0.5005339621	0.0315569269	0.0242005829	0.0060755441
0	0.1251019755	0.0423784520	0.3825788893	0.3841253918	0.0658152915
0	0.1352978198	0.1240252693	0.1732142044	0.2498826100	0.3175800965
0	0.3623783055	0.0290959473	0.0476308038	0.5256605818	0.0352343616
0	0.1423145847	0.8099538661	0.0042395573	0.0147813923	0.0287105995
0	0.8064152388	0.0140407042	0.0555652314	0.1232855454	0.0006932801
0	0.0000000000	0.0020753222	0.0000000014	0.6525880115	0.3453366650
0	0.2133460966	0.1031053245	0.2054610211	0.3577645633	0.1203229945
1	0.1838312109	0.2842891036	0.3802425980	0.0023846047	0.1492524828
0	0.0152206817	0.0385374348	0.0002457076	0.6236322922	0.3223638837
0	0.2926136691	0.0250741925	0.1205654738	0.0000061853	0.5617404793
0	0.1740258607	0.2486049059	0.0000000000	0.1093986026	0.4679706308
0	0.1963156280	0.0363833135	0.0463504257	0.6596320718	0.0613185610
0	0.4509664790	0.4159281713	0.1267395584	0.0025277140	0.0038380772
0	0.0090743534	0.4234893893	0.4771604206	0.0590547995	0.0312210372
0	0.0038569161	0.0593881123	0.2030967982	0.1335178010	0.6001403724
1	0.0068366637	0.0000009336	0.5043585107	0.2520265465	0.2367773455
0	0.1366249552	0.0000000000	0.0149943009	0.7496384276	0.0987423164
0	0.1765315782	0.2793926198	0.1322042608	0.0148797445	0.3969917967
0	0.2414598450	0.0511009776	0.0827124146	0.6072128112	0.0175139517
0	0.0511353216	0.0005578754	0.0001052911	0.7027073952	0.2454941167
0	0.1931370336	0.0781270469	0.0000000000	0.2796054539	0.4491304655
0	0.2789664947	0.1635128950	0.0379972112	0.4740812264	0.0454421727
0	0.0009475785	0.0832832762	0.0938677031	0.7364183131	0.0854831290
0	0.0720446347	0.2138147103	0.3483386140	0.3633395110	0.0024625300
0	0.0000014027	0.0079046780	0.9491240025	0.0429699168	0.0000000000
0	0.0091781800	0.0458179117	0.4960945576	0.3690699255	0.0798394252
0	0.7513316176	0.0055150164	0.0011110929	0.1819317679	0.0601105052
0	0.6177092025	0.0162129429	0.3547280738	0.0001905546	0.0111592262
1	0.1619329542	0.0009028846	0.0003359316	0.2469574024	0.5898708272
0	0.3575519913	0.6271528816	0.0111901311	0.0041049959	0.0000000000
0	0.1563716190	0.3647043414	0.0247845353	0.3547241040	0.0994154002
1	0.2502741914	0.6574292040	0.0080243306	0.0842722493	0.0000000247
0	0.2796025995	0.4313930492	0.0244042922	0.0053620236	0.2592380354
0	0.0003881213	0.2364775812	0.0502093673	0.0115098232	0.7014151069
0	0.1389909860	0.3044319353	0.0000000000	0.1262183367	0.4303587420
0	0.0297159081	0.0444776798	0.0071260599	0.2033108234	0.7153695288
0	0.2204734061	0.0000301113	0.0500024773	0.2424953159	0.4869986894
0	0.4050343121	0.3406695761	0.0011104283	0.0927278337	0.1604578498
0	0.0000818270	0.1321863946	0.6450312353	0.0320711483	0.1906293948
0	0.1261083959	0.4010139629	0.0937220088	0.0030051542	0.3761504782
0	0.1876540190	0.8016667711	0.0105989816	0.0000000000	0.0000802283
0	0.1193485335	0.5441760284	0.0770629304	0.2583542206	0.0010582871
1	0.0283265518	0.2794499558	0.1512855767	0.3245698502	0.2163680654
0	0.0064073071	0.0741318563	0.1185453368	0.0045557477	0.7963597521
0	0.0904809064	0.1820581416	0.1846796935	0.0596464915	0.4831347670
0	0.0006152396	0.4120723891	0.0209061386	0.3480884557	0.2183177770
0	0.0015882756	0.8726216502	0.0000004985	0.0772676246	0.0485219511
0	0.0454986650	0.0457212695	0.0016263437	0.9071534057	0.0000003161
0	0.0425600098	0.0000000000	0.3863298362	0.0422232240	0.5288869300
0	0.7159338686	0.0364256331	0.0002279148	0.2444467391	0.0029658443
1	0.0000000442	0.1060076346	0.0066614889	0.8593642176	0.0279666147
0	0.5841376462	0.0220439789	0.1628914749	0.0232799360	0.2076469641
0	0.3050026900	0.0160429736	0.0380979681	0.6229019035	0.0179544648
0	0.3427253881	0.3915210552	0.1562693281	0.0037520062	0.1057322224
0	0.1355336261	0.0695729684	0.2098738054	0.3867769476	0.1982426524
0	0.0946300035	0.6511257271	0.1482568640	0.0786277280	0.0273596775
0	0.0475276275	0.0248026415	0.4944506623	0.0111841889	0.4220348798
0	0.4358434175	0.0002087503	0.3067286153	0.2046701167	0.0525491002
0	0.2481015554	0.0000001951	0.0125087677	0.1759735158	0.5634159660
1	0.2871382285	0.3306836582	0.0002048858	0.3752320787	0.0067411488
0	0.1309010558	0.8317665873	0.0000162507	0.0324134017	0.0049027045
0	0.8017212841	0.0894739231	0.0089601152	0.0998445141	0.0000001636
1	0.3177993439	0.0019552017	0.4482463757	0.0345909139	0.1974081649
0	0.1030583932	0.1282111189	0.0000028784	0.1506471554	0.6180804541
1	0.0195051078	0.4081227871	0.2233610923	0.2567267042	0.0922843086
1	0.1488038707	0.0993501022	0.6264200887	0.1196167724	0.0058091660
0	0.0720943558	0.3530486608	0.0069017409	0.3320950358	0.2358602067
2	0.9955733087	0.0005806126	0.0000043547	0.0027942769	0.0010474471
0	0.3142087931	0.0537425233	0.0039458713	0.0660620332	0.5620407790
1	0.0008935911	0.2719786303	0.0839849010	0.0849767697	0.5581661080
1	0.0003133975	0.1626025016	0.2513133999	0.1463898835	0.4393808175
