0	0.1149893594	0.2669757447	0.0141168246	0.6039180431	0.0000000282
0	0.0661810175	0.7124475005	0.1680815460	0.0457802721	0.0075096640
0	0.7153600448	0.0832034252	0.0389537065	0.0000000000	0.1624828235
0	0.6900145575	0.0000000000	0.1401029374	0.0368124603	0.1330700447
0	0.0200165632	0.7921386132	0.0916291498	0.0757681801	0.0204474937
1	0.0043815679	0.6329996232	0.0170171852	0.3102669200	0.0353347037
0	0.0039419466	0.0003341787	0.0224192866	0.3464952680	0.6268093201
1	0.2636832859	0.0781360445	0.0000000158	0.6392994341	0.0188812197
0	0.0595494674	0.1710998865	0.5720663788	0.1961105479	0.0011737194
0	0.3827781171	0.5348488987	0.0000000005	0.0000000864	0.0823728973
0	0.0004028132	0.6208574896	0.0825672789	0.0864655341	0.2097068842
0	0.2250443758	0.5423871982	0.1937333212	0.0369160969	0.0019190080
0	0.0185091329	0.4145575763	0.4531363774	0.0502258134	0.0635711000
1	0.4166693506	0.2176531512	0.0867210178	0.0027796179	0.2761768625
0	0.7299853712	0.2460099980	0.0000970728	0.0120036048	0.0119039531
0	0.3204746628	0.0603666456	0.2376657722	0.1397501543	0.2417427651
0	0.2110596694	0.0958189282	0.1739013944	0.2097242994	0.3094957086
0	0.5034185934	0.0002424660	0.3023642909	0.1668021004	0.0271725493
0	0.0156528936	0.4532521795	0.0022556273	0.5220557375	0.0067835620
0	0.5857658616	0.1123068792	0.0554740616	0.1587217021	0.0877314955
0	0.8994684234	0.0004642206	0.0025756575	0.0942558674	0.0032358312
0	0.0189163991	0.4595595054	0.0394125585	0.1868761338	0.2952354032
1	0.4520542433	0.1268339321	0.0975201618	0.2025201203	0.1210715425
0	0.6970010777	0.0695438677	0.0081140527	0.2253388732	0.0000021286
1	0.2565491452	0.0000015626	0.2988433368	0.0001567282	0.4444492271
0	0.7477394634	0.0612510089	0.0089204957	0.1752081203	0.0068809117
1	0.1814233074	0.6612121656	0.0137804122	0.0047202485	0.1388638663
0	0.1232550461	0.4195311561	0.0321635550	0.3968800824	0.0281701603
0	0.0859801001	0.3522018680	0.2464203097	0.3105210770	0.0048766453
0	0.5153452248	0.0188482372	0.1606950767	0.2943331970	0.0107782643
0	0.0127925002	0.3476777621	0.0000010726	0.6245421864	0.0149864787
0	0.0037355324	0.5050841403	0.2289089624	0.0002838444	0.2619875205
1	0.7961587000	0.0619444205	0.0053109062	0.0170436725	0.1195423008
1	0.0996588295	0.0008669302	0.1012017220	0.1093242395	0.6889482787
0	0.0000019680	0.0489125175	0.1052187737	0.2316536135	0.6142131273
2	0.0021961829	0.3985987044	0.4452071547	0.0194641973	0.1345337608
0	0.0394372734	0.1261823929	0.0033366661	0.7964473291	0.0345963385
0	0.3803151801	0.1706670924	0.0595787820	0.1431017529	0.2463371925
1	0.0003444838	0.1841337412	0.0679311052	0.0666441638	0.6809465060
0	0.6242076470	0.0000000000	0.0896607631	0.2673243186	0.0188072713
0	0.5681951451	0.0000032551	0.0147982058	0.0348322868	0.3821711072
0	0.1585018704	0.0017354640	0.0064928987	0.0229074922	0.8103622747
0	0.0000721467	0.0000568143	0.2201689892	0.0917754330	0.6879266169
1	0.0528228160	0.1061389422	0.1962215770	0.4976423468	0.1471743180
0	0.1542010300	0.7189830522	0.0789215428	0.0000014684	0.0478929066
0	0.0596607090	0.1384870376	0.1579783890	0.6065228067	0.0373510576
0	0.0727854724	0.0911784851	0.0000003572	0.3832779489	0.4527577364
0	0.1096960882	0.8217212048	0.0079655588	0.0603400543	0.0002770938
0	0.4418047704	0.3219751755	0.0242428290	0.0014969346	0.2104802904
0	0.0029504158	0.5257861466	0.0000174674	0.3268079469	0.1444380233
1	0.0590667125	0.0686970162	0.0000000233	0.7749949703	0.0972412777
0	0.2076325749	0.0996604896	0.0904487437	0.6022578272	0.0000003647
1	0.0089331603	0.4425806022	0.0003122204	0.0661501481	0.4820238690
0	0.1630766752	0.1836601721	0.4948059636	0.0414979332	0.1169592559
0	0.4967659345	0.1754264312	0.0385513681	0.0119158646	0.2773404015
1	0.0230598200	0.0002592078	0.0000000007	0.9766804949	0.0000004766
0	0.0283954929	0.0000000000	0.1323985608	0.5953753605	0.2438305858
0	0.3483267454	0.1587979146	0.0000000000	0.2976440770	0.1952312630
0	0.1450010952	0.2371338627	0.0900081873	0.2233334525	0.3045234023
0	0.0107620641	0.0047830571	0.0012906103	0.0643222522	0.9188420163
0	0.0817736812	0.6372670945	0.0911702688	0.0882298913	0.1015590643
0	0.2573724385	0.2915025632	0.0001934724	0.1517858921	0.2991456338
0	0.0040770923	0.1515541155	0.0115220826	0.0010293215	0.8318173881
0	0.2885330582	0.4658540794	0.2226516813	0.0227322263	0.0002289548
0	0.1340899182	0.2210137666	0.0292201990	0.1422763400	0.4733997763
0	0.0576437388	0.7209275823	0.1003933834	0.0985017252	0.0225335703
0	0.0239790032	0.7071809998	0.0719810806	0.1222290665	0.0746298499
0	0.3102452583	0.3950164929	0.0097513091	0.2770722719	0.0079146677
0	0.0000003091	0.4724540819	0.5089132684	0.0094931340	0.0091392065
0	0.2185689908	0.0467605181	0.1985334130	0.0011439873	0.5349930908
0	0.0142211475	0.0371931130	0.0807258821	0.2637090967	0.6041507606
0	0.0000000000	0.7017620885	0.0450866170	0.0000000281	0.2531512664
1	0.0001454424	0.1838752649	0.2039390963	0.4365585189	0.1754816775
0	0.8108154616	0.0005118801	0.0075558424	0.1811167925	0.0000000234
0	0.0327569159	0.1260619562	0.2592833749	0.2476248123	0.3342729407
0	0.1938672131	0.2166866902	0.0606903427	0.1433859813	0.3853697726
0	0.0145811580	0.7534161267	0.0235620907	0.2084406192	0.0000000054
1	0.7236138292	0.0907290307	0.0127177915	0.0144772516	0.1584620969
1	0.6456607659	0.0777935335	0.0000000000	0.0000636735	0.2764820272
0	0.1048495084	0.0311477915	0.0000000000	0.6902185083	0.1737841919
0	0.0091158963	0.8036333881	0.0818483827	0.1054014340	0.0000008990
1	0.0507567922	0.8282519134	0.0153420504	0.1019472987	0.0037019453
0	0.0000007414	0.0825907509	0.0602154601	0.6942416617	0.1629513859
0	0.1350118417	0.7835082813	0.0554806151	0.0259991785	0.0000000834
0	0.0001320821	0.6546248681	0.0417174504	0.3031516521	0.0003739472
0	0.0499361830	0.4022036381	0.0000000563	0.4015383626	0.1463217599
1	0.1217010967	0.1777502169	0.0030693537	0.0234291743	0.6740501584
0	0.0240535647	0.1580307753	0.3983920737	0.2575254737	0.1619981127
0	0.2717778553	0.1536072233	0.1684069437	0.0013892561	0.4048187216
0	0.0765000743	0.0686663604	0.1991089069	0.0958205354	0.5599041230
1	0.0616903334	0.0367929766	0.0381289880	0.1475094704	0.7158782317
0	0.2286076880	0.4931675419	0.0000135103	0.0110641858	0.2671470740
1	0.8535500570	0.0733252313	0.0002870058	0.0466243112	0.0262133947
0	0.1160989314	0.0000197216	0.0027286036	0.6078032419	0.2733495015
0	0.0048680609	0.0973794001	0.0036262905	0.2193722081	0.6747540405
1	0.3519315922	0.1888983823	0.2375047162	0.1919035341	0.0297617752
0	0.1914327451	0.0820882632	0.5433603918	0.1831178617	0.0000007382
0	0.1048910040	0.0350823910	0.0700433073	0.7738859591	0.0160973386
0	0.1517749927	0.2112401630	0.0008014460	0.6359818362	0.0002015622
0	0.0000000041	0.0242052927	0.0272714149	0.2406140195	0.7079092688
