0	0.0089793510	0.0402983637	0.0000000225	0.8859343061	0.0647879567
1	0.0168177827	0.0726465861	0.0079597587	0.6837507278	0.2188251447
0	0.0007165140	0.0033241281	0.5977800317	0.2225769670	0.1756023592
0	0.0233624765	0.0000825513	0.0215796959	0.9524063372	0.0025689391
0	0.0053336776	0.6094380129	0.1316104324	0.0016373411	0.2519805360
0	0.8656424534	0.0261651715	0.0220586892	0.0637727888	0.0223608970
0	0.8834791378	0.0072078939	0.0112992314	0.0915566033	0.0064571336
1	0.0149410469	0.2536949497	0.4282418688	0.0261880030	0.2769341315
0	0.0016563800	0.3696674721	0.1665340499	0.0547767787	0.4073653193
0	0.4970390961	0.0000000000	0.4604442401	0.0167218629	0.0257948009
0	0.4710703056	0.0998061434	0.0002459539	0.1846508806	0.2442267165
1	0.3600641171	0.5819859591	0.0000044739	0.0184658428	0.0394796072
0	0.0152804161	0.0435121560	0.0000000284	0.0109106542	0.9302967453
0	0.4980652543	0.2682382044	0.1666686913	0.0618681460	0.0051597040
0	0.0958213445	0.0002139408	0.0103168676	0.5701963597	0.3234514873
0	0.1236245718	0.2464844262	0.0170479761	0.0229377972	0.5899052288
1	0.2526160649	0.4768728605	0.0000000000	0.2218367302	0.0486743443
0	0.4585938686	0.0221482654	0.0599236506	0.3311932916	0.1281409239
0	0.0447631126	0.1528744354	0.3097958189	0.0957251140	0.3968415191
0	0.4928345847	0.0002804856	0.1526702724	0.2641342579	0.0900803994
1	0.1112982246	0.3762225987	0.4826619220	0.0298172188	0.0000000359
0	0.0849533178	0.0077228174	0.0341151863	0.0240439021	0.8491647763
0	0.0971056677	0.0101948510	0.0000000003	0.1179685441	0.7747309370
0	0.7737980994	0.0000000000	0.0155284487	0.1703194178	0.0403540341
0	0.8794510295	0.0000000000	0.0052876697	0.1152613008	0.0000000000
0	0.0011104972	0.6447470362	0.0001532230	0.0000002697	0.3539889738
0	0.0177185317	0.4067407290	0.4037554746	0.0151310780	0.1566541867
0	0.0839521886	0.0000000000	0.1454127121	0.5110533580	0.2595817413
0	0.1391476845	0.0380754289	0.0489683248	0.0000063217	0.7738022401
1	0.0000000297	0.3930834883	0.0034720762	0.6034444057	0.0000000000
0	0.4230194252	0.0985950467	0.1163960498	0.0059940198	0.3559954586
0	0.0005787851	0.6203631799	0.0622189527	0.1361180547	0.1807210276
0	0.0785559578	0.0468574464	0.6051773837	0.0133215415	0.2560876706
0	0.0101075809	0.0331291484	0.0058534273	0.2078380058	0.7430718376
0	0.0127827568	0.0414965420	0.0476628720	0.2452450107	0.6528128185
0	0.1854090999	0.0619853384	0.1396130271	0.4792449848	0.1337475498
0	0.5532724100	0.0070510795	0.0237868409	0.0973385967	0.3185510729
0	0.1856753784	0.4064256081	0.2336442106	0.1742548029	0.0000000000
1	0.4716076807	0.0186043584	0.3428732903	0.1029112084	0.0640034621
1	0.0464216157	0.6612375463	0.1888444985	0.0009317993	0.1025645403
0	0.1485815280	0.0256409909	0.2880938606	0.4577128502	0.0799707703
0	0.2002569237	0.7012380251	0.0877108178	0.0107938876	0.0000003457
0	0.0000034416	0.2206667882	0.0270170406	0.5562753398	0.1960373898
0	0.7312869027	0.0276837623	0.1246057986	0.0045351494	0.1118883871
0	0.3583652204	0.0000000000	0.3591815383	0.0016963688	0.2807568725
0	0.2183350790	0.0704445420	0.0075554624	0.7031490090	0.0005159076
0	0.2458237398	0.0849392762	0.0114037285	0.4613483820	0.1964848735
1	0.0000000177	0.0943566052	0.0000000626	0.8902930546	0.0153502599
0	0.0657589637	0.0135790522	0.5299028632	0.2932846071	0.0974745138
0	0.0271654999	0.0284171256	0.0005418141	0.8905004750	0.0533750853
0	0.5533237138	0.0058607820	0.0000006324	0.0912521466	0.3495627251
0	0.0506562053	0.0001400804	0.0610501520	0.8599386107	0.0282149516
0	0.0599331195	0.2965337152	0.0000006167	0.2338987540	0.4096337947
0	0.1812290408	0.0186513509	0.0001670494	0.0203197762	0.7796327827
0	0.8378244576	0.0420367739	0.0000424701	0.0021771516	0.1179191468
1	0.1573679060	0.6177416151	0.0373396009	0.1852604966	0.0022903814
0	0.0320021464	0.0670901107	0.4986762230	0.0000046600	0.4022268600
1	0.0404349675	0.4914867387	0.1744309343	0.2537872719	0.0398600877
0	0.0936456425	0.1375580194	0.4678544218	0.2635260392	0.0374158771
0	0.3422594450	0.4371683310	0.0000000001	0.0791370912	0.1414351327
0	0.9649631982	0.0214808389	0.0058861085	0.0076279328	0.0000419216
0	0.0001976530	0.1424683585	0.0000000000	0.2839545608	0.5733794276
0	0.1000354815	0.0021767136	0.2740935015	0.2497389447	0.3739553588
1	0.1441304566	0.0007258145	0.0150717013	0.7746113201	0.0654607074
0	0.7392377488	0.1023524035	0.0250716398	0.0354763329	0.0978618751
0	0.0251226068	0.5674760349	0.2955625683	0.1032372367	0.0086015532
0	0.1732013877	0.0612294873	0.0084720867	0.1669580128	0.5901390255
0	0.0474572963	0.9244785044	0.0021585042	0.0259042551	0.0000014401
1	0.3720872972	0.5708405924	0.0029693862	0.0293927374	0.0247099868
1	0.0000000000	0.0006303984	0.2108156929	0.7388899330	0.0496639757
1	0.3669812621	0.4990019859	0.0120528227	0.0249260049	0.0970379245
1	0.0006743692	0.9905986210	0.0081129827	0.0006140263	0.0000000007
0	0.1217258138	0.0538737992	0.0000000000	0.8040229799	0.0203774070
0	0.0589560910	0.2357132685	0.0000040333	0.2951098480	0.4102167592
0	0.0728470799	0.0410685564	0.7386989343	0.1256306314	0.0217547980
0	0.4204571379	0.1315216950	0.0000100974	0.0287288049	0.4192822649
0	0.5854294056	0.0194010102	0.3098318770	0.0000019602	0.0853357470
1	0.4627834471	0.0066926030	0.0000888208	0.5148224809	0.0156126482
0	0.3076563591	0.0874594879	0.0005641066	0.6033066384	0.0010134080
0	0.0191200845	0.1619233552	0.5342387232	0.1498262432	0.1348915938
1	0.1816732445	0.3947333540	0.0001121135	0.2059717730	0.2175095151
2	0.0057521706	0.0037646520	0.0000000000	0.9899291968	0.0005539807
0	0.1289547211	0.1121452544	0.0000001518	0.5100632430	0.2488366297
0	0.0965136012	0.0000000002	0.4048646243	0.4414297898	0.0571919845
0	0.0527840573	0.6624975902	0.0242276198	0.2274209329	0.0330697998
0	0.2820605869	0.2893670498	0.0366090032	0.2121970850	0.1797662751
1	0.0456013419	0.5806952310	0.3011141533	0.0111360114	0.0614532625
0	0.0000019908	0.0186945348	0.3621359762	0.5989868919	0.0201806063
0	0.0109845547	0.0007255501	0.1241579052	0.6614965523	0.2026354378
1	0.5663184238	0.0299205023	0.3958835639	0.0000000000	0.0078775099
0	0.0000261949	0.4144428108	0.0007104678	0.0237773066	0.5610432198
0	0.3224676426	0.0101551124	0.0814895460	0.3222904936	0.2635972053
0	0.0008094234	0.0605500966	0.8830965594	0.0555338533	0.0000100674
0	0.0791744146	0.2782509693	0.1875069217	0.4550660504	0.0000016439
0	0.6434585932	0.0090500478	0.0350890532	0.1412752575	0.1711270482
1	0.0000002620	0.0000562783	0.0699619434	0.4707217575	0.4592597589
1	0.0087642824	0.0071592259	0.0993113606	0.5114027191	0.3733624120
0	0.5968181014	0.0010752859	0.0362468554	0.3572560197	0.0086037377
0	0.0000000000	0.4087605345	0.0467244724	0.3309745690	0.2135404240
0	0.0370549729	0.6515536801	0.0242534456	0.1435823395	0.1435555619
