0	0.0684127703	0.8008835201	0.1166419227	0.0140617681	0.0000000189
2	0.0156175286	0.9315807642	0.0000000000	0.0528016589	0.0000000482
0	0.0089272439	0.5659052284	0.0217333776	0.3684029440	0.0350312061
0	0.4421588779	0.0325744620	0.0240412793	0.4210336587	0.0801917221
0	0.1304543019	0.5590303639	0.2070018225	0.0693854049	0.0341281068
0	0.8603590396	0.1089090923	0.0277389624	0.0000000003	0.0029929054
0	0.3559814422	0.0356454500	0.4133690403	0.0528391446	0.1421649229
1	0.0234725269	0.3961788698	0.1422131876	0.1284518557	0.3096835599
0	0.2266850593	0.2122395950	0.4066012593	0.0851392004	0.0693348861
0	0.3259409975	0.0884449479	0.1316499444	0.1655903860	0.2883737242
1	0.0805771294	0.1536339716	0.0179723596	0.0922885493	0.6555279901
0	0.5242456427	0.0177328193	0.0000020741	0.1502974607	0.3077220033
0	0.0000453170	0.1306302205	0.0000000348	0.0225694309	0.8467549968
0	0.8286440794	0.1034093215	0.0508002680	0.0152877345	0.0018585966
0	0.0001445183	0.0393225668	0.0486804246	0.6202556697	0.2915968206
0	0.0073540235	0.2522550193	0.0027214395	0.0434807925	0.6941887252
0	0.3858714709	0.2061645904	0.3296235548	0.0780637016	0.0002766823
0	0.0000000052	0.2323478546	0.0714350616	0.5972269951	0.0989900834
0	0.0697922858	0.7285143714	0.0020121994	0.1768169928	0.0228641506
0	0.0000086696	0.1424232830	0.3332002461	0.0021654897	0.5222023116
1	0.1020483528	0.0802078664	0.0521605541	0.7553309878	0.0102522389
1	0.1075506853	0.0369490015	0.0069389366	0.8475441814	0.0010171952
0	0.1014568454	0.0209143899	0.3148489952	0.4459822246	0.1167975449
0	0.2703208821	0.4032867034	0.0993450338	0.2267020055	0.0003453752
0	0.2577401570	0.5432037656	0.0180397108	0.0193827119	0.1616336546
1	0.1413769976	0.4497970731	0.2512619430	0.1470950805	0.0104689057
0	0.0257356426	0.1364390031	0.4408634666	0.2804729407	0.1164889470
0	0.2021941610	0.1976525881	0.0775584511	0.0841438325	0.4384509674
0	0.3272269420	0.0614138608	0.2376574638	0.3660878775	0.0076138560
1	0.0422446270	0.5553331120	0.0377219324	0.1867679077	0.1779324209
0	0.0831994092	0.1434102167	0.0183922544	0.3290988154	0.4258993044
0	0.2270664161	0.0365327796	0.0000000000	0.6643804929	0.0720203114
0	0.1411406469	0.5186246117	0.0516250467	0.2255251446	0.0630845501
0	0.5863108828	0.3271117446	0.0025964178	0.0827237266	0.0012572283
1	0.0016606308	0.7166268632	0.0121194699	0.0953322351	0.1742608010
0	0.4983968600	0.3525843492	0.0094300106	0.1342752597	0.0053135206
0	0.9145555570	0.0168222853	0.0403751049	0.0205162297	0.0077308231
0	0.2640837859	0.4406268825	0.2331183474	0.0017069757	0.0604640086
0	0.1432109713	0.0661664123	0.0238018727	0.3956895247	0.3711312190
0	0.5395997570	0.4205635955	0.0006613985	0.0387237824	0.0004514666
0	0.7778222099	0.0274281677	0.0210387321	0.0000000119	0.1737108783
0	0.0000000406	0.5057284358	0.4263378430	0.0621618990	0.0057717817
0	0.1987698358	0.2204091894	0.1978502788	0.3010332566	0.0819374394
0	0.2591598728	0.0163499481	0.0024867087	0.4163517140	0.3056517565
1	0.8312862542	0.0472955160	0.0110599677	0.1002409483	0.0101173137
0	0.0032358643	0.7381727369	0.0005434724	0.0469180673	0.2111298591
0	0.0069938112	0.0000048403	0.0056520030	0.0166579359	0.9706914096
0	0.0038353399	0.1808933477	0.0010837358	0.7991589176	0.0150286590
0	0.0103297174	0.2210740713	0.6194453311	0.1117968191	0.0373540611
0	0.0007510826	0.0212720230	0.6243362584	0.3489937605	0.0046468755
0	0.0000270227	0.0007513297	0.0532124775	0.9167675901	0.0292415800
1	0.1408312305	0.4225757943	0.1683865849	0.0778476869	0.1903587035
0	0.4598930678	0.0019812785	0.0909352813	0.3775238955	0.0696664769
0	0.0173267757	0.3957346778	0.3944792029	0.1893623573	0.0030969864
0	0.3793546221	0.2832207946	0.0556152190	0.1978012653	0.0840080990
0	0.0430786944	0.4825931763	0.0000000002	0.2730074338	0.2013206952
0	0.1669055276	0.6765747282	0.1478560195	0.0007360539	0.0079276709
0	0.2899712833	0.1799095788	0.0219577266	0.5062355383	0.0019258729
1	0.0000532336	0.6417325503	0.0203243010	0.2433571434	0.0945327717
0	0.0795003908	0.0804474998	0.0776748354	0.7090718360	0.0533054380
1	0.1806486710	0.3341383435	0.0005263672	0.4763071712	0.0083794471
0	0.2527455404	0.4605444848	0.1368784904	0.0046962403	0.1451352440
1	0.2944974177	0.0280284078	0.0004879848	0.5577753809	0.1192108087
1	0.0000000002	0.3881976495	0.1315674288	0.4233431113	0.0568918102
0	0.0711611166	0.6658817134	0.0961471294	0.1217952275	0.0450148131
0	0.5410602942	0.0831221420	0.0486556245	0.0060723830	0.3210895562
0	0.0175896905	0.1300213178	0.3282029636	0.4613900490	0.0627959791
1	0.0110639503	0.3166181415	0.0014204556	0.6333750781	0.0375223745
0	0.1661769097	0.0000000506	0.0440580272	0.2625798735	0.5271851389
0	0.0039878806	0.1217146736	0.3502740368	0.2941073263	0.2299160828
0	0.0799461166	0.0162786995	0.1518953904	0.0360439376	0.7158358559
0	0.1913588958	0.3715327556	0.4368627723	0.0000031792	0.0002423972
0	0.1222516131	0.0001366363	0.7412124487	0.0224407538	0.1139585481
0	0.6080222778	0.1035787940	0.1698044212	0.1075879109	0.0110065962
0	0.0370499662	0.0145875585	0.2353499852	0.5039686959	0.2090437942
0	0.4843348807	0.3466880263	0.0041360240	0.0596159680	0.1052251011
0	0.7853501698	0.0000000064	0.0000006449	0.2146491789	0.0000000000
0	0.2302823491	0.1994076307	0.2290594585	0.2353680456	0.1058825161
1	0.3265735599	0.4433535369	0.0695611479	0.0003874740	0.1601242813
0	0.0000000196	0.3928508840	0.0000055413	0.6071434751	0.0000000801
0	0.0494378926	0.0026384732	0.0214246952	0.5562707515	0.3702281875
0	0.0086567943	0.7817603638	0.0161026235	0.1934802183	0.0000000001
1	0.0073926179	0.0278614457	0.0017001081	0.1007001073	0.8623457210
0	0.0685208302	0.8265555177	0.0004540808	0.0984606777	0.0060088935
0	0.4879246119	0.0000009416	0.1458108784	0.1740647278	0.1921988404
0	0.1206638842	0.0283839272	0.0423011330	0.0885833108	0.7200677448
2	0.1896621341	0.2873136496	0.0263996662	0.4921043410	0.0045202091
0	0.0017251002	0.9205656494	0.0007860732	0.0637803448	0.0131428323
0	0.0888549853	0.1055713867	0.5794645708	0.0000000000	0.2261090572
0	0.9237381872	0.0011979158	0.0000000004	0.0000000000	0.0750638966
0	0.0002155510	0.7636288509	0.0000078072	0.1518413243	0.0843064666
0	0.1667145223	0.2780312679	0.0086184972	0.3956498526	0.1509858600
0	0.0723831427	0.2878906958	0.0630042274	0.5531299865	0.0235919476
0	0.1273302292	0.3163163682	0.4046782082	0.0097189977	0.1419561967
0	0.0156162070	0.0480692348	0.0291084173	0.4161609021	0.4910452389
0	0.0005644827	0.7148616440	0.1645214743	0.1196113327	0.0004410663
0	0.0925678262	0.0213240322	0.0791060668	0.7874808798	0.0195211950
0	0.2733853251	0.0439375469	0.2915038136	0.3882200038	0.0029533106
0	0.1682106760	0.2759642499	0.2666806972	0.1291169675	0.1600274094
0	0.4412578987	0.0000032673	0.0799749429	0.2254442981	0.2533195929
