0	0.6633842227	0.2121060875	0.0092603721	0.0200441029	0.0952052148
0	0.0586865196	0.6559332252	0.1048142663	0.0553929321	0.1251730568
0	0.4967482123	0.0026415382	0.0226555129	0.0025214948	0.4754332418
0	0.3605691122	0.0274701687	0.1678224577	0.0000143444	0.4441239171
0	0.0373217228	0.0178168531	0.0161491616	0.9194371010	0.0092751615
0	0.0734227903	0.3587497847	0.1312231829	0.4282624047	0.0083418373
0	0.3541037301	0.0003688330	0.0628914909	0.0083569564	0.5742789896
0	0.0000000000	0.1009810343	0.0000545784	0.0311545762	0.8678098111
0	0.7607823728	0.0021167687	0.0007753375	0.2301019174	0.0062236036
0	0.0909206593	0.0124504421	0.0309460775	0.4483261358	0.4173566853
0	0.3149458864	0.0382890780	0.3268595579	0.3198717475	0.0000337303
0	0.1792248176	0.4961878784	0.1441076794	0.0868633838	0.0936162408
1	0.0004356843	0.1391195059	0.2815076183	0.3499015922	0.2290355993
2	0.0027544513	0.7370259473	0.0131176726	0.2187371894	0.0283647394
0	0.0011594163	0.1415903985	0.0117690868	0.0008345852	0.8446465132
0	0.4421945436	0.0067466935	0.4814950537	0.0666317332	0.0029319760
1	0.0013221477	0.1538541569	0.0650608164	0.2960597277	0.4837031513
0	0.6794070646	0.2701241188	0.0077432050	0.0000007054	0.0427249063
0	0.2105532980	0.3963655290	0.0051725111	0.2535168088	0.1343918531
0	0.0909721668	0.8312995209	0.0425152941	0.0143690563	0.0208439618
0	0.6202707667	0.0023198263	0.0551625392	0.0111829099	0.3110639580
0	0.6593421555	0.0204077744	0.0798714171	0.0003083231	0.2400703300
0	0.3631946021	0.3478580615	0.0003314859	0.0069646586	0.2816511920
0	0.7448837823	0.2015012629	0.0268746392	0.0003932913	0.0263470244
0	0.0129600678	0.1643437297	0.2004340575	0.0185228277	0.6037393173
0	0.3858706880	0.0650966943	0.0166880577	0.4859402108	0.0464043491
0	0.0953487532	0.0041621209	0.0000003341	0.1241552628	0.7763335290
0	0.0002993329	0.0261201111	0.0059545894	0.9676259666	0.0000000000
0	0.0000000000	0.9310013922	0.0030920673	0.0482467738	0.0176597667
0	0.4120084457	0.2901534915	0.0381342348	0.1430574810	0.1166463469
0	0.3390606931	0.1121057771	0.0000917077	0.3544365454	0.1943052767
0	0.0292856330	0.0188344164	0.0000000000	0.9518261054	0.0000538453
0	0.2922712882	0.6428656934	0.0196953696	0.0413256709	0.0038419778
0	0.6930975231	0.0000027110	0.0276352639	0.1590200901	0.1202444120
0	0.0635046785	0.0889968505	0.0285033021	0.1112907984	0.7077043704
1	0.0140439761	0.0212469000	0.0312346116	0.9107324264	0.0227420859
0	0.8410853448	0.0033642960	0.0000516444	0.0203129355	0.1351857793
0	0.2673758407	0.2137952307	0.0037655885	0.2563777056	0.2586856345
1	0.3521078192	0.4630880499	0.0188773730	0.1659265106	0.0000002471
0	0.0036762258	0.4262531212	0.1426290873	0.3941556529	0.0332859126
1	0.6483162009	0.0426166194	0.0408653918	0.0842293368	0.1839724511
0	0.0090546787	0.0323318733	0.0000107073	0.0017129200	0.9568898208
0	0.0001668432	0.8984349752	0.0443093786	0.0478129887	0.0092758143
0	0.3045057148	0.0020031008	0.1366993859	0.0311907907	0.5256010078
0	0.0303087534	0.8019168330	0.0553033669	0.1114870933	0.0009839535
1	0.6943014592	0.2553949109	0.0104038184	0.0007052578	0.0391945537
0	0.0002073582	0.0658727032	0.0971011700	0.7212553693	0.1155633993
1	0.0084636910	0.9161939544	0.0620236120	0.0000000000	0.0133187425
0	0.6492261110	0.0091027078	0.3408916955	0.0007794857	0.0000000000
0	0.0263824518	0.0095559780	0.0000026553	0.4649521213	0.4991067935
0	0.0755749108	0.4823519337	0.2905987282	0.0002151353	0.1512592920
0	0.1680697682	0.3731901452	0.0050418825	0.4193744857	0.0343237184
1	0.0000000000	0.0144583592	0.8530673606	0.1075100881	0.0249641921
0	0.0001372859	0.3210624574	0.3577963225	0.0371541586	0.2838497757
0	0.0652341830	0.4153185260	0.0497964075	0.2807523932	0.1888984903
0	0.0391559122	0.6895225304	0.0709799782	0.1328277174	0.0675138618
0	0.0000000000	0.0000006893	0.2584972974	0.1629246686	0.5785773447
0	0.3521440155	0.0009886602	0.0570626597	0.4033511412	0.1864535235
0	0.0049338735	0.4588529991	0.3099971920	0.0124301603	0.2137857751
0	0.0529474471	0.0365543893	0.7957110980	0.0005022302	0.1142848354
0	0.0000144943	0.2973419673	0.1379588781	0.0190526772	0.5456319831
0	0.0211696992	0.0000000000	0.0091857217	0.3389419667	0.6307026125
1	0.1151853228	0.0462062611	0.0214071609	0.0330775330	0.7841237221
1	0.0922463547	0.2812898774	0.0781792918	0.2684515456	0.2798329306
1	0.1658078926	0.0138640754	0.0501180136	0.0011784198	0.7690315986
0	0.0840267167	0.1175984550	0.3778776926	0.3942701335	0.0262270021
0	0.6337685110	0.3533012675	0.0110072193	0.0019228995	0.0000001026
0	0.2640798394	0.6711139643	0.0402334005	0.0243928807	0.0001799150
0	0.0199917212	0.4698756639	0.3709413141	0.1088587679	0.0303325328
0	0.0729277292	0.7825340564	0.0407916509	0.0201752952	0.0835712682
0	0.0000037434	0.0003323875	0.0000103417	0.0230423046	0.9766112229
0	0.0211836021	0.6709200577	0.0001201819	0.0926201125	0.2151560457
1	0.3715961532	0.5723894942	0.0000008126	0.0000000000	0.0560135400
1	0.3496848416	0.2217366781	0.0903922763	0.0410948900	0.2970913141
0	0.0379576693	0.8213364169	0.0496108566	0.0885230918	0.0025719654
1	0.1819187008	0.4536723217	0.0000000010	0.1464530102	0.2179559663
0	0.2494552962	0.0997644330	0.0073356089	0.6432575935	0.0001870684
0	0.0688033317	0.2387540407	0.1303253592	0.3503421238	0.2117751447
0	0.0982969686	0.0081971540	0.0662775620	0.8131993994	0.0140289159
0	0.0007673216	0.2650316398	0.1453289257	0.0235167366	0.5653553763
1	0.0374368373	0.1375844733	0.0891923542	0.6259675622	0.1098187730
0	0.1356497941	0.0008741398	0.5519930920	0.0904962163	0.2209867578
0	0.0268142902	0.0516269940	0.3785656855	0.5378785840	0.0051144463
0	0.4022767810	0.2924971065	0.0002170732	0.0310975548	0.2739114845
1	0.0000000000	0.4188555202	0.0527638303	0.0169667620	0.5114138875
0	0.0312812407	0.9682703727	0.0000114746	0.0004369119	0.0000000000
1	0.2256037323	0.3580888906	0.0106601298	0.3981684720	0.0074787754
0	0.0250731660	0.0026302764	0.0143692170	0.4798126352	0.4781147054
0	0.0006397717	0.0197424724	0.7857846138	0.1363683639	0.0574647783
0	0.2493378765	0.0342032859	0.0000011230	0.1759222666	0.5405354480
0	0.2009147871	0.5806903799	0.0000001435	0.2171721012	0.0012225884
0	0.7995508488	0.0000558356	0.0000000001	0.0820572689	0.1183360466
0	0.0002503402	0.0051525700	0.0871963899	0.0127226114	0.8946780885
0	0.5142229133	0.0553151944	0.0486818063	0.0420196530	0.3397604330
0	0.1827822993	0.0340921902	0.3907326215	0.1288198101	0.2635730789
0	0.0016938144	0.3156914632	0.5948963928	0.0044964946	0.0832218349
0	0.1848600964	0.0318069639	0.0180975234	0.4123983621	0.3528370541
0	0.8022949065	0.0164240528	0.0372527015	0.1206821222	0.0233462170
1	0.0000003811	0.0263672874	0.7977932900	0.0270633171	0.1487757244
1	0.6001490879	0.0128431318	0.0041669567	0.1077612197	0.2750796039
