0	0.1392571753	0.1058661151	0.6480462748	0.0014662583	0.1053641765
0	0.0392749162	0.5455260177	0.1315415603	0.2760886006	0.0075689053
0	0.0000000000	0.0153731316	0.9229285552	0.0616302751	0.0000680380
0	0.7058874316	0.0100158440	0.0176456983	0.1303442482	0.1361067779
1	0.0125232564	0.0536065674	0.0005160360	0.2757509412	0.6576031990
0	0.0945461994	0.0272984312	0.3002879647	0.0552511506	0.5226162542
0	0.6148393662	0.0298614132	0.0370472685	0.0936684229	0.2245835292
0	0.0556003244	0.3959373982	0.3241118500	0.0458314479	0.1785189795
0	0.0581294621	0.5324752753	0.0005102475	0.0223950215	0.3864899936
0	0.0001831163	0.0102774840	0.5534090938	0.4113952837	0.0247350223
0	0.0675265389	0.3690356012	0.0102865189	0.1584263538	0.3947249872
1	0.0870388432	0.2677598818	0.0076778084	0.6005372364	0.0369862302
0	0.5765334012	0.0133726589	0.0586734015	0.0054881394	0.3459323991
1	0.2238743240	0.2898915261	0.0658493526	0.3087048717	0.1116799256
0	0.2479651216	0.0286266559	0.0085032994	0.5137790383	0.2011258848
1	0.5780155632	0.0163306612	0.2625432196	0.0483188600	0.0947916959
0	0.0741879237	0.3534585891	0.0030404343	0.4926484533	0.0766645996
0	0.9734042961	0.0239484476	0.0000087891	0.0010264317	0.0016120356
0	0.2420728579	0.0000014505	0.0000007232	0.7245721641	0.0333528043
0	0.0663264375	0.2544332838	0.0089729252	0.4675608799	0.2027064736
0	0.7543008731	0.0018763236	0.0017159131	0.1542619362	0.0878449539
0	0.7066661683	0.0055280053	0.0116013243	0.1790740716	0.0971304305
0	0.3486847287	0.0636596831	0.0023472398	0.5362021860	0.0491061625
0	0.0520365519	0.9014080797	0.0049211782	0.0308288808	0.0108053094
0	0.0000792098	0.3677763416	0.0108062185	0.0546107165	0.5667275136
0	0.0279144048	0.4002947592	0.0872742811	0.0655778571	0.4189386978
0	0.0308587630	0.0000000000	0.3743383185	0.4597956533	0.1350072653
0	0.1538554039	0.1054608813	0.0000150929	0.6986426166	0.0420260053
0	0.8368289917	0.0712866469	0.0031504999	0.0002419107	0.0884919508
0	0.4453753059	0.1829441882	0.1953353438	0.0127376526	0.1636075095
1	0.4971199367	0.0000003802	0.0000000000	0.0860625532	0.4168171299
1	0.1195447095	0.5226878808	0.0351734887	0.2353908287	0.0872030923
1	0.0621301372	0.0050587314	0.0000022255	0.6804448799	0.2523640260
0	0.1118490671	0.0000000000	0.0538224157	0.7395886381	0.0947398791
0	0.1750786473	0.0105905202	0.7848097651	0.0279477594	0.0015733080
1	0.3031221230	0.0000000000	0.0034296039	0.5581281231	0.1353201500
0	0.0000189341	0.0401560146	0.7637300041	0.0000000000	0.1960950472
0	0.0020504890	0.0071779223	0.0006721389	0.9880638129	0.0020356369
0	0.0514974923	0.0276042832	0.0142722160	0.9049518904	0.0016741182
0	0.2305250176	0.0711539999	0.1138974666	0.2237949664	0.3606285495
0	0.2099085499	0.2268066401	0.2483633559	0.0000061997	0.3149152544
1	0.0544293660	0.0365587358	0.2772030602	0.5998043551	0.0320044829
0	0.0111911254	0.0705226659	0.0417861167	0.4036629270	0.4728371650
2	0.0000000000	0.5594159570	0.2029046807	0.1800833226	0.0575960397
0	0.0083867048	0.1815995783	0.5139193377	0.2797637034	0.0163306758
1	0.1253262367	0.1956799022	0.0057611384	0.2947482565	0.3784844662
0	0.1209482409	0.2507249086	0.1194524544	0.1107080537	0.3981663424
0	0.8240958879	0.0000008943	0.0011961053	0.0066447624	0.1680623500
0	0.0376054421	0.0120750593	0.0202640399	0.7571227257	0.1729327329
0	0.1013127710	0.0111751412	0.0529091162	0.8346029716	0.0000000000
0	0.9494184659	0.0000166421	0.0000000000	0.0192405552	0.0313243369
0	0.4900655980	0.0342221308	0.4735825045	0.0000003195	0.0021294473
1	0.2544466777	0.0625455712	0.0954364204	0.5028109181	0.0847604125
0	0.4874068077	0.1263787239	0.1977288880	0.1807879648	0.0076976156
0	0.0203190640	0.3144748725	0.0017282977	0.0473773642	0.6161004015
0	0.0007556659	0.2584353829	0.5650176802	0.0677212531	0.1080700179
0	0.0459086877	0.4069689222	0.2575487912	0.1297102816	0.1598633172
0	0.5358329143	0.0003617510	0.0000139176	0.0252566420	0.4385347750
0	0.6928280742	0.0034204521	0.0521921389	0.0039304861	0.2476288486
0	0.1605235615	0.0998443704	0.0221013925	0.3671909898	0.3503396859
1	0.3208215258	0.0089939034	0.0012035065	0.0200537473	0.6489273170
0	0.0000042296	0.0582066470	0.0114489063	0.5818024635	0.3485377536
0	0.1553139410	0.3251722428	0.0002883991	0.5192254171	0.0000000000
0	0.0066990222	0.0311011100	0.0022322358	0.8475047485	0.1124628835
0	0.6637177599	0.0000000000	0.2615905358	0.0648184185	0.0098732857
0	0.1508213944	0.1072811907	0.1828565658	0.0461948202	0.5128460290
1	0.0857577750	0.0441221741	0.0154404268	0.8419772965	0.0127023277
0	0.2815065874	0.0439418326	0.1167904016	0.3625926887	0.1951684897
1	0.2144988348	0.0178188591	0.1054056391	0.1168695965	0.5454070705
0	0.0215064633	0.0350297760	0.7199974137	0.1776713062	0.0457950408
0	0.0020264141	0.0012970500	0.5157951133	0.2524866502	0.2283947725
0	0.1593580840	0.2622670712	0.0002659906	0.2074542379	0.3706546162
0	0.0036247894	0.6462375485	0.0246673142	0.0426140353	0.2828563127
1	0.5963816263	0.2172230464	0.0000025488	0.0567951894	0.1295975890
0	0.3596843507	0.0822157025	0.0000097769	0.0001396671	0.5579505028
0	0.3736239632	0.0000007821	0.0000000000	0.6263752468	0.0000000080
0	0.0582388550	0.4898635078	0.0030245717	0.3997778290	0.0490952366
0	0.0000000021	0.1061657084	0.0448015644	0.8105044961	0.0385282289
0	0.2099873358	0.0906190867	0.0022199753	0.0127133887	0.6844602135
0	0.3696031264	0.0552858022	0.4373270596	0.0179262833	0.1198577285
0	0.1425744640	0.0128966965	0.7347194440	0.0510820155	0.0587273800
1	0.2744794760	0.0874477278	0.0000136182	0.6378026080	0.0002565701
0	0.0121665222	0.2202155595	0.0046579591	0.0902670608	0.6726928984
0	0.0506109994	0.0198726695	0.0000000013	0.3887154779	0.5408008519
0	0.2046447285	0.0087144253	0.0002236305	0.3784419748	0.4079752409
0	0.0164699210	0.4378627291	0.0735753598	0.4560874210	0.0160045691
0	0.1623701651	0.3231255349	0.1208203782	0.3933605230	0.0003233989
0	0.5626475827	0.1752936072	0.0000000000	0.2410679591	0.0209908510
1	0.2482876225	0.1929580673	0.0006886582	0.1363995627	0.4216660894
0	0.0191013778	0.8530185369	0.0243676704	0.0967505502	0.0067618647
0	0.1668272573	0.0083995717	0.0859823461	0.5833004126	0.1554904123
0	0.0046826916	0.3052312929	0.0123001312	0.2440717387	0.4337141456
0	0.0334669674	0.2931265268	0.0768661803	0.2802485287	0.3162917968
0	0.0218299617	0.6783859949	0.0869128974	0.1279012243	0.0849699217
1	0.4992006847	0.2603571341	0.0157070861	0.0053001194	0.2194349757
0	0.0013483127	0.1003860521	0.8940310107	0.0037124100	0.0005222145
0	0.1305300758	0.2721489954	0.0080948037	0.5475088448	0.0417172803
0	0.3920234981	0.2706359616	0.2171806530	0.1201598873	0.0000000000
0	0.0016732006	0.3222152773	0.0607894573	0.6069704360	0.0083516287
0	0.0027202214	0.1605460859	0.1609164329	0.5601006978	0.1157165620
