1	0.1171128284	0.0730311916	0.0280527355	0.7559190261	0.0258842184
0	0.2310348407	0.0284977499	0.4440640707	0.0316236724	0.2647796662
0	0.0395000767	0.1321357962	0.0828184848	0.6925395768	0.0530060655
1	0.0669293195	0.0348733794	0.0706713911	0.5061366669	0.3213892431
0	0.0505580639	0.6418608205	0.0401852931	0.1291232579	0.1382725647
0	0.0154079609	0.2439828637	0.0401010571	0.2022842946	0.4982238238
1	0.0003384988	0.2301039366	0.0017358773	0.1382583603	0.6295633271
0	0.1222726521	0.1362088060	0.0000175470	0.3465753618	0.3949256330
0	0.4144753215	0.0000021751	0.0621690698	0.3040715372	0.2192818964
0	0.0483588850	0.0371051489	0.0036036053	0.0167465428	0.8941858180
0	0.4440553829	0.2915914625	0.0000000000	0.0757186653	0.1886344894
0	0.1596219398	0.0063228577	0.3324981577	0.2350884340	0.2664686108
0	0.0393699377	0.0605808025	0.0645776525	0.5278866284	0.3075849789
0	0.0122372894	0.0636931122	0.2390372565	0.5391196777	0.1459126641
0	0.0114843063	0.0031634440	0.0000400666	0.8962434033	0.0890687798
0	0.0135161807	0.9863643131	0.0001194181	0.0000000001	0.0000000879
0	0.3669421789	0.5896674365	0.0254733948	0.0042187441	0.0136982457
1	0.6044176421	0.0007887483	0.0047413288	0.3547737932	0.0352784875
0	0.0819775510	0.1451081770	0.3908785672	0.3181168059	0.0639188990
0	0.1575086172	0.0405424995	0.4226675779	0.3784880757	0.0007932296
0	0.0633862834	0.2533329794	0.6273858610	0.0558696357	0.0000252405
0	0.3767033019	0.0990158050	0.2046818930	0.3159704718	0.0036285283
0	0.3862337471	0.0293320428	0.1171928363	0.0911248009	0.3761165729
0	0.0382383511	0.7156660554	0.0256137391	0.0049076287	0.2155742258
0	0.0000000026	0.9317907754	0.0326211249	0.0347970519	0.0007910451
0	0.0310539386	0.0000000001	0.0428736158	0.4997812512	0.4262911943
0	0.0477664501	0.4635332664	0.0869117277	0.1804542376	0.2213343182
0	0.0213295442	0.5017892524	0.0000001259	0.3871156681	0.0897654094
0	0.1656180444	0.0000000000	0.0000086304	0.0427333974	0.7916399278
0	0.1671581301	0.0027320254	0.0169629006	0.6914132117	0.1217337323
0	0.1140354584	0.4562455961	0.1868981737	0.1277852490	0.1150355227
0	0.0296181086	0.2063848844	0.0525123313	0.3827904269	0.3286942488
0	0.0000072412	0.5236093946	0.0805070135	0.1655334908	0.2303428599
0	0.0528063016	0.1746822351	0.0480609776	0.7154643309	0.0089861549
0	0.0153018801	0.0253428406	0.0174807806	0.0092913678	0.9325831309
0	0.0035630599	0.3368107102	0.2566846665	0.0057721218	0.3971694416
1	0.0000000000	0.0370861981	0.0088511575	0.0429677921	0.9110948523
0	0.1248601669	0.0822129236	0.0697057748	0.0098878979	0.7133332368
0	0.0006619757	0.3734948602	0.0002034068	0.0728571714	0.5527825859
0	0.0096836171	0.8445230267	0.0121311949	0.0250115646	0.1086505969
1	0.0155764444	0.8031039051	0.0000000006	0.0010441815	0.1802754685
1	0.1492291743	0.3303970403	0.0462611146	0.1770307863	0.2970818844
0	0.0749495731	0.4919753969	0.2176515487	0.1172070280	0.0982164534
0	0.0000422911	0.0944097796	0.7094030490	0.1710391857	0.0251056946
0	0.0000000020	0.1492181179	0.0296052487	0.0019460166	0.8192306148
0	0.0115397333	0.7690922600	0.0213152085	0.1135570705	0.0844957277
0	0.0118637289	0.2177737508	0.4311568907	0.3227032188	0.0165024108
0	0.0030282756	0.0099874817	0.0349010147	0.4161704720	0.5359127561
0	0.1084087997	0.4804234085	0.2126068676	0.1969500127	0.0016109115
0	0.1520702887	0.4105654590	0.0000903974	0.1337430843	0.3035307707
0	0.1443738945	0.0087070355	0.0036024608	0.3874833568	0.4558332525
0	0.0038898973	0.0634119680	0.0180136246	0.8809538770	0.0337306331
0	0.0460683522	0.1364639720	0.3518024599	0.0000898021	0.4655754138
0	0.6046293452	0.0306626073	0.0056784454	0.2525768153	0.1064527869
0	0.0157150173	0.4498004865	0.0031648392	0.4586035130	0.0727161440
1	0.0528110242	0.0000000000	0.1285689242	0.7527072453	0.0659128063
0	0.0609219938	0.2558042813	0.0000000000	0.2500664309	0.4332072940
0	0.1903305241	0.4468661260	0.0099920806	0.1222735677	0.2305377015
0	0.1705038999	0.0615085106	0.0001325722	0.1430889169	0.6247661004
0	0.4279102201	0.1117808784	0.0839686105	0.2528010258	0.1235392652
0	0.0631483464	0.1584480326	0.1108285713	0.4042934690	0.2632815807
0	0.0000569732	0.8762163960	0.0018984520	0.0457188880	0.0761092908
0	0.0323765350	0.0055813606	0.0402490568	0.9217447557	0.0000482919
0	0.0060961785	0.0181053386	0.3596317500	0.4087465634	0.2074201695
1	0.0262048713	0.0639544293	0.0000002371	0.6425184572	0.2673220050
1	0.7447858752	0.0141355027	0.0079982436	0.0949948834	0.1380854950
0	0.2911665360	0.2190196409	0.0000059634	0.3681473907	0.1216604690
0	0.3641158173	0.1750102515	0.0554685723	0.0000000000	0.4054053588
1	0.3270001448	0.4159480588	0.0454498490	0.0581430896	0.1534588579
0	0.5581079643	0.2272216670	0.0000000000	0.2013086771	0.0133616915
0	0.0019962006	0.0006186037	0.6012358365	0.2744958096	0.1216535496
1	0.0297345893	0.9046591001	0.0435954825	0.0000000000	0.0220108281
0	0.8195235459	0.0000001472	0.0836747420	0.0627315798	0.0340699851
0	0.2044202301	0.6025280528	0.0433282673	0.0933354850	0.0563879648
0	0.0097519970	0.1390754298	0.0576685630	0.7764302378	0.0170737724
0	0.0073079565	0.0058585049	0.0106160162	0.8493362245	0.1268812978
0	0.0004537988	0.3477505246	0.0052039762	0.6184591363	0.0281325641
1	0.0000000162	0.2949663866	0.2304127299	0.2348345450	0.2397863223
1	0.3769892134	0.3000401452	0.0000000000	0.3229175196	0.0000531218
1	0.5800372105	0.0423731656	0.0982160108	0.0131735675	0.2662000456
0	0.6219525578	0.0102069618	0.2956057309	0.0385877415	0.0336470080
2	0.0345333628	0.2268228846	0.0155307918	0.3076784051	0.4154345558
0	0.0001869358	0.0167073457	0.0005955702	0.0058475909	0.9766625574
1	0.0761033580	0.0448507952	0.5862775598	0.0428014294	0.2499668577
0	0.0000081466	0.0032206665	0.3532918974	0.0000000000	0.6434792895
0	0.7672091403	0.1746165338	0.0000000008	0.0411717111	0.0170026139
1	0.6101803855	0.0000000000	0.1632660278	0.0000130977	0.2265404889
0	0.7505454869	0.0000000001	0.0001793905	0.0114162648	0.2378588576
0	0.1138309609	0.4722904853	0.2257969756	0.1511097702	0.0369718080
0	0.0403116673	0.0270986469	0.0031773691	0.4051321583	0.5242801583
0	0.0008584265	0.0051811733	0.1941485323	0.7223640453	0.0774478226
0	0.1360128216	0.0755775560	0.0456517201	0.6870592630	0.0556986391
2	0.2730881313	0.0117600844	0.0000428166	0.2510425070	0.4640664607
0	0.0469354524	0.0440351210	0.1595498264	0.4334536992	0.3160259011
1	0.0076323674	0.0437236021	0.0414751990	0.9061483487	0.0010204827
0	0.8209266034	0.0334055658	0.0062723687	0.0036339196	0.1357615425
0	0.2155239573	0.0000001115	0.0188652608	0.7633767201	0.0022339504
0	0.9654539605	0.0336492503	0.0006350606	0.0000351303	0.0002265982
0	0.0275097241	0.0205356640	0.0000000000	0.9519462399	0.0000083720
1	0.0250096528	0.0000215843	0.0323694824	0.1429149523	0.7996843282
