0	0.0406119335	0.6248758772	0.0000000000	0.1396647271	0.1948474621
0	0.5318108589	0.4499483524	0.0038838420	0.0143569412	0.0000000055
0	0.2762727020	0.6430500927	0.0008009374	0.0019209419	0.0779553259
1	0.6071517988	0.0126172680	0.1225118860	0.0567527079	0.2009663393
0	0.0063608431	0.6478473354	0.0000000109	0.0573868605	0.2884049501
0	0.1174836859	0.1942229118	0.0000095163	0.0784284314	0.6098554546
0	0.0000000000	0.0003308188	0.1125616048	0.8771981977	0.0099093786
0	0.0576082926	0.0562542043	0.0803736447	0.7546393185	0.0511245400
0	0.0030746492	0.0000000000	0.3941251960	0.1523722546	0.4504279002
0	0.1627139052	0.5556885118	0.0267323528	0.2219385782	0.0329266521
0	0.0000075532	0.5014347526	0.0000105245	0.4266256390	0.0719215307
1	0.0419570603	0.3397404454	0.0212721240	0.3997764838	0.1972538866
0	0.0270382263	0.3744647158	0.0536382795	0.0319399857	0.5129187928
0	0.2242152768	0.4787208784	0.2162928014	0.0156914948	0.0650795486
0	0.2692015201	0.3846089118	0.1056433456	0.0000799647	0.2404662578
0	0.9918042765	0.0000029715	0.0016033849	0.0065824774	0.0000068897
0	0.0037163886	0.5101579469	0.0055942222	0.0523722767	0.4281591655
0	0.0000000000	0.0626182299	0.2464035157	0.2601947180	0.4307835364
0	0.0000003700	0.0152833285	0.1091737148	0.6269399608	0.2486026259
1	0.0025135371	0.6936775376	0.0629918779	0.0356139108	0.2052031365
0	0.0000377350	0.8074610268	0.0000000000	0.1752065145	0.0172947237
1	0.0405256451	0.0094171998	0.0000781337	0.7574824025	0.1924966188
0	0.0833720735	0.0000011548	0.0195959807	0.2861721330	0.6108586580
1	0.0213897033	0.0129109410	0.2760474175	0.2562825736	0.4333693646
0	0.7614029425	0.0183671895	0.1003819884	0.0012678137	0.1185800659
0	0.5163700180	0.0127167979	0.0001018713	0.2009856136	0.2698256992
0	0.1927858509	0.5592613837	0.1033837203	0.0417084096	0.1028606355
0	0.3733009820	0.0018809760	0.0165897640	0.2807062902	0.3275219878
0	0.8100785563	0.0721808860	0.0582257529	0.0179293087	0.0415854962
0	0.0980015649	0.1616602290	0.3877101628	0.2641589470	0.0884690964
0	0.1087737269	0.0520600290	0.5236902157	0.0811499317	0.2343260968
1	0.0023989893	0.0371904750	0.0012869770	0.2119095795	0.7472139792
2	0.1773268401	0.1890972229	0.0059033790	0.1880991262	0.4395734318
1	0.0292091440	0.5336573715	0.0263140334	0.3968071793	0.0140122717
1	0.0000030725	0.0083249137	0.0423726254	0.8505710717	0.0987283166
0	0.0089982061	0.0928351024	0.0027863166	0.7557719593	0.1396084157
0	0.3387172728	0.0026500729	0.4769014845	0.1734086087	0.0083225612
0	0.0769097420	0.0017820139	0.0231432688	0.0160835215	0.8820814538
0	0.0538561382	0.0182455627	0.0069006087	0.8781810925	0.0428165979
0	0.4327422555	0.0053850494	0.0620259179	0.1849843129	0.3148624643
0	0.0457894293	0.0339142993	0.0000919074	0.8902892392	0.0299151248
0	0.0154675179	0.0317610030	0.9184361264	0.0294424333	0.0048929194
0	0.1567294591	0.7818398967	0.0597130528	0.0002413760	0.0014762155
0	0.0870412506	0.2279197947	0.0013161567	0.3933643600	0.2903584380
0	0.0303940975	0.4295228929	0.1785151398	0.1566717292	0.2048961406
0	0.4439492325	0.0501227425	0.1653683404	0.2515530338	0.0890066508
0	0.0132993136	0.3467095699	0.1181006484	0.2416616436	0.2802288245
0	0.7376451465	0.0606716705	0.0060377388	0.1956454155	0.0000000287
2	0.0000056954	0.8161482871	0.0164849687	0.0003982828	0.1669627660
1	0.6150768723	0.1276132573	0.0000001215	0.1244069248	0.1329028242
0	0.5648219712	0.0656984258	0.2909101362	0.0246087557	0.0539607110
2	0.0009726051	0.0873782524	0.0000000000	0.3624693202	0.5491798223
0	0.0045181160	0.6465296230	0.0123394023	0.2657878591	0.0708249997
0	0.0313235129	0.8839828505	0.0014835314	0.0830597723	0.0001503329
0	0.6551800041	0.2873950845	0.0229115159	0.0032304660	0.0312829295
0	0.1658491400	0.3389180553	0.0013382965	0.4904582812	0.0034362271
0	0.0824371146	0.0000306201	0.3859041503	0.1734117544	0.3582163606
0	0.0524619707	0.0556980989	0.2030179688	0.0146563340	0.6741656277
0	0.7407771300	0.0000015224	0.1466925605	0.1108466297	0.0016821573
1	0.0876043370	0.0820463848	0.2522947678	0.1979710064	0.3800835040
0	0.0012407523	0.0615533783	0.2929476741	0.1867016795	0.4575565158
0	0.3006955447	0.2408046749	0.0961108889	0.0571239850	0.3052649065
0	0.2296502187	0.1970978140	0.0026107923	0.4638187561	0.1068224189
0	0.0312202658	0.4371739589	0.0281396686	0.4526063880	0.0508597187
0	0.3347769312	0.0016394454	0.0173737225	0.6420012460	0.0042086549
0	0.8529037921	0.0000062009	0.0173818782	0.0925479400	0.0371601889
0	0.0062115755	0.0000261248	0.2035313183	0.4979837524	0.2922472291
1	0.2346833597	0.1765812943	0.0006301478	0.4585402456	0.1295649526
1	0.6543933339	0.1078762013	0.0073147679	0.1535071136	0.0769085833
0	0.0706758147	0.2506570737	0.1739448107	0.4356009292	0.0691213717
0	0.2160883055	0.3384929201	0.4444834565	0.0009353139	0.0000000039
0	0.1025127878	0.2855648424	0.0000000000	0.3808014465	0.2311209233
0	0.0455353752	0.0000006420	0.0204105206	0.6982259613	0.2358275008
0	0.0193887003	0.0136184296	0.0000097331	0.5630050928	0.4039780442
0	0.0275748665	0.5927445092	0.1382535197	0.2142834016	0.0271437031
0	0.6990085944	0.1029008448	0.0222702613	0.1274005921	0.0484197074
0	0.0605274760	0.1886810623	0.5173011622	0.1842072300	0.0492830695
0	0.3414060014	0.1166159951	0.2244085844	0.2563641907	0.0612052283
0	0.0218212380	0.5758363118	0.0000146600	0.2477672789	0.1545605113
2	0.4553913365	0.0423280739	0.0106719623	0.1250536697	0.3665549576
0	0.0295356818	0.0476161674	0.2330724014	0.0232551523	0.6665205971
0	0.0015817872	0.0000152732	0.1197883968	0.0220180140	0.8565965288
0	0.7812175045	0.0014206488	0.1159069214	0.0833581142	0.0180968111
0	0.1219307311	0.4402748491	0.4073757920	0.0000000000	0.0304186277
0	0.5933847061	0.0545989615	0.0209532811	0.0954390711	0.2356239801
0	0.6691567617	0.0003189772	0.0132615145	0.0022452255	0.3150175211
0	0.0236705482	0.8008811698	0.0026417805	0.0574151840	0.1153913175
0	0.6016441932	0.1090314904	0.0182559011	0.2313264773	0.0397419381
0	0.0478488765	0.3791579967	0.3400868644	0.1393408238	0.0935654385
0	0.2734608342	0.0016641312	0.1999890473	0.1882361781	0.3366498091
0	0.0000483906	0.4124486880	0.4790434544	0.1082324741	0.0002269928
0	0.3291670516	0.0183428276	0.1102268491	0.5316776465	0.0105856251
0	0.0000039896	0.9914601423	0.0085358203	0.0000000479	0.0000000000
0	0.1064163319	0.1331552686	0.2031756562	0.1660884160	0.3911643273
1	0.1864354878	0.3646338290	0.0001181796	0.3952209656	0.0535915381
0	0.0850255087	0.0003048385	0.0137397883	0.0211065693	0.8798232951
0	0.0000002999	0.0000000207	0.0066228520	0.9409895677	0.0523872597
0	0.0000000012	0.0039994976	0.6604199839	0.2979658807	0.0376146366
0	0.0429424747	0.0000004501	0.0124201703	0.0706440698	0.8739928351
0	0.2800679647	0.1089176369	0.1828645222	0.0139811435	0.4141687328
