0	0.4753399791	0.0832986294	0.0052306221	0.4266759886	0.0094547808
0	0.0290424494	0.3236518495	0.0517874726	0.2869197089	0.3085985195
0	0.2618492957	0.0079369052	0.0203257013	0.7096445059	0.0002435919
0	0.1979159374	0.5880190194	0.0510563872	0.1627768989	0.0002317571
0	0.0424791973	0.0850121616	0.4152637440	0.2613110250	0.1959338721
0	0.0441137986	0.1643037019	0.0514797489	0.7400966243	0.0000061263
0	0.1572435660	0.1690830304	0.0120855194	0.4259531536	0.2356347307
1	0.4189855125	0.2168396769	0.0000019873	0.3148003921	0.0493724312
0	0.1754534393	0.1261105242	0.0381399660	0.1856007875	0.4746952829
0	0.1804873809	0.0000000000	0.2564609132	0.4740672114	0.0889844945
0	0.0692771709	0.2516789445	0.0405378778	0.2240058143	0.4145001924
0	0.2012792840	0.2934029888	0.0411387656	0.0006707544	0.4635082073
0	0.5027785763	0.1934406584	0.0276989796	0.0093345130	0.2667472728
1	0.0030812200	0.0419984858	0.0214019535	0.0173589735	0.9161593672
1	0.4758870559	0.3537482765	0.0000000000	0.0797557683	0.0906088994
2	0.2310765729	0.0021497722	0.0145759262	0.7186535781	0.0335441507
0	0.0555947755	0.0286869865	0.3238813417	0.0883653593	0.5034715370
0	0.3605806768	0.0808094058	0.0065193818	0.5186279073	0.0334626284
0	0.0696267936	0.4395201185	0.0029447814	0.0515055594	0.4364027470
0	0.0646023590	0.1129537555	0.0018231068	0.7603392401	0.0602815386
0	0.5709548025	0.0000025331	0.4290267410	0.0000159198	0.0000000035
0	0.0154166996	0.0000001021	0.1278990072	0.8329781159	0.0237060752
0	0.8514016046	0.0871638914	0.0167520539	0.0446488951	0.0000335550
0	0.0629525521	0.5198847334	0.0000000029	0.0000000000	0.4171627115
0	0.0023064016	0.0185808308	0.8273823908	0.1435878566	0.0081425202
1	0.0202318639	0.3964266092	0.1899803257	0.0190600044	0.3743011968
0	0.8424361845	0.0009900272	0.0004681746	0.1512033587	0.0049022550
0	0.0318799981	0.0998490670	0.0094251241	0.7060108650	0.1528349459
0	0.3176684307	0.0000000054	0.0203117631	0.2212067425	0.4408130583
0	0.3022042189	0.0001167563	0.1190623657	0.3370248889	0.2415917701
0	0.0035435576	0.4402940129	0.0299861121	0.4346285884	0.0915477289
0	0.2502606708	0.0000042363	0.5582861470	0.1460321206	0.0454168253
0	0.1137075535	0.3474531021	0.3403043631	0.1555007963	0.0430341849
0	0.5053230872	0.0135639527	0.0000009596	0.3974974379	0.0836145626
0	0.1344532412	0.4290726186	0.0000131886	0.3829468860	0.0535140657
1	0.0530601715	0.0530658872	0.0487938058	0.2548956550	0.5901844804
0	0.0001402886	0.9796346626	0.0187878314	0.0000208114	0.0014164060
0	0.0000168315	0.8956022893	0.0264146927	0.0491055471	0.0288606394
0	0.0231464472	0.0210822093	0.0002384937	0.8689230845	0.0866097653
0	0.0009048962	0.0168176680	0.0116207586	0.8422263559	0.1284303213
0	0.5441014501	0.0915666266	0.1697331730	0.0157976750	0.1788010753
0	0.0000082494	0.0401208799	0.0449724625	0.9055715037	0.0093269045
0	0.0152353339	0.0152122768	0.3681510377	0.0021328122	0.5992685394
0	0.4376559873	0.0113626587	0.0443918307	0.2405156125	0.2660739107
0	0.0712819053	0.2012496856	0.0130050219	0.3232318335	0.3912315536
0	0.3586043861	0.1656254603	0.0315454105	0.0279267191	0.4162980240
1	0.0109246717	0.0028971454	0.0040733553	0.9802914594	0.0018133682
1	0.0108499030	0.0015615891	0.0004451811	0.1649603092	0.8221830177
0	0.4157597436	0.3381766872	0.1322590441	0.0147879760	0.0990165491
0	0.1880567342	0.3856931594	0.0725940894	0.0813050102	0.2723510068
1	0.2663675799	0.1727145259	0.2529634839	0.0725587748	0.2353956356
0	0.1492937516	0.1789782288	0.0082419830	0.6634850948	0.0000009418
0	0.0174483136	0.2002641314	0.0691203967	0.7125691983	0.0005979600
1	0.6816408049	0.0572235617	0.0000027116	0.2012130659	0.0599198558
0	0.0248551547	0.0195594763	0.0533860410	0.8622510911	0.0399482368
0	0.1171592120	0.1170512048	0.0028831586	0.5847668071	0.1781396176
0	0.5006064873	0.0890186959	0.0000000171	0.1365384911	0.2738363086
0	0.7664131775	0.0004098605	0.1243525627	0.0766000056	0.0322243937
0	0.5890813330	0.0201066238	0.0018809952	0.2430957138	0.1458353342
0	0.0504992747	0.0473105985	0.1052196229	0.1046152611	0.6923552428
1	0.0006099120	0.0432725307	0.0311920483	0.4600425812	0.4648829278
0	0.0738436977	0.7310060430	0.0000000000	0.1638888577	0.0312614016
0	0.0023632878	0.0005180349	0.0464107472	0.7149653344	0.2357425958
0	0.0034283034	0.8189998187	0.1240043302	0.0000181042	0.0535494434
1	0.4329471527	0.3352047545	0.0019872148	0.1123607349	0.1175001432
0	0.0000408675	0.1416267390	0.0724345305	0.7626183133	0.0232795497
0	0.0102769995	0.0000000000	0.2288092669	0.7601015248	0.0008122088
0	0.0026683210	0.0004429439	0.7384224754	0.2581418905	0.0003243692
1	0.0006650785	0.5057887327	0.2331283400	0.0608388503	0.1995789984
0	0.6599876275	0.0044419835	0.0066527615	0.3289176266	0.0000000008
1	0.0015198988	0.0127536124	0.1729013938	0.0051137849	0.8077113102
0	0.0051335769	0.2872267457	0.1647127444	0.5428351114	0.0000918215
0	0.0003082532	0.0436865307	0.4615245730	0.4943916784	0.0000889647
0	0.2532947249	0.0177241772	0.0192613147	0.1942583024	0.5154614808
0	0.4169295196	0.0675676474	0.0083895021	0.2029849307	0.3041284002
1	0.4650653142	0.0218398622	0.0851820044	0.1366884312	0.2912243880
0	0.0241766008	0.8450324977	0.0468719582	0.0447992373	0.0391197060
0	0.0000022023	0.1250791523	0.1463118330	0.2991115103	0.4294953021
0	0.0000000000	0.8633194912	0.0000211072	0.1357013605	0.0009580410
0	0.3135789713	0.0935165544	0.2075437206	0.2679896780	0.1173710756
0	0.0005718845	0.0668275248	0.1003442435	0.8027197468	0.0295366004
0	0.0161945781	0.3343789515	0.0546577741	0.3922943588	0.2024743375
0	0.0222930220	0.8326969440	0.0000041238	0.1270321253	0.0179737850
0	0.0025445075	0.5637274257	0.2545056281	0.1792214201	0.0000010186
0	0.0008326838	0.0595419775	0.9055142047	0.0000001840	0.0341109501
1	0.2351245861	0.2441185811	0.2733109738	0.0247119627	0.2227338963
0	0.2593356207	0.0373758622	0.0833519916	0.5513721502	0.0685643753
0	0.0079364395	0.8710474177	0.0002112718	0.1183895055	0.0024153655
0	0.0004388063	0.0064329223	0.0003391933	0.7152756480	0.2775134301
0	0.0000000003	0.3956204802	0.0362299714	0.5670536765	0.0010958715
0	0.0136907002	0.5734170423	0.0908984950	0.1262891636	0.1957045988
0	0.5640056210	0.2346743992	0.0000158907	0.1698103185	0.0314937707
0	0.3787649976	0.0564391637	0.1769944943	0.0979439207	0.2898574237
0	0.1551688667	0.0000000004	0.0295132889	0.8150055532	0.0003122908
0	0.0002010149	0.0003350472	0.0038823263	0.3222509213	0.6733306903
0	0.5514511587	0.0303551446	0.2602711062	0.1480106894	0.0099119011
1	0.0000021957	0.0508465509	0.0267916799	0.9055452394	0.0168143342
0	0.1775369747	0.0376369660	0.0394895463	0.4349725164	0.3103639966
0	0.1886236821	0.2739099593	0.3493791098	0.0050248961	0.1830623527
1	0.4689589726	0.0058806289	0.1028271260	0.0017265489	0.4206067236
