0	0.4867767867	0.3432160019	0.0248672455	0.1161151482	0.0290248178
0	0.0217042886	0.0324764028	0.5421499608	0.3665975807	0.0370717672
1	0.0262172067	0.0074892297	0.4500864995	0.3041345155	0.2120725485
0	0.2518186001	0.1807754948	0.0093690111	0.0434973941	0.5145394998
0	0.0202701862	0.5784429665	0.2157198761	0.1855669711	0.0000000000
0	0.5803712109	0.0305430968	0.2848781956	0.0731711403	0.0310363563
0	0.0385243838	0.0000003572	0.5094351743	0.3312036406	0.1208364441
0	0.0003484225	0.0150018505	0.0044417294	0.9236132770	0.0565947207
0	0.0631492699	0.1685312895	0.0118789568	0.3657196378	0.3907208460
1	0.0000000660	0.4760915179	0.0559326285	0.0519396034	0.4160361842
1	0.3909154920	0.0114411946	0.3051477539	0.1173574035	0.1751381560
1	0.0008468995	0.3249639423	0.0577250295	0.0811407334	0.5353233953
0	0.6432956933	0.0196835407	0.0352376341	0.0000488222	0.3017343097
0	0.1357261924	0.0000130719	0.2569240770	0.6050549398	0.0022817189
0	0.3650735301	0.2268577205	0.0448591955	0.3582500497	0.0049595041
0	0.6256299918	0.1331301565	0.0280430860	0.2114259885	0.0017707771
0	0.0073946766	0.3005911825	0.0000000400	0.0334743325	0.6585397684
0	0.2573802850	0.5633280726	0.1195124206	0.0006974739	0.0590817479
0	0.0168544206	0.0858967583	0.0178196946	0.0761575954	0.8032715311
1	0.0673934449	0.0133588638	0.0002417890	0.7793873999	0.1396185024
0	0.0000000000	0.0000000154	0.0086080943	0.9612511661	0.0301407242
0	0.2292787294	0.3943629874	0.0004458675	0.3359092486	0.0400031672
0	0.2355577300	0.3444628327	0.1747465662	0.0113542756	0.2338785955
0	0.0121902604	0.7518544952	0.0420852056	0.1170205910	0.0768494478
0	0.1588773083	0.0441245216	0.0742834583	0.0718860526	0.6508286591
0	0.0739586129	0.0110661467	0.0553876235	0.2223773659	0.6372102509
0	0.6241100791	0.0331248142	0.0081032751	0.0524235055	0.2822383260
0	0.8396821384	0.0000000006	0.0000000000	0.1561701567	0.0041477043
0	0.2645139979	0.1050173950	0.0041774404	0.0760350219	0.5502561447
0	0.0000000000	0.2240217279	0.0014273979	0.6087156760	0.1658351982
0	0.0073392005	0.0155079824	0.1952281794	0.7503419314	0.0315827062
0	0.0127023264	0.4837349978	0.0500064834	0.2270946801	0.2264615123
0	0.0611616211	0.8634598969	0.0273199832	0.0247353709	0.0233231280
0	0.0220311596	0.3743941098	0.0001480914	0.5896533358	0.0137733034
0	0.0000762615	0.4487318428	0.0356037116	0.5128985999	0.0026895842
0	0.1988630224	0.0000523160	0.4704045272	0.1081269508	0.2225531837
0	0.5404682806	0.1016548193	0.0605372441	0.2973367792	0.0000028768
0	0.0295209731	0.4297554456	0.4249934920	0.0116697364	0.1040603528
0	0.0175246442	0.3848295160	0.1338597868	0.0365636710	0.4272223820
0	0.7288324471	0.0012741871	0.0000408824	0.0002808976	0.2695715858
0	0.0181507526	0.0903588816	0.0066889808	0.8354885435	0.0493128415
0	0.6409266941	0.0440222044	0.0267747491	0.0019999336	0.2862764188
0	0.0172760899	0.3825928520	0.0117550854	0.2168516299	0.3715243428
0	0.0838807860	0.3894461164	0.0020286125	0.0196975050	0.5049469801
0	0.0650091177	0.5725611026	0.0562645411	0.0003307164	0.3058345221
0	0.1761829432	0.2873372843	0.3438503762	0.1236988932	0.0689305030
0	0.2456906091	0.1495018811	0.0002379096	0.3452126030	0.2593569971
0	0.0308478676	0.1094961780	0.4489506974	0.4090720136	0.0016332434
0	0.5667027767	0.0139113589	0.0000000000	0.3138323231	0.1055535414
0	0.0263359726	0.0000909148	0.6094472626	0.2347316001	0.1293942499
0	0.0066422295	0.7455792212	0.1167676677	0.0311567886	0.0998540930
0	0.0007575907	0.2495454120	0.1649832432	0.2597880718	0.3249256824
2	0.0001313803	0.0044485032	0.0088406568	0.9865794347	0.0000000250
1	0.2624176043	0.2117181135	0.2201639125	0.0016792827	0.3040210871
0	0.5828858042	0.0000339621	0.0000000000	0.3929222170	0.0241580167
0	0.0200822902	0.0055158944	0.0043248406	0.9124207749	0.0576561999
0	0.3211276611	0.2394934998	0.2256272728	0.1280468868	0.0857046795
0	0.3511859512	0.3287935327	0.0000029882	0.2158386844	0.1041788435
0	0.0188963405	0.0080375652	0.0000000000	0.1163852791	0.8566808152
1	0.1668748557	0.4701803570	0.1011467495	0.1577399768	0.1040580610
1	0.0036741950	0.0152217224	0.0106553542	0.6520754579	0.3183732704
0	0.0139622591	0.6453686654	0.0017285518	0.1552809472	0.1836595765
0	0.0000000004	0.2305184951	0.0075663299	0.7619151739	0.0000000007
0	0.1619532200	0.0025420026	0.0502676569	0.7852371206	0.0000000000
0	0.0026261717	0.1792360696	0.0143236098	0.1813931824	0.6224209664
0	0.1233513243	0.2233140505	0.0495265684	0.1991876278	0.4046204290
1	0.1612625835	0.1824621334	0.1895011373	0.1122516227	0.3545225231
0	0.0186908294	0.0052997212	0.0000773866	0.6619186088	0.3140134539
0	0.1982620370	0.2593655610	0.0030061360	0.2218076584	0.3175586076
0	0.0061023690	0.2499790438	0.0551542055	0.3005797333	0.3881846484
0	0.7055059768	0.0167656599	0.0302319454	0.1632490559	0.0842473619
0	0.0000179980	0.0000371940	0.6435049007	0.0000457581	0.3563941492
0	0.0226213497	0.4094951312	0.0061521452	0.5580301308	0.0037012431
0	0.2179923413	0.0659972200	0.0011146232	0.3727437752	0.3421520403
0	0.0892796725	0.0602970421	0.3979086130	0.1794064910	0.2731081814
0	0.0390921829	0.0108685616	0.2534863676	0.6965528877	0.0000000001
0	0.4264713903	0.2469492052	0.2283111121	0.0981288564	0.0001394361
0	0.4569309632	0.2925220400	0.0154194188	0.1117378822	0.1233896958
0	0.0872532948	0.0121839184	0.0204214723	0.8713112035	0.0088301110
0	0.0660621430	0.1401361955	0.0778222825	0.3991320855	0.3168472935
1	0.0105239272	0.8036121310	0.1635287832	0.0067407277	0.0155944310
0	0.0240027076	0.9084221132	0.0006555060	0.0041155375	0.0628041357
1	0.1370925525	0.7937770386	0.0217956493	0.0463191099	0.0010156497
0	0.0384189452	0.1616143372	0.4927463112	0.0183553378	0.2888650686
0	0.0021165652	0.0000000000	0.3576301467	0.3117164606	0.3285368276
1	0.2434544246	0.0278562902	0.0055272828	0.4850889377	0.2380730647
0	0.1154116189	0.0000892658	0.1330344754	0.6021447555	0.1493198844
0	0.0378343513	0.5581246730	0.0006283623	0.3935008600	0.0099117535
0	0.0155197937	0.0004450909	0.4762138476	0.1013346216	0.4064866461
0	0.9681063955	0.0000007854	0.0132121458	0.0000184188	0.0186622546
0	0.2711920174	0.0791706077	0.0163823922	0.0726933816	0.5605616011
0	0.0514285355	0.9273284709	0.0020832615	0.0098223335	0.0093373985
0	0.4205788337	0.5214295280	0.0543423889	0.0007787273	0.0028705222
0	0.4285482680	0.0048292387	0.0627695910	0.2490644894	0.2547884128
0	0.0563583034	0.0467773814	0.0225296715	0.0408757853	0.8334588584
0	0.0157883756	0.0000066662	0.0000001667	0.9841828721	0.0000219195
0	0.0335884029	0.0331852059	0.0543754255	0.5645714327	0.3142795330
0	0.0063120655	0.7025694663	0.1566290688	0.0755901422	0.0588992572
1	0.1582390386	0.0003872631	0.1616609530	0.3694906542	0.3102220911
0	0.6027033882	0.1216815945	0.0017243666	0.2112001371	0.0626905135
