0	0.0030352880	0.9603815940	0.0058090968	0.0257996968	0.0049743244
0	0.0236318301	0.0003430741	0.0212437615	0.2222768244	0.7325045099
0	0.4600051557	0.0247037289	0.0494343283	0.2315656550	0.2342911320
1	0.1824205962	0.0706453180	0.2761842985	0.3450531672	0.1256966200
0	0.0225696855	0.0851355456	0.5047396800	0.2205399793	0.1670151097
1	0.1228087778	0.4498065223	0.2644340122	0.1619880026	0.0009626851
0	0.0253825992	0.0450604947	0.3950604256	0.1960019471	0.3384945333
0	0.0871079161	0.0209615220	0.0459877970	0.2998392781	0.5461034869
0	0.0119024363	0.0757411049	0.0660835392	0.1294021772	0.7168707423
0	0.4144479861	0.3728524409	0.0024381805	0.1948609454	0.0154004471
1	0.0002116829	0.1225793016	0.0106692020	0.0801455649	0.7863942487
1	0.3367378525	0.4574710542	0.0000000006	0.0683469151	0.1374441776
0	0.2867566563	0.2412559729	0.0350727617	0.0257442411	0.4111703680
0	0.0370355979	0.0029320067	0.0595997306	0.6876245728	0.2128080920
0	0.0000457804	0.8631138699	0.0369732752	0.0998670745	0.0000000000
0	0.1660944848	0.3116035971	0.2252111710	0.0239801761	0.2731105711
0	0.0013840894	0.7286954874	0.0000000123	0.1685224488	0.1013979622
1	0.0314688040	0.1055601812	0.0736257568	0.2926808905	0.4966643675
1	0.8010001329	0.0621948868	0.0001817330	0.1167910231	0.0198322242
0	0.3098767010	0.0995355095	0.2036806111	0.3250163522	0.0618908262
0	0.1298376259	0.7084589677	0.0000243812	0.0992579151	0.0624211101
0	0.3735413484	0.0033668258	0.3819028925	0.1399231555	0.1012657778
1	0.0000000000	0.0647206017	0.0297685853	0.0091631274	0.8963476856
1	0.0943579097	0.2818090656	0.0437579082	0.4340633711	0.1460117454
1	0.0211443086	0.0726412616	0.0000225853	0.0582410261	0.8479508184
0	0.0000000000	0.1043508176	0.8682379195	0.0260050686	0.0014061942
0	0.3545496094	0.0000110042	0.2457200754	0.0729224602	0.3267968508
1	0.1623495136	0.0294495488	0.2132990304	0.0002381323	0.5946637749
0	0.3868346171	0.0795649305	0.0000000000	0.1446639495	0.3889365029
0	0.0000964065	0.1550305772	0.0971650287	0.5925278722	0.1551801154
0	0.0000000000	0.0273754428	0.0568546793	0.2444006379	0.6713692400
0	0.0788154496	0.2107515216	0.0776797054	0.2158542192	0.4168991042
0	0.4776944628	0.0173182687	0.1577698354	0.1244333802	0.2227840528
0	0.2157789621	0.0011776290	0.0210472807	0.6217265426	0.1402695856
0	0.2867147170	0.1203567707	0.2257257781	0.0160077836	0.3511949506
0	0.0743853697	0.3074320989	0.1174475618	0.2130037979	0.2877311717
0	0.0084565586	0.1809465449	0.0116278743	0.7522943915	0.0466746307
0	0.1896358092	0.2912574844	0.5078983027	0.0112084037	0.0000000000
0	0.0399358259	0.2294892527	0.5500734684	0.1708459590	0.0096554941
0	0.4991431427	0.0668472971	0.0124416511	0.0093244901	0.4122434190
0	0.5720869694	0.0962594746	0.0027836182	0.0167925085	0.3120774293
0	0.6888300460	0.0376819654	0.0879809025	0.0645028469	0.1210042392
0	0.0021729406	0.0119174531	0.7358827455	0.2057258305	0.0443010303
0	0.0116946974	0.0408965868	0.0001860778	0.0736924340	0.8735302041
0	0.1135852009	0.6636017510	0.1982004482	0.0241518498	0.0004607501
1	0.0709004921	0.0000000004	0.3146763272	0.5853405568	0.0290826234
0	0.0082971434	0.8981116100	0.0051737891	0.0128257543	0.0755917033
0	0.0466532099	0.0003563478	0.1772201585	0.4800130003	0.2957572835
0	0.4339044495	0.1545124607	0.1597929219	0.2516279041	0.0001622638
0	0.0446101059	0.0000000000	0.0000045049	0.0000014712	0.9553839180
0	0.0009198340	0.1938642091	0.0076794755	0.4477829841	0.3497534974
0	0.4689101996	0.5181783686	0.0020735345	0.0094140200	0.0014238772
0	0.0000019070	0.8317701909	0.1221210124	0.0016339088	0.0444729809
0	0.5103069908	0.0037310286	0.0000000004	0.4535507177	0.0324112625
0	0.1438179831	0.3580588161	0.1774353666	0.0876500786	0.2330377556
0	0.0413478844	0.1433973850	0.4439876484	0.3479996812	0.0232674011
0	0.0002796031	0.1958803117	0.0217138500	0.0447317766	0.7373944585
0	0.4698828069	0.0066511610	0.0005154065	0.0506483330	0.4723022926
0	0.5909306792	0.0809120453	0.0997156425	0.1267317128	0.1017099202
1	0.1476807114	0.1807018698	0.0245954412	0.1486790166	0.4983429610
1	0.0000000000	0.0275520292	0.1920421310	0.0675738477	0.7128319922
0	0.0000077010	0.9067582420	0.0245540808	0.0464193059	0.0222606702
0	0.8424813992	0.0121369714	0.0312213536	0.0210394651	0.0931208106
0	0.0000000000	0.2547116243	0.2300917590	0.0542037691	0.4609928475
0	0.0000000000	0.0225259145	0.2178077806	0.1993346056	0.5603316993
0	0.5581460289	0.2642611054	0.0000027480	0.0086625631	0.1689275546
0	0.0209959622	0.2356825033	0.7118289524	0.0015925343	0.0299000477
0	0.0157864018	0.0571157301	0.0242326341	0.8041794371	0.0986857969
0	0.1223580671	0.6367468116	0.0000010534	0.0010805049	0.2398135630
0	0.1253145848	0.7504808421	0.0352289750	0.0000009481	0.0889746499
0	0.0033594309	0.6056394748	0.1449397838	0.2453793714	0.0006819391
0	0.0764878936	0.0000119663	0.0011852665	0.6182820020	0.3040328716
0	0.8934724439	0.0293151357	0.0562259257	0.0019742147	0.0190122799
0	0.0096487060	0.3148227080	0.0993129386	0.5464115832	0.0298040641
0	0.0252778574	0.2582507555	0.3040263024	0.3316824868	0.0807625978
0	0.0000073790	0.0000000522	0.7696787066	0.1072023839	0.1231114782
0	0.0226878928	0.3744417899	0.1320273243	0.1284094589	0.3424335341
0	0.0222884408	0.2320398662	0.0077880987	0.2064984487	0.5313851456
0	0.1905780734	0.0001615832	0.5397257288	0.0826667592	0.1868678554
0	0.0776495159	0.4027136820	0.0682673553	0.0034250911	0.4479443557
0	0.0373839973	0.4307316218	0.1288753411	0.3467945406	0.0562144991
2	0.4334051182	0.0660187935	0.2656965848	0.1291596289	0.1057198747
0	0.5086822558	0.0540403684	0.4127881221	0.0000000328	0.0244892209
0	0.0359878252	0.2747103873	0.0095634456	0.0474268634	0.6323114785
1	0.4140325339	0.4143186730	0.0031392780	0.0928047452	0.0757047699
0	0.0278487487	0.0785284409	0.7607915094	0.0785268446	0.0543044564
0	0.0012892575	0.1893296436	0.0971052292	0.1615602839	0.5507155859
0	0.3141756721	0.2556594405	0.3301204481	0.0054967363	0.0945477029
0	0.0151189628	0.7620662877	0.0750671142	0.1050319856	0.0427156498
0	0.0618140462	0.0535978516	0.0246174207	0.7536172229	0.1063534585
0	0.0058151229	0.0015106683	0.0000011568	0.9609385069	0.0317345450
0	0.0004895606	0.5071876401	0.0143762112	0.4241303584	0.0538162297
0	0.3245650053	0.5449331443	0.0534161413	0.0012694825	0.0758162267
2	0.0608196820	0.0000653139	0.9298313932	0.0091602872	0.0001233238
0	0.2412276799	0.6638335430	0.0787703401	0.0078388386	0.0083295984
1	0.2305244605	0.3219150257	0.0000187469	0.0000000796	0.4475416873
0	0.0024763366	0.1400660125	0.1259407529	0.7315168980	0.0000000000
1	0.4795578629	0.0857771568	0.2135234716	0.0000090342	0.2211324745
0	0.0585716057	0.5054630340	0.1893571805	0.1700411257	0.0765670540
0	0.1092090338	0.0300039892	0.0073432097	0.4933596341	0.3600841332
