0	0.1881695664	0.6284393642	0.0302773742	0.1344059307	0.0187077645
0	0.0536198171	0.0724717762	0.1688530423	0.5581585063	0.1468968582
1	0.1802042504	0.6274259464	0.0040396834	0.1852724083	0.0030577115
2	0.3677056476	0.0423461540	0.1139256043	0.4412034254	0.0348191687
0	0.0190316100	0.0309854192	0.1129440447	0.8316320063	0.0054069198
0	0.0431622441	0.1322855644	0.8231613143	0.0013602641	0.0000306131
0	0.0086605425	0.2506333059	0.2043546984	0.2459679125	0.2903835407
1	0.6721657461	0.0280399638	0.0765167589	0.2215193427	0.0017581885
0	0.0000000000	0.0837808622	0.0011259403	0.0026222601	0.9124709375
1	0.0146529242	0.1199153513	0.0528297524	0.5037983218	0.3088036504
0	0.0443891223	0.2511756190	0.2244697786	0.4328817125	0.0470837676
0	0.0135226205	0.0000000543	0.0002936618	0.8195769733	0.1666066901
0	0.0253569821	0.4352292320	0.2928607143	0.2032927138	0.0432603579
0	0.0598933090	0.1175147161	0.0000000003	0.0002152854	0.8223766893
0	0.0033467628	0.0000070559	0.0002265239	0.8893386783	0.1070809791
1	0.0050758006	0.0000695000	0.4073597270	0.0020824324	0.5854125400
0	0.6666601527	0.0630879613	0.0012548004	0.2613840493	0.0076130364
0	0.9338509893	0.0307477205	0.0020946266	0.0310140888	0.0022925748
1	0.0019975712	0.0801623156	0.0003519961	0.1905233738	0.7269647433
0	0.0225139053	0.0000000013	0.9698421914	0.0031310476	0.0045128543
0	0.5389799009	0.3628606805	0.0173597676	0.0790905254	0.0017091256
0	0.9304215369	0.0029146326	0.0020037651	0.0189388720	0.0457211933
0	0.0238343603	0.1546882487	0.0415538770	0.0889332061	0.6909903079
1	0.0390827838	0.0834320471	0.7480745501	0.0923453701	0.0370652490
1	0.0006061170	0.6000027116	0.0133464513	0.1029186883	0.2831260318
0	0.0107099524	0.0165830708	0.0247965884	0.9178116075	0.0300987808
1	0.3973907881	0.0050374233	0.0438088490	0.1312528304	0.4225101091
0	0.1852070122	0.1215961321	0.0077128125	0.1942972533	0.4911867899
0	0.0921487630	0.1466661122	0.0004566837	0.0892787813	0.6714496598
0	0.0221457070	0.0025760755	0.0075267563	0.3417074219	0.6260440393
0	0.1002916878	0.1496363525	0.0000572267	0.1919589770	0.5580557560
0	0.2223577134	0.0927231654	0.0001003380	0.6638584603	0.0209603230
0	0.0410423762	0.2649184176	0.0131597181	0.2121221708	0.4687573173
0	0.0001070257	0.5915271101	0.0028460973	0.0109176720	0.3946020948
0	0.0192359010	0.6398913247	0.0000000023	0.0025503441	0.3383224280
2	0.2672411406	0.5573209487	0.0017393421	0.1736985646	0.0000000039
0	0.1397447831	0.0170932757	0.0011577116	0.8395489846	0.0024552450
1	0.0000685530	0.0062729154	0.1009170212	0.8924238256	0.0003176849
1	0.1157138546	0.0000013539	0.2967593972	0.5870378595	0.0004875348
0	0.6540651478	0.2037896297	0.0837534586	0.0000801005	0.0583116634
0	0.0924985886	0.3321615933	0.0049488228	0.3188566823	0.2515343130
0	0.6006727579	0.0000000001	0.1993957953	0.1581528787	0.0417785680
0	0.1628760783	0.0921652629	0.4069119851	0.1317728910	0.2062737828
0	0.0000000000	0.7481929182	0.0953903162	0.1009186902	0.0554980755
0	0.2181781302	0.4787172687	0.0558550074	0.0244566293	0.2227929645
1	0.1359092530	0.0166461264	0.2875912337	0.0955257109	0.4643276759
1	0.0510208571	0.0791503709	0.0408407613	0.7782256089	0.0507624018
0	0.1207600643	0.7173820762	0.0000000102	0.0203808176	0.1414770317
1	0.0425822815	0.3277124775	0.2125717774	0.3971491233	0.0199843404
1	0.6230930232	0.1381220213	0.0118639036	0.2016528675	0.0252681844
0	0.4104245334	0.0146130540	0.0073842227	0.5648497159	0.0027284740
0	0.0948397821	0.0000000000	0.0000000000	0.4240528686	0.4811073492
0	0.2981990128	0.5258162540	0.1601647559	0.0024258042	0.0133941732
0	0.7779773250	0.0000000005	0.0015488640	0.1335903724	0.0868834381
0	0.0034108940	0.0933485067	0.6863599053	0.1776690041	0.0392116899
0	0.0567085908	0.1964470321	0.3840761370	0.3576245896	0.0051436505
0	0.0183322683	0.7552997597	0.0816791733	0.1446491959	0.0000396028
0	0.2605006387	0.4030046119	0.0755247654	0.2169386646	0.0440313195
0	0.0073074589	0.0096184013	0.0577051578	0.7301226786	0.1952463035
0	0.2182595464	0.1064523079	0.0332892032	0.6358005651	0.0061983775
0	0.0121851620	0.0198591326	0.0305265362	0.4964778168	0.4409513524
0	0.0000000000	0.3703996299	0.0400244724	0.2388752556	0.3507006421
0	0.0284206192	0.0003204862	0.0446955264	0.7064756473	0.2200877208
0	0.0252669499	0.3408002058	0.0186251937	0.3327658338	0.2825418168
0	0.0149588772	0.0482880024	0.1294631939	0.5805145321	0.2267753944
0	0.2516940414	0.7117326434	0.0000000000	0.0000470410	0.0365262742
0	0.0005818625	0.0902697350	0.0036339112	0.8072771473	0.0982373439
0	0.0594880847	0.1489337084	0.0000025335	0.2584453067	0.5331303667
0	0.0846581457	0.3280751389	0.2679274201	0.0199435352	0.2993957601
0	0.0000609239	0.1470297640	0.0086425363	0.8441715248	0.0000952510
0	0.0229011602	0.8305398122	0.0000032919	0.1256981725	0.0208575632
0	0.6236485894	0.0002204496	0.0040181564	0.3378155910	0.0342972136
1	0.4870939433	0.0118133253	0.4080655971	0.0146808244	0.0783463100
0	0.1039165432	0.0693313849	0.7293949641	0.0000002670	0.0973568408
0	0.0036564706	0.0000000885	0.2758797300	0.5566743909	0.1637893201
1	0.0034417146	0.0158607127	0.0003516849	0.0004440654	0.9799018224
0	0.2578355232	0.1061967873	0.5481735739	0.0818365028	0.0059576128
2	0.7191890907	0.0432041123	0.1214583676	0.0345438940	0.0816045354
0	0.0011814211	0.0413019585	0.3978529344	0.3948640540	0.1647996321
0	0.0020607160	0.1754301175	0.4944890344	0.0000000000	0.3280201321
1	0.5286449562	0.1083357693	0.0320816327	0.0765868232	0.2543508186
0	0.4270309031	0.0548209304	0.1618613893	0.3562850423	0.0000017348
0	0.0184774340	0.0706778461	0.0000889789	0.0766234901	0.8341322509
0	0.0202804589	0.1090488994	0.0907573676	0.7798989577	0.0000143164
0	0.1957928335	0.0057694340	0.0003959675	0.0124357661	0.7856059989
0	0.2128158018	0.0669416738	0.1755465739	0.4012413741	0.1434545764
0	0.5414488298	0.0007746702	0.1287762322	0.0067589492	0.3222413185
0	0.0224836738	0.1031657082	0.0000602490	0.2159575682	0.6583328008
1	0.4244728271	0.0198587290	0.3415475384	0.0163579033	0.1977630022
0	0.4651699234	0.0000000057	0.1202910584	0.3818081777	0.0327308348
0	0.1905254575	0.0257679796	0.0011449298	0.5132511739	0.2693104592
0	0.0055047338	0.0054352108	0.0007058791	0.9780102410	0.0103439353
0	0.1272418615	0.1136289422	0.4185055236	0.2912814652	0.0493422075
0	0.0176062399	0.0891349960	0.2392076029	0.2120970810	0.4419540803
0	0.5099256822	0.1504718011	0.0195178237	0.2707981619	0.0492865311
0	0.0185769787	0.1270373050	0.2828091248	0.3338733580	0.2377032336
0	0.0962562114	0.8595733981	0.0003689771	0.0312519064	0.0125495070
0	0.2064769708	0.2443287488	0.0000206262	0.5455662756	0.0036073786
0	0.7145678176	0.0661536082	0.0039564374	0.0297952822	0.1855268546
1	0.5752789536	0.0561778132	0.0184313034	0.3484746455	0.0016372843
