1	0.1602147794	0.0328753654	0.2271362402	0.1419858462	0.4377877688
0	0.1622094461	0.0714950168	0.0038574457	0.7624373250	0.0000007664
1	0.1958531349	0.0010364368	0.0000001452	0.0217296256	0.7813806576
0	0.5013526270	0.0007727178	0.0832200929	0.3247214242	0.0899331381
0	0.0282400615	0.1462405107	0.4810836420	0.3109193932	0.0335163926
1	0.0117937341	0.1684136831	0.5659586350	0.2222565285	0.0315774193
1	0.0239630250	0.4662975302	0.0192500141	0.0022305235	0.4882589073
0	0.0797831490	0.6500811735	0.1385587000	0.0513651385	0.0802118390
1	0.0702455194	0.4468063245	0.0041111936	0.3287879981	0.1500489644
1	0.2406210260	0.0002282909	0.0817110220	0.1510973181	0.5263423430
0	0.0036810219	0.0345652169	0.1460443509	0.6655182262	0.1501911841
0	0.0918359724	0.6166798526	0.0583002291	0.2152619114	0.0179220346
0	0.1439516441	0.6634999841	0.0000118263	0.0236493175	0.1688872280
0	0.0002167430	0.6336352510	0.3303159128	0.0252118603	0.0106202329
1	0.1115919992	0.0150461300	0.0321692133	0.8295227429	0.0116699147
0	0.2073456257	0.3605598835	0.0088784096	0.3739275955	0.0492884856
0	0.3466652870	0.6350678592	0.0000000003	0.0064952993	0.0117715541
0	0.0003635303	0.0000471540	0.0690897967	0.9238517248	0.0066477942
0	0.0747445992	0.1270731420	0.0008149067	0.5166311875	0.2807361645
0	0.0008910791	0.1097090130	0.0461075190	0.2008771213	0.6424152676
0	0.3948140680	0.0033480442	0.0424361300	0.1054157818	0.4539859759
0	0.0385499969	0.1287374081	0.7425060282	0.0733719197	0.0168346471
0	0.0771558198	0.0500670739	0.5695662622	0.2051442105	0.0980666336
0	0.0921419273	0.4125185659	0.0172699081	0.1669761264	0.3110934723
0	0.0547810597	0.1531612551	0.7701779872	0.0004158739	0.0214638241
0	0.0032161267	0.8515944914	0.0047549732	0.0169863081	0.1234481006
0	0.3209297388	0.0660232438	0.0000514711	0.1401247150	0.4728708313
1	0.5107711445	0.0000046544	0.4615079179	0.0252146182	0.0025016650
0	0.1051512203	0.7772101885	0.0646090374	0.0529246224	0.0001049315
0	0.3272005919	0.2998353359	0.0736305831	0.0154490655	0.2838844237
0	0.4433791534	0.2496206675	0.0416661672	0.2563355057	0.0089985062
0	0.1498746914	0.0008060378	0.5253739408	0.2537416980	0.0702036320
0	0.6240185923	0.1906061225	0.0121442878	0.0883892654	0.0848417320
0	0.1944908828	0.0334109644	0.0288264170	0.1271850460	0.6160866897
0	0.4362914002	0.5041691250	0.0073237912	0.0003966840	0.0518189996
1	0.0011919744	0.6106164134	0.0492748485	0.0203366670	0.3185800967
0	0.3400326785	0.3505771774	0.0000000000	0.2176377477	0.0917523964
1	0.0810104007	0.1398403113	0.1746664887	0.1298289486	0.4746538508
0	0.0130469720	0.5127475042	0.1000669917	0.0126368535	0.3615016786
1	0.7192765856	0.0101494490	0.1733080636	0.0972046052	0.0000612966
1	0.2003175695	0.0196750103	0.0000392091	0.4009658164	0.3790023947
0	0.6682687633	0.1269483895	0.0000000000	0.1743633988	0.0304194484
0	0.5063733977	0.1197928519	0.2192980337	0.0008300532	0.1537056634
0	0.3518040335	0.0086482067	0.1958023554	0.0107088756	0.4330365287
0	0.7601878265	0.0609366059	0.0879820675	0.0908888036	0.0000046965
0	0.0171612386	0.7729721939	0.0021911461	0.0003581966	0.2073172248
0	0.4793805107	0.2678588521	0.1505446733	0.0000000000	0.1022159639
0	0.2992004471	0.1014229838	0.0047187868	0.0154772136	0.5791805688
0	0.3571782691	0.5078078175	0.0373479463	0.0581984050	0.0394675621
0	0.0180854008	0.6195770575	0.0249880318	0.2511197079	0.0862298020
1	0.3991253141	0.0633419231	0.4688590628	0.0422723253	0.0264013747
0	0.0000036195	0.1710123222	0.1422017391	0.5903870893	0.0963952299
0	0.0000316815	0.5438032147	0.0126677877	0.1970243072	0.2464730089
0	0.0390499309	0.0676172080	0.0802799973	0.8053553258	0.0076975380
0	0.2212348318	0.1008656019	0.0653587432	0.4601053442	0.1524354790
0	0.1798439376	0.1166420659	0.0616679760	0.6147905601	0.0270554605
0	0.0540260572	0.0211945428	0.2606725134	0.0016277290	0.6624791576
0	0.6569883778	0.1429248981	0.1162440534	0.0028097056	0.0810329651
0	0.5920210349	0.3143934450	0.0869779851	0.0045536813	0.0020538537
0	0.2837712683	0.2174544939	0.1241583770	0.0138930531	0.3607228076
2	0.4917277636	0.3318851433	0.0000000001	0.0021627759	0.1742243170
0	0.3227663531	0.3131009737	0.0511721078	0.2910587359	0.0219018295
1	0.5627776028	0.0327815551	0.4008770698	0.0008727864	0.0026909858
1	0.2554478120	0.5894920975	0.0000000000	0.0976171205	0.0574429701
0	0.6806690416	0.0478316906	0.0056156736	0.0050277556	0.2608558386
0	0.0670752973	0.0146047379	0.0122464682	0.0000149573	0.9060585392
1	0.0009122325	0.7789457919	0.0366349373	0.0064766365	0.1770304018
0	0.0536705145	0.3556892323	0.2785891470	0.0181887535	0.2938623527
0	0.0813656050	0.5702318733	0.2390494464	0.1068349507	0.0025181245
0	0.0065264254	0.0000000000	0.0144153923	0.4554724238	0.5235857584
1	0.2319253741	0.0015525397	0.3803986578	0.1013015932	0.2848218352
0	0.0333471902	0.1910302537	0.1074933675	0.6631420999	0.0049870889
0	0.0405303122	0.0281227263	0.0067301798	0.9245681594	0.0000486223
1	0.0581605800	0.3005626659	0.0526536222	0.2746864667	0.3139366652
0	0.0143008097	0.3712206755	0.0363972568	0.0135517039	0.5645295541
0	0.0987199991	0.0835478882	0.0616279592	0.5431726571	0.2129314964
0	0.0040075806	0.6645171837	0.0403242255	0.2227199533	0.0684310569
0	0.4676224515	0.1705619681	0.3195863496	0.0000000018	0.0422292290
0	0.0000905218	0.3344699255	0.4135522167	0.2518711338	0.0000162022
0	0.1117207736	0.2962966487	0.0254819999	0.4219907118	0.1445098660
0	0.4277160730	0.0948281294	0.0469293877	0.2777248250	0.1528015850
0	0.5602796530	0.3231094385	0.0329053778	0.0714325095	0.0122730212
0	0.0522327412	0.0089987265	0.0348554718	0.8814272267	0.0224858338
0	0.4930505271	0.0654301565	0.0715860450	0.3698949742	0.0000382973
0	0.3108646822	0.0520485089	0.5732407896	0.0143337809	0.0495122384
0	0.0003641505	0.0332658595	0.9062714133	0.0088425455	0.0512560311
0	0.0302096949	0.6656317168	0.0395755107	0.0117054961	0.2528775814
0	0.0167399984	0.1188956747	0.0061669912	0.7180774011	0.1401199346
0	0.1478737382	0.4112614189	0.1836872920	0.2570631283	0.0001144226
0	0.0000993380	0.0220006506	0.6271653435	0.2367240662	0.1140106017
0	0.0110724832	0.0169296684	0.0156728858	0.0049325385	0.9513924241
1	0.0225352890	0.4394856461	0.5352489134	0.0000000000	0.0027301515
0	0.0082628048	0.0677605367	0.3094661612	0.6010832157	0.0134272815
0	0.0840709182	0.2510891987	0.0419317279	0.5359972527	0.0869109025
0	0.6409788194	0.1118377983	0.1623051492	0.0848054281	0.0000728051
0	0.0200815103	0.0366831734	0.0001833013	0.7669893604	0.1760626546
1	0.0141704199	0.6138014582	0.0230189571	0.0015047947	0.3475043700
0	0.2752673738	0.0991231231	0.1801435839	0.3277029500	0.1177629692
0	0.7214507687	0.0644090253	0.1395866271	0.0311199930	0.0434335859
0	0.3450995867	0.1194157217	0.0323477640	0.2000376610	0.3030992666
