0	0.1484621518	0.3927687370	0.4587691112
0	0.1214011733	0.1357721243	0.7428267024
0	0.0000000019	0.6067464732	0.3932535249
0	0.4054859784	0.0213632060	0.5731508156
0	0.0000000250	0.9970757258	0.0029242492
0	0.0000000000	0.5781161263	0.4218838737
0	0.0009178454	0.9910301772	0.0080519774
0	0.9011440584	0.0692161752	0.0296397664
0	0.0848489508	0.0001764166	0.9149746327
0	0.8884682931	0.0046165214	0.1069151855
1	0.2619450573	0.5170005278	0.2210544150
0	0.0002594705	0.2174337594	0.7823067701
0	0.0000000000	0.0826836502	0.9173163498
0	0.0000000002	0.9874826746	0.0125173251
0	0.1734553470	0.5472085260	0.2793361269
0	0.7721928345	0.0134353723	0.2143717932
0	0.0817701975	0.9010709573	0.0171588452
0	0.0050600715	0.4404143282	0.5545256004
0	0.8011583927	0.0003752048	0.1984664024
0	0.0000000062	0.5630265096	0.4369734841
0	0.5027310788	0.2829658630	0.2143030582
1	0.0000746643	0.4728986687	0.5270266669
0	0.1196943245	0.0622455592	0.8180601162
0	0.1196470279	0.0208697533	0.8594832188
0	0.6812547376	0.3187452624	0.0000000000
0	0.0448158778	0.0000000000	0.9551841222
0	0.5807415734	0.1946756401	0.2245827865
0	0.0961649552	0.7686266808	0.1352083640
2	0.2488386967	0.7442024632	0.0069588400
0	0.7982241013	0.0154406345	0.1863352642
0	0.8234902842	0.0042406632	0.1722690525
0	0.0000506879	0.5082274847	0.4917218274
1	0.0244440967	0.2279342380	0.7476216653
2	0.0118079947	0.0000006237	0.9881913816
0	0.0892510588	0.7265422475	0.1842066936
0	0.4525596566	0.0000000000	0.5474403434
2	0.0251648457	0.8164408122	0.1583943421
0	0.0317451968	0.8840795738	0.0841752295
0	0.3522980041	0.0043278373	0.6433741587
0	0.3601645803	0.0433653762	0.5964700436
1	0.4316439174	0.2187560741	0.3496000084
0	0.2258216656	0.6939225755	0.0802557589
0	0.0256028540	0.9410003703	0.0333967758
1	0.0082094496	0.0047513478	0.9870392026
0	0.0000000000	0.7246580374	0.2753419626
1	0.0000002372	0.0061147294	0.9938850334
1	0.0222062173	0.9773089489	0.0004848337
0	0.0481381426	0.9462172771	0.0056445803
0	0.6183802966	0.3604932338	0.0211264696
0	0.0032691019	0.0000011418	0.9967297563
0	0.0000000991	0.0001495567	0.9998503442
0	0.0015029758	0.0220638013	0.9764332229
0	0.0885947076	0.0537147459	0.8576905464
0	0.9999768449	0.0000022606	0.0000208945
1	0.7633822553	0.0371255414	0.1994922033
0	0.0038413241	0.0901205010	0.9060381749
0	0.8342817845	0.0680140241	0.0977041914
0	0.0444470239	0.9488624728	0.0066905033
0	0.1896140664	0.0089495621	0.8014363714
1	0.0371907059	0.7716260017	0.1911832923
0	0.6852734043	0.1277402160	0.1869863798
0	0.0253961798	0.2643681223	0.7102356979
0	0.3213178852	0.0794657959	0.5992163190
0	0.8838860056	0.0028959772	0.1132180172
0	0.0004390915	0.9995609084	0.0000000001
0	0.2650014304	0.3489242747	0.3860742948
0	0.0559436657	0.0626455585	0.8814107758
0	0.6380711641	0.2327152484	0.1292135875
0	0.0193036041	0.8823611417	0.0983352541
1	0.4149239169	0.3689822340	0.2160938491
0	0.6005338230	0.0653948024	0.3340713746
0	0.6518449199	0.3452830104	0.0028720697
1	0.0008822097	0.0000743963	0.9990433940
0	0.6537003405	0.0601026796	0.2861969799
0	0.7503481478	0.0785568879	0.1710949643
0	0.9431775496	0.0568224504	0.0000000000
1	0.2112498570	0.0067106705	0.7820394724
0	0.5018160579	0.3344307558	0.1637531864
1	0.3845105146	0.0470696150	0.5684198704
0	0.0397060724	0.0021653999	0.9581285277
0	0.0035194232	0.2360413876	0.7604391893
0	0.0716700612	0.9244752239	0.0038547149
0	0.9999614877	0.0000189700	0.0000195422
0	0.2839517096	0.6421135445	0.0739347459
0	0.1292625667	0.7955278914	0.0752095419
0	0.0000000000	0.9983170806	0.0016829194
0	0.0758476807	0.0160053909	0.9081469284
0	0.0112407156	0.5915303772	0.3972289072
0	0.5006446231	0.4964924273	0.0028629496
1	0.0042702180	0.9957297820	0.0000000000
0	0.0907435495	0.8775300227	0.0317264278
0	0.0009336068	0.1826906159	0.8163757773
0	0.4630865324	0.0320183823	0.5048950853
0	0.5866757374	0.1222362315	0.2910880311
0	0.0181013400	0.9706168655	0.0112817945
0	0.0457386556	0.4624305714	0.4918307730
0	0.1680141843	0.8319855289	0.0000002868
0	0.1732203273	0.1028570217	0.7239226510
0	0.0128814492	0.1784048276	0.8087137231
1	0.9999999997	0.0000000000	0.0000000002
