0	0.0041919751	0.9371901201	0.0586179048
0	0.3012525207	0.2598033440	0.4389441353
0	0.4473793762	0.1386761878	0.4139444360
0	0.2241868485	0.7590137385	0.0167994130
0	0.5869085959	0.0285079527	0.3845834513
1	0.9605236441	0.0393464135	0.0001299424
0	0.6788792257	0.3208122290	0.0003085453
0	0.0000839785	0.9999160048	0.0000000167
0	0.0000163857	0.8318321398	0.1681514745
0	0.0452281740	0.3619133124	0.5928585136
1	0.0834029631	0.8493523929	0.0672446440
0	0.0373462001	0.6189171404	0.3437366594
0	0.1046414687	0.0765138516	0.8188446797
1	0.0050573557	0.9947764081	0.0001662362
0	0.0161533242	0.9822286036	0.0016180721
1	0.7828068680	0.2171902999	0.0000028321
0	0.1156800902	0.5958534095	0.2884665003
1	0.3122843999	0.6822347986	0.0054808015
0	0.0461747855	0.0020696478	0.9517555667
0	0.0001264945	0.0000000000	0.9998735055
0	0.0000000000	0.9871846311	0.0128153689
0	0.5409015501	0.3180795101	0.1410189398
0	0.0048005038	0.0000000570	0.9951994392
0	0.0045280482	0.1866249224	0.8088470294
0	0.9885715952	0.0000014873	0.0114269175
0	0.9976838785	0.0020457306	0.0002703910
2	0.9418722255	0.0004445009	0.0576832735
0	0.0014053166	0.5270982422	0.4714964412
1	0.0562018261	0.0000265661	0.9437716078
0	0.3381098345	0.0947504749	0.5671396906
0	0.9977752143	0.0022247857	0.0000000000
0	0.9418700706	0.0242256294	0.0339043001
0	0.9235261208	0.0717858636	0.0046880157
0	0.6698006815	0.3300032339	0.0001960846
1	0.0001982721	0.0225924493	0.9772092786
0	0.2989661417	0.3298405670	0.3711932913
0	0.2345279998	0.6657763684	0.0996956318
0	0.9788550558	0.0000003611	0.0211445831
1	0.0000000547	0.9435949862	0.0564049592
0	0.7187472682	0.2811876786	0.0000650532
0	0.6550006224	0.2576820930	0.0873172846
1	0.5703657079	0.3395137617	0.0901205304
1	0.1013071004	0.8968460524	0.0018468472
0	0.0562750493	0.0000000000	0.9437249507
0	0.4615231551	0.0020514452	0.5364253997
0	0.7842982885	0.2132970804	0.0024046311
0	0.0556896524	0.0170276074	0.9272827402
0	0.5896644719	0.4071899477	0.0031455804
0	0.0005567721	0.9628505532	0.0365926746
0	0.0001575426	0.2729870298	0.7268554276
1	0.3302058805	0.5601328472	0.1096612724
0	0.0000000000	0.1098277526	0.8901722474
0	0.2263079341	0.2979466268	0.4757454390
0	0.0064440819	0.7558508687	0.2377050494
0	0.7906270152	0.1189724158	0.0904005690
0	0.0463262462	0.0005385357	0.9531352181
0	0.7807997577	0.1025744022	0.1166258401
0	0.4462782939	0.4616535836	0.0920681225
0	0.3757382504	0.4191865830	0.2050751666
0	0.0147097665	0.0067063713	0.9785838622
0	0.0000000042	0.9123691890	0.0876308067
0	0.0167783372	0.3648167913	0.6184048715
0	0.3987402540	0.0000020158	0.6012577302
0	0.9160322102	0.0456844028	0.0382833871
0	0.0751112401	0.7596677514	0.1652210085
0	0.1166993967	0.5677990737	0.3155015296
0	0.0058834340	0.7367434550	0.2573731110
0	0.7222611628	0.2468725802	0.0308662569
0	0.3657717752	0.5831696597	0.0510585651
1	0.0020802077	0.3987303836	0.5991894087
1	0.0007997856	0.9992002144	0.0000000000
0	0.0048629779	0.9945661172	0.0005709049
0	0.6548994190	0.1791295906	0.1659709903
1	0.0000000256	0.9829354376	0.0170645368
0	0.8657960893	0.1120523095	0.0221516012
0	0.0231462051	0.0003906042	0.9764631907
0	0.7935393064	0.0441530328	0.1623076608
0	0.3978154468	0.3145979278	0.2875866254
0	0.0000000141	0.9761881826	0.0238118034
0	0.0000221054	0.9866260048	0.0133518898
1	0.0066813243	0.0811711311	0.9121475445
0	0.9873371059	0.0045131370	0.0081497571
1	0.0210463002	0.9774228488	0.0015308510
0	0.0097686677	0.8991649170	0.0910664153
0	0.0780093136	0.8783192848	0.0436714016
0	0.0002812151	0.9997119518	0.0000068331
0	0.5913798713	0.4084351637	0.0001849650
2	0.0000195284	0.6788494552	0.3211310164
1	0.0060741004	0.8353459107	0.1585799889
1	0.0209164789	0.5616833775	0.4174001436
0	0.0005241111	0.8608434945	0.1386323945
0	0.0001853986	0.9804152910	0.0193993104
0	0.0094954532	0.9487939101	0.0417106367
2	0.2333850689	0.0529641922	0.7136507388
0	0.0016565500	0.5767815924	0.4215618576
0	0.0162870145	0.5640378182	0.4196751674
0	0.0027125395	0.9868938979	0.0103935627
0	0.7089897208	0.2908664401	0.0001438391
0	0.1653093642	0.6711547386	0.1635358972
1	0.0012924176	0.7056852135	0.2930223688
