1	0.0730955780	0.4801346671	0.4467697549
1	0.9970222988	0.0004810536	0.0024966477
0	0.2798595803	0.7122581764	0.0078822434
0	0.1417452879	0.0821209806	0.7761337315
0	0.0613962577	0.1080545564	0.8305491860
0	0.0124502285	0.3007547156	0.6867950559
0	0.7957851547	0.2030108959	0.0012039494
0	0.3044515327	0.1344506119	0.5610978553
0	0.9999999945	0.0000000001	0.0000000054
0	0.0000000000	0.0003429473	0.9996570527
0	0.5954447145	0.3637707973	0.0407844882
0	0.1688477383	0.0448145457	0.7863377160
0	0.1259706592	0.0099296577	0.8640996831
0	0.0033483575	0.0492803677	0.9473712748
0	0.5292211458	0.0433782613	0.4274005929
0	0.8822438270	0.1177561730	0.0000000000
0	0.0233100335	0.7309736537	0.2457163129
0	0.4564282923	0.0008988026	0.5426729051
1	0.0001820948	0.0002117783	0.9996061269
0	0.7237818239	0.0945253219	0.1816928542
0	0.0031471378	0.9933573224	0.0034955398
0	0.3191875680	0.0283845079	0.6524279241
0	0.3157719588	0.4490871264	0.2351409148
0	0.0096393653	0.0002728144	0.9900878203
0	0.3558275056	0.6441724576	0.0000000368
0	0.0517210636	0.0103245581	0.9379543783
0	0.7882817930	0.1702475109	0.0414706962
0	0.0057736798	0.9124572639	0.0817690563
1	0.8809744612	0.0250041811	0.0940213577
0	0.2571543990	0.0752326295	0.6676129715
0	0.4492296766	0.0117089365	0.5390613869
0	0.0000000001	0.7014880816	0.2985119183
0	0.2447394720	0.0000552819	0.7552052461
0	0.1682322718	0.3306094412	0.5011582870
0	0.2384069899	0.3321214090	0.4294716011
1	0.7851793128	0.0679947582	0.1468259291
0	0.2473539778	0.7526320290	0.0000139932
0	0.1376016383	0.0008620584	0.8615363033
0	0.9282286450	0.0194473666	0.0523239884
0	0.0945275285	0.0081674646	0.8973050069
1	0.0588104052	0.0595531019	0.8816364929
0	0.0141504900	0.8587437315	0.1271057785
0	0.9999999260	0.0000000000	0.0000000740
0	0.3238654022	0.0183596649	0.6577749329
0	0.9061635072	0.0313840038	0.0624524889
0	0.8748711301	0.0045917981	0.1205370718
1	0.3717973822	0.0000001501	0.6282024677
1	0.3498237887	0.6100408675	0.0401353438
0	0.7350753995	0.1957457269	0.0691788736
0	0.0651428150	0.0715669166	0.8632902684
0	0.2692215107	0.7305768767	0.0002016126
0	0.4476753790	0.0027927015	0.5495319195
0	0.6414972764	0.0057856381	0.3527170854
1	0.6497860411	0.2131399368	0.1370740221
0	0.2334188640	0.7583505013	0.0082306346
0	0.6907585910	0.0061853520	0.3030560570
1	0.9550611353	0.0012300513	0.0437088133
1	0.3162911549	0.2322808982	0.4514279469
1	0.0301258093	0.4537044603	0.5161697304
0	0.9269648562	0.0003354019	0.0726997419
0	0.9100943324	0.0896556949	0.0002499727
0	0.0000005027	0.5524208903	0.4475786070
0	0.7765872629	0.2193718533	0.0040408839
1	0.8424303281	0.0001563661	0.1574133058
2	0.0009152952	0.8036570157	0.1954276891
0	0.7245017569	0.0770137781	0.1984844650
0	0.0000153844	0.4142632248	0.5857213908
1	0.0056900701	0.9424784628	0.0518314671
0	0.0119992176	0.0112773150	0.9767234674
0	0.1670894891	0.0530527533	0.7798577575
0	0.6157611145	0.0000000106	0.3842388749
0	0.0387148601	0.9576537755	0.0036313644
0	0.0247784705	0.0919461497	0.8832753798
0	0.0000667292	0.7942197210	0.2057135498
0	0.0012716702	0.0009795379	0.9977487919
0	0.9669433756	0.0027343578	0.0303222666
0	0.0440024133	0.2970394726	0.6589581141
0	0.0137251905	0.0013473093	0.9849275002
0	0.0295132837	0.7617568918	0.2087298245
0	0.2353573804	0.0003973499	0.7642452697
0	0.7360875000	0.0076420088	0.2562704912
0	0.2680904512	0.1282662383	0.6036433105
1	0.0000054964	0.0030243666	0.9969701370
0	0.0106273007	0.3484333263	0.6409393730
1	0.4561618906	0.4640263534	0.0798117560
0	0.4353077719	0.5646922281	0.0000000000
0	0.4000194752	0.1963117863	0.4036687384
0	0.2591491395	0.2194507447	0.5214001157
1	0.8483614258	0.0000675928	0.1515709814
0	0.3804958629	0.1780773662	0.4414267709
0	0.0021815476	0.8007309567	0.1970874957
0	0.9360340370	0.0000000041	0.0639659589
0	0.0000000000	0.8957353774	0.1042646226
0	0.1655713256	0.8338672876	0.0005613867
0	0.0000000312	0.9995196007	0.0004803681
0	0.2476353082	0.0000000074	0.7523646845
1	0.0530562609	0.7879193988	0.1590243402
0	0.0412513755	0.0153090094	0.9434396151
1	0.0010138991	0.3636779664	0.6353081346
0	0.0003379919	0.0001901415	0.9994718666
