0	0.1953240083	0.8036086953	0.0010672964
1	0.0240205277	0.2005231889	0.7754562834
0	0.9819366257	0.0000000003	0.0180633740
1	0.1856576929	0.0000006200	0.8143416872
0	0.0104191664	0.2936687332	0.6959121004
0	0.4721494976	0.1186010280	0.4092494744
0	0.8984590213	0.0124305874	0.0891103913
0	0.3084710994	0.0006704836	0.6908584170
1	0.0165581196	0.9788292611	0.0046126193
1	0.0074298469	0.8742159946	0.1183541585
0	0.0274986375	0.5636729223	0.4088284402
2	0.8128689498	0.0303079029	0.1568231472
0	0.0207965889	0.9788525165	0.0003508946
0	0.1191543974	0.5450284290	0.3358171736
0	0.2929310426	0.3151121198	0.3919568376
0	0.0023911898	0.0963609811	0.9012478291
0	0.6393858200	0.3515879142	0.0090262658
0	0.9905500644	0.0062651436	0.0031847920
0	0.3033417477	0.0029633339	0.6936949184
0	0.0689364443	0.9204300032	0.0106335525
1	0.2497387288	0.3218962928	0.4283649785
0	0.0000000003	0.0656037029	0.9343962968
0	0.7087813417	0.2608531842	0.0303654742
0	0.5436477805	0.2802132251	0.1761389944
2	0.5440285536	0.1963636642	0.2596077822
1	0.5071159104	0.3145367413	0.1783473484
0	0.0013400433	0.9807419983	0.0179179584
0	0.3032983892	0.6966187606	0.0000828502
0	0.0204242376	0.0027236605	0.9768521019
0	0.2763778000	0.0144784767	0.7091437233
0	0.7340383471	0.1835741074	0.0823875455
0	0.0011797582	0.0004409050	0.9983793369
0	0.9135340561	0.0784965724	0.0079693715
0	0.0006352261	0.0000057879	0.9993589860
0	0.0729917745	0.0076351933	0.9193730322
0	0.2809949671	0.1574842206	0.5615208123
0	0.0811794834	0.9161551538	0.0026653628
1	0.5849749786	0.0089466128	0.4060784086
0	0.2513237576	0.0137823036	0.7348939389
0	0.6439837435	0.0000000000	0.3560162565
0	0.0002333264	0.7201179939	0.2796486797
0	0.9971395889	0.0000000000	0.0028604111
0	0.5116235839	0.0284105602	0.4599658559
2	0.0613899638	0.9152812996	0.0233287366
0	0.7356910028	0.1085373951	0.1557716022
0	0.2962127090	0.0107684448	0.6930188463
0	0.9815703918	0.0000712677	0.0183583406
0	0.2144806068	0.2698241711	0.5156952220
0	0.0000028498	0.3336075552	0.6663895950
0	0.4120952150	0.4950437110	0.0928610740
0	0.0000644435	0.0068510715	0.9930844850
0	0.0000643087	0.4331517798	0.5667839115
0	0.0371469652	0.8554005756	0.1074524592
0	0.0000819310	0.9795784132	0.0203396558
0	0.6955149394	0.0745425539	0.2299425067
0	0.0277211003	0.4896179991	0.4826609005
0	0.9935959518	0.0064039721	0.0000000760
0	0.0222154039	0.9006226715	0.0771619246
1	0.0001337785	0.3408346142	0.6590316074
0	0.0580928073	0.5110985289	0.4308086638
1	0.6209634368	0.3509426022	0.0280939609
0	0.9911114323	0.0017788663	0.0071097014
0	0.0098103276	0.2773679962	0.7128216762
0	0.9526944419	0.0017772072	0.0455283509
0	0.0975947283	0.0731168976	0.8292883741
1	0.9999999950	0.0000000050	0.0000000000
1	0.0057749840	0.4220850520	0.5721399641
1	0.0067313722	0.9643706812	0.0288979466
0	0.8618210691	0.0000000211	0.1381789099
0	0.0028505126	0.8892471712	0.1079023162
0	0.2354147993	0.7048685896	0.0597166111
0	0.0983884624	0.1348349721	0.7667765655
0	0.8260662219	0.0000000000	0.1739337781
1	0.9464735488	0.0411821272	0.0123443240
0	0.0552527219	0.8599817688	0.0847655093
0	0.9600733812	0.0307736455	0.0091529733
0	0.8205101717	0.0935125401	0.0859772882
0	0.3975766981	0.3888785915	0.2135447104
1	0.5898279882	0.3973758875	0.0127961243
0	0.0234927372	0.8839483120	0.0925589509
0	0.4024271577	0.1646804088	0.4328924335
1	0.5313055758	0.0045927365	0.4641016877
0	0.8873743976	0.0000339437	0.1125916587
0	0.4812589777	0.0000003084	0.5187407139
0	0.3788088902	0.0000053042	0.6211858056
0	0.0000000000	0.3390144136	0.6609855864
0	0.7080406675	0.0364102530	0.2555490794
1	0.3919150138	0.1997730970	0.4083118892
0	0.0000000000	0.9113365661	0.0886634339
0	0.1050230449	0.7268802921	0.1680966631
0	0.6427020520	0.0000027692	0.3572951788
1	0.7109039833	0.0147616975	0.2743343192
0	0.0000001847	0.0090907787	0.9909090366
0	0.3987665189	0.0547648957	0.5464685854
0	0.0081393441	0.8721476720	0.1197129839
1	0.8949931759	0.0003341193	0.1046727048
0	0.7020348425	0.0000355416	0.2979296159
0	0.1798560489	0.7086093540	0.1115345971
0	0.0788796110	0.2753675582	0.6457528308
0	0.5877246126	0.0895271741	0.3227482133
