0	0.7272932445	0.1234563567	0.1492503988
0	0.7938841660	0.0983666140	0.1077492201
1	0.1727927883	0.8272071536	0.0000000581
0	0.2274678869	0.4444914161	0.3280406971
0	0.0588399755	0.1507503347	0.7904096899
0	0.1538764028	0.1596036500	0.6865199472
1	0.0159105747	0.9547068576	0.0293825677
0	0.8905543255	0.1073181209	0.0021275536
0	0.4802908202	0.5196941863	0.0000149935
1	0.2988701427	0.6952730647	0.0058567926
0	0.3103558701	0.4976577394	0.1919863905
0	0.0642050574	0.9159293325	0.0198656101
0	0.1665823850	0.7657862260	0.0676313890
1	0.2991911904	0.0421073420	0.6587014677
0	0.1456164093	0.1903431249	0.6640404657
0	0.0000000000	0.8868675154	0.1131324846
0	0.2826076936	0.6099368648	0.1074554416
0	0.1309613931	0.1308675285	0.7381710784
1	0.9956698627	0.0033612609	0.0009688763
0	0.1115205009	0.8859685500	0.0025109491
0	0.0175731680	0.9623365457	0.0200902864
0	0.1404176255	0.0590481614	0.8005342131
1	0.0399284810	0.7048497984	0.2552217207
1	0.9840324562	0.0132949529	0.0026725909
1	0.0482071081	0.9487231283	0.0030697636
0	0.0340882562	0.9039291275	0.0619826163
0	0.1461630040	0.6804592670	0.1733777289
0	0.5051270081	0.2695455461	0.2253274458
0	0.1739460810	0.0761125627	0.7499413563
1	0.0090963148	0.0011176628	0.9897860224
0	0.3620243159	0.5651073348	0.0728683493
0	0.5951458278	0.3680392328	0.0368149394
0	0.2796725368	0.0137598094	0.7065676538
1	0.5346795166	0.0354199952	0.4299004882
0	0.0699960937	0.9289882754	0.0010156309
0	0.1742999363	0.0289947434	0.7967053203
0	0.9918739403	0.0011727458	0.0069533138
0	0.3313822779	0.6248117339	0.0438059882
0	0.8821478318	0.1178521682	0.0000000000
0	0.0164271876	0.4489808379	0.5345919745
0	0.9240903192	0.0759096808	0.0000000000
0	0.5747980000	0.2418147002	0.1833872998
0	0.2599560878	0.0000000000	0.7400439122
1	0.0004252809	0.0664069273	0.9331677918
0	0.5546694553	0.1849378910	0.2603926537
0	0.0688187991	0.5194490692	0.4117321318
1	0.0348439414	0.9651560583	0.0000000003
1	0.0165131882	0.0033018120	0.9801849998
0	0.2985639926	0.5113671458	0.1900688616
1	0.0909634762	0.6154438718	0.2935926520
0	0.0000033061	0.9839886519	0.0160080421
0	0.7848711260	0.0054672594	0.2096616146
0	0.0378640379	0.7990797196	0.1630562425
1	0.0363766738	0.8492955152	0.1143278109
0	0.0609849189	0.0000000003	0.9390150808
1	0.9236349650	0.0100220314	0.0663430036
1	0.0020505163	0.9612656992	0.0366837845
0	0.8103672005	0.0000067750	0.1896260244
0	0.0812775115	0.2504957842	0.6682267042
1	0.0622495895	0.3552871335	0.5824632770
0	0.6964681168	0.2016836128	0.1018482705
0	0.7154948671	0.0002189395	0.2842861934
0	0.0000000000	0.9998220908	0.0001779092
0	0.0856986389	0.5274000481	0.3869013130
0	0.0602047917	0.1366099880	0.8031852203
0	0.0000258089	0.9690671456	0.0309070455
0	0.0249387850	0.0619559829	0.9131052321
1	0.2476977282	0.4801335876	0.2721686842
0	0.6597073077	0.1416469813	0.1986457110
0	0.9801172689	0.0002226929	0.0196600382
1	0.0045955744	0.0299699237	0.9654345020
0	0.1579520450	0.0929763830	0.7490715719
0	0.1157911610	0.4305821731	0.4536266659
0	0.9565889196	0.0434110780	0.0000000024
2	0.2882425145	0.3647669383	0.3469905473
0	0.6578313495	0.3420139204	0.0001547301
0	0.7745654479	0.0004322148	0.2250023373
0	0.0000000033	0.9999999967	0.0000000000
0	0.5487315077	0.4512684923	0.0000000000
0	0.3938648302	0.3514818396	0.2546533302
0	0.0000000000	0.7875609862	0.2124390138
0	0.4604788325	0.0122101651	0.5273110024
0	0.1060109541	0.8917469199	0.0022421260
0	0.9835554694	0.0000000687	0.0164444619
0	0.0001349552	0.0023913292	0.9974737156
0	0.0000000000	1.0000000000	0.0000000000
1	0.0652224996	0.2265947628	0.7081827376
0	0.3870442982	0.0000000038	0.6129556980
0	0.6158134177	0.0285772616	0.3556093207
0	0.0482702824	0.0000123317	0.9517173859
0	0.5088349051	0.0365893200	0.4545757749
0	0.4968471206	0.2781359522	0.2250169272
1	0.0106503602	0.0112527391	0.9780969007
1	0.3485681379	0.6126357966	0.0387960655
0	0.0161374415	0.0534580690	0.9304044896
0	0.3492172788	0.6375093389	0.0132733823
0	0.9987107212	0.0000000000	0.0012892788
0	0.2116532905	0.7631670868	0.0251796227
0	0.0629395938	0.0370762772	0.8999841290
0	0.7180256705	0.2413027706	0.0406715589
