1	0.9868470774	0.0127258518	0.0004270708
2	0.1502061963	0.5106735018	0.3391203020
0	0.0870561574	0.9129438374	0.0000000052
0	0.6788000482	0.2706850406	0.0505149112
1	0.0132711393	0.7803413114	0.2063875493
0	0.0071782251	0.1678034298	0.8250183452
0	0.2025440648	0.0000000090	0.7974559263
0	0.2415517811	0.5589502758	0.1994979431
0	0.0180982514	0.4956632557	0.4862384929
0	0.0024400311	0.9975599488	0.0000000201
0	0.4909357557	0.5090552757	0.0000089686
0	0.6126184850	0.0208513374	0.3665301777
0	0.5090661201	0.4755830978	0.0153507821
0	0.6163238189	0.1536739678	0.2300022133
0	0.0283208577	0.9509183012	0.0207608411
0	0.6383525795	0.1929202352	0.1687271853
0	0.5658127682	0.1093766437	0.3248105881
0	0.0235977632	0.0189228954	0.9574793413
1	0.1259231648	0.7702433372	0.1038334980
0	0.4126367488	0.1960271213	0.3913361299
0	0.2589786275	0.7410129069	0.0000084657
0	0.5434040712	0.4175910213	0.0390049075
0	0.1215541083	0.8784458916	0.0000000001
1	0.1805032275	0.8194616000	0.0000351725
0	0.2648674395	0.7196482190	0.0154843415
1	0.1792585481	0.6177721229	0.2029693290
0	0.0417073104	0.8258864762	0.1324062134
0	0.0788987237	0.9210738979	0.0000273784
0	0.3243474476	0.5413820563	0.1342704961
0	0.0273544340	0.6994491056	0.2731964604
0	0.8226130360	0.1437744132	0.0336125509
1	0.1907290274	0.3837135861	0.4255573865
0	0.0000000000	0.7674749457	0.2325250543
0	0.0027620767	0.0378570923	0.9593808309
0	0.1697058676	0.8302941324	0.0000000000
0	0.7930966819	0.2069033181	0.0000000000
0	0.1223237433	0.6996106969	0.1780655597
0	0.7600194632	0.1636476798	0.0763328570
0	0.0065986440	0.0220016672	0.9713996888
0	0.3469880537	0.3720777976	0.2809341487
0	0.1616878252	0.3066290097	0.5316831651
0	0.0000000000	0.0328889175	0.9671110825
0	0.0000000000	0.9411925088	0.0588074912
0	0.1720263360	0.1893086691	0.6386649949
1	0.8863402110	0.1115082063	0.0021515826
0	0.9999632060	0.0000053432	0.0000314508
0	0.6764018025	0.3173974383	0.0062007592
1	0.1243212288	0.0002734542	0.8754053170
0	0.0000000000	0.0000000000	1.0000000000
0	0.0000006757	0.1550964776	0.8449028466
0	0.0000000069	0.1764878136	0.8235121795
0	0.0000157909	0.1068705293	0.8931136798
0	0.0000031583	0.9495010980	0.0504957438
0	0.9506876141	0.0487121991	0.0006001868
0	0.0416580191	0.3643249318	0.5940170491
0	0.4070911454	0.3642272354	0.2286816192
0	0.1000790576	0.0000040144	0.8999169280
0	0.0002178904	0.1174015712	0.8823805384
0	0.0083440741	0.9206877406	0.0709681853
0	0.0146213655	0.9853770235	0.0000016110
0	0.0028306289	0.3212523425	0.6759170286
2	0.1041501810	0.5976601072	0.2981897118
0	0.0173904197	0.9782065578	0.0044030225
1	0.4002795513	0.0092344693	0.5904859794
0	0.3673289175	0.3913245006	0.2413465819
2	0.0019273526	0.4770928766	0.5209797708
0	0.0624649549	0.9012870157	0.0362480294
0	0.0930813370	0.3797310496	0.5271876134
0	0.9628826853	0.0007951575	0.0363221572
1	0.0000000000	0.6171747838	0.3828252161
0	0.7778781174	0.0264251695	0.1956967131
1	0.2070476310	0.0044495088	0.7885028602
0	0.2691062629	0.0163082583	0.7145854788
0	0.0000000060	0.1156006809	0.8843993131
0	0.0000000001	0.5350026154	0.4649973845
0	0.0000000144	0.5700024278	0.4299975579
0	0.0046360409	0.6883994181	0.3069645411
0	0.3686146109	0.6279970590	0.0033883301
0	0.1218392169	0.0019487220	0.8762120611
0	0.9199601581	0.0795664800	0.0004733620
0	0.0335007627	0.0022414166	0.9642578207
0	0.0002800986	0.9556105052	0.0441093962
1	0.0058465383	0.0793856774	0.9147677843
0	0.0000657570	0.1841108718	0.8158233712
0	0.6530150879	0.0603505410	0.2866343711
0	0.6315509520	0.2183398987	0.1501091493
0	0.4196536388	0.4417304995	0.1386158617
0	0.0105859383	0.1522801650	0.8371338967
0	0.2795784805	0.6581193151	0.0623022044
0	0.0185163844	0.2148014425	0.7666821731
0	0.0000055863	0.8950648818	0.1049295319
0	0.0404444137	0.9542224017	0.0053331847
0	0.0611089985	0.0040501584	0.9348408431
0	0.0379246887	0.0730191126	0.8890561987
0	0.0962626995	0.0073479070	0.8963893935
0	0.3415131326	0.1725871853	0.4858996820
0	0.1454458662	0.0848247590	0.7697293748
1	0.0000093114	0.0308140665	0.9691766222
0	0.4037694742	0.0431947796	0.5530357461
1	0.2572063567	0.7427935056	0.0000001377
