0	0.4907183309	0.1488605729	0.3604210962
0	0.1607904320	0.8363983720	0.0028111959
0	0.3668341348	0.2756171919	0.3575486733
0	0.1091338864	0.0000025348	0.8908635788
0	0.2786475883	0.0000185787	0.7213338330
1	0.7527057785	0.1446292556	0.1026649659
0	0.0000000062	0.2293146667	0.7706853271
0	0.7176100339	0.2820225600	0.0003674061
0	0.9998925284	0.0000374991	0.0000699726
0	0.6529341296	0.0801951119	0.2668707584
0	0.6355578193	0.3644421801	0.0000000007
0	0.0007380892	0.0288368307	0.9704250801
0	0.9530907824	0.0277844098	0.0191248078
0	0.9982190344	0.0017473178	0.0000336477
0	0.0878670203	0.9121178251	0.0000151546
0	0.0319309030	0.1272228196	0.8408462774
1	0.0154205656	0.2242083754	0.7603710590
0	0.3101265808	0.6395744254	0.0502989938
0	0.5232683548	0.0000000000	0.4767316452
0	0.0000509123	0.9999477417	0.0000013459
0	0.0161487277	0.9838512723	0.0000000000
0	0.0000351592	0.4028047796	0.5971600612
1	0.0000027412	0.7810568803	0.2189403785
1	0.7240163279	0.0004763068	0.2755073653
0	0.0708916203	0.0390200441	0.8900883356
0	0.0000000000	0.2694368396	0.7305631604
1	0.2226937404	0.7772968259	0.0000094337
0	0.1151595727	0.7432441640	0.1415962633
0	0.4460395756	0.4609028388	0.0930575856
0	0.1040612524	0.8940663667	0.0018723810
0	0.0008138246	0.9327161319	0.0664700435
0	0.6985866447	0.1359111457	0.1655022096
0	0.9881550149	0.0000000091	0.0118449760
0	0.8803576746	0.1196361136	0.0000062117
0	0.3907918408	0.6091372624	0.0000708968
2	0.0000000000	0.9449977848	0.0550022152
0	0.0632643110	0.6621161379	0.2746195510
0	0.2305103635	0.6866718225	0.0828178140
0	0.0831614586	0.1265982770	0.7902402643
0	0.5549726546	0.4041791611	0.0408481843
0	0.7144701733	0.0000000000	0.2855298267
0	0.0868628129	0.6980752581	0.2150619290
1	0.7905479313	0.1591809587	0.0502711100
0	0.9733026651	0.0052162763	0.0214810586
0	0.2123808974	0.1974449532	0.5901741495
0	0.1147267579	0.8497277975	0.0355454446
0	0.0265958275	0.0000000000	0.9734041725
0	0.0017366895	0.0006625517	0.9976007588
1	0.0842717361	0.4665542418	0.4491740221
0	0.9862486866	0.0000000278	0.0137512856
0	0.0022815200	0.3597586399	0.6379598401
1	0.0000040396	0.9996559943	0.0003399662
0	0.7321815080	0.2218107935	0.0460076985
0	0.0000544032	0.5072483977	0.4926971991
0	0.4733194771	0.3406307322	0.1860497907
0	0.9698322765	0.0020705425	0.0280971809
0	0.7868569928	0.0431367094	0.1700062978
1	0.4438015764	0.2090616557	0.3471367679
0	0.3195173780	0.6430458648	0.0374367572
0	0.1164622529	0.4743062242	0.4092315229
0	0.0047933360	0.0731949811	0.9220116829
0	0.9706468962	0.0074317581	0.0219213457
0	0.0892446647	0.9094915442	0.0012637910
0	0.1436917574	0.0054278577	0.8508803849
1	0.6826534957	0.2725552191	0.0447912852
0	0.9376949030	0.0192645469	0.0430405501
0	0.9074301999	0.0000081976	0.0925616025
0	0.3726520231	0.2915373583	0.3358106186
0	0.6771899386	0.1802387339	0.1425713275
0	0.6886659045	0.3112841931	0.0000499024
0	0.3591953232	0.1980518789	0.4427527979
0	0.0267413293	0.8721316179	0.1011270528
0	0.7126565798	0.2873433701	0.0000000501
0	0.1824051280	0.8175948043	0.0000000676
0	0.0000008549	0.9872959852	0.0127031598
0	0.0289853039	0.9708447056	0.0001699905
1	0.7949628930	0.0510143579	0.1540227491
1	0.0422600068	0.0327644078	0.9249755854
0	0.0453107139	0.0793256056	0.8753636806
0	0.4352709519	0.2207641581	0.3439648900
0	0.0000333687	0.0000000000	0.9999666313
0	0.0009468679	0.9886580116	0.0103951205
0	0.0139109165	0.1997748760	0.7863142075
0	0.2752620528	0.7017660381	0.0229719090
0	0.0002876106	0.8587015769	0.1410108125
2	0.5661234984	0.1938429893	0.2400335123
0	0.7937875841	0.0657665350	0.1404458809
0	0.0405183212	0.9386861190	0.0207955598
0	0.0384993459	0.4815738529	0.4799268012
1	0.0031755152	0.0050823532	0.9917421316
0	0.0051090313	0.3139529796	0.6809379891
0	0.0939443689	0.8080620686	0.0979935625
0	0.9316458206	0.0508936678	0.0174605116
0	0.0800441635	0.3002695770	0.6196862595
0	0.1488605299	0.7335211598	0.1176183102
0	0.0432167621	0.3771273851	0.5796558528
0	0.8716239419	0.0782564377	0.0501196203
0	0.0072197384	0.4586032336	0.5341770280
0	0.2506142647	0.7493857353	0.0000000000
0	0.6652232363	0.0684168407	0.2663599230
