0	0.1452054953	0.8547926279	0.0000018768
1	0.7670072554	0.0553576406	0.1776351041
0	0.0296157937	0.1988560860	0.7715281203
1	0.0631839332	0.3226594252	0.6141566416
0	0.3550180072	0.0009639228	0.6440180701
0	0.6646440208	0.3346471485	0.0007088307
0	0.1094564392	0.8098852222	0.0806583386
0	0.1695289018	0.0836733135	0.7467977848
1	0.0604621610	0.6766197035	0.2629181355
1	0.1504367615	0.8231526629	0.0264105756
0	0.0770302296	0.9229697704	0.0000000000
2	0.5953568821	0.3836982653	0.0209448526
0	0.0044777193	0.7316453727	0.2638769080
0	0.3466358241	0.1122082648	0.5411559111
0	0.7042487202	0.0233251944	0.2724260854
0	0.4184122915	0.0746205587	0.5069671498
0	0.0465868911	0.1636400161	0.7897730928
0	0.3860570612	0.0066605848	0.6072823540
0	0.2014683100	0.3784660936	0.4200655964
0	0.9509711466	0.0490288534	0.0000000000
1	0.0000000000	0.0189207528	0.9810792472
0	0.7006776444	0.1730967361	0.1262256194
0	0.3316216873	0.0000000425	0.6683782702
0	0.0716740032	0.8160796043	0.1122463925
2	0.1872092193	0.4791024369	0.3336883438
1	0.4296414719	0.5011579680	0.0692005601
0	0.6299723929	0.2442247362	0.1258028709
0	0.9981324451	0.0011601402	0.0007074147
0	0.4362581294	0.5551417287	0.0086001420
0	0.0065080266	0.3802285867	0.6132633867
0	0.0000000002	0.1238512936	0.8761487063
0	0.7094150138	0.2102016056	0.0803833806
0	0.2800569942	0.6661104580	0.0538325479
0	0.0644874595	0.8409284144	0.0945841261
0	0.1827212446	0.8155798514	0.0016989040
0	0.1080265183	0.1275602058	0.7644132759
0	0.0000000007	0.9999999993	0.0000000000
1	0.4444643964	0.3303707806	0.2251648230
0	0.4680018838	0.5319981162	0.0000000000
0	0.1893089276	0.0637306237	0.7469604487
0	0.1356220656	0.7948851614	0.0694927729
0	0.0287755897	0.0337266089	0.9374978014
0	0.3866672610	0.0978205692	0.5155121697
2	0.1042004615	0.8957943817	0.0000051568
0	0.1620440384	0.4403256071	0.3976303545
0	0.0019556703	0.0179841666	0.9800601631
0	0.4924615357	0.0003577712	0.5071806931
0	0.2585489396	0.7414510604	0.0000000000
0	0.0303778649	0.2197491040	0.7498730311
0	0.0239618168	0.7992556384	0.1767825448
0	0.1148703944	0.0009912457	0.8841383599
0	0.0389803057	0.8997895424	0.0612301519
0	0.0000000005	0.6325763213	0.3674236783
0	0.0823100723	0.0793242260	0.8383657017
0	0.0506638563	0.2123274486	0.7370086951
0	0.4852292129	0.5135728832	0.0011979039
0	0.0484518159	0.0237099884	0.9278381957
0	0.0952171668	0.5229701673	0.3818126659
1	0.6181851926	0.2660471308	0.1157676766
0	0.7937144818	0.0000000000	0.2062855182
1	0.9893296362	0.0009304196	0.0097399442
0	0.9061503725	0.0558086399	0.0380409875
0	0.1633408466	0.8366278788	0.0000312746
0	0.0009779283	0.6098252678	0.3891968039
0	0.0167269127	0.0000051648	0.9832679225
1	0.0000023502	0.5364970461	0.4635006037
1	0.8177934205	0.1802286925	0.0019778870
1	0.5746030489	0.4197317370	0.0056652141
0	0.9094297615	0.0001328263	0.0904374123
0	0.2730609477	0.0221909142	0.7047481380
0	0.7018893627	0.2981101865	0.0000004508
0	0.0635596955	0.0507603156	0.8856799888
0	0.6825171047	0.3079513636	0.0095315316
1	0.4359349550	0.0794363154	0.4846287297
0	0.7198413152	0.1374905280	0.1426681568
0	0.0267712552	0.0000000062	0.9732287386
0	0.6224670785	0.1493767175	0.2281562040
0	0.4180196104	0.5400714780	0.0419089116
1	0.0000145833	0.9999854167	0.0000000000
0	0.1288498562	0.7815705168	0.0895796270
0	0.0000268412	0.8590554709	0.1409176879
1	0.7468888949	0.0004537344	0.2526573707
0	0.0432423720	0.7306917886	0.2260658394
0	0.0010313830	0.0000022191	0.9989663979
0	0.8144443851	0.0940770870	0.0914785280
0	0.9560852715	0.0143580442	0.0295566843
0	0.2868247566	0.0000000000	0.7131752434
1	0.5017680367	0.4757157263	0.0225162370
0	0.1381221434	0.8215083641	0.0403694926
0	0.1981807599	0.0009606879	0.8008585522
0	0.8035653685	0.1963242915	0.0001103400
1	0.1817190439	0.2367549850	0.5815259711
0	0.0002159959	0.0533488664	0.9464351377
0	0.3919174760	0.0136301037	0.5944524203
0	0.2325656654	0.6856057983	0.0818285363
1	0.3329542074	0.6670456809	0.0000001117
0	0.0269794324	0.3040415891	0.6689789785
0	0.1865439372	0.0002836739	0.8131723889
0	0.5908960830	0.4081546300	0.0009492870
0	0.8910939171	0.0000000000	0.1089060829
