0	0.0000000000	0.2803204771	0.7196795229
0	0.8078690672	0.0031111785	0.1890197544
1	0.3263945258	0.4841979126	0.1894075616
0	0.0841790144	0.0335321911	0.8822887945
0	0.0594103792	0.3869141282	0.5536754926
0	0.0000000000	0.0047418294	0.9952581706
0	0.5764558913	0.4235441086	0.0000000000
0	0.8099038456	0.0589680642	0.1311280903
0	0.2155954658	0.5085909939	0.2758135403
0	0.0002710347	0.8101397181	0.1895892472
0	0.2007616308	0.0129651805	0.7862731888
1	0.0128765845	0.0069714343	0.9801519812
0	0.0101460570	0.5871660156	0.4026879274
0	0.0000795150	0.0001241263	0.9997963587
0	0.7611847104	0.1757837855	0.0630315040
0	0.1979271454	0.8020679312	0.0000049234
0	0.1215872609	0.8730157850	0.0053969542
0	0.9785416129	0.0214391067	0.0000192804
0	0.4756808445	0.3213566616	0.2029624939
0	0.0000000480	0.9981938158	0.0018061362
0	0.0076976041	0.0001887372	0.9921136587
0	0.0000000026	0.9920329427	0.0079670547
1	0.6569211562	0.0000000437	0.3430788001
0	0.0000000000	0.9426183743	0.0573816257
0	0.8025540726	0.0000012638	0.1974446636
0	0.1592500958	0.1308873192	0.7098625851
0	0.2846067636	0.7153932364	0.0000000000
0	0.1887351317	0.5630800311	0.2481848373
0	0.1119979508	0.2790476771	0.6089543722
0	0.5661369440	0.3970021982	0.0368608579
0	0.0512020738	0.0961030711	0.8526948551
0	0.1616671794	0.8368981016	0.0014347190
0	0.0624363409	0.9375575277	0.0000061314
0	0.3802262650	0.0002449992	0.6195287357
0	0.0000584833	0.0119237507	0.9880177660
0	0.6639873463	0.1861938250	0.1498188287
0	0.4594905261	0.0152838491	0.5252256248
0	0.5049820029	0.4788104448	0.0162075523
1	0.6008243236	0.0931788847	0.3059967917
0	0.7722379898	0.0001873497	0.2275746605
0	0.0012116656	0.8570415842	0.1417467503
0	0.9249786812	0.0007095962	0.0743117226
0	0.9513927502	0.0409073494	0.0076999004
1	0.8860547167	0.1139452766	0.0000000067
0	0.5476650474	0.0249137688	0.4274211839
0	0.1982013809	0.3108507050	0.4909479140
0	0.5004988967	0.4001132008	0.0993879025
0	0.0000066519	0.6934612376	0.3065321106
0	0.2931259703	0.4244071349	0.2824668948
0	0.0000000070	0.6745751663	0.3254248267
0	0.0005628752	0.9994368625	0.0000002622
0	0.2258473973	0.7741505566	0.0000020461
0	0.6293542369	0.2895210847	0.0811246784
0	0.0106287184	0.9415817154	0.0477895662
0	0.1859422674	0.0947533449	0.7193043877
0	0.5640547151	0.1547979124	0.2811473724
0	0.0001281988	0.0003408958	0.9995309054
0	0.7722500828	0.0012929898	0.2264569274
0	0.3777369751	0.0292444419	0.5930185830
0	0.3725582247	0.2220580865	0.4053836888
1	0.2422779410	0.0015533738	0.7561686852
0	0.0012905929	0.5958450420	0.4028643651
1	0.7592806949	0.1890054055	0.0517138996
0	0.1589587082	0.4213722812	0.4196690106
2	0.9833030519	0.0157284284	0.0009685197
1	0.2366623058	0.1249455342	0.6383921599
0	0.9125171476	0.0874796961	0.0000031563
0	0.0804175174	0.7568479611	0.1627345214
0	0.9972999822	0.0025313817	0.0001686361
0	0.3048238955	0.1685769875	0.5265991170
0	0.0000000000	0.5074373246	0.4925626754
0	0.4097909092	0.5901913063	0.0000177845
0	0.5442663292	0.1145177778	0.3412158930
1	0.0665314027	0.2867056089	0.6467629884
0	0.1850470644	0.5373010376	0.2776518980
1	0.1095228976	0.0037816350	0.8866954674
0	0.2322688823	0.4590145023	0.3087166154
0	0.0000000085	0.2827876079	0.7172123836
0	0.8977670511	0.0888664231	0.0133665258
0	0.0083884740	0.0000000011	0.9916115249
1	0.0016768761	0.0000000011	0.9983231228
0	0.0016911714	0.2076241399	0.7906846887
0	0.0113699492	0.3810515956	0.6075784552
0	0.0011190543	0.0558083675	0.9430725782
1	0.0071705925	0.1414891576	0.8513402498
1	0.9732747709	0.0156978762	0.0110273528
1	0.7575561724	0.0230514399	0.2193923877
0	0.0518413232	0.6412601614	0.3068985154
0	0.0090307478	0.9904055435	0.0005637087
0	0.2094659685	0.0000000000	0.7905340315
0	0.9117749485	0.0407630285	0.0474620230
0	0.1135551174	0.2030010785	0.6834438041
0	0.0014251744	0.4105027453	0.5880720803
0	0.0228611568	0.9570277914	0.0201110518
0	0.6312428024	0.0515957418	0.3171614558
1	0.5910514716	0.1170244603	0.2919240681
0	0.6544968767	0.0194019501	0.3261011731
0	0.0000231991	0.5929251751	0.4070516258
0	0.0068792592	0.8228179036	0.1703028371
0	0.4372486097	0.1990754383	0.3636759520
