0	0.5602360855	0.3119238788	0.1278400357
0	0.0027909644	0.9972090162	0.0000000193
1	0.0569553539	0.9400902676	0.0029543784
0	0.0853392561	0.6282290832	0.2864316608
1	0.2326656551	0.5654427502	0.2018915947
1	0.1499569035	0.8499494299	0.0000936667
1	0.0415785715	0.7723229465	0.1860984820
1	0.5511598484	0.4288484192	0.0199917324
1	0.3929295609	0.1255882830	0.4814821561
0	0.0000000004	0.0061696070	0.9938303926
0	0.0000010830	0.0064101561	0.9935887609
0	0.9005157984	0.0000155087	0.0994686929
0	0.7527320183	0.2472420139	0.0000259678
0	0.1985849409	0.5463324170	0.2550826421
0	0.0184998548	0.6840368746	0.2974632706
0	0.1151999073	0.0349059830	0.8498941096
0	0.3299022337	0.1289377113	0.5411600551
0	0.0015012340	0.0519930112	0.9465057548
0	0.6445968202	0.2706100558	0.0847931240
0	0.4816918041	0.0575292810	0.4607789149
0	0.5628042288	0.0041949715	0.4330007997
0	0.1085886530	0.6598457689	0.2315655781
1	0.3744567665	0.6255432335	0.0000000000
0	0.0000488100	0.9999511897	0.0000000003
1	0.8406324491	0.0000000357	0.1593675152
0	0.3998868051	0.0000063268	0.6001068681
0	0.2384814309	0.2756820233	0.4858365459
0	0.0053607754	0.9945637788	0.0000754458
0	0.2726195795	0.3342923293	0.3930880912
0	0.7773999811	0.0000000000	0.2226000189
0	0.4300863552	0.1748031281	0.3951105167
1	0.7883922389	0.1653557742	0.0462519869
0	0.1244667742	0.0170818739	0.8584513519
0	0.4375544055	0.4838366996	0.0786088950
0	0.1028484621	0.0913669418	0.8057845961
0	0.9956281325	0.0000000000	0.0043718675
0	0.9960199927	0.0039744671	0.0000055402
0	0.1021069927	0.0030967724	0.8947962349
0	0.0257508927	0.8429602629	0.1312888444
0	0.5532094086	0.3670575141	0.0797330773
0	0.5933575281	0.4058037524	0.0008387195
1	0.3693229287	0.6082011922	0.0224758792
0	0.1259743078	0.8704272622	0.0035984300
1	0.0169243393	0.9830728518	0.0000028089
0	0.0128766644	0.7613002369	0.2258230987
0	0.0228349076	0.0220490910	0.9551160014
1	0.4916483791	0.4212369319	0.0871146890
0	0.1297210297	0.8633309009	0.0069480695
0	0.2242923668	0.0000000000	0.7757076332
0	0.7209831288	0.1925404360	0.0864764352
0	0.9511159602	0.0290398311	0.0198442087
0	0.3623445027	0.0015346524	0.6361208449
0	0.6155436381	0.0000000000	0.3844563619
0	0.3655092139	0.0794387999	0.5550519862
0	0.7339530033	0.0896860746	0.1763609222
0	0.9136708924	0.0861060676	0.0002230400
0	0.0026297740	0.9954452223	0.0019250037
1	0.9725390863	0.0036418324	0.0238190813
0	0.9918606056	0.0001988622	0.0079405322
0	0.2406973086	0.1756022641	0.5837004273
1	0.0435357853	0.3282627473	0.6282014674
0	0.3247157154	0.4869292277	0.1883550569
0	0.0689628206	0.6631463540	0.2678908255
2	0.7725985202	0.2273713459	0.0000301338
1	0.8826890315	0.1119806312	0.0053303373
0	0.0170110694	0.4828228205	0.5001661101
1	0.7576603800	0.2102386300	0.0321009900
0	0.4843626083	0.5156373917	0.0000000000
0	0.7625085616	0.2224481695	0.0150432689
0	0.5242360424	0.0000013536	0.4757626040
0	0.7721592392	0.0069053331	0.2209354277
1	0.5968469931	0.3869022978	0.0162507091
0	0.3243257350	0.5438634852	0.1318107797
0	0.0776217909	0.2222076870	0.7001705221
0	0.4165842217	0.0000216231	0.5833941552
0	0.0780219310	0.1206856755	0.8012923935
0	0.3268142993	0.3398294494	0.3333562514
1	0.7546663942	0.0777385993	0.1675950065
0	0.0004570277	0.4516150996	0.5479278727
0	0.0306878829	0.0037333235	0.9655787936
0	0.7138374003	0.0401355642	0.2460270355
0	0.1397829127	0.1404479703	0.7197691170
0	0.0386268313	0.3526349880	0.6087381807
0	0.5601185525	0.3908872149	0.0489942326
0	0.2283347995	0.1413430952	0.6303221052
0	0.0000004601	0.0000000003	0.9999995396
0	0.9985709989	0.0014279505	0.0000010506
1	0.2075383718	0.0001100131	0.7923516151
0	0.5681592537	0.0667998635	0.3650408828
1	0.0509114447	0.9490751990	0.0000133563
0	0.7941101402	0.0214323737	0.1844574862
1	0.3575468421	0.0604717958	0.5819813622
0	0.0044534848	0.6964509203	0.2990955949
0	0.6585271808	0.1288315285	0.2126412906
0	0.2577566368	0.5869992828	0.1552440804
1	0.8261525003	0.0473688008	0.1264786989
0	0.2325171358	0.0001197625	0.7673631017
0	0.2666849315	0.0000000000	0.7333150685
0	0.5913046341	0.0041423737	0.4045529922
0	0.8339057489	0.0897835844	0.0763106668
