0	0.1342990591	0.3158768572	0.5498240837
0	0.8917312378	0.0972260413	0.0110427209
0	0.1130321661	0.7785616742	0.1084061597
1	0.0001082611	0.8978116700	0.1020800689
0	0.6493289838	0.0224827969	0.3281882193
0	0.0005638248	0.2019169562	0.7975192191
0	0.4281067924	0.0000514647	0.5718417429
0	0.0000000001	0.0000000035	0.9999999964
1	0.7032253191	0.2954446891	0.0013299918
1	0.8369385071	0.1527375288	0.0103239641
0	0.0031316919	0.3296175943	0.6672507138
1	0.9020963825	0.0876083029	0.0102953146
0	0.3733605704	0.0000100998	0.6266293298
0	0.2262443452	0.2050533146	0.5687023403
0	0.0088839915	0.9895771067	0.0015389018
0	0.9195172724	0.0010191318	0.0794635958
0	0.0497498943	0.2666577040	0.6835924017
0	0.1732636616	0.7779508883	0.0487854501
0	0.4166794622	0.0000029279	0.5833176099
1	0.9978775970	0.0000055733	0.0021168297
0	0.0000000000	0.8969879166	0.1030120834
0	0.4991847781	0.2094155420	0.2913996799
0	0.0003088418	0.0643729012	0.9353182570
1	0.3029003474	0.6408738927	0.0562257599
0	0.2668959217	0.7020189276	0.0310851507
0	0.1842202938	0.2075380772	0.6082416290
0	0.2304257718	0.0000000000	0.7695742282
1	0.6733053989	0.2909263909	0.0357682102
0	0.0769943920	0.0021850469	0.9208205612
1	0.9693926495	0.0305258918	0.0000814587
0	0.7975058325	0.1546604454	0.0478337221
0	0.0000000029	0.9981180259	0.0018819712
0	0.9142832517	0.0857167483	0.0000000000
0	0.9433879068	0.0344772369	0.0221348563
0	0.0299603306	0.6707347947	0.2993048747
0	0.7433224868	0.2345433634	0.0221341498
0	0.0488936794	0.9247198612	0.0263864593
0	0.6201473557	0.1547093198	0.2251433245
1	0.1084788329	0.8854445721	0.0060765950
0	0.4296629399	0.3663634082	0.2039736520
0	0.7577485651	0.0372171609	0.2050342740
0	0.0697162239	0.0734262088	0.8568575673
0	0.6830465318	0.3109692250	0.0059842432
0	0.9430017036	0.0140191363	0.0429791601
1	0.2792873897	0.2844981025	0.4362145078
0	0.5078558160	0.0000019620	0.4921422220
0	0.0093334202	0.0591784959	0.9314880839
0	0.1809197429	0.2136041132	0.6054761438
0	0.0023397804	0.8942362436	0.1034239759
0	0.7670588063	0.0257939256	0.2071472681
2	0.7763422379	0.2171634272	0.0064943349
0	0.0000000014	0.6327242294	0.3672757691
0	0.5378653792	0.2111717771	0.2509628437
0	0.1003265588	0.0403859056	0.8592875356
0	0.6580234595	0.1583333101	0.1836432304
1	0.4798134746	0.0999411182	0.4202454072
0	0.0009882183	0.9494990736	0.0495127081
0	0.3589366124	0.0036571954	0.6374061922
0	0.2120791603	0.0014478442	0.7864729956
0	0.0000044864	0.9985056087	0.0014899049
0	0.0086535860	0.9911987706	0.0001476434
1	0.0253706837	0.6401277658	0.3345015505
0	0.2264749703	0.0540030869	0.7195219428
2	0.4562967293	0.5437032707	0.0000000000
0	0.6075773437	0.0529920221	0.3394306342
0	0.0000005153	0.8039202172	0.1960792674
0	0.7818806474	0.0141522314	0.2039671212
0	0.0001932858	0.9931576250	0.0066490892
0	0.1042745326	0.8489017814	0.0468236860
0	0.1372710008	0.0000000400	0.8627289592
1	0.1451967143	0.1805520229	0.6742512628
0	0.9042108471	0.0945877562	0.0012013967
0	0.0005452996	0.4724525931	0.5270021073
0	0.0000000011	0.1277296111	0.8722703879
1	0.5383481676	0.2959838392	0.1656679932
0	0.0126600392	0.9865104862	0.0008294746
0	0.5271094653	0.0058284849	0.4670620498
0	0.7947268199	0.1660048786	0.0392683014
0	0.4137650395	0.1358124196	0.4504225408
0	0.1701190726	0.0005721505	0.8293087769
1	0.5860663405	0.3875135676	0.0264200918
0	0.0314122056	0.0002339064	0.9683538880
1	0.1915884537	0.2661755065	0.5422360398
0	0.0800199850	0.6231987438	0.2967812712
0	0.2257615501	0.1676209708	0.6066174790
1	0.9148380392	0.0016960165	0.0834659442
1	0.5992899948	0.1208485823	0.2798614229
1	0.1629088832	0.6788730755	0.1582180413
0	0.0016827915	0.7897888619	0.2085283467
0	0.8951499246	0.1047552991	0.0000947763
1	0.1933274715	0.2265999440	0.5800725845
0	0.0000000000	0.2170572432	0.7829427568
0	0.0337167241	0.2167613944	0.7495218815
0	0.5492406748	0.0051296042	0.4456297210
1	0.1170125116	0.8601131401	0.0228743483
0	0.3262072481	0.0486723578	0.6251203941
0	0.2996087458	0.2288341022	0.4715571520
0	0.0008771737	0.5422903822	0.4568324440
0	0.0413915803	0.4188263558	0.5397820638
0	0.5920887638	0.3479567422	0.0599544940
