0	0.3857880347	0.1276185219	0.4865934434
0	0.0043170228	0.0000000000	0.9956829772
0	0.1727955921	0.1585209004	0.6686835075
0	0.0000000000	0.9999999991	0.0000000009
0	0.1375251802	0.2413589623	0.6211158575
0	0.9258347503	0.0617926358	0.0123726138
0	0.7080998217	0.2919001783	0.0000000000
0	0.0427364333	0.0029489401	0.9543146266
0	0.2508943723	0.6389975510	0.1101080768
0	0.1665269686	0.0455863118	0.7878867196
1	0.0076087405	0.9923908889	0.0000003705
0	0.5380225731	0.4116032707	0.0503741563
0	0.8945700159	0.1054187287	0.0000112554
0	0.9308254060	0.0619913563	0.0071832376
0	0.0001271691	0.0000005817	0.9998722492
0	0.0000000001	0.0919661682	0.9080338318
0	0.9999279960	0.0000000000	0.0000720040
0	0.0492174560	0.8917835644	0.0589989796
0	0.7782928572	0.2110247870	0.0106823558
0	0.2088349826	0.0008166745	0.7903483429
0	0.0000517869	0.0001021034	0.9998461097
0	0.0000000000	0.0050177027	0.9949822973
0	0.4586809691	0.0000185516	0.5413004793
0	0.0689485480	0.0000000000	0.9310514520
0	0.1193151218	0.0812808480	0.7994040302
0	0.8977104230	0.1022895770	0.0000000000
1	0.8431908244	0.1547830630	0.0020261127
0	0.8729323106	0.0555443277	0.0715233616
0	0.0035809745	0.9111301470	0.0852888785
0	0.9169190245	0.0699268961	0.0131540795
0	0.0074014888	0.7961297152	0.1964687960
0	0.0000000000	0.2098481693	0.7901518307
1	0.2095785701	0.7057715544	0.0846498755
0	0.5982053341	0.0012106684	0.4005839975
0	0.3162870852	0.0129481049	0.6707648099
0	0.3039303433	0.4578452937	0.2382243630
0	0.2186150266	0.2720693153	0.5093156582
0	0.0634237178	0.0022784570	0.9342978252
0	0.3654430962	0.5924435429	0.0421133609
1	0.6796980251	0.1182966973	0.2020052777
0	0.9856997641	0.0077802625	0.0065199734
0	0.7409167029	0.1456045193	0.1134787778
0	0.7841149195	0.0861042876	0.1297807928
0	0.5822045550	0.0034767548	0.4143186902
0	0.0266829516	0.9603025603	0.0130144881
1	0.2113246280	0.7240873659	0.0645880061
0	0.3320750898	0.2073946623	0.4605302479
0	0.7833224857	0.0001711518	0.2165063625
0	0.9999995093	0.0000000000	0.0000004907
0	0.1119100088	0.0016041211	0.8864858702
0	0.0212622473	0.3953792305	0.5833585223
0	0.0036647429	0.8655338386	0.1308014185
0	0.4948357284	0.0020987696	0.5030655020
0	0.0003042662	0.9992588769	0.0004368570
0	0.9990106972	0.0009845442	0.0000047586
0	0.0050081909	0.9949634254	0.0000283838
0	0.8207952714	0.0001428242	0.1790619044
1	0.1205460107	0.2678046252	0.6116493641
0	0.9360386637	0.0002446335	0.0637167028
0	0.0000310747	0.5037605843	0.4962083410
0	0.8979815289	0.0437944001	0.0582240710
0	0.0051985126	0.0359856339	0.9588158535
0	0.9481948432	0.0418472847	0.0099578721
0	0.1550111143	0.0326774279	0.8123114578
0	0.2358600654	0.2058278370	0.5583120976
0	0.2698578604	0.0004819312	0.7296602084
0	0.9145068901	0.0854931099	0.0000000000
1	0.8706413199	0.0000317380	0.1293269422
0	0.0000000000	0.0069971842	0.9930028158
0	0.9598379577	0.0001108288	0.0400512136
0	0.9565303595	0.0129101781	0.0305594624
0	0.9718922795	0.0086211695	0.0194865511
0	0.7070472711	0.1983793627	0.0945733662
0	0.0000000000	0.8029251325	0.1970748675
0	0.0009474457	0.6724935628	0.3265589915
0	0.1295520933	0.5720916564	0.2983562503
0	0.3801164880	0.6198835120	0.0000000000
0	0.1065861436	0.8916847626	0.0017290938
0	0.4583275264	0.1470037778	0.3946686958
0	0.9254138124	0.0744585125	0.0001276750
2	0.6983241345	0.2803392743	0.0213365912
0	0.1632315739	0.0005540614	0.8362143647
0	0.0038261359	0.4614326218	0.5347412423
0	0.0000000147	0.0000000711	0.9999999143
0	0.1005531527	0.2497292247	0.6497176226
0	0.1156249442	0.8560468375	0.0283282183
0	0.7357207472	0.0000025827	0.2642766702
0	0.8500597345	0.0000000000	0.1499402655
0	0.2074091219	0.0031828345	0.7894080436
0	0.9883316324	0.0068145271	0.0048538405
0	0.9407121412	0.0592878587	0.0000000001
0	0.6247913434	0.0259806796	0.3492279770
0	0.4286625098	0.5393090767	0.0320284135
0	0.8846790402	0.0088255372	0.1064954226
0	0.7787285535	0.2210101165	0.0002613300
1	0.9615928276	0.0000000003	0.0384071721
0	0.3314476322	0.1445109498	0.5240414180
0	0.4710461759	0.2152636191	0.3136902049
1	0.0142937426	0.3133443110	0.6723619464
1	0.8313184389	0.1643796792	0.0043018818
