0	0.9949531887	0.0050373062	0.0000095052
0	0.6478005846	0.3357759942	0.0164234212
0	0.1863596852	0.0123737668	0.8012665479
0	0.0006187554	0.4882568265	0.5111244181
0	0.0045837295	0.0145504307	0.9808658398
0	0.9946645383	0.0053354615	0.0000000002
0	0.6669416850	0.0009006311	0.3321576839
0	0.3181819344	0.6119158963	0.0699021693
0	0.1258700094	0.5095712306	0.3645587599
0	0.8001455665	0.0319156831	0.1679387504
0	0.3809265717	0.4860770890	0.1329963393
0	0.0564303990	0.4900113870	0.4535582139
0	0.0374264470	0.9625734150	0.0000001380
2	0.7556934253	0.0007292008	0.2435773739
0	0.0402367477	0.1900684014	0.7696948508
0	0.3782161839	0.2969883233	0.3247954928
0	0.0013678906	0.0000024228	0.9986296866
0	0.7575656235	0.0007493332	0.2416850433
0	0.6399061555	0.3160493507	0.0440444939
0	0.4156544969	0.5651853630	0.0191601401
0	0.3675958580	0.1147561325	0.5176480094
0	0.0095251388	0.0018019814	0.9886728798
0	0.9142614417	0.0426591211	0.0430794372
0	0.0712963761	0.7259058976	0.2027977263
0	0.2425881356	0.0328475453	0.7245643191
0	0.8929678051	0.0000043641	0.1070278308
0	0.0070345403	0.0075580066	0.9854074531
0	0.7405499986	0.2590168598	0.0004331416
0	0.0199998090	0.7538751370	0.2261250541
0	0.1714824828	0.0000000000	0.8285175172
0	0.2081711159	0.0578530587	0.7339758254
0	0.8879329562	0.1049227565	0.0071442874
0	0.9299522943	0.0079050350	0.0621426707
0	0.8213932573	0.1214663592	0.0571403835
0	0.1676530521	0.3583364875	0.4740104604
0	0.2521811325	0.0000000000	0.7478188675
1	0.2078419537	0.4380277750	0.3541302714
0	0.9034725509	0.0056106779	0.0909167712
0	0.0783112491	0.0005415949	0.9211471560
0	0.1360053787	0.5548178642	0.3091767570
0	0.2677748652	0.0006083728	0.7316167620
0	0.4077599426	0.0044881115	0.5877519459
1	0.7291843978	0.1877771995	0.0830384027
0	0.5378905577	0.0982569985	0.3638524438
0	0.9972428901	0.0000000000	0.0027571099
0	0.0036177467	0.0675792593	0.9288029941
0	0.6519290913	0.2991299976	0.0489409111
0	0.0931090475	0.9068079639	0.0000829886
0	0.6765173175	0.1698363003	0.1536463822
0	0.2126112209	0.1443451811	0.6430435980
0	0.8034378347	0.0004152464	0.1961469189
0	0.2993174555	0.1823349500	0.5183475945
0	0.5355281307	0.3526199206	0.1118519487
1	0.5207007738	0.2273469710	0.2519522552
0	0.9993231814	0.0000000000	0.0006768186
0	0.8926282267	0.0023006575	0.1050711159
0	0.0670911954	0.4899298860	0.4429789185
0	0.0820699351	0.2411446417	0.6767854232
0	0.0534233515	0.4731264779	0.4734501706
0	0.5857581440	0.4134940261	0.0007478299
0	0.1407215993	0.8138778797	0.0454005210
0	0.8872724705	0.0107477809	0.1019797487
0	0.7036968112	0.0024704645	0.2938327243
0	0.0041836126	0.0000000000	0.9958163874
0	0.9999999999	0.0000000000	0.0000000001
1	0.1561423350	0.6460391067	0.1978185583
0	0.0000002050	0.5448463240	0.4551534710
0	0.0276548040	0.9722068275	0.0001383685
0	0.5734260691	0.0337577728	0.3928161580
0	0.3143485744	0.5253449957	0.1603064299
0	0.3040775537	0.0006271736	0.6952952727
0	0.8983283419	0.0849743997	0.0166972584
0	0.4506818425	0.5423551237	0.0069630337
0	0.9999067822	0.0000879229	0.0000052949
0	0.1951777587	0.7979280010	0.0068942403
0	0.7672886557	0.1486830020	0.0840283423
0	0.1880459568	0.0799981331	0.7319559101
0	0.1441034544	0.0000000056	0.8558965400
0	0.8864407619	0.0013368001	0.1122224380
1	0.0114917771	0.9885009680	0.0000072549
0	0.2590585007	0.7373889313	0.0035525679
0	0.2588390923	0.1211301518	0.6200307559
0	0.0523010933	0.3618048322	0.5858940745
0	0.3254265225	0.6745734774	0.0000000000
0	0.4644020285	0.0550035044	0.4805944670
0	0.5920383102	0.3037891321	0.1041725577
0	0.9843492964	0.0110169614	0.0046337422
0	0.4723155022	0.0018111698	0.5258733280
0	0.9317328197	0.0680443115	0.0002228688
0	0.7804026655	0.0284060691	0.1911912653
0	0.4751604084	0.0058794024	0.5189601892
0	0.0329222718	0.9670777282	0.0000000000
0	0.0031146821	0.5494371972	0.4474481207
0	0.0090631273	0.0820872113	0.9088496614
1	0.0126816858	0.8975895291	0.0897287851
0	0.5547187651	0.0000153644	0.4452658705
0	0.9884130991	0.0094045246	0.0021823762
0	0.0607890033	0.0306188689	0.9085921278
0	0.3184512943	0.6815487057	0.0000000000
1	0.0137166049	0.0441137473	0.9421696477
