0	0.5302857655	0.0280600143	0.4416542202
0	0.6050562521	0.0089023020	0.3860414459
0	0.6425388623	0.0802308565	0.2772302812
0	0.0000001294	0.0179132825	0.9820865882
0	0.0007991681	0.0167584323	0.9824423996
0	0.0179636560	0.0159584948	0.9660778492
0	0.2356210095	0.7643789876	0.0000000029
0	0.3783993719	0.5112204211	0.1103802070
0	0.0113554407	0.3462500702	0.6423944891
0	0.2821320595	0.4725173957	0.2453505448
0	0.7840028863	0.0000000000	0.2159971137
0	0.0380272260	0.0000839160	0.9618888580
0	0.8941829138	0.0908005056	0.0150165806
0	0.0309877802	0.0109296374	0.9580825824
0	0.9903614906	0.0066634491	0.0029750603
0	0.9315280052	0.0000001649	0.0684718298
0	0.9685374752	0.0275037966	0.0039587282
0	0.2125114023	0.7588734273	0.0286151704
0	0.9993628857	0.0000438327	0.0005932816
0	0.9050635332	0.0000000000	0.0949364668
0	0.7736443644	0.0000005173	0.2263551183
0	0.7666462308	0.1682013141	0.0651524552
0	0.5344746444	0.0000004685	0.4655248871
0	0.6540572149	0.3363340378	0.0096087473
0	0.0402832718	0.8178045596	0.1419121686
0	0.2398107426	0.3689189673	0.3912702901
0	0.9531333788	0.0095190224	0.0373475988
0	0.7599724803	0.2384916099	0.0015359099
0	0.9950106766	0.0000000000	0.0049893234
0	0.0232249022	0.3785946068	0.5981804910
0	0.1793744975	0.6407935027	0.1798319998
0	0.6919603223	0.1631831826	0.1448564950
0	0.0000000000	0.0000000361	0.9999999639
0	0.0022161067	0.2931664891	0.7046174043
0	0.0924998886	0.6866067192	0.2208933922
0	0.0000893774	0.9794305642	0.0204800585
0	0.5916832438	0.0000002659	0.4083164903
0	0.6450468195	0.3522300454	0.0027231351
0	0.0111663350	0.3448193635	0.6440143015
0	0.0897903514	0.0142838412	0.8959258074
1	0.9891853860	0.0105306289	0.0002839852
0	0.9969463228	0.0030244771	0.0000292001
0	0.0290669787	0.3100156648	0.6609173565
0	0.0821807761	0.0277800177	0.8900392062
0	0.1964892176	0.0000058028	0.8035049795
0	0.9663002679	0.0230112416	0.0106884905
0	0.4817966015	0.0148576147	0.5033457838
0	0.7833624772	0.0017705481	0.2148669747
0	0.6906202621	0.2941207155	0.0152590224
0	0.7978490961	0.0001048914	0.2020460124
0	0.7957281015	0.0363616722	0.1679102264
0	0.8410476757	0.0038534696	0.1550988547
0	0.3103640696	0.6257893756	0.0638465547
0	0.3068897118	0.3509409188	0.3421693694
0	0.0002676252	0.0001706457	0.9995617292
0	0.6158081247	0.2514092910	0.1327825843
2	0.0472468612	0.3616303053	0.5911228334
0	0.9755278353	0.0118717842	0.0126003805
1	0.0738459785	0.9261238329	0.0000301887
0	0.1972127438	0.6056174015	0.1971698547
0	0.0295155587	0.0420169288	0.9284675125
1	0.9842025018	0.0013069279	0.0144905703
0	0.9737519097	0.0031667491	0.0230813412
0	0.0318169015	0.9217227648	0.0464603337
0	0.0616859641	0.2153637154	0.7229503205
0	0.8331726618	0.0779645712	0.0888627670
0	0.4964012296	0.4641785965	0.0394201739
0	0.6870631562	0.3070304046	0.0059064391
0	0.1758201119	0.0853629967	0.7388168914
0	0.7416851596	0.1525153143	0.1057995262
0	0.0828948852	0.8802234320	0.0368816828
0	0.0000000022	0.9357980585	0.0642019393
0	0.8412603286	0.0000000386	0.1587396328
0	0.0770690551	0.9004546313	0.0224763136
0	0.5200412629	0.0000003079	0.4799584292
0	0.9999999987	0.0000000002	0.0000000011
0	0.8681994915	0.1318004984	0.0000000102
0	0.0000000000	0.0154330004	0.9845669996
1	0.7406738302	0.0170526831	0.2422734867
1	0.9938606446	0.0061393554	0.0000000000
0	0.9999992915	0.0000007085	0.0000000000
0	0.0763662068	0.4820487121	0.4415850811
0	0.3819746865	0.5829771825	0.0350481310
0	0.5850170585	0.2272878246	0.1876951169
0	0.0279781379	0.1935526431	0.7784692190
0	0.4725401979	0.3017913390	0.2256684631
0	0.8450089649	0.1549909478	0.0000000873
0	0.9961535583	0.0000009420	0.0038454997
0	0.9959096701	0.0040903299	0.0000000000
0	0.9856993501	0.0002180547	0.0140825953
0	0.5368258130	0.0002036086	0.4629705783
0	0.5776330095	0.0011792993	0.4211876912
0	0.1091629205	0.0469885122	0.8438485674
0	0.8393690468	0.1347511074	0.0258798458
1	0.6998393999	0.1668872326	0.1332733675
0	0.9668308992	0.0000727790	0.0330963218
0	0.3562894293	0.6435218265	0.0001887442
1	0.6261564177	0.3738435479	0.0000000344
0	0.0220557203	0.0000188251	0.9779254546
1	0.3566316689	0.3578910231	0.2854773080
