0	0.1822666950	0.8078495538	0.0098837512
1	0.0427192355	0.3668814829	0.5903992816
1	0.3136622638	0.0000178417	0.6863198945
0	0.7168176570	0.2762348185	0.0069475245
0	0.7880426940	0.1662514304	0.0457058756
0	0.9286474719	0.0166354410	0.0547170871
0	0.3969843524	0.0000127512	0.6030028964
0	0.9676807633	0.0323021587	0.0000170780
0	0.6869339847	0.0068865521	0.3061794633
0	0.2576353073	0.6080766649	0.1342880278
0	0.7742278853	0.0494939290	0.1762781857
0	0.8763067623	0.1031143388	0.0205788989
0	0.4433146395	0.5562239262	0.0004614344
0	0.0000000008	0.0972026526	0.9027973466
0	0.9677715063	0.0322284937	0.0000000000
0	0.4835833772	0.0000009950	0.5164156278
0	0.0068418139	0.1677386010	0.8254195850
0	0.9766870611	0.0226850088	0.0006279301
0	0.6075371747	0.3924628253	0.0000000000
0	0.7761827728	0.0000000000	0.2238172272
0	0.8006072175	0.1993891686	0.0000036139
0	0.0853767571	0.2139057690	0.7007174740
0	0.9949181956	0.0047795221	0.0003022822
0	0.1764943430	0.0000000000	0.8235056570
1	0.8523148950	0.1476851050	0.0000000000
0	0.6621080918	0.2433996092	0.0944922990
0	0.2486290725	0.0313735737	0.7199973538
0	0.9622759145	0.0377235663	0.0000005192
0	0.3898587678	0.5970265895	0.0131146428
0	0.9997830647	0.0002169233	0.0000000121
0	0.2975374935	0.0000128404	0.7024496661
0	0.0001402006	0.6680354417	0.3318243577
0	0.6143116351	0.0195975694	0.3660907956
0	0.4451351312	0.5213497490	0.0335151197
0	0.3253074666	0.5364432717	0.1382492617
0	0.9432944150	0.0417404881	0.0149650969
0	0.4037846156	0.5879715762	0.0082438082
0	0.9982277619	0.0017722381	0.0000000000
0	0.4927655977	0.0000000000	0.5072344023
0	0.0004650272	0.9657913170	0.0337436558
0	0.2405723379	0.0670399690	0.6923876931
0	0.4777692109	0.3318263668	0.1904044223
0	0.5091645770	0.3925082956	0.0983271275
1	0.9999226785	0.0000653756	0.0000119459
2	0.9511080041	0.0015586285	0.0473333674
0	0.3007873979	0.0000086246	0.6992039775
0	0.0000000078	0.1143486841	0.8856513080
0	0.1640478090	0.0246921331	0.8112600579
0	0.9009231148	0.0990768852	0.0000000000
0	0.8173168415	0.0588387703	0.1238443882
0	0.0902313469	0.8815329111	0.0282357420
0	0.9694948882	0.0304482270	0.0000568847
0	0.8685186275	0.0973280770	0.0341532955
0	0.0597046887	0.3008181309	0.6394771804
0	0.9536634113	0.0000049098	0.0463316789
0	0.9988338892	0.0000373947	0.0011287161
0	0.0000004987	0.9533610893	0.0466384121
0	0.5432387117	0.0000915308	0.4566697575
0	0.9946452185	0.0000000623	0.0053547192
0	0.3768553357	0.4732795870	0.1498650772
0	0.3809778563	0.5098444199	0.1091777238
0	0.0027956617	0.0233511975	0.9738531408
0	0.0044391765	0.1224363898	0.8731244337
0	0.0013175097	0.0000000000	0.9986824903
0	0.4311491757	0.0795279336	0.4893228907
0	0.4494038137	0.0910429016	0.4595532846
0	0.4379687116	0.0000489258	0.5619823627
0	0.5302199223	0.0173099716	0.4524701061
0	0.0034816274	0.8672167614	0.1293016112
0	0.9689447245	0.0021359893	0.0289192861
0	0.9354596848	0.0055830022	0.0589573130
0	0.9260595585	0.0479059795	0.0260344620
0	0.0421339885	0.9545722659	0.0032937456
0	0.9704048538	0.0000000001	0.0295951462
0	0.0035166450	0.3488091863	0.6476741687
0	0.8873254306	0.0043269090	0.1083476604
0	0.3035310348	0.0000000149	0.6964689503
0	0.1342895478	0.8657104522	0.0000000000
0	0.6026591645	0.3922325949	0.0051082407
0	0.7377384475	0.0202887605	0.2419727920
0	0.0601612291	0.0013655743	0.9384731967
0	0.1337237084	0.6198349324	0.2464413592
0	0.1352350598	0.5941892452	0.2705756950
0	0.9021044859	0.0010479211	0.0968475930
0	0.1203438453	0.8740851713	0.0055709834
0	0.9999999937	0.0000000000	0.0000000063
0	0.4633387008	0.0010348058	0.5356264934
0	0.0123211515	0.0374285993	0.9502502492
0	0.6931395387	0.1427891761	0.1640712852
0	0.0577218183	0.5055421544	0.4367360273
0	0.9869777299	0.0000000000	0.0130222701
0	0.6748031973	0.3245658363	0.0006309664
1	0.7053956248	0.0005384859	0.2940658893
0	0.0000226710	0.2476843830	0.7522929460
0	0.8590061000	0.1231424033	0.0178514967
0	0.8055209952	0.1943799525	0.0000990523
0	0.0411002793	0.8881171577	0.0707825630
0	0.6044951695	0.0090136544	0.3864911761
0	0.9969400399	0.0004191197	0.0026408404
0	0.0015199081	0.0292596779	0.9692204140
