0	0.0085482064	0.0000000000	0.9914517936
0	0.0019007510	0.4037831290	0.5943161200
0	0.9895604519	0.0104395480	0.0000000001
0	0.6543699916	0.1805580365	0.1650719719
0	0.0755935247	0.9202775406	0.0041289347
0	0.9300109113	0.0000000151	0.0699890736
0	0.7681975330	0.0685752506	0.1632272164
0	0.2321877148	0.0006286745	0.7671836107
0	0.0829885776	0.1597554289	0.7572559935
0	0.9896189450	0.0103803839	0.0000006711
0	0.8746885955	0.0653256149	0.0599857897
0	0.1607565635	0.8369158654	0.0023275711
0	0.0573810526	0.0040093332	0.9386096142
0	0.9391251947	0.0608748053	0.0000000000
0	0.2636637624	0.0675124350	0.6688238026
0	0.0037767982	0.0003821209	0.9958410809
0	0.3797241228	0.0826228310	0.5376530462
0	0.5301128935	0.0137479641	0.4561391423
2	0.6112161293	0.0810970109	0.3076868597
0	0.7735483703	0.2264516297	0.0000000000
0	0.9505519677	0.0021045342	0.0473434981
0	0.0660160694	0.9338403716	0.0001435590
0	0.8283407598	0.0458089543	0.1258502859
0	0.0017305573	0.0330218382	0.9652476045
0	0.6471824856	0.3400270017	0.0127905127
0	0.4158075739	0.0000212874	0.5841711387
0	0.8149281350	0.1233113569	0.0617605081
0	0.6167400394	0.0092971000	0.3739628607
0	0.6040033037	0.3959497200	0.0000469763
0	0.0001049111	0.0000046905	0.9998903984
0	0.9824776699	0.0039871120	0.0135352181
0	0.1026561714	0.1442234651	0.7531203635
0	0.8886565109	0.0544278180	0.0569156711
0	0.2944006029	0.0000016312	0.7055977659
1	0.7429495034	0.2569014109	0.0001490857
0	0.4058622632	0.5940390551	0.0000986817
0	0.6272025693	0.2863238322	0.0864735985
1	0.2668432573	0.6756122070	0.0575445356
0	0.0109153799	0.7631807199	0.2259039003
0	0.2404771673	0.7264065799	0.0331162528
0	0.8386370391	0.0032380800	0.1581248810
0	0.6261247959	0.2748202001	0.0990550040
0	0.2413999486	0.3210179678	0.4375820836
0	0.5736557197	0.0057208271	0.4206234532
1	0.0044696645	0.2458175035	0.7497128320
0	0.5823842623	0.4176157377	0.0000000000
0	0.9606358227	0.0384504974	0.0009136798
0	0.2280910310	0.2408641090	0.5310448600
0	0.3384863666	0.0056091031	0.6559045303
0	0.0007187824	0.0123852433	0.9868959743
0	0.7500938470	0.2434392764	0.0064668766
0	0.7830052071	0.1927220577	0.0242727352
0	0.0059777389	0.0553600745	0.9386621866
0	0.0012422125	0.0000000561	0.9987577313
0	0.0153007897	0.0001747921	0.9845244183
0	0.9635825296	0.0023973093	0.0340201611
0	0.9147030511	0.0037012963	0.0815956526
1	0.0008155143	0.0010579095	0.9981265762
0	0.0041082952	0.9952470170	0.0006446878
0	0.9054826639	0.0945173361	0.0000000000
0	0.5951274778	0.0000337643	0.4048387579
0	0.2791129612	0.6792821260	0.0416049128
0	0.2170686167	0.0003737446	0.7825576387
0	0.5748751294	0.0000002690	0.4251246016
0	0.1806606363	0.7609058552	0.0584335085
0	0.2411261371	0.1325752636	0.6262985993
0	0.7556275404	0.2443724596	0.0000000000
0	0.5347735995	0.2510942760	0.2141321245
0	0.3058784634	0.6411621573	0.0529593794
0	0.4299729614	0.4984413495	0.0715856891
0	0.9917882882	0.0081665281	0.0000451837
0	0.8200238835	0.0040164800	0.1759596364
0	0.1927269806	0.0621831403	0.7450898791
0	0.5479304348	0.0150253353	0.4370442298
0	0.6680206639	0.0447427839	0.2872365522
0	0.0637195649	0.0000000117	0.9362804234
1	0.8811629905	0.0000000138	0.1188369957
0	0.4991133649	0.0000000000	0.5008866351
0	0.2193883027	0.7803186379	0.0002930594
1	0.2580920826	0.7354632685	0.0064446489
1	0.9999301329	0.0000000000	0.0000698671
0	0.8593583682	0.1239951250	0.0166465068
0	0.7582491356	0.2291117120	0.0126391524
0	0.9997634996	0.0000012624	0.0002352380
0	0.1287165878	0.8644620840	0.0068213282
0	0.0035677466	0.9941945361	0.0022377174
1	0.8886141992	0.0003057996	0.1110800012
1	0.6790714060	0.0125300078	0.3083985862
0	0.0090617129	0.9845907058	0.0063475812
0	0.3501681625	0.0002383937	0.6495934438
0	0.2500890921	0.7497415391	0.0001693688
1	0.2087780285	0.7413540435	0.0498679280
0	1.0000000000	0.0000000000	0.0000000000
0	0.9862321488	0.0000190264	0.0137488248
1	0.0848626161	0.8441793986	0.0709579853
0	0.9916294610	0.0000000080	0.0083705310
0	0.4267499377	0.5164706332	0.0567794291
0	0.5706370800	0.4293454145	0.0000175055
0	0.8633303259	0.0043663003	0.1323033738
0	0.0604478703	0.8980368966	0.0415152331
