0	0.5415664488	0.0020178712	0.0002814042	0.3054986464	0.1506356294
0	0.9269168104	0.0048869694	0.0681868576	0.0000023009	0.0000070617
0	0.1491510343	0.1395930446	0.0837181133	0.3817244484	0.2458133593
0	0.1396327785	0.1033413882	0.0133126554	0.7423219290	0.0013912490
0	0.1177222043	0.4761460810	0.0633557792	0.0475224918	0.2952534437
0	0.4295228080	0.2116271720	0.0126455189	0.1609310953	0.1852734058
0	0.0502374521	0.0071363061	0.1857541725	0.0934404684	0.6634316009
2	0.5805750971	0.3815937169	0.0001076851	0.0374737412	0.0002497597
0	0.0543645880	0.0000000010	0.6845943819	0.2601016602	0.0009393689
1	0.0403666935	0.0000001867	0.0046035002	0.1325235147	0.8225061049
