0	0.1805893979	0.1077385141	0.0371235338	0.6315483575	0.0430001968
0	0.0833791964	0.0779081310	0.1678027758	0.6389079337	0.0320019630
0	0.1766951811	0.0386166366	0.0020654997	0.7780376419	0.0045850407
0	0.0907728583	0.4633503632	0.3128344462	0.1330164413	0.0000258910
0	0.1804114185	0.7205120362	0.0030755019	0.0766353759	0.0193656675
0	0.0194572687	0.0003212471	0.6632850485	0.0155841950	0.3013522408
0	0.0565084760	0.0000020895	0.0048040181	0.2382658844	0.7004195319
1	0.2245493316	0.0230061348	0.2985533624	0.4538851519	0.0000060193
0	0.1088451778	0.6450246667	0.0134694828	0.1812889793	0.0513716934
2	0.0329532225	0.0137312008	0.0236727411	0.0569588544	0.8726839812
