0	0.1640047448	0.2609909972	0.5734726285	0.0013012951	0.0002303344
1	0.7264935569	0.0001464795	0.0000129032	0.2733470604	0.0000000000
0	0.0000004277	0.0000000021	0.1380127486	0.0074798195	0.8545070022
0	0.2644727392	0.1786258004	0.3744926421	0.1785900573	0.0038187611
0	0.0047517165	0.0882020558	0.0000000000	0.4229578910	0.4840883367
0	0.0497610540	0.0035228660	0.7559455819	0.1611043126	0.0296661855
0	0.0624446975	0.1913991208	0.3756531942	0.3601615831	0.0103414044
0	0.1367120725	0.0074261187	0.4900459140	0.1357938583	0.2300220365
2	0.0456822800	0.0057213793	0.7954802840	0.1113321426	0.0417839141
0	0.2085095212	0.5701000045	0.1299125991	0.0000156946	0.0914621807
