0	0.0459011247	0.0000000000	0.0698893320	0.0771129645	0.8070965788
0	0.0094233554	0.2268717882	0.0001158585	0.0419644251	0.7216245728
0	0.8797715877	0.0435580425	0.0066880087	0.0687636861	0.0012186750
0	0.2662550162	0.2470777472	0.2658706395	0.1098841254	0.1109124716
0	0.0192280911	0.0024498110	0.1629498696	0.8026860532	0.0126861751
1	0.1560637244	0.0012721707	0.0528935290	0.4981367772	0.2916337987
2	0.5628968009	0.0000000162	0.0256706663	0.0052062436	0.4062262729
0	0.4349592398	0.0042304950	0.0270297675	0.0885021884	0.4452783093
1	0.2469916958	0.1160027021	0.3332240726	0.3030723907	0.0007091387
0	0.1718396486	0.0975021332	0.2214162497	0.5092419685	0.0000000000
