0	0.0001883511	0.0050710030	0.0987953206	0.6390699677	0.2568753576
0	0.9412581279	0.0165548729	0.0112191726	0.0255225635	0.0054452631
0	0.0716099093	0.0607143857	0.2686308296	0.5511295988	0.0479152766
0	0.1376956285	0.0000241002	0.0000426029	0.1408066088	0.7214310596
0	0.0029146457	0.4981150462	0.4025732604	0.0869477775	0.0094492702
0	0.7692788315	0.0002230446	0.0000000000	0.0178478123	0.2126503116
1	0.4028319087	0.0016881322	0.1925446440	0.4023965194	0.0005387957
2	0.1194245336	0.7005949387	0.0451025723	0.0046254484	0.1302525069
0	0.3246152980	0.0845120110	0.0614494231	0.4246149972	0.1048082707
1	0.0000280997	0.0000000013	0.0000000000	0.9626981157	0.0372737832
