0	0.0319879804	0.5071582431	0.2202364399	0.0596403291	0.1809770075
0	0.0761698049	0.0091260096	0.0379339124	0.1611239829	0.7156462903
0	0.4045500035	0.0003347877	0.1880931347	0.0238826269	0.3831394472
1	0.2976849587	0.6876811484	0.0036731284	0.0000745210	0.0108862435
0	0.1333401862	0.0579406950	0.4736679154	0.3338809387	0.0011702647
1	0.0108370853	0.2996720145	0.5681751606	0.0530457638	0.0682699758
0	0.0029652498	0.0892176487	0.6821972900	0.1439105913	0.0817092201
0	0.0111067404	0.4154766126	0.2757223651	0.2953771570	0.0023171249
2	0.1315356193	0.1007400642	0.3291422746	0.0325995619	0.4059824800
0	0.2717274688	0.6452800062	0.0204066293	0.0017187012	0.0608671945
