0	0.1632095379	0.1127610027	0.3504625220	0.3433076327	0.0302593046
0	0.7370151357	0.0364415327	0.0101941371	0.0368501966	0.1794989979
0	0.0357253146	0.0323907788	0.0528874335	0.5908228671	0.2881736060
0	0.7806705514	0.0000000398	0.0595853254	0.0401500985	0.1195939849
0	0.4929998994	0.0083303042	0.0922094111	0.0669633742	0.3394970111
0	0.0656051353	0.0827092860	0.0763747240	0.0002576887	0.7750531661
0	0.4570100658	0.0005657163	0.1704302766	0.0239272489	0.3480666924
0	0.8148602777	0.0440144716	0.0995288697	0.0032440828	0.0383522982
2	0.0110927945	0.2997811068	0.0385816962	0.0025205421	0.6480238603
1	0.0612958482	0.0227433906	0.5474692157	0.0100977384	0.3583938071
