0	0.5004093773	0.0159597733	0.0000539845	0.4835766566	0.0000002083
2	0.0810853447	0.0060139344	0.0033812895	0.0000002702	0.9095191612
0	0.0678324431	0.0764945925	0.0003742623	0.8552153147	0.0000833874
0	0.0000000000	0.4592855906	0.1488397228	0.0000000000	0.3918746866
0	0.0765668356	0.0377182068	0.0217497161	0.8170158626	0.0469493788
0	0.6946682963	0.0371830380	0.1553552804	0.0539119770	0.0588814083
1	0.0015525624	0.4107554709	0.3412542842	0.0168908892	0.2295467933
0	0.0954741313	0.0524319037	0.0259131895	0.6382672656	0.1879135099
0	0.7406305863	0.0023812333	0.0871908244	0.0397702016	0.1300271543
0	0.1786188921	0.0060324698	0.8144360098	0.0000000031	0.0009126252
