0	0.2461898317	0.1284615330	0.0090799695	0.0056285632	0.6106401026
0	0.7770920886	0.0084352630	0.0018481933	0.2033829055	0.0092415495
0	0.0317192756	0.5393159745	0.0189805871	0.1729064679	0.2370776949
0	0.0138799811	0.0124985413	0.1164916158	0.7800659044	0.0770639575
1	0.0431502828	0.7378428411	0.1177949816	0.0818528609	0.0193590336
0	0.6341695525	0.0000000134	0.3291856818	0.0220582806	0.0145864716
2	0.0057064652	0.1616829742	0.0147033604	0.0000000000	0.8179072002
0	0.0326159285	0.2107677642	0.7460543841	0.0010998522	0.0094620710
0	0.0000011605	0.0361383145	0.5027966401	0.4609425314	0.0001213536
1	0.0433748821	0.0000011397	0.3326065936	0.0000000000	0.6240173847
