0	0.0138805309	0.1797862212	0.7275488738	0.0358507320	0.0429336421
0	0.1181845499	0.2552426522	0.2995482496	0.2573852671	0.0696392811
1	0.0243719959	0.1308715213	0.7793234010	0.0378100324	0.0276230494
0	0.0133127493	0.2359890315	0.0000000000	0.0674330426	0.6832651766
0	0.0142295802	0.0899880876	0.6886454566	0.1688486923	0.0382881834
0	0.0870167854	0.0136337102	0.3184913219	0.5572114653	0.0236467173
0	0.0335698693	0.0000002555	0.0013959612	0.0810548442	0.8839790697
0	0.3403276101	0.0000002470	0.0002248485	0.0073346104	0.6521126840
0	0.7346175903	0.1101179945	0.0000000000	0.1285744987	0.0266899165
2	0.0303554765	0.0019775500	0.4139042853	0.0000000131	0.5537626752
