0	0.7181778402	0.1562405080	0.1255816518
0	0.4562147792	0.5432275961	0.0005576248
0	0.9220368753	0.0690450993	0.0089180254
1	0.0506366027	0.5554957834	0.3938676140
0	0.0000000001	0.6965165246	0.3034834752
0	0.8968857028	0.0950660511	0.0080482462
0	0.9796997704	0.0202948274	0.0000054023
0	0.9721307090	0.0109459273	0.0169233637
0	0.8835605766	0.1164276952	0.0000117282
0	0.6708560038	0.1118550750	0.2172889211
0	0.1641295849	0.0000000000	0.8358704151
0	0.0273572938	0.9276735865	0.0449691197
0	0.0332101698	0.9666289637	0.0001608665
0	0.0000184971	0.0000000030	0.9999814999
0	0.6239318349	0.0000000000	0.3760681651
1	0.5032381948	0.0000116644	0.4967501408
0	0.3339907310	0.0000000007	0.6660092684
1	0.7354666259	0.0165428427	0.2479905313
1	0.3848184624	0.3946980547	0.2204834829
0	0.9999798497	0.0000005160	0.0000196344
0	0.0576402819	0.5417962952	0.4005634229
0	0.0159916011	0.1407856340	0.8432227649
1	0.9668129768	0.0000000000	0.0331870232
0	0.1367819677	0.0000000000	0.8632180323
0	0.3575794899	0.6424205043	0.0000000059
0	0.8222110673	0.0001321409	0.1776567918
0	0.4601318507	0.2029071350	0.3369610143
0	0.0446136516	0.0000000070	0.9553863414
1	0.0200221563	0.0000444639	0.9799333797
0	0.1192100512	0.0000013697	0.8807885790
1	0.1032634472	0.8471604474	0.0495761053
1	0.0000215858	0.5631132690	0.4368651453
0	0.0000000000	0.9784865627	0.0215134373
1	0.6531624221	0.3387254477	0.0081121302
2	0.3068169548	0.0000111216	0.6931719236
1	0.5320835786	0.4567378065	0.0111786149
1	0.0003427329	0.6238119139	0.3758453532
0	0.2081310393	0.5635774804	0.2282914803
0	0.4879858085	0.5111889252	0.0008252664
0	0.0025015618	0.0000000000	0.9974984382
0	0.0022983921	0.9892136692	0.0084879387
0	0.5173386131	0.4824419091	0.0002194779
1	0.0070467551	0.7049355260	0.2880177189
1	0.0009516326	0.9783722499	0.0206761175
1	0.7187730270	0.2806800580	0.0005469150
1	0.0000000000	0.9999996326	0.0000003674
0	0.0533701061	0.0004212066	0.9462086873
0	0.9992626999	0.0002529845	0.0004843157
1	0.0023226689	0.9595126848	0.0381646463
1	0.9935192102	0.0009075192	0.0055732706
1	0.3347410524	0.0489422022	0.6163167454
0	0.8845702027	0.0000005165	0.1154292808
0	0.3700424457	0.5065306462	0.1234269082
1	0.0696862197	0.9241754507	0.0061383296
0	0.0269472774	0.2308242053	0.7422285173
1	0.0869031616	0.3002427702	0.6128540682
0	0.4902809520	0.1912605017	0.3184585463
0	0.0623374161	0.0001154857	0.9375470982
0	0.0000026580	0.9999973420	0.0000000000
0	0.6308197207	0.1094724455	0.2597078339
0	0.1939222929	0.8060777071	0.0000000000
0	0.0000000577	0.9742540452	0.0257458971
0	0.6181028427	0.0044632683	0.3774338890
1	0.3164592508	0.0842138610	0.5993268882
0	0.0157046488	0.0104656979	0.9738296533
0	0.0001386393	0.0005790341	0.9992823266
0	0.0770090585	0.8943394157	0.0286515258
1	0.0185082443	0.7043211857	0.2771705700
0	0.7664802599	0.0221446968	0.2113750432
1	0.1558543673	0.0011074723	0.8430381604
1	0.3911396211	0.0000000019	0.6088603770
0	0.8386783898	0.0049368996	0.1563847106
0	0.1107897364	0.2440161126	0.6451941510
1	0.3869372823	0.0810625608	0.5320001569
0	0.0492679040	0.1549465700	0.7957855260
0	0.7468161449	0.2190257936	0.0341580615
1	0.0745026253	0.8227947198	0.1027026549
2	0.1366091775	0.0079011009	0.8554897216
1	0.9147361480	0.0006551462	0.0846087058
0	0.8978641005	0.0005283986	0.1016075009
1	0.1178737870	0.8814934664	0.0006327466
0	0.2490620336	0.0000323857	0.7509055806
0	0.0000000000	0.0000004091	0.9999995909
0	0.1211749224	0.0276928710	0.8511322066
0	0.5657221772	0.1273472344	0.3069305884
0	0.0852392224	0.9115629840	0.0031977936
0	0.9975300046	0.0002485096	0.0022214858
0	0.9799198719	0.0199137381	0.0001663901
1	0.0086209928	0.9913694838	0.0000095234
1	0.0079043024	0.7932813256	0.1988143720
1	0.0032595631	0.0007347983	0.9960056385
1	0.7915503435	0.2083174285	0.0001322280
1	0.9873796777	0.0090822053	0.0035381170
1	0.0152747677	0.9526257795	0.0320994527
0	0.2148740577	0.3697026880	0.4154232543
0	0.3262037366	0.1968127098	0.4769835537
0	0.2779527860	0.0000000027	0.7220472112
0	0.5894679304	0.4104675254	0.0000645443
0	0.0153911940	0.7896589374	0.1949498686
0	0.0912220581	0.2313169517	0.6774609902
