0	0.1192317537	0.8206899191	0.0600783271
1	0.0000008020	0.1940628966	0.8059363014
0	0.9637754581	0.0294873358	0.0067372061
0	0.1750076087	0.1046070948	0.7203852965
0	0.9012639892	0.0000000011	0.0987360097
0	0.6146818623	0.0351988763	0.3501192614
0	0.7600005328	0.0037864455	0.2362130217
0	0.0064702155	0.0000000360	0.9935297485
1	0.7614379509	0.1580772094	0.0804848397
1	1.0000000000	0.0000000000	0.0000000000
0	0.0005302931	0.4127871487	0.5866825582
0	0.0000419470	0.9969997486	0.0029583044
0	0.4398253503	0.0027849666	0.5573896830
0	0.1317168623	0.0273222365	0.8409609012
1	0.0469324473	0.8353969914	0.1176705613
0	0.0149000575	0.0000897299	0.9850102126
0	0.3978974576	0.6021013384	0.0000012040
0	0.1607996251	0.0031755524	0.8360248226
0	0.6238817108	0.0376139970	0.3385042922
0	0.4592206732	0.2363993513	0.3043799754
1	0.7957600330	0.0000000002	0.2042399669
0	0.0927552243	0.0033160643	0.9039287115
0	0.9999808181	0.0000020207	0.0000171612
1	0.8127310447	0.1872650173	0.0000039379
2	0.8687933894	0.0007197186	0.1304868920
1	0.9980959543	0.0013717865	0.0005322591
1	0.6637453538	0.0772681297	0.2589865165
0	0.5732066923	0.1021618332	0.3246314745
1	0.0011015099	0.8315783521	0.1673201381
1	0.0136843678	0.1766701991	0.8096454331
0	0.9911426792	0.0088278536	0.0000294672
0	0.9306961440	0.0000000000	0.0693038560
0	0.5773510351	0.1464842733	0.2761646916
1	0.9971327852	0.0000000000	0.0028672148
0	0.7966861910	0.0240806233	0.1792331856
1	0.1717062244	0.2489756099	0.5793181657
0	0.0286790558	0.5729089136	0.3984120306
0	0.9075833251	0.0924166749	0.0000000000
1	0.6740344178	0.1073966781	0.2185689040
1	0.9996887016	0.0000000000	0.0003112984
0	0.0476846704	0.5394133220	0.4129020076
0	0.4114468549	0.0215158136	0.5670373316
2	0.7692053357	0.2307944509	0.0000002133
1	0.4891065963	0.4514106154	0.0594827883
1	0.8167371535	0.1290965085	0.0541663380
1	0.2242308699	0.4284081610	0.3473609691
0	0.1867902603	0.0006821030	0.8125276367
0	0.9978438998	0.0021436959	0.0000124043
0	0.9795401312	0.0195208999	0.0009389690
1	0.1676091881	0.8136625463	0.0187282655
0	0.0264627328	0.5067321399	0.4668051273
1	0.9921572820	0.0078427180	0.0000000000
0	0.9622754053	0.0001276832	0.0375969115
0	0.4535084470	0.0000000002	0.5464915528
1	0.9999731300	0.0000251655	0.0000017046
1	0.9094812755	0.0727124431	0.0178062813
1	0.9955976920	0.0000000023	0.0044023057
0	0.3783256136	0.3780927140	0.2435816724
0	0.8847656674	0.1113592132	0.0038751194
0	0.9632692927	0.0171158820	0.0196148253
1	0.9812674891	0.0120198054	0.0067127055
0	0.8608047189	0.1233253116	0.0158699694
1	0.4786615506	0.0082344119	0.5131040375
0	0.8292008934	0.0200800034	0.1507191031
1	0.5391506081	0.1135752888	0.3472741031
0	0.9936926553	0.0063052893	0.0000020555
0	0.4581483535	0.3844134677	0.1574381788
0	0.8229352079	0.0000004291	0.1770643629
0	0.7933457810	0.1433204035	0.0633338155
0	0.0511529385	0.0023704887	0.9464765729
0	0.9360358180	0.0581603918	0.0058037902
1	0.0007973332	0.0540310090	0.9451716578
1	0.6460991020	0.0000076802	0.3538932178
0	0.0001313786	0.6753791052	0.3244895163
1	0.4226157504	0.0544578990	0.5229263506
0	0.0236992091	0.0133345741	0.9629662169
0	0.0875901956	0.6411866595	0.2712231449
0	0.0056314115	0.8947293601	0.0996392283
1	0.0000000353	0.9988571010	0.0011428637
0	0.1119199901	0.1271373884	0.7609426215
1	0.7882778244	0.2115933338	0.0001288418
0	0.0775544236	0.9224455762	0.0000000002
0	0.3300835105	0.0000000000	0.6699164895
1	0.7359984224	0.0000185515	0.2639830261
0	0.1413880211	0.5628725356	0.2957394432
0	0.0784129490	0.1005357298	0.8210513212
0	0.0390393514	0.3417635678	0.6191970808
1	0.2074589234	0.1587019980	0.6338390786
0	0.1332099750	0.0743951783	0.7923948468
0	0.0444072186	0.0764395340	0.8791532474
0	0.3064920698	0.0000000000	0.6935079302
0	0.0000196021	0.0000000000	0.9999803979
0	0.0370097942	0.0320752326	0.9309149731
0	0.1051653522	0.5117775696	0.3830570782
0	0.0543798691	0.0833423542	0.8622777767
0	0.6851472619	0.0000000000	0.3148527381
1	0.1050483228	0.2092089221	0.6857427551
1	0.2217073302	0.4340847261	0.3442079437
1	0.3124361052	0.0057118365	0.6818520584
1	0.9894195072	0.0000899302	0.0104905626
