1	0.2871245267	0.2405262609	0.4723492125
0	0.3387147337	0.2939295862	0.3673556801
0	0.9613650459	0.0379526178	0.0006823363
0	0.0410010881	0.9589989119	0.0000000000
0	0.1495699427	0.0000097527	0.8504203045
0	0.2692408686	0.0000618382	0.7306972932
0	0.2135187006	0.3705552124	0.4159260870
0	0.0007516570	0.1232945807	0.8759537623
0	0.9069840399	0.0000000000	0.0930159601
0	0.0000000003	0.0000045877	0.9999954120
0	0.9522827048	0.0000000033	0.0477172919
0	0.9976635960	0.0000000024	0.0023364016
0	0.4136000098	0.0002363739	0.5861636163
1	0.9408976268	0.0000146888	0.0590876844
0	0.0069703610	0.9145345178	0.0784951211
0	0.0059522665	0.9680589616	0.0259887719
0	0.0155171815	0.0000000163	0.9844828022
1	0.8171972689	0.0035892044	0.1792135268
0	0.2025111753	0.7974577235	0.0000311013
1	0.4231622816	0.4249587494	0.1518789690
0	0.2049734787	0.0697096806	0.7253168407
1	0.1596933410	0.1637966033	0.6765100558
0	0.4147149666	0.1331124068	0.4521726266
0	0.2289342276	0.7710657300	0.0000000425
0	0.0000000000	0.0000000562	0.9999999438
0	0.9999304417	0.0000000499	0.0000695083
1	0.8769379406	0.1208037504	0.0022583090
0	0.1994420059	0.0130529481	0.7875050459
0	0.7563978475	0.2433725090	0.0002296435
0	0.6448219214	0.0694537263	0.2857243523
1	0.2883731342	0.4348839347	0.2767429311
0	0.4154330205	0.5819387516	0.0026282279
2	0.6349284630	0.3601706077	0.0049009293
1	0.7242962951	0.0024062340	0.2732974709
0	0.2674988132	0.7312917417	0.0012094451
0	0.0567481998	0.9430838481	0.0001679521
0	0.5874033654	0.0744391840	0.3381574505
0	0.0030060816	0.0000472547	0.9969466638
0	0.0154543593	0.5271959337	0.4573497070
0	0.4977031588	0.5022968077	0.0000000336
0	0.0850252038	0.0092083528	0.9057664434
0	0.3917457165	0.4033414364	0.2049128471
2	0.9871260522	0.0102716248	0.0026023230
0	0.0000000183	0.4202989652	0.5797010165
1	0.1321985352	0.2615675514	0.6062339134
0	0.3947381136	0.0003295134	0.6049323729
0	0.8508308159	0.0006269103	0.1485422738
1	0.0000000014	0.0169175930	0.9830824056
0	0.8846421838	0.1153091868	0.0000486293
0	0.2168287933	0.0068712143	0.7762999924
0	0.0000000024	0.9288079567	0.0711920409
0	0.9736843866	0.0006087190	0.0257068944
1	1.0000000000	0.0000000000	0.0000000000
1	0.3123210769	0.3751428012	0.3125361219
1	0.0002875116	0.0002961397	0.9994163487
0	0.9999924037	0.0000000000	0.0000075963
1	0.7529284520	0.0000000000	0.2470715480
0	0.0189215966	0.0865769212	0.8945014822
0	0.8255434024	0.1267716476	0.0476849501
0	0.9964786780	0.0023950155	0.0011263065
1	0.4967862287	0.4414500235	0.0617637478
0	0.0007267222	0.0062509944	0.9930222835
2	0.5579683520	0.0080339776	0.4339976704
0	0.0320623284	0.9679376716	0.0000000000
2	0.5732227348	0.0152554477	0.4115218175
1	0.2273512936	0.7726486916	0.0000000148
0	0.2881968056	0.7117923028	0.0000108916
1	0.9834133431	0.0000000014	0.0165866555
0	0.0001439957	0.0000000206	0.9998559837
1	0.7631555645	0.2311380671	0.0057063685
0	0.9800176460	0.0199823540	0.0000000000
0	0.0323020457	0.0533953708	0.9143025835
0	0.0101759649	0.9898240043	0.0000000308
0	0.4697652369	0.5302347631	0.0000000000
0	0.8885115575	0.0189136806	0.0925747619
0	0.8717755045	0.0533590526	0.0748654429
1	0.0055402465	0.7124967916	0.2819629619
1	0.0544857508	0.0000000000	0.9455142492
1	0.1322638775	0.0011721098	0.8665640127
0	0.4383385142	0.5567940073	0.0048674785
0	0.9430356066	0.0558071531	0.0011572403
0	0.0472938018	0.4143419722	0.5383642259
0	0.4398731862	0.0077953847	0.5523314291
1	0.9908731734	0.0072606229	0.0018662036
1	0.0010304657	0.0000000238	0.9989695105
1	0.6694987825	0.0000004994	0.3305007180
0	0.1309207797	0.7134311605	0.1556480598
1	0.9834988509	0.0000070565	0.0164940925
2	0.0000000000	0.0000136616	0.9999863384
1	0.0160512284	0.4145007042	0.5694480675
1	0.0445826361	0.9539349090	0.0014824549
0	0.3334885274	0.3116902122	0.3548212604
1	0.0006518905	0.0000000001	0.9993481094
0	0.1714831150	0.8076253601	0.0208915249
1	0.9607178293	0.0297654529	0.0095167178
0	0.9561691518	0.0343219087	0.0095089395
2	0.8072777487	0.0000000000	0.1927222513
0	0.1280928712	0.0972951142	0.7746120146
1	0.4802567963	0.0001438268	0.5195993769
1	0.0251430478	0.9732712399	0.0015857124
