0	0.2377257457	0.6204216644	0.1418525900
0	0.9623032826	0.0376967174	0.0000000000
0	0.4456604285	0.0000002045	0.5543393669
0	0.0000000462	0.0791801490	0.9208198048
0	0.0795160895	0.0473529142	0.8731309963
0	0.8399123746	0.0582191703	0.1018684551
0	0.1474336058	0.8522572057	0.0003091885
0	0.1471759496	0.0083420315	0.8444820189
0	0.7623375627	0.2038477100	0.0338147273
1	0.0500303686	0.9479633719	0.0020062595
0	0.0521098803	0.7803929259	0.1674971938
1	0.0000000582	0.8895705028	0.1104294390
1	0.0000000000	0.7608313194	0.2391686806
1	0.4087962017	0.5868874941	0.0043163042
1	0.9019329350	0.0000313803	0.0980356848
0	0.0000000000	0.9759648048	0.0240351952
1	0.4082296774	0.2254399908	0.3663303317
0	0.1569679394	0.8409935011	0.0020385595
0	0.9999881041	0.0000002712	0.0000116247
0	0.3990763407	0.0000197152	0.6009039441
1	0.6255953892	0.2152977755	0.1591068354
0	0.7301706899	0.0199758978	0.2498534124
1	0.1185087810	0.8813058467	0.0001853723
1	0.4586033830	0.2671395719	0.2742570451
1	0.9999998795	0.0000000000	0.0000001205
1	0.1769570791	0.0023087241	0.8207341967
1	0.0231288532	0.0360467868	0.9408243600
0	0.5369151529	0.1459008981	0.3171839491
0	0.1861825493	0.4566805496	0.3571369011
0	0.9814490545	0.0059700650	0.0125808805
0	0.0978324078	0.7545273661	0.1476402261
0	0.0485326521	0.2311607222	0.7203066256
1	0.0000042085	0.0000117681	0.9999840234
0	0.2429156484	0.0820130923	0.6750712593
0	0.7197167135	0.1191042843	0.1611790022
1	0.9836843725	0.0045660154	0.0117496121
0	0.2570320568	0.3055019097	0.4374660335
1	0.5731351028	0.0349141404	0.3919507568
0	0.0000209879	0.7518294307	0.2481495814
1	0.9994648090	0.0000000001	0.0005351910
1	0.0029070722	0.9762823464	0.0208105814
0	0.0001294630	0.0125720146	0.9872985225
1	0.5399637220	0.2005849799	0.2594512981
0	0.9951741696	0.0000011444	0.0048246860
0	0.9431342686	0.0568657313	0.0000000001
1	0.1686776380	0.5588446682	0.2724776938
1	0.0000000000	0.0000000000	1.0000000000
0	0.3946878789	0.6052943843	0.0000177368
0	0.7332341022	0.2667658978	0.0000000000
1	0.5155159778	0.4831258821	0.0013581401
0	0.4226745987	0.5139432798	0.0633821214
0	0.4997607507	0.4421537284	0.0580855209
1	0.0003639026	0.2599898075	0.7396462899
0	0.0000000030	0.4429058394	0.5570941576
0	0.0039039571	0.5905249685	0.4055710744
0	0.0000000000	0.2919161713	0.7080838287
1	0.3147002660	0.6651724241	0.0201273099
2	0.7825190341	0.0000000000	0.2174809659
0	0.6991742098	0.0000000352	0.3008257550
0	0.0601414195	0.0021252076	0.9377333728
0	0.9557417261	0.0224842428	0.0217740312
1	0.0001342758	0.0000000000	0.9998657242
1	0.1982276208	0.0149665771	0.7868058022
0	0.0440702093	0.6271923635	0.3287374272
0	0.0600089080	0.5897382111	0.3502528809
0	0.9353705671	0.0270444698	0.0375849631
0	0.0000000070	0.5388251336	0.4611748594
1	0.8351544269	0.1571467702	0.0076988029
0	0.8460510499	0.1539489501	0.0000000000
0	0.0087578883	0.0013810467	0.9898610649
0	0.2204642087	0.0700320152	0.7095037761
1	0.0785937889	0.8870043259	0.0344018851
1	0.0743847280	0.0000179509	0.9255973211
0	0.9903192878	0.0062872087	0.0033935034
1	0.1547934596	0.0000086748	0.8451978656
1	0.0002479693	0.0000000000	0.9997520306
0	0.4356321104	0.0047173560	0.5596505335
0	0.0360263043	0.8834425787	0.0805311170
0	0.1694623102	0.0000016529	0.8305360369
0	0.2712601382	0.0973509667	0.6313888950
1	0.3031424190	0.3545752891	0.3422822919
0	0.9892964236	0.0000000067	0.0107035697
0	0.8550046467	0.1446790963	0.0003162570
0	0.0043643730	0.0000000000	0.9956356270
0	0.2187941213	0.0000000615	0.7812058172
1	0.8348766742	0.0412512711	0.1238720548
0	0.9767355214	0.0207817640	0.0024827147
1	0.0000091205	0.9968549959	0.0031358837
0	0.9203314376	0.0125148563	0.0671537061
1	0.4801351604	0.1604221283	0.3594427113
0	0.7101762781	0.2892820934	0.0005416284
0	0.0000330489	0.9984933089	0.0014736422
0	0.2731699016	0.1048266828	0.6220034156
1	0.0009721830	0.8815510730	0.1174767440
0	0.3632908656	0.6367091344	0.0000000000
1	0.3226076436	0.2640725988	0.4133197575
0	0.0000000014	0.0201733421	0.9798266565
1	0.6574396332	0.3407074334	0.0018529334
0	0.7402656979	0.0000001432	0.2597341590
1	0.6648081043	0.3213914279	0.0138004678
