0	0.1392838153	0.0000000000	0.8607161847
0	0.1509263544	0.6057469684	0.2433266772
0	0.9881533241	0.0028340428	0.0090126331
0	0.9999999975	0.0000000000	0.0000000025
0	0.1035325747	0.8964408076	0.0000266178
1	0.0000000000	0.0000000107	0.9999999893
0	0.9282414744	0.0591951327	0.0125633929
1	0.1137001169	0.0000000000	0.8862998831
0	0.5524013255	0.3329207923	0.1146778822
0	0.6205496077	0.3794503923	0.0000000000
0	0.4261037943	0.5586911812	0.0152050245
1	0.1546114146	0.0000077036	0.8453808818
0	0.0000000000	0.6933123943	0.3066876057
0	0.2480768640	0.0000000004	0.7519231356
1	0.0272166189	0.9724286510	0.0003547301
0	0.4953644529	0.1494861536	0.3551493935
0	0.1454539477	0.8545449050	0.0000011472
0	0.7797075407	0.0582384967	0.1620539626
0	0.0318279931	0.2515773616	0.7165946453
0	0.6596315568	0.3360165523	0.0043518909
1	0.0620353870	0.9375921385	0.0003724745
1	0.0006892707	0.5166850577	0.4826256717
0	0.5646142182	0.4353359908	0.0000497910
0	0.6901132182	0.0011919325	0.3086948493
0	0.9129814830	0.0004340460	0.0865844710
0	0.0185307220	0.0734338919	0.9080353861
1	0.0484919704	0.0769446695	0.8745633602
1	0.1062733584	0.8937264287	0.0000002129
1	0.0212175615	0.9345572261	0.0442252124
0	0.3898422142	0.5778913343	0.0322664515
0	0.0191168917	0.1951530847	0.7857300236
0	0.4259571129	0.0000592795	0.5739836076
0	0.9199881217	0.0000000000	0.0800118783
0	0.4196807475	0.0348785248	0.5454407277
1	0.2951780530	0.6613953970	0.0434265499
1	0.3670116315	0.0471416295	0.5858467390
0	0.1664452601	0.6625075620	0.1710471779
1	0.3908395688	0.0000000000	0.6091604312
0	0.6877308317	0.3122691617	0.0000000066
0	0.8556601078	0.0595363154	0.0848035768
1	0.0519462876	0.9270202161	0.0210334963
0	0.4357925078	0.2308259547	0.3333815375
0	0.8764665864	0.0152259649	0.1083074487
1	0.2563785564	0.1554452165	0.5881762271
0	0.0466530953	0.1402728084	0.8130740963
0	0.3807997854	0.6190347855	0.0001654291
1	0.2313546360	0.0001223956	0.7685229684
0	0.7359688771	0.0000000000	0.2640311229
2	0.0001270761	0.9859215007	0.0139514233
0	0.6083351069	0.0038166249	0.3878482682
1	0.8151471668	0.1808480049	0.0040048283
0	0.8988818605	0.1011181395	0.0000000000
0	0.3859453177	0.6100191868	0.0040354955
2	0.3547481324	0.5136190841	0.1316327834
0	0.0127264730	0.0151858145	0.9720877125
0	0.9826671599	0.0000000000	0.0173328401
1	0.8116559320	0.0213856636	0.1669584044
0	0.5046071748	0.1750523269	0.3203404983
0	0.9242881655	0.0039133969	0.0717984375
0	0.1983403723	0.0000002636	0.8016593641
1	0.7180621649	0.0000047938	0.2819330413
0	0.0757819938	0.0060053104	0.9182126959
0	0.5152720486	0.0033584231	0.4813695283
0	0.9903477662	0.0000068536	0.0096453802
0	0.9601754468	0.0016590559	0.0381654973
0	0.9488643703	0.0106762391	0.0404593906
0	0.0000000010	0.0000000000	0.9999999990
0	0.4991153768	0.4550917548	0.0457928683
1	0.0000015609	0.0015069487	0.9984914904
0	0.8003067041	0.1670801817	0.0326131142
1	0.0000000000	0.0000557412	0.9999442588
0	0.1687981520	0.8178203965	0.0133814516
1	0.0582813351	0.3874436674	0.5542749975
0	0.2137324261	0.5447320271	0.2415355469
0	0.0000000000	0.9718551054	0.0281448946
1	0.0425282027	0.0000030908	0.9574687065
0	0.9307972980	0.0692024613	0.0000002406
0	0.0000000000	0.6805630379	0.3194369621
0	0.6218859969	0.0000012890	0.3781127141
0	0.8341470514	0.0000006875	0.1658522610
1	0.8513173336	0.0000000334	0.1486826330
2	0.0531962796	0.9293395781	0.0174641423
0	0.9462336414	0.0153060184	0.0384603403
2	0.0655166054	0.0025867830	0.9318966116
1	0.9023965855	0.0000000000	0.0976034145
1	0.1689300208	0.1703943696	0.6606756096
0	0.9243920317	0.0466422429	0.0289657254
0	0.9675352057	0.0011457570	0.0313190373
0	0.9770624332	0.0142931906	0.0086443762
0	0.0000013609	0.9903032394	0.0096953997
1	0.5762254332	0.3756041805	0.0481703863
0	0.0000000003	0.0000007671	0.9999992326
0	0.2300367978	0.4450991761	0.3248640261
1	0.9456667022	0.0000000000	0.0543332978
1	0.9426132869	0.0120018549	0.0453848583
0	0.0013324581	0.0106948413	0.9879727006
1	0.5932008525	0.0909773626	0.3158217849
1	1.0000000000	0.0000000000	0.0000000000
0	0.3292201825	0.0000035023	0.6707763152
0	0.7586777298	0.0199310082	0.2213912619
