1	0.0714083560	0.0010984976	0.9274931464
0	0.0000358450	0.1275104372	0.8724537178
0	0.2379201527	0.7620350126	0.0000448347
0	0.7453331386	0.0570550536	0.1976118078
0	0.3412892156	0.4254508488	0.2332599356
1	0.8402578152	0.0027445575	0.1569976273
0	0.1648290275	0.0467868141	0.7883841584
0	0.0117888776	0.5984335411	0.3897775813
1	0.9860081371	0.0130770085	0.0009148544
1	0.2657863530	0.3279773109	0.4062363361
0	0.0000000000	0.9886398891	0.0113601109
0	0.9999998997	0.0000000541	0.0000000461
0	0.0287823836	0.2636075103	0.7076101060
0	0.0510955219	0.0671021560	0.8818023221
0	0.9743749455	0.0244722496	0.0011528048
0	0.9137836782	0.0862082187	0.0000081030
0	0.5110854512	0.0000049062	0.4889096426
2	0.9860174043	0.0113197873	0.0026628084
0	0.9086938124	0.0213007205	0.0700054671
0	0.5483283544	0.2431479366	0.2085237090
0	0.9880480692	0.0002034017	0.0117485291
0	0.1419436692	0.8229067152	0.0351496155
1	0.9695392647	0.0141139280	0.0163468074
1	0.2039612519	0.3607205015	0.4353182466
1	0.9999998007	0.0000001993	0.0000000000
1	0.6934889550	0.2992989745	0.0072120706
1	0.9999737812	0.0000262188	0.0000000000
0	0.0000000000	0.9188954777	0.0811045223
1	0.9986398527	0.0003645398	0.0009956075
1	0.4760062248	0.0656716395	0.4583221357
2	0.0045017065	0.1060695000	0.8894287935
0	0.8437684904	0.0134241245	0.1428073851
0	0.0000000000	0.6807133718	0.3192866282
0	0.1327712553	0.4915245257	0.3757042190
0	0.7452881723	0.0000000000	0.2547118277
0	0.9496441224	0.0000000883	0.0503557893
1	0.2788585722	0.2691798600	0.4519615678
0	0.9844926151	0.0025426471	0.0129647379
0	0.9546407098	0.0278067645	0.0175525257
1	0.0843631930	0.8084902697	0.1071465372
0	0.6897742467	0.3102252209	0.0000005325
0	0.1697095715	0.7900918677	0.0401985608
0	0.1213704004	0.0283278462	0.8503017534
1	0.0046529126	0.8319845493	0.1633625381
1	0.0803277527	0.6402486710	0.2794235763
0	0.0003225692	0.5546240771	0.4450533537
1	0.9991831627	0.0007607035	0.0000561338
1	0.2316695881	0.3068160703	0.4615143416
0	0.0080726423	0.9502991697	0.0416281880
0	0.0406549512	0.9383342088	0.0210108400
0	0.1773401320	0.0000000000	0.8226598680
0	0.4231334684	0.0000000060	0.5768665255
0	0.0076131209	0.0000000000	0.9923868791
0	0.7148443702	0.1369291037	0.1482265262
1	0.2656587760	0.2554961648	0.4788450592
0	0.8657578545	0.1312878013	0.0029543442
0	0.4827251899	0.5123336144	0.0049411957
0	0.0463898987	0.7458567909	0.2077533104
0	0.9309659299	0.0690340701	0.0000000000
0	0.7286471066	0.2613332404	0.0100196531
1	0.6410555547	0.3311172941	0.0278271512
0	0.9935818183	0.0025134116	0.0039047701
0	0.0026219283	0.0000000000	0.9973780717
0	0.0001958425	0.0094627949	0.9903413626
0	0.0132622508	0.5838207666	0.4029169826
0	0.0007104674	0.7396635206	0.2596260120
1	0.8229577533	0.0008944819	0.1761477648
1	0.9999999259	0.0000000719	0.0000000022
1	0.0813567642	0.1333260404	0.7853171954
1	0.3536951125	0.0008596196	0.6454452678
0	0.6059157234	0.3940797634	0.0000045132
0	0.9992988148	0.0000000000	0.0007011852
0	0.8317153134	0.0000000000	0.1682846866
0	0.2899160670	0.5923264211	0.1177575119
1	0.6088043958	0.3905583308	0.0006372735
0	0.7745685072	0.0478807963	0.1775506964
0	0.1080205832	0.8919794168	0.0000000000
0	0.8496298997	0.1503700865	0.0000000138
0	0.3276373357	0.5139367107	0.1584259536
1	0.0041515341	0.0000056020	0.9958428639
1	0.0486414374	0.0284656673	0.9228928952
0	0.0756180493	0.0275839638	0.8967979870
0	0.5125820879	0.3674113131	0.1200065990
0	0.6768324913	0.3126419160	0.0105255927
1	0.3192466491	0.0230827019	0.6576706490
0	0.0009070530	0.9150222819	0.0840706651
0	0.7436025217	0.0679633794	0.1884340989
0	0.0011177915	0.9621110197	0.0367711888
0	0.1510082056	0.1833182630	0.6656735315
1	0.9324150248	0.0042605489	0.0633244263
0	0.3590405102	0.0000016054	0.6409578844
0	0.0530004537	0.0162601834	0.9307393630
0	0.6776151512	0.0793414251	0.2430434238
1	0.0697081062	0.0000004500	0.9302914438
0	0.2035909281	0.0030270374	0.7933820346
1	0.4489803460	0.5061285210	0.0448911330
1	0.9188437874	0.0000000008	0.0811562118
0	0.6330815537	0.0025553192	0.3643631271
1	0.2334274510	0.7661188007	0.0004537483
1	0.6204960874	0.3749142152	0.0045896973
