1	0.0000110061	0.0000000000	0.9999889939
1	0.4960898824	0.0811080795	0.4228020382
1	0.2751868874	0.4412101604	0.2836029522
1	1.0000000000	0.0000000000	0.0000000000
0	0.0014630845	0.0070106051	0.9915263104
1	0.4562452876	0.5352464857	0.0085082267
1	0.9999966892	0.0000033108	0.0000000000
1	0.0011149783	0.9988850217	0.0000000000
0	0.5466712874	0.0353621910	0.4179665216
2	0.6482590406	0.3419491263	0.0097918331
1	0.7973052391	0.0216255944	0.1810691665
0	0.0464614169	0.2730688227	0.6804697604
1	0.9471902010	0.0481235772	0.0046862218
0	0.7454718571	0.0005426440	0.2539854989
0	0.2019539180	0.2569578952	0.5410881867
1	0.0000000018	0.9974400256	0.0025599726
0	0.9420792265	0.0570141611	0.0009066124
0	0.3782109904	0.5007913792	0.1209976304
0	0.6938383547	0.1303032182	0.1758584271
1	0.0000000000	0.0000000000	1.0000000000
0	0.6447179669	0.1902170012	0.1650650319
0	0.0112680567	0.9419635679	0.0467683754
0	0.8185522740	0.1814378427	0.0000098833
0	0.8056837983	0.1332442257	0.0610719760
1	0.0095803094	0.8329971911	0.1574224995
1	0.0000002348	0.0000000000	0.9999997652
1	0.0123335890	0.0278823284	0.9597840826
0	0.0165773244	0.0002064164	0.9832162591
1	0.0266968524	0.0000000001	0.9733031476
1	0.6240510963	0.2628590905	0.1130898132
0	0.4108996739	0.0001398216	0.5889605045
1	0.1273747769	0.0259083205	0.8467169027
0	0.0169733898	0.5869412115	0.3960853987
1	0.0999034079	0.1518028423	0.7482937498
0	0.3256035615	0.0000000220	0.6743964165
1	0.1109724759	0.0332397596	0.8557877645
1	0.0031445849	0.9219726398	0.0748827752
1	0.9903328746	0.0071210124	0.0025461130
2	0.9238768187	0.0740762963	0.0020468850
0	0.9601260772	0.0398739225	0.0000000003
1	0.1609771388	0.0449944770	0.7940283842
0	0.0037921684	0.9231830827	0.0730247489
0	0.0983060486	0.0001776641	0.9015162873
2	0.9814803242	0.0170312212	0.0014884546
2	0.0016552868	0.7240689721	0.2742757411
1	0.0191691365	0.0000000001	0.9808308635
0	0.0055109555	0.0010507435	0.9934383011
0	0.8043584924	0.1956415076	0.0000000000
0	0.0361685853	0.0427579263	0.9210734884
0	0.9969404433	0.0000285075	0.0030310492
1	0.6336792754	0.1389694741	0.2273512506
0	0.0000000001	0.0144421296	0.9855578703
1	0.1624769256	0.3292776813	0.5082453931
0	0.1325459417	0.3393148752	0.5281391831
0	0.7127680444	0.0003328574	0.2868990981
0	0.8356616545	0.1643382075	0.0000001380
0	0.3904414333	0.0053591066	0.6041994601
1	0.0040602472	0.0000000000	0.9959397528
0	0.2446750926	0.0000163524	0.7553085549
1	0.0000013583	0.5847622897	0.4152363520
0	0.0712081207	0.1676209921	0.7611708872
1	0.3706043288	0.3202932637	0.3091024075
0	0.9328622182	0.0006806509	0.0664571309
1	0.0510508070	0.5253172196	0.4236319734
0	0.0365199175	0.0023767959	0.9611032866
0	0.1214738989	0.0462926138	0.8322334873
1	0.0801522821	0.0000000000	0.9198477178
0	0.3727742294	0.3760814160	0.2511443546
0	0.0944397876	0.3496974552	0.5558627572
0	0.7739846850	0.2260153150	0.0000000000
2	0.9162721069	0.0025717947	0.0811560984
1	0.4355267266	0.5644732715	0.0000000019
0	0.0623608769	0.0983782357	0.8392608874
0	0.3988183849	0.6011797084	0.0000019067
0	0.0008252613	0.5995907283	0.3995840104
0	0.1099172041	0.0000000473	0.8900827486
1	0.3943705280	0.2593651352	0.3462643368
0	0.0017303678	0.9982679982	0.0000016340
2	0.6982287308	0.0000000000	0.3017712692
1	0.8694685692	0.0002538437	0.1302775871
0	0.9968667315	0.0029722810	0.0001609875
1	0.0792290800	0.7777229455	0.1430479744
1	0.3776770784	0.0170932320	0.6052296895
0	0.9810474053	0.0184707875	0.0004818072
0	0.0324757848	0.3844252545	0.5830989607
1	0.2314388976	0.0258928521	0.7426682503
1	0.9148683044	0.0000000105	0.0851316851
0	0.5729723444	0.0110135662	0.4160140894
0	0.0833897762	0.0875113427	0.8290988811
1	0.0285106944	0.9442247422	0.0272645634
0	0.7796624475	0.0000000003	0.2203375523
2	0.7461849660	0.0000000000	0.2538150340
0	0.0000008591	0.9824994965	0.0174996444
1	0.1115535581	0.0675135918	0.8209328502
0	0.1698020635	0.1694892108	0.6607087257
0	0.9981104774	0.0010884821	0.0008010405
1	0.0000039997	0.2838812756	0.7161147247
0	0.0274401461	0.0612254510	0.9113344029
1	0.2262324443	0.1686823937	0.6050851621
0	0.0049314160	0.1545007815	0.8405678024
