0	0.9891096530	0.0108748962	0.0000154508
1	0.0073660502	0.9368922200	0.0557417299
0	0.1544118357	0.0000000000	0.8455881643
0	0.1342336127	0.0129416814	0.8528247058
1	0.0195545272	0.2242836477	0.7561618251
1	0.9897785461	0.0095210810	0.0007003730
0	0.2466235929	0.2668374944	0.4865389127
0	0.9222042734	0.0739966473	0.0037990794
0	0.8370630601	0.0202916037	0.1426453362
1	0.0018796051	0.0015196581	0.9966007369
1	0.7445404289	0.0000024186	0.2554571525
0	0.0079303191	0.9450329106	0.0470367704
1	0.6610434488	0.1584659582	0.1804905930
0	0.6041769063	0.3958230936	0.0000000001
1	0.3950526605	0.5696650413	0.0352822982
0	0.3554964753	0.0178089282	0.6266945965
0	0.0076118552	0.9922432745	0.0001448703
1	0.2601119077	0.0501617971	0.6897262952
0	0.0951478853	0.8979888790	0.0068632357
1	0.0041116945	0.0000000007	0.9958883048
0	0.2338338187	0.7661661810	0.0000000003
0	0.9278478140	0.0000000000	0.0721521860
0	0.0104327245	0.8626317312	0.1269355444
0	0.7774037012	0.2225962988	0.0000000000
2	0.9583348945	0.0416417459	0.0000233596
0	0.0011058141	0.8008854697	0.1980087162
0	0.9925091112	0.0001142907	0.0073765981
1	0.1140617658	0.0081943725	0.8777438617
0	0.5981096244	0.0945113650	0.3073790106
0	0.7543446095	0.0000000000	0.2456553905
0	0.5897706044	0.0000000000	0.4102293956
0	0.0000003641	0.0107659284	0.9892337075
0	0.8068578859	0.1352407284	0.0579013857
1	0.1339046740	0.8660448211	0.0000505050
0	0.0007700618	0.6743044302	0.3249255081
0	0.5570798379	0.0162075304	0.4267126317
1	0.8921196975	0.0000023617	0.1078779408
0	0.2659010434	0.0000245321	0.7340744245
0	0.0058685455	0.5596233073	0.4345081472
0	0.4715507881	0.0853394330	0.4431097788
0	0.0758819174	0.2176298970	0.7064881856
0	0.7935059805	0.0000000000	0.2064940195
0	0.0000000000	0.1032116379	0.8967883621
0	0.0678238840	0.1965926641	0.7355834519
1	0.9551970258	0.0000000034	0.0448029709
0	0.5598734926	0.4401258986	0.0000006089
0	0.9999996530	0.0000003470	0.0000000000
0	0.8163980776	0.1831831053	0.0004188171
0	0.9384527367	0.0000000000	0.0615472633
0	0.0670862386	0.0013537408	0.9315600205
0	0.9462813675	0.0000000000	0.0537186325
1	0.0089065356	0.9852851850	0.0058082794
0	0.4024670509	0.1732004474	0.4243325017
1	0.0830774036	0.8497549567	0.0671676396
0	0.0155749000	0.0185285348	0.9658965652
1	0.3772448821	0.6207990007	0.0019561172
0	0.6072017075	0.1759711006	0.2168271920
1	0.0001750262	0.0487173262	0.9511076476
1	0.5922506467	0.0000000000	0.4077493533
1	0.0178009888	0.4506591853	0.5315398259
0	0.0053263563	0.0000983666	0.9945752771
1	0.0118125738	0.8504074516	0.1377799746
1	0.3164833545	0.6803404950	0.0031761504
1	0.0802405025	0.6900135067	0.2297459908
1	0.3670879811	0.1447904537	0.4881215652
1	0.3177932554	0.4324523258	0.2497544189
1	0.3969215923	0.0000002355	0.6030781722
0	0.0000001595	0.0008162948	0.9991835457
2	0.7223456281	0.0000000000	0.2776543719
1	0.4861905823	0.5138094170	0.0000000007
0	0.6620834238	0.3047578074	0.0331587689
1	0.8042460609	0.1957539391	0.0000000000
1	0.2173519135	0.1806412545	0.6020068320
0	0.0000100053	0.5994351668	0.4005548279
0	0.0006750953	0.0000000000	0.9993249047
1	0.0009042904	0.7313991929	0.2676965167
0	0.1652061766	0.2688103505	0.5659834729
0	0.0016387164	0.0737695581	0.9245917255
0	0.8435811642	0.1564188358	0.0000000000
0	0.1680265311	0.7113024831	0.1206709858
1	0.8100805113	0.0000840736	0.1898354151
2	0.3532206797	0.6467793203	0.0000000000
1	0.0000116172	0.0000000000	0.9999883828
0	0.5049000119	0.0325717518	0.4625282363
1	0.9040796032	0.0959203968	0.0000000000
0	0.1538843330	0.0011952591	0.8449204079
2	0.0987232941	0.6236640007	0.2776127052
0	0.9998387305	0.0000000191	0.0001612504
0	0.2635344353	0.1391841925	0.5972813722
1	0.9623242796	0.0152245735	0.0224511469
0	0.1009498165	0.8990501835	0.0000000000
0	0.0160031165	0.0405210704	0.9434758131
0	0.0009881471	0.1984645229	0.8005473300
0	0.4980053821	0.2044186090	0.2975760089
0	0.9951165383	0.0011129844	0.0037704772
0	0.9385402107	0.0011306133	0.0603291760
1	0.6894107676	0.3105891276	0.0000001048
1	0.0009862860	0.0281826143	0.9708310997
0	0.9937397564	0.0000000000	0.0062602436
0	0.0000000000	0.6529652020	0.3470347980
