0	0.3013966743	0.0001096467	0.6984936790
1	0.0000000000	0.9966336689	0.0033663311
0	0.9680297788	0.0000274597	0.0319427615
0	0.0005871615	0.2733634108	0.7260494277
0	0.3872963448	0.0341903422	0.5785133130
1	0.3943249661	0.1185428873	0.4871321467
0	0.0020395610	0.0024237884	0.9955366506
1	0.0098088698	0.5374222381	0.4527688921
0	0.0305097592	0.1311123144	0.8383779263
0	0.0412368721	0.1496098887	0.8091532393
0	0.7997899157	0.0172274276	0.1829826568
0	0.6011611934	0.0291794674	0.3696593392
1	0.4487865560	0.5097874742	0.0414259698
0	0.0042624541	0.0000000027	0.9957375432
0	0.3767037391	0.1569919859	0.4663042750
0	0.5309842094	0.3430389971	0.1259767934
1	0.0634874931	0.6542127982	0.2822997088
0	0.0001492285	0.0931959126	0.9066548589
0	0.0318599770	0.0159258016	0.9522142215
0	0.2793167999	0.5331079417	0.1875752584
0	0.2016514391	0.5156017539	0.2827468069
0	0.9005276780	0.0000000000	0.0994723220
0	0.5566681074	0.4278064970	0.0155253956
2	0.0012676372	0.0197316359	0.9790007269
0	0.0234170540	0.0058855714	0.9706973746
1	0.9403196011	0.0000040007	0.0596763982
1	0.2767144793	0.0297390400	0.6935464808
0	0.0021576749	0.0162892322	0.9815530928
0	0.3509013674	0.6490986326	0.0000000000
1	0.5862591978	0.0000012392	0.4137395630
1	0.0006780136	0.5684870759	0.4308349104
0	0.6365388247	0.0000000000	0.3634611753
0	0.4027805535	0.0996269103	0.4975925362
0	0.0447646842	0.2716273658	0.6836079499
0	0.1441370476	0.0000000000	0.8558629524
1	0.4652364244	0.0266308767	0.5081326988
1	0.7328108668	0.0377902089	0.2293989243
0	0.5652837335	0.4165419377	0.0181743289
2	0.2193377366	0.0000000000	0.7806622634
1	0.0703362001	0.2385070421	0.6911567578
1	0.0169649126	0.9829385417	0.0000965457
0	0.1755091043	0.8236303775	0.0008605182
0	0.3578357388	0.0000000002	0.6421642610
0	0.9883663171	0.0007591007	0.0108745823
0	0.0061891591	0.0000000490	0.9938107919
0	0.0016000489	0.0000031309	0.9983968203
0	0.0374364097	0.2065911872	0.7559724031
1	0.0184257742	0.0919589626	0.8896152631
0	0.0000000000	0.6164046951	0.3835953049
1	0.0808749966	0.0030026284	0.9161223749
0	0.9987101014	0.0012898931	0.0000000055
0	0.1862403214	0.6632208288	0.1505388498
0	0.1595789479	0.6882976157	0.1521234364
0	0.0000432688	0.4880863820	0.5118703491
1	0.6882934181	0.0002182098	0.3114883720
0	0.4921145400	0.5078845749	0.0000008851
0	0.0000065687	0.2094949757	0.7904984556
1	0.9693679316	0.0293040410	0.0013280274
1	0.0300954017	0.0076315041	0.9622730942
0	0.0793964437	0.0644994125	0.8561041438
0	0.0000000000	0.9845841582	0.0154158418
0	0.0489492917	0.2433333035	0.7077174048
0	0.0527528793	0.0853891881	0.8618579326
0	0.1705452512	0.0886228555	0.7408318933
0	0.9448722934	0.0551210125	0.0000066941
0	0.9814493136	0.0185498850	0.0000008014
0	1.0000000000	0.0000000000	0.0000000000
0	0.8958186932	0.0032666941	0.1009146128
0	0.0338448315	0.6951685800	0.2709865884
1	0.0000130299	0.9999853175	0.0000016527
0	0.9968394698	0.0011045195	0.0020560107
2	0.5574490958	0.1568095018	0.2857414024
0	0.4645547265	0.0294614944	0.5059837791
1	0.5648463846	0.0000875311	0.4350660843
0	0.3295763126	0.3535413978	0.3168822895
1	0.9797421154	0.0000000461	0.0202578385
1	0.0890768595	0.0024322522	0.9084908883
1	0.0027311585	0.0252771476	0.9719916940
0	0.5085513249	0.4893318943	0.0021167808
0	0.9253139797	0.0048294603	0.0698565600
0	0.1424957398	0.8037645343	0.0537397259
0	0.3655018833	0.2343149930	0.4001831237
1	0.0160265963	0.1200893967	0.8638840070
0	0.0392985233	0.9498084210	0.0108930558
1	0.8097354132	0.0000000000	0.1902645868
0	0.1576561558	0.0000002774	0.8423435668
0	0.3209977920	0.2697308740	0.4092713339
1	0.8719186170	0.0285664832	0.0995148998
0	0.1571117641	0.0962802773	0.7466079586
1	0.5184679936	0.4562735457	0.0252584607
0	0.6701266250	0.0404590181	0.2894143569
0	0.9982233806	0.0000858519	0.0016907675
0	0.1841180586	0.5008361132	0.3150458282
1	0.0108679596	0.0002649813	0.9888670591
1	0.4299233307	0.2318144047	0.3382622646
1	0.6810433057	0.0058908710	0.3130658234
0	0.3005932724	0.6806688508	0.0187378769
1	0.5815286556	0.4093606765	0.0091106680
0	0.4483402325	0.5320088377	0.0196509298
0	0.0423860603	0.7138138739	0.2438000658
