0	0.4607366922	0.0000001136	0.5392631943
0	0.9858087108	0.0091871000	0.0050041892
0	0.1295725544	0.3984306479	0.4719967976
1	0.2190045642	0.7809953639	0.0000000720
0	0.3249526734	0.6750473266	0.0000000000
0	0.6484075941	0.0002107503	0.3513816557
0	0.7638653617	0.1723438371	0.0637908013
0	0.0421649337	0.7010677627	0.2567673037
1	0.1704991522	0.0127893459	0.8167115019
1	0.0753384132	0.9031842982	0.0214772885
0	0.1376149968	0.0320735096	0.8303114936
0	0.6492474727	0.3054977153	0.0452548120
1	0.0000092643	0.7191607126	0.2808300232
0	0.0349705805	0.0743415348	0.8906878847
0	0.0011472153	0.8620549558	0.1367978289
0	0.0000000001	0.5639967624	0.4360032375
0	0.4424890963	0.0108369491	0.5466739547
0	0.1201689759	0.4583976284	0.4214333957
1	0.3213351825	0.0011879354	0.6774768821
1	0.0000012002	0.9994196962	0.0005791036
0	0.0099572821	0.3734779642	0.6165647537
2	0.0006283914	0.9230571533	0.0763144554
0	0.9901848633	0.0001551769	0.0096599598
0	0.6254177305	0.3020553032	0.0725269663
1	0.0000000000	0.9999996685	0.0000003315
0	0.0229393022	0.1122410312	0.8648196665
0	0.9298112252	0.0000289446	0.0701598301
0	0.2763457653	0.5740755324	0.1495787024
0	0.3404238647	0.1822195293	0.4773566060
1	0.5591317344	0.2592626956	0.1816055700
0	0.9989708078	0.0010291904	0.0000000018
1	0.0000000016	0.9972203542	0.0027796442
0	0.2436754518	0.3996958165	0.3566287317
0	0.9999195482	0.0000000000	0.0000804518
0	0.1560489742	0.0008184918	0.8431325340
0	0.1984553077	0.0005053091	0.8010393833
0	0.7290730285	0.0937844255	0.1771425460
0	0.7963119653	0.0046362684	0.1990517664
0	0.0425753833	0.0040200777	0.9534045390
1	0.0164132711	0.0114699062	0.9721168227
1	0.0086119753	0.9881212645	0.0032667602
0	0.7650658163	0.1887593019	0.0461748819
0	0.1839788721	0.0002068113	0.8158143166
0	0.1233738854	0.0096566504	0.8669694642
2	0.7034088620	0.0125717994	0.2840193386
0	0.8112124812	0.0244262597	0.1643612591
0	0.3737225685	0.0032781497	0.6229992818
1	0.9876495023	0.0104429017	0.0019075959
1	0.5842754355	0.0961219686	0.3196025958
2	0.0000694655	0.0000000329	0.9999305017
0	0.9162279736	0.0741578499	0.0096141765
0	0.2309856738	0.0000000000	0.7690143262
0	0.5926333052	0.4016703321	0.0056963627
0	0.3854268127	0.0141686715	0.6004045159
0	0.5881290000	0.0015760260	0.4102949740
0	0.8519708384	0.0005918714	0.1474372902
0	0.2907822046	0.2831216977	0.4260960977
0	0.0010267264	0.9094981181	0.0894751555
0	0.4892053311	0.0249219802	0.4858726887
1	0.6872517852	0.0047015266	0.3080466882
1	0.0765311298	0.2403515104	0.6831173598
1	0.0000000489	0.0017846212	0.9982153298
1	0.0006957995	0.1503957260	0.8489084745
0	0.0155702333	0.0513855546	0.9330442121
1	0.0000185182	0.0261580540	0.9738234278
0	0.5127462214	0.4870172320	0.0002365466
0	0.6910231534	0.0115936161	0.2973832305
0	0.6478465077	0.0010531145	0.3511003778
0	0.0000097455	0.1095747646	0.8904154900
1	0.0000000000	0.8779789390	0.1220210610
0	0.8981876406	0.0000129289	0.1017994305
0	0.1995721768	0.7096642752	0.0907635479
1	0.1593223462	0.4947617826	0.3459158713
0	0.4953149101	0.0000205945	0.5046644954
1	0.1441084190	0.8558914923	0.0000000887
1	0.8639426491	0.1328483439	0.0032090070
1	0.5723661653	0.0744735947	0.3531602400
0	0.7716319938	0.0765630197	0.1518049865
0	0.0000079085	0.5378244805	0.4621676110
2	0.3594520362	0.0001520456	0.6403959181
0	0.9829219247	0.0004715060	0.0166065693
0	0.9940669271	0.0000000000	0.0059330729
1	0.0443570499	0.2423863740	0.7132565762
1	0.2208386325	0.0019695831	0.7771917844
0	0.8690652236	0.0023874418	0.1285473346
0	0.0091239777	0.9865475980	0.0043284243
0	0.1579253500	0.2645292351	0.5775454148
1	0.8699368594	0.0268369002	0.1032262404
0	0.0042098224	0.9956807585	0.0001094191
0	0.9586209782	0.0189282259	0.0224507959
0	0.8639641166	0.0793078422	0.0567280411
0	0.1760218066	0.2339447412	0.5900334522
1	0.6802493221	0.1696530695	0.1500976084
0	0.8929698543	0.0998483525	0.0071817932
0	0.4419139904	0.2519452580	0.3061407516
0	0.8971032666	0.1028888438	0.0000078896
0	0.1715041974	0.8283117369	0.0001840657
0	0.0856581557	0.0881268005	0.8262150438
1	0.2494077656	0.0000000000	0.7505922344
0	0.0051927399	0.9920072239	0.0028000363
