0	0.2449792815	0.4722269115	0.2827938069
1	0.0774645837	0.7171524009	0.2053830155
0	0.1413542424	0.8304252347	0.0282205229
0	0.0000000000	0.6705664996	0.3294335004
0	0.0909032649	0.8778384421	0.0312582930
1	0.0000000012	0.2827291754	0.7172708234
1	0.2795517690	0.1916130920	0.5288351390
0	0.1336658888	0.2330943437	0.6332397675
2	0.4717845194	0.1449050624	0.3833104181
1	0.8014151177	0.0685455383	0.1300393440
1	0.0310200559	0.9689798607	0.0000000834
0	0.4686469306	0.5313279874	0.0000250819
0	0.8108297871	0.0190925519	0.1700776610
2	0.4440160620	0.2476662797	0.3083176582
0	0.2538096149	0.5835048437	0.1626855415
0	0.0436273134	0.0655252637	0.8908474229
0	0.9183725629	0.0816274371	0.0000000000
1	0.2837858944	0.6934498815	0.0227642241
0	0.1178273049	0.8186623702	0.0635103250
2	0.6904697278	0.1057066810	0.2038235911
1	0.0674788702	0.6112238050	0.3212973248
1	0.2352686901	0.7041191232	0.0606121867
0	0.3190616007	0.4317643050	0.2491740943
0	0.2782142222	0.0132844388	0.7085013390
0	0.2299530955	0.2961990147	0.4738478898
1	0.1131964993	0.0003169672	0.8864865336
1	0.7387011811	0.1360250734	0.1252737455
0	0.9166784097	0.0832488187	0.0000727716
1	0.8626450856	0.0173542876	0.1200006268
1	0.9309233621	0.0690763668	0.0000002711
1	0.6609858726	0.1881745094	0.1508396180
1	0.1733847463	0.7993745136	0.0272407401
0	0.0606915460	0.0004360969	0.9388723571
1	0.0000000000	0.9762707685	0.0237292315
0	0.0000000000	0.0065127693	0.9934872307
0	0.3255699485	0.6706997641	0.0037302874
0	0.0683322627	0.0031612029	0.9285065344
0	0.1656168893	0.8318653656	0.0025177451
1	0.4527946791	0.5471219146	0.0000834063
0	0.0349499643	0.2299968938	0.7350531419
0	0.8590184458	0.0000000026	0.1409815517
2	0.3427488103	0.0000000000	0.6572511897
0	0.8615589363	0.0000154526	0.1384256111
0	0.5961108411	0.2393930202	0.1644961388
0	0.9838182271	0.0084250773	0.0077566956
1	0.0578901787	0.8953087293	0.0468010920
0	0.0036935686	0.0304810167	0.9658254147
0	0.0000001033	0.0000602484	0.9999396483
1	0.5144980039	0.4818186657	0.0036833304
0	0.4778850269	0.0002378939	0.5218770792
1	0.0967352168	0.0002722667	0.9029925166
0	0.0051556714	0.7571932694	0.2376510592
0	0.1747532300	0.8240930461	0.0011537238
0	0.1582590675	0.1064190911	0.7353218414
0	0.0000000060	0.2590591778	0.7409408162
1	0.0000408401	0.0116804604	0.9882786995
1	0.0967197869	0.3883073189	0.5149728942
0	0.1624351126	0.8375648874	0.0000000000
0	0.0317254465	0.9682551740	0.0000193795
0	0.9648627144	0.0141134888	0.0210237969
0	0.7342075862	0.2131733418	0.0526190720
0	0.8079620310	0.0031970923	0.1888408768
0	0.7974043885	0.2025342642	0.0000613473
0	0.1713469324	0.0319681892	0.7966848785
0	0.0216602704	0.6532069855	0.3251327441
0	0.2262307719	0.0000000000	0.7737692281
0	0.9959982966	0.0001728374	0.0038288660
1	0.9176195865	0.0000000192	0.0823803943
0	0.0000029665	0.9056992566	0.0942977769
2	0.9237202125	0.0000000000	0.0762797875
1	0.9999983102	0.0000000000	0.0000016898
1	0.6662929891	0.0185539900	0.3151530209
1	0.0014768317	0.0027711042	0.9957520641
1	0.8532405140	0.1467591465	0.0000003395
0	0.8603267432	0.0688311299	0.0708421269
1	0.6066725774	0.3908559351	0.0024714875
0	0.0566047203	0.7611710952	0.1822241844
0	0.0023134926	0.0017764762	0.9959100312
0	0.0188752810	0.9634808401	0.0176438789
1	0.3111520084	0.6873306797	0.0015173119
0	0.9069152722	0.0642435247	0.0288412031
0	0.8631966475	0.0000000001	0.1368033524
0	0.3010172990	0.3171772906	0.3818054104
0	0.0617739597	0.7619546839	0.1762713564
0	0.2474182538	0.0000000000	0.7525817462
2	0.9990176867	0.0000001052	0.0009822081
0	0.9758404986	0.0005186871	0.0236408143
1	0.0003381296	0.2242658238	0.7753960466
0	0.3195804811	0.0002855319	0.6801339870
0	0.7404407779	0.0633847316	0.1961744905
0	0.6254603906	0.3743995694	0.0001400400
2	0.0033057451	0.9966942540	0.0000000009
1	0.1826248425	0.5271853043	0.2901898533
0	0.0021923499	0.8342910111	0.1635166390
1	0.8840417082	0.0173997623	0.0985585295
0	0.8350691032	0.0785220661	0.0864088307
0	0.0957663880	0.0000000000	0.9042336120
0	0.9994131092	0.0005865812	0.0000003096
0	0.0593676934	0.9387633332	0.0018689734
0	0.0000000000	0.0468483451	0.9531516549
