1	0.0005984909	0.0000000000	0.9994015091
0	0.4219526991	0.5640679821	0.0139793188
1	0.0009997853	0.9864771003	0.0125231145
1	0.0107996099	0.4145167436	0.5746836465
0	0.1616928599	0.0068559781	0.8314511620
2	0.0158516818	0.9841405943	0.0000077240
1	0.1995522848	0.7734868265	0.0269608888
0	0.0000009584	0.1927291542	0.8072698874
0	0.0002142251	0.0009639382	0.9988218367
0	0.5478441836	0.0084621057	0.4436937108
0	0.0000030210	0.1352140744	0.8647829046
1	0.5570286585	0.3787350166	0.0642363248
0	0.0659948153	0.0000000624	0.9340051223
2	0.2777113918	0.5941347406	0.1281538676
0	0.9350833942	0.0161826127	0.0487339931
1	0.0028507927	0.9836440827	0.0135051246
1	0.0300756276	0.3486493921	0.6212749803
0	0.2368440324	0.2152683483	0.5478876192
0	0.0673220209	0.8731746132	0.0595033659
0	0.0518979707	0.0480494125	0.9000526168
1	0.0654801012	0.0568302366	0.8776896622
0	0.9347668059	0.0015038007	0.0637293935
0	0.0000550899	0.0920836287	0.9078612814
0	0.0000000000	0.9632078337	0.0367921663
0	0.1820962365	0.7232399489	0.0946638146
0	0.1036910426	0.0024746154	0.8938343420
1	0.0000000527	0.0065545465	0.9934454008
0	0.9305789831	0.0694210073	0.0000000096
0	0.0364998909	0.2058089079	0.7576912012
0	0.0006203761	0.9031425559	0.0962370681
0	0.0088630166	0.0893310610	0.9018059224
1	0.9143238135	0.0856525827	0.0000236038
0	0.0013988370	0.0955202303	0.9030809326
0	0.9270559455	0.0729341986	0.0000098559
0	0.1807527531	0.0005391065	0.8187081404
1	0.0000163484	0.9069327452	0.0930509064
0	0.9962277729	0.0033121091	0.0004601180
2	0.3702582913	0.5768689792	0.0528727295
0	0.0150048187	0.0011968707	0.9837983106
0	0.6113190692	0.3784125333	0.0102683975
0	0.7319855228	0.0576403327	0.2103741445
0	0.0006765978	0.7768141796	0.2225092227
0	0.6625909677	0.0000048355	0.3374041968
0	0.1764943900	0.0098150018	0.8136906082
0	0.9997372153	0.0000000000	0.0002627847
0	0.7742314430	0.0965017469	0.1292668100
0	0.6564741618	0.1237099552	0.2198158830
1	0.0547890939	0.5593514081	0.3858594980
0	0.6105686176	0.0010911146	0.3883402678
0	0.0676252880	0.0000000000	0.9323747120
1	0.5593230043	0.0006599529	0.4400170428
1	0.6898721659	0.3070236251	0.0031042091
1	0.9177875151	0.0816327580	0.0005797269
0	0.2591865586	0.0000005657	0.7408128757
0	0.0420789372	0.9072515776	0.0506694852
1	0.2578659459	0.7421328868	0.0000011673
1	0.5535798233	0.3525158427	0.0939043340
0	0.3301843619	0.0000293281	0.6697863101
1	0.0126695106	0.0000578461	0.9872726433
0	0.0412675268	0.9580822388	0.0006502345
0	0.0920471739	0.0017556860	0.9061971401
0	0.0694902700	0.1478638183	0.7826459116
0	0.6039421841	0.0001477625	0.3959100534
0	0.0051266631	0.0014378107	0.9934355261
1	0.0393587336	0.0000208981	0.9606203683
0	0.9403354137	0.0030318753	0.0566327110
1	0.9969990690	0.0030009310	0.0000000000
0	0.9993324851	0.0000000000	0.0006675149
0	0.0057265816	0.8404132226	0.1538601958
1	0.2162306599	0.5947541437	0.1890151964
0	0.4577692379	0.3775197624	0.1647109997
1	0.1385764161	0.0000000181	0.8614235658
0	0.3453226152	0.1115071503	0.5431702345
0	0.3826437575	0.2982383107	0.3191179318
1	0.0121154143	0.8419622759	0.1459223098
1	0.6154559969	0.0368889157	0.3476550875
0	0.4521955986	0.0000000000	0.5478044014
0	0.5315363174	0.4665631597	0.0019005229
0	0.0652620631	0.1497525903	0.7849853466
0	0.0000010435	0.0003668450	0.9996321115
0	0.5784441465	0.4215358488	0.0000200047
0	0.0381748882	0.0000323507	0.9617927610
0	0.2277008351	0.4111401604	0.3611590045
0	0.2972766175	0.6950237083	0.0076996743
0	0.0000014256	0.4096207330	0.5903778414
0	0.0437467691	0.9390283304	0.0172249005
0	0.1406909427	0.8424559856	0.0168530716
0	0.6345532718	0.0870687154	0.2783780128
0	0.1811892156	0.1173867420	0.7014240424
2	0.1704314813	0.8113969088	0.0181716099
0	0.3019638613	0.3532241912	0.3448119474
1	0.0018331678	0.0194079977	0.9787588345
1	0.1100540025	0.8884383613	0.0015076361
0	0.7998896747	0.0384983103	0.1616120150
1	0.0006857041	0.1105894486	0.8887248473
0	0.9560952779	0.0192531750	0.0246515472
0	0.0728802659	0.6663553791	0.2607643550
0	0.2006954374	0.0589742626	0.7403303000
0	0.8523872461	0.1446082419	0.0030045120
2	0.9937939781	0.0056039565	0.0006020654
