0	0.0241062304	0.9202053840	0.0556883856
0	0.3734282791	0.0882792446	0.5382924763
1	0.0042717605	0.0839152545	0.9118129850
0	0.3838541542	0.1306691228	0.4854767231
0	0.3550645881	0.4543756855	0.1905597264
0	0.2121185179	0.5793564371	0.2085250449
0	0.8206323685	0.0098177600	0.1695498715
1	0.6999875565	0.0777337532	0.2222786902
0	0.6675402861	0.3324596719	0.0000000420
0	0.0144557503	0.9756565994	0.0098876503
1	0.6284959544	0.2818358281	0.0896682175
0	0.0162071235	0.8575394741	0.1262534024
0	0.0786686664	0.7306834303	0.1906479033
0	0.2367111194	0.7217189963	0.0415698844
0	0.0086377595	0.9913622010	0.0000000395
0	0.2915765536	0.7081080640	0.0003153824
0	0.6141703366	0.0022320029	0.3835976605
0	0.4582960610	0.4596338899	0.0820700491
0	0.2879732577	0.7090501681	0.0029765742
1	0.0034467978	0.0000000678	0.9965531344
0	0.6555515280	0.1843382481	0.1601102240
0	0.0000000000	1.0000000000	0.0000000000
0	0.0314393361	0.6525885874	0.3159720766
0	0.1281757147	0.1441753366	0.7276489487
0	0.8708910874	0.0001324677	0.1289764449
1	0.0017476138	0.3380928812	0.6601595051
0	0.5507746681	0.0048289351	0.4443963968
0	0.1307548438	0.8447541589	0.0244909973
0	0.0191349149	0.3521262783	0.6287388068
0	0.1653561750	0.7759983341	0.0586454909
0	0.0001394898	0.9998604874	0.0000000228
0	0.2535354830	0.4879486982	0.2585158188
0	0.1789814938	0.8210185062	0.0000000000
0	0.3524631570	0.0028456147	0.6446912283
0	0.7496540205	0.2203719205	0.0299740590
0	0.3849382341	0.4792479611	0.1358138049
0	0.1763662722	0.3188260851	0.5048076427
0	0.0158753293	0.5176145891	0.4665100816
0	0.0884483213	0.0370071947	0.8745444840
1	0.4809795227	0.3812543403	0.1377661370
0	0.0586117619	0.4103414424	0.5310467958
1	0.1853898639	0.2724516471	0.5421584889
0	0.1465386209	0.0053689043	0.8480924748
0	0.8616196747	0.0000083063	0.1383720191
0	0.0000000000	0.8305177986	0.1694822014
0	0.8593273218	0.0270069849	0.1136656934
0	0.8027856142	0.1848666577	0.0123477282
0	0.0000723053	0.6027323223	0.3971953725
0	0.0152832530	0.7308733123	0.2538434348
0	0.0000000000	0.8124832397	0.1875167603
1	0.4072555281	0.5703924487	0.0223520232
0	0.8040270620	0.1935427350	0.0024302029
0	0.0003960783	0.0530493608	0.9465545609
0	0.2119401391	0.6264211513	0.1616387096
0	0.0024382623	0.2848964920	0.7126652457
0	0.9855199355	0.0142441532	0.0002359113
0	0.6167096538	0.0000114190	0.3832789272
0	0.3177892319	0.6820707723	0.0001399958
0	0.9907409232	0.0000000000	0.0092590768
0	0.8453908913	0.0711898506	0.0834192581
0	0.0616537909	0.9381268676	0.0002193415
0	0.3408945063	0.0576236725	0.6014818212
0	0.0909681883	0.9090318117	0.0000000000
0	0.9756753885	0.0243235169	0.0000010946
1	0.4661016868	0.0550087757	0.4788895375
0	0.4940100327	0.5030675655	0.0029224018
0	0.2201352059	0.0000864108	0.7797783832
0	0.7187360802	0.2694248386	0.0118390812
1	0.0581455315	0.9415439701	0.0003104984
0	0.0007787713	0.1161235318	0.8830976970
0	0.3196613670	0.5316539832	0.1486846498
0	0.8770167457	0.0891661458	0.0338171085
0	0.9427339539	0.0213636460	0.0359024000
0	0.2911904997	0.0004169495	0.7083925509
0	0.4799844379	0.5199056053	0.0001099567
0	0.0000002419	0.0001205020	0.9998792561
1	0.9447992641	0.0268084989	0.0283922370
0	0.5503018338	0.2304113140	0.2192868522
0	0.3383979919	0.0443226810	0.6172793271
0	0.8949069667	0.0010278613	0.1040651720
2	0.1743293705	0.5203958195	0.3052748100
0	0.6673283424	0.0000000000	0.3326716576
0	0.4319233359	0.4581724774	0.1099041867
0	0.1748453081	0.8251546919	0.0000000000
0	0.1305199221	0.8694800752	0.0000000027
1	0.0690635204	0.0371905848	0.8937458949
1	0.3263971182	0.0394637948	0.6341390871
1	0.3192500873	0.0798372882	0.6009126244
1	0.0065608474	0.9135336865	0.0799054661
1	0.6625700719	0.3374298818	0.0000000463
1	0.4019486984	0.5153838127	0.0826674888
0	0.0000003138	0.8925482094	0.1074514768
0	0.1534008024	0.7998506667	0.0467485310
0	0.0853444545	0.0000186890	0.9146368566
0	0.0000045490	0.2191533012	0.7808421498
0	0.0000000123	0.0508666312	0.9491333565
0	0.6610122158	0.3305713427	0.0084164415
0	0.0883778380	0.0520630835	0.8595590786
0	0.5691450355	0.4308549645	0.0000000000
0	0.3414533223	0.0674658290	0.5910808488
