0	0.6973525398	0.2276605337	0.0749869265
0	0.0000000000	0.0133758093	0.9866241907
1	0.0000000727	0.1795775802	0.8204223470
1	0.1508434156	0.8480830617	0.0010735227
1	0.9845860605	0.0037792225	0.0116347170
0	0.7243652239	0.0477796335	0.2278551426
0	0.2045793611	0.0020030447	0.7934175942
0	0.6811733169	0.2893658581	0.0294608249
0	0.9926332473	0.0065277290	0.0008390236
0	0.0129434319	0.3216464739	0.6654100942
0	0.0010003891	0.5533348139	0.4456647970
1	0.9079931478	0.0055809904	0.0864258619
0	0.3206608627	0.6427307652	0.0366083721
0	0.0037217855	0.9927086126	0.0035696019
0	0.0796482663	0.6225726973	0.2977790364
0	0.3670000421	0.5750661113	0.0579338465
0	0.6452475868	0.1539127896	0.2008396235
0	0.7177327502	0.0162488524	0.2660183974
0	0.5191096654	0.0004635138	0.4804268208
0	0.9928765188	0.0000001445	0.0071233367
0	0.2642825761	0.0007493833	0.7349680406
2	0.1901554991	0.6149292582	0.1949152427
0	0.0000000003	0.0160101780	0.9839898217
0	0.3525687459	0.0000087901	0.6474224641
0	0.4032586944	0.5967413056	0.0000000000
1	0.6143277058	0.2259448695	0.1597274247
0	0.0897833347	0.9102166637	0.0000000017
0	0.3072313369	0.3642861928	0.3284824703
0	0.7415822473	0.0002198621	0.2581978907
1	0.0707885531	0.9159813547	0.0132300922
0	0.1995862701	0.4252588973	0.3751548327
0	0.9999652937	0.0000328327	0.0000018737
0	0.9647879611	0.0000000000	0.0352120389
0	0.4328360197	0.5671639803	0.0000000000
0	0.0079759754	0.5407606141	0.4512634105
0	0.9698982437	0.0300993167	0.0000024396
0	0.3068113622	0.2756508947	0.4175377431
0	0.8573161319	0.0132142126	0.1294696555
0	0.5549500411	0.4078124512	0.0372375077
0	0.5988586463	0.1373289646	0.2638123892
0	0.2378482128	0.0659252623	0.6962265249
0	0.5530201621	0.0278782734	0.4191015645
0	0.0048060142	0.2746790795	0.7205149064
1	0.0661544181	0.4546020244	0.4792435575
0	0.4044520494	0.2511661943	0.3443817563
0	0.8124767730	0.1206791540	0.0668440730
0	0.8368855375	0.0475746511	0.1155398115
0	0.2440793749	0.6003460911	0.1555745340
1	0.9786159488	0.0186462690	0.0027377822
1	0.1103974119	0.8126000994	0.0770024887
0	0.3174574355	0.5436558957	0.1388866688
1	0.0004005212	0.0038107164	0.9957887623
0	0.1340967632	0.1682200437	0.6976831931
0	0.9890083443	0.0109915671	0.0000000886
0	0.0000030742	0.9999962264	0.0000006994
0	0.0087135574	0.7907565887	0.2005298539
0	0.0328096167	0.0456446555	0.9215457278
0	0.3860128841	0.4885654655	0.1254216504
1	0.9983792302	0.0005631745	0.0010575952
0	0.0334347053	0.0000145985	0.9665506962
0	0.0994523302	0.0000033477	0.9005443221
0	0.2028576186	0.7829658942	0.0141764872
0	0.0033721489	0.4300841760	0.5665436751
0	0.8216747054	0.1764666121	0.0018586826
0	0.0000770781	0.9946679124	0.0052550095
0	0.0342112158	0.0002012895	0.9655874946
0	0.5174719627	0.2927812778	0.1897467595
0	0.4924255820	0.0011133042	0.5064611138
0	0.2251430901	0.3201936391	0.4546632708
0	0.7295819465	0.2702442149	0.0001738386
0	0.1814987664	0.8185005703	0.0000006634
0	0.1540515498	0.0090676367	0.8368808135
0	0.0042826278	0.9151399140	0.0805774582
0	0.2951295489	0.5265362302	0.1783342208
0	0.0324119328	0.1137208553	0.8538672119
0	0.0102546950	0.0306516887	0.9590936163
0	0.8040356476	0.0001270975	0.1958372549
1	0.4902464945	0.4977214325	0.0120320730
1	0.3702837988	0.3529176283	0.2767985729
0	0.9984093777	0.0014063863	0.0001842360
0	0.0002464252	0.2761924034	0.7235611714
0	0.9999880844	0.0000119156	0.0000000000
0	0.5585306890	0.4198873092	0.0215820019
1	0.9732559416	0.0267334802	0.0000105782
0	0.3241272713	0.2754497937	0.4004229351
1	0.0100983068	0.3346515815	0.6552501116
0	0.3804418648	0.0000000246	0.6195581106
0	0.1809894237	0.2367173243	0.5822932520
0	0.1759719440	0.2307875933	0.5932404627
0	0.1476944192	0.4009391827	0.4513663981
0	0.4131712379	0.5594285001	0.0274002620
0	0.0020834557	0.9979063583	0.0000101860
0	0.0078405118	0.1592726068	0.8328868814
0	0.0093052627	0.0000005865	0.9906941508
1	0.9009898680	0.0002319647	0.0987781673
0	0.0000025549	0.0414597176	0.9585377275
0	0.8848775937	0.0000249085	0.1150974978
1	0.0033451894	0.2460800805	0.7505747301
0	0.0589571709	0.9408696804	0.0001731487
0	0.5861065210	0.0000005943	0.4138928847
