0	0.3981365208	0.3920986212	0.2097648579
1	0.8971460747	0.0272014091	0.0756525162
0	0.0734935145	0.8600508519	0.0664556337
1	0.0993345632	0.0002943669	0.9003710699
0	0.1109291899	0.0076788832	0.8813919269
1	0.3526761141	0.0442664979	0.6030573880
0	0.3561001880	0.6413838415	0.0025159705
0	0.0413928255	0.9556158642	0.0029913102
0	0.0000841619	0.0311432030	0.9687726351
0	0.2069789826	0.0005446743	0.7924763430
0	0.9949107702	0.0050892297	0.0000000000
0	0.0954539429	0.6949160569	0.2096300002
1	0.7489720672	0.0011334327	0.2498945001
0	0.0019096765	0.4849532179	0.5131371055
0	0.0009307810	0.1741612848	0.8249079343
0	0.0683343785	0.0414364856	0.8902291359
0	0.0988459638	0.4449190879	0.4562349483
0	0.2876153568	0.1640052378	0.5483794054
0	0.0001967434	0.4477355896	0.5520676670
0	0.9494701802	0.0000209910	0.0505088288
0	0.6879059086	0.3120940914	0.0000000000
0	0.1092955637	0.8906975260	0.0000069103
0	0.0000013451	0.4282970294	0.5717016255
0	0.1207375129	0.8500525207	0.0292099664
0	0.9986086749	0.0012148179	0.0001765072
0	0.4230263944	0.0264450435	0.5505285621
0	0.5850003892	0.3269166640	0.0880829468
2	0.9993689862	0.0000003750	0.0006306388
0	0.2915807220	0.0161185945	0.6923006835
0	0.9364519691	0.0012266987	0.0623213322
0	0.7285696822	0.0743640189	0.1970662989
1	0.1373426742	0.8626573256	0.0000000002
0	0.0000215011	0.9999784989	0.0000000000
0	0.0352458895	0.0000000000	0.9647541104
0	0.0754109798	0.0827919025	0.8417971176
0	0.2629567701	0.6767806956	0.0602625343
1	0.5041953357	0.4894709115	0.0063337528
0	0.5507690819	0.0257385856	0.4234923325
0	0.3378019804	0.6569663788	0.0052316407
0	0.0870020057	0.2330518443	0.6799461500
0	0.0046415467	0.1745739032	0.8207845501
0	0.1918047297	0.7434174451	0.0647778252
0	0.8514292712	0.1120378325	0.0365328963
0	0.6240585272	0.2118146389	0.1641268339
1	0.0151156003	0.0004551160	0.9844292837
0	0.0304532788	0.0000000000	0.9695467212
0	0.0000153320	0.9916869368	0.0082977312
0	0.8661602487	0.0034279932	0.1304117581
0	0.2906011100	0.1000506848	0.6093482053
0	0.1512270757	0.0002814252	0.8484914992
0	0.0340346858	0.8149518507	0.1510134636
0	0.0191858389	0.0932597420	0.8875544191
0	0.8754331438	0.0000907936	0.1244760626
0	0.0020047555	0.9369688993	0.0610263453
0	0.2916419271	0.0000000008	0.7083580721
0	0.0187589770	0.7766151656	0.2046258574
0	0.2558936004	0.6585497280	0.0855566715
0	0.0084718113	0.7324793634	0.2590488252
1	0.3019158951	0.0259451602	0.6721389448
0	0.1729479125	0.8265915018	0.0004605857
0	0.8208104422	0.0004344414	0.1787551164
0	0.0063174272	0.3311667326	0.6625158402
0	0.0000000002	0.4408168968	0.5591831030
0	0.0613146134	0.1172511791	0.8214342075
0	0.0030393341	0.5890392858	0.4079213801
1	0.0258301051	0.0889662253	0.8852036696
1	0.3361286498	0.6122633295	0.0516080207
0	0.0052540251	0.5489522986	0.4457936763
2	0.2709469308	0.0028571283	0.7261959409
0	0.0000000050	0.0000000683	0.9999999267
1	0.0000001483	0.8115598541	0.1884399976
0	0.2188305508	0.0571475646	0.7240218846
0	0.0994816405	0.1387140620	0.7618042975
0	0.0000002105	0.9899374203	0.0100623692
0	0.5297579177	0.4273795686	0.0428625137
0	0.3755203844	0.6192699691	0.0052096465
0	0.0002615920	0.0068035670	0.9929348410
0	0.9200561940	0.0785265389	0.0014172671
0	0.0128646941	0.8504958261	0.1366394798
1	0.0068380491	0.0638907691	0.9292711818
0	0.0059431216	0.5542123271	0.4398445512
0	0.1948686232	0.1488958364	0.6562355405
0	0.0010736413	0.9876708910	0.0112554676
0	0.1554444022	0.3618342783	0.4827213195
0	0.0000139240	0.9292400008	0.0707460752
1	0.0289728388	0.9200279477	0.0509992135
0	0.6499895573	0.3496220969	0.0003883458
0	0.0269047502	0.8057356675	0.1673595822
0	0.0017846875	0.0000171951	0.9981981174
0	0.0074178389	0.0285824720	0.9639996891
0	0.0746013874	0.6400348199	0.2853637927
0	0.0250639507	0.9277801171	0.0471559322
0	0.3985581893	0.2976954750	0.3037463357
0	0.2488920758	0.2074310530	0.5436768712
0	0.3121563951	0.0021008142	0.6857427907
0	0.0539107157	0.4498004455	0.4962888387
0	0.0560596944	0.0399109626	0.9040293429
0	0.0904563314	0.9095341026	0.0000095661
0	0.0000008975	0.8822940492	0.1177050534
0	0.0204255871	0.1544314195	0.8251429934
