0	0.5713069757	0.3527839110	0.0759091133
0	0.3812592646	0.0000001915	0.6187405440
0	0.0000249550	0.9999739886	0.0000010563
0	0.5939877372	0.2224744489	0.1835378138
0	0.2100991538	0.0000342914	0.7898665548
0	0.8726973826	0.0000000109	0.1273026065
2	0.0024810584	0.8187321781	0.1787867635
0	0.3217911664	0.1447119925	0.5334968411
0	0.2314890890	0.0015799120	0.7669309990
1	0.2434683794	0.4747459435	0.2817856771
0	0.9763171983	0.0018002117	0.0218825900
1	0.0022141615	0.3453321407	0.6524536978
0	0.2402418589	0.0002286503	0.7595294908
0	0.9891708396	0.0095486712	0.0012804892
0	0.0014475410	0.9951257641	0.0034266949
0	0.6113471179	0.0611643926	0.3274884895
0	0.9664924022	0.0335075977	0.0000000000
1	0.1335626281	0.5437694679	0.3226679040
0	0.1866874472	0.3638109356	0.4495016173
0	0.1488185930	0.2075865080	0.6435948990
1	0.0041401096	0.5190524045	0.4768074859
0	0.8522994532	0.0676065065	0.0800940403
0	0.0315989708	0.0000000000	0.9684010292
0	0.7317628397	0.2678776373	0.0003595230
0	0.4520993933	0.4029978116	0.1449027950
0	0.0106125304	0.6782454340	0.3111420356
0	0.2420788736	0.1572494679	0.6006716585
0	0.0691190710	0.0000000002	0.9308809288
0	0.0612815585	0.8786506781	0.0600677634
0	0.4664788295	0.5302066502	0.0033145204
0	0.3400899803	0.0000000000	0.6599100197
0	0.0249717781	0.9501892641	0.0248389579
0	0.0000000000	0.3607405108	0.6392594892
0	0.0084632730	0.3863545894	0.6051821376
0	0.0159975424	0.6249410624	0.3590613952
0	0.0929950744	0.8953956632	0.0116092625
1	0.6051192389	0.3592155972	0.0356651639
0	0.5575176981	0.3318888788	0.1105934231
0	0.6997454488	0.0817603783	0.2184941730
0	0.0002185959	0.0165531829	0.9832282212
1	0.0000402658	0.0000093024	0.9999504318
0	0.6411680285	0.0589771662	0.2998548053
2	0.2962212507	0.7037653870	0.0000133622
0	0.9977586145	0.0005100167	0.0017313688
0	0.2425802097	0.7151171234	0.0423026669
1	0.1185418223	0.2641538381	0.6173043396
0	0.4010660458	0.4681000150	0.1308339392
0	0.0011612769	0.2515974682	0.7472412549
1	0.0000000000	0.7899851042	0.2100148958
0	0.6486006362	0.0000001851	0.3513991786
0	0.8514612492	0.0131495338	0.1353892170
0	0.2612417615	0.7234430912	0.0153151473
0	0.4237024041	0.2113361941	0.3649614017
0	0.7605331842	0.1193775029	0.1200893129
0	0.0000000000	0.9995587863	0.0004412137
0	0.5655712579	0.3472110991	0.0872176430
0	0.2340719266	0.0895948618	0.6763332116
0	0.0008918432	0.9982365859	0.0008715709
0	0.3163040723	0.6834853749	0.0002105528
0	0.2864024477	0.6862918985	0.0273056538
2	0.9904925062	0.0000301729	0.0094773209
0	0.9680981252	0.0318377829	0.0000640918
0	0.9150106250	0.0426160561	0.0423733189
0	0.0937909112	0.4513893160	0.4548197728
0	0.0001721756	0.7585318419	0.2412959825
0	0.2742073981	0.6659981320	0.0597944698
0	0.3230631691	0.6768283734	0.0001084574
1	0.0316977528	0.3624178653	0.6058843819
0	0.2271697711	0.1416367255	0.6311935034
0	0.0000060973	0.7641396589	0.2358542438
0	0.8178270013	0.0548147436	0.1273582550
0	0.1874957212	0.0016293709	0.8108749079
0	0.1564971698	0.4264995355	0.4170032947
0	0.0000000000	0.0575437299	0.9424562701
0	0.1805242196	0.1741285302	0.6453472502
1	0.9147213326	0.0006588786	0.0846197887
0	0.6012940278	0.2942856194	0.1044203528
1	0.4647155122	0.5235854628	0.0116990250
0	0.0009887551	0.9923145203	0.0066967246
0	0.1676363319	0.0000569066	0.8323067616
0	0.7375205612	0.2598961972	0.0025832416
1	0.0000000000	0.0020757805	0.9979242195
1	0.0372051876	0.2596797608	0.7031150516
2	0.6037111979	0.0000001428	0.3962886592
1	0.6319034333	0.0216580680	0.3464384987
0	0.0512735806	0.1388997472	0.8098266721
0	0.8718220911	0.0992764798	0.0289014291
1	0.9999904190	0.0000000005	0.0000095806
0	0.4462402828	0.2972154340	0.2565442831
1	0.9936762908	0.0000357123	0.0062879969
1	0.5246346562	0.4753519129	0.0000134310
0	0.4036415251	0.5963463523	0.0000121225
0	0.9868011073	0.0000017430	0.0131971497
0	0.6246433655	0.0044210618	0.3709355727
0	0.0000001089	0.0925455897	0.9074543014
0	0.5295203766	0.4682312770	0.0022483464
0	0.0000000000	0.6252656278	0.3747343722
0	0.0972284187	0.0223530850	0.8804184963
1	0.0000009721	0.9037150012	0.0962840268
0	0.3932522297	0.4375357575	0.1692120128
