0	0.0000003429	0.2888929680	0.7111066891
0	0.0012815179	0.0313300436	0.9673884385
1	0.9997479067	0.0000711088	0.0001809845
0	0.9962994686	0.0032895406	0.0004109907
0	0.9791051280	0.0020963627	0.0187985094
0	0.0604034448	0.7759241176	0.1636724376
0	0.3684337297	0.6306912883	0.0008749819
0	0.1320383152	0.0517796051	0.8161820796
0	0.0693128240	0.9302621585	0.0004250176
0	0.2416699371	0.1778573772	0.5804726858
0	0.8734938360	0.0000003544	0.1265058096
0	0.6174458040	0.3702442182	0.0123099779
0	0.9488264784	0.0040117943	0.0471617273
0	0.0008967717	0.1704215983	0.8286816300
0	0.4399173437	0.4249407904	0.1351418659
0	0.0002501031	0.3438624804	0.6558874165
0	0.0430715017	0.8106726007	0.1462558976
1	0.0035601563	0.9594870249	0.0369528187
0	0.0135110168	0.9717258125	0.0147631706
0	0.0173020439	0.9826979561	0.0000000000
0	0.5742126427	0.4230743134	0.0027130438
0	0.0024406944	0.0000570815	0.9975022242
0	0.0221423590	0.7132053669	0.2646522741
0	0.5331141673	0.0131718791	0.4537139536
0	0.2444476007	0.5773865588	0.1781658405
0	0.4168285533	0.2626733363	0.3204981103
0	0.0000000001	0.0001031523	0.9998968477
0	0.1142933043	0.8589976490	0.0267090467
0	0.0018557288	0.9954017337	0.0027425374
0	0.0854470179	0.9145466400	0.0000063421
0	0.7782717385	0.0155196670	0.2062085944
0	0.1451073366	0.8442305336	0.0106621298
1	0.0622249448	0.9069784945	0.0307965606
0	0.3374232735	0.2708980911	0.3916786354
0	0.7832504843	0.0617188970	0.1550306188
1	0.3684996621	0.2988720051	0.3326283328
0	0.0000000000	0.8464334543	0.1535665457
0	0.0582075083	0.1133265012	0.8284659905
0	0.0447966636	0.9552033364	0.0000000000
0	0.0818442046	0.3750315849	0.5431242105
0	0.5136888129	0.4110317772	0.0752794099
0	0.3697245158	0.6272377433	0.0030377409
0	0.9063189305	0.0579498371	0.0357312324
2	0.9938108894	0.0047472656	0.0014418450
0	0.2649456278	0.0048901469	0.7301642253
0	0.3354336865	0.6170911837	0.0474751298
0	0.1572437199	0.7436082140	0.0991480661
0	0.6709290298	0.0000498244	0.3290211458
0	0.0000000093	0.4412713129	0.5587286778
0	0.0000023892	0.9747302842	0.0252673265
0	0.7794084241	0.1095405756	0.1110510003
0	0.9448234094	0.0551765849	0.0000000057
0	0.0325732913	0.2245900919	0.7428366168
1	0.5177628194	0.0457644168	0.4364727638
1	0.0691894041	0.1372031281	0.7936074678
0	0.0054846851	0.0537756287	0.9407396861
0	0.0284775498	0.9400416839	0.0314807663
0	0.0029450898	0.0043452453	0.9927096649
0	0.2460280522	0.0075493430	0.7464226048
1	0.0000000000	0.5975502259	0.4024497741
0	0.0035052764	0.9584893644	0.0380053592
1	0.0063929786	0.3569904982	0.6366165232
0	0.1736089155	0.8144416966	0.0119493879
0	0.2639023027	0.7359487621	0.0001489351
0	0.1971223934	0.0448778369	0.7579997697
0	0.0000000097	0.5040663182	0.4959336721
0	0.0010926699	0.9583161646	0.0405911655
0	0.9192049768	0.0807950110	0.0000000122
0	0.2391908245	0.7080370567	0.0527721188
0	0.5914567058	0.3547549350	0.0537883591
1	0.0049848305	0.0553498268	0.9396653427
0	0.2905589349	0.0105177005	0.6989233646
0	0.5585906182	0.1580986979	0.2833106839
0	0.2552862555	0.7175502700	0.0271634745
0	0.3955585604	0.0000000073	0.6044414322
0	0.2396866700	0.5717108639	0.1886024661
0	0.0009984516	0.5805685419	0.4184330064
0	0.2433299419	0.7539070867	0.0027629715
1	0.0003244340	0.0450738594	0.9546017066
0	0.5695658576	0.0123075554	0.4181265870
0	0.0000000729	0.9009429917	0.0990569354
0	0.9777432720	0.0222563945	0.0000003335
0	0.1389411726	0.6632562566	0.1978025708
0	0.3276488945	0.3740379162	0.2983131893
0	0.6887735288	0.0167360295	0.2944904418
1	0.5358605654	0.4469221692	0.0172172654
0	0.0024810925	0.9296092741	0.0679096335
0	0.7994271228	0.2005728768	0.0000000004
0	0.4392138969	0.0443820961	0.5164040070
0	0.4263303342	0.0133239190	0.5603457469
0	0.9991767216	0.0008050722	0.0000182062
0	0.0021952720	0.9224098942	0.0753948338
1	0.2577962453	0.5788999254	0.1633038293
0	0.0745283751	0.8553189886	0.0701526363
0	0.4349057828	0.1823747367	0.3827194805
0	0.9714605310	0.0278412509	0.0006982181
0	0.0019995076	0.0000001761	0.9980003163
0	0.3644737582	0.3588690004	0.2766572414
0	0.2489273557	0.5946045180	0.1564681263
1	0.6735701872	0.0000001010	0.3264297118
