0	0.2133369866	0.2477122086	0.5389508048
1	0.9706750815	0.0180190979	0.0113058206
0	0.3672896966	0.5701847431	0.0625255603
0	0.7985991285	0.1762309994	0.0251698721
0	0.0348396071	0.5469118277	0.4182485651
0	0.0058534528	0.9243495918	0.0697969554
0	0.9202627377	0.0427426858	0.0369945765
0	0.2273543820	0.5320171821	0.2406284360
0	0.1698553848	0.0011539291	0.8289906861
0	0.1360000845	0.2040252158	0.6599746997
1	0.0527520052	0.2289732030	0.7182747917
0	0.0075887084	0.9830184950	0.0093927966
0	0.0040774224	0.6956775637	0.3002450138
0	0.2999816771	0.4034505853	0.2965677375
0	0.0700724873	0.8663896345	0.0635378781
1	0.6118975409	0.0026709265	0.3854315326
1	0.9031380603	0.0968619397	0.0000000000
2	0.0094518679	0.6734301307	0.3171180014
0	0.0146479803	0.0002246709	0.9851273488
0	0.3931031774	0.6064324414	0.0004643812
0	0.0075592255	0.0417160132	0.9507247613
0	0.7342329404	0.2578359314	0.0079311282
2	0.0000011716	0.9943007603	0.0056980681
0	0.0158904730	0.0504342288	0.9336752982
0	0.0723774965	0.1461907606	0.7814317429
2	0.6336881413	0.3663117431	0.0000001156
0	0.1165971771	0.5907993476	0.2926034754
0	0.5917506523	0.0045869014	0.4036624463
1	0.8701601524	0.0400760786	0.0897637690
1	0.3791071110	0.5300048726	0.0908880164
0	0.0006248158	0.9929459133	0.0064292710
0	0.0334612206	0.9464650472	0.0200737323
0	0.0125444237	0.6169842922	0.3704712841
0	0.5794731701	0.3795716105	0.0409552194
0	0.1865408875	0.1325391432	0.6809199693
0	0.1971163268	0.0000645578	0.8028191154
0	0.8941008109	0.0617631038	0.0441360853
1	0.1636302047	0.1376061285	0.6987636668
0	0.1172720166	0.0499671992	0.8327607842
0	0.0000000000	0.9999999949	0.0000000051
0	0.8438486792	0.0293857885	0.1267655323
0	0.8629997018	0.0000013514	0.1369989468
0	0.3928181041	0.1275526501	0.4796292459
0	0.6454754511	0.0611027788	0.2934217700
0	0.0488981467	0.9437109960	0.0073908573
0	0.0213658067	0.9582558087	0.0203783846
0	0.6857481135	0.0000305344	0.3142213521
0	0.1579096906	0.1605392603	0.6815510491
0	0.2202544592	0.7568933015	0.0228522394
0	0.9864350098	0.0000723058	0.0134926844
1	0.3175164189	0.0000127037	0.6824708774
0	0.0678148226	0.2454993008	0.6866858766
0	0.0000716885	0.0160877815	0.9838405300
0	0.2073646856	0.0438550669	0.7487802475
0	0.9998094131	0.0001905869	0.0000000000
0	0.1280870733	0.1827733269	0.6891395998
0	0.6114305381	0.0000000000	0.3885694619
0	0.0092107127	0.8232252089	0.1675640784
0	0.7321691490	0.1681312527	0.0996995983
0	0.9254778604	0.0044626083	0.0700595313
0	0.8659930682	0.0260057932	0.1080011386
0	0.7951080691	0.0381312078	0.1667607231
0	0.0000010638	0.1231057596	0.8768931766
0	0.0000957444	0.8618072498	0.1380970057
0	0.9402819120	0.0590850844	0.0006330036
1	0.0000000000	0.0032694960	0.9967305040
0	0.3407571441	0.2999362191	0.3593066368
1	0.6085790921	0.2643193325	0.1271015754
0	0.0014887648	0.9522212029	0.0462900323
0	0.1890258857	0.7003461988	0.1106279155
0	0.1212516895	0.7713720614	0.1073762491
1	0.0000031859	0.8823367221	0.1176600920
0	0.8161897180	0.1838102654	0.0000000166
0	0.1646723034	0.7587280937	0.0765996030
0	0.0340964083	0.1909473331	0.7749562586
1	0.0000000000	0.3957326169	0.6042673831
0	0.0001254648	0.4782496803	0.5216248549
0	0.0000000000	0.0081005878	0.9918994122
1	0.0000875988	0.7664182794	0.2334941219
0	0.0184008455	0.2421809636	0.7394181909
0	0.9946569971	0.0053430029	0.0000000000
0	0.0000455229	0.3673864921	0.6325679849
0	0.9988718662	0.0011281338	0.0000000000
0	0.1107086991	0.0766975530	0.8125937480
1	0.0390282453	0.9177274846	0.0432442701
0	0.0118853311	0.2876065705	0.7005080984
0	0.9248353176	0.0751299615	0.0000347209
0	0.8939295610	0.0910989342	0.0149715047
1	0.1737435718	0.5217733196	0.3044831086
0	0.7570958171	0.1716701791	0.0712340038
1	0.0479176944	0.0000002212	0.9520820845
0	0.5353266625	0.0062032224	0.4584701151
0	0.1250191793	0.8715193856	0.0034614352
0	0.4435103705	0.4836567914	0.0728328380
0	0.0047042214	0.8108120010	0.1844837776
0	0.1443159724	0.6069014482	0.2487825794
0	0.0965664431	0.2874354501	0.6159981068
0	0.0396116899	0.0760385688	0.8843497413
0	0.7721160086	0.2151990792	0.0126849122
0	0.1852729216	0.7571612959	0.0575657826
