0	0.4710675074	0.0109112754	0.5180212172
0	0.0529323542	0.0748574297	0.8722102161
0	0.4835372122	0.3387706972	0.1776920907
0	0.5687042012	0.4220269786	0.0092688202
0	0.4502602072	0.3004115491	0.2493282437
0	0.0000196911	0.1268902422	0.8730900667
0	0.0000009598	0.6817066144	0.3182924258
0	0.1947663736	0.0127327261	0.7925009003
0	0.2913687317	0.5062143173	0.2024169509
2	0.1414749875	0.8584573746	0.0000676380
0	0.4099329489	0.4517454021	0.1383216491
0	0.8162767430	0.1837232569	0.0000000001
0	0.0475785731	0.4270502843	0.5253711426
0	0.8658246626	0.0871539514	0.0470213860
1	0.2576679394	0.1625667676	0.5797652930
0	0.0170924149	0.0652314029	0.9176761822
0	0.0181379072	0.9144855048	0.0673765880
0	0.0518500617	0.0001905456	0.9479593927
0	0.0000112746	0.7494605185	0.2505282069
0	0.0793748723	0.0000000000	0.9206251277
0	0.0156214254	0.9708407842	0.0135377904
0	0.0839869021	0.1484353333	0.7675777646
0	0.9466249274	0.0232574684	0.0301176042
0	0.8134938002	0.0001072861	0.1863989138
0	0.1958938341	0.1587751178	0.6453310480
1	0.9643791112	0.0056034844	0.0300174044
0	0.0155059280	0.3982989636	0.5861951083
1	0.0439098766	0.9340528048	0.0220373186
1	0.0003256354	0.7144788030	0.2851955616
0	0.0000082884	0.1567345821	0.8432571294
0	0.3555387638	0.2877975615	0.3566636748
0	0.7314116655	0.2368923973	0.0316959371
0	0.0503679164	0.8725576963	0.0770743873
0	0.1844344089	0.2684994121	0.5470661790
0	0.1915597896	0.2529779742	0.5554622362
0	0.1300010422	0.0004072202	0.8695917376
0	0.0001380164	0.2285126180	0.7713493656
0	0.0226157879	0.6437237437	0.3336604684
0	0.7640899873	0.2356917012	0.0002183115
0	0.8603678498	0.0000088685	0.1396232817
2	0.6795681526	0.3204318474	0.0000000000
0	0.0747088229	0.1380039171	0.7872872600
0	0.0000000000	0.9543067134	0.0456932865
0	0.1150977622	0.3793244675	0.5055777704
0	0.6107647196	0.3327407360	0.0564945444
0	0.0152259811	0.0000026844	0.9847713344
0	0.0496137848	0.0195318861	0.9308543291
0	0.0099554825	0.6400824433	0.3499620742
0	0.9904012859	0.0000000000	0.0095987141
0	0.0391959576	0.0001886756	0.9606153668
0	0.5317173638	0.3526468306	0.1156358056
0	0.9238461280	0.0761538720	0.0000000000
0	0.3823590877	0.0000000000	0.6176409123
0	0.9934766498	0.0045567034	0.0019666468
0	0.9200569792	0.0792290622	0.0007139586
0	0.4092444799	0.2890558528	0.3016996673
0	0.7708170567	0.2291809445	0.0000019988
0	0.1259211752	0.1795467286	0.6945320962
0	0.5219924506	0.1048442784	0.3731632710
2	0.6034448340	0.3935492007	0.0030059653
0	0.4506442642	0.4481027076	0.1012530282
0	0.0300777379	0.8402638322	0.1296584299
1	0.8363685086	0.1636314890	0.0000000024
0	0.1245458935	0.2871382852	0.5883158213
0	0.2162634930	0.1482541816	0.6354823255
0	0.2076733212	0.0337200399	0.7586066390
1	0.5283389979	0.2144502550	0.2572107471
0	0.1565607232	0.0004052161	0.8430340607
0	0.8750418899	0.0937792535	0.0311788566
0	0.5811967538	0.2874335472	0.1313696990
0	0.0746577744	0.2713704086	0.6539718169
0	0.4439653261	0.1426791680	0.4133555060
0	0.6586019846	0.3413980154	0.0000000000
0	0.5468951340	0.4531048660	0.0000000000
0	0.0005986036	0.9944094561	0.0049919403
0	0.3322332016	0.1304600987	0.5373066996
0	0.2842835023	0.2135563488	0.5021601489
0	0.0864822360	0.7930418618	0.1204759022
0	0.2138739208	0.5760680503	0.2100580289
2	0.9496205767	0.0503744834	0.0000049399
0	0.5560103266	0.2156576894	0.2283319840
0	0.1169931110	0.0136987602	0.8693081288
1	0.0000082280	0.8204701936	0.1795215783
0	0.2144861230	0.3134140471	0.4720998300
0	0.3540825783	0.5976166510	0.0483007707
1	0.0488229402	0.0000000008	0.9511770589
0	0.2128869888	0.6377632863	0.1493497249
0	0.0000000000	1.0000000000	0.0000000000
0	0.9727607635	0.0202146848	0.0070245517
1	0.3895284940	0.0668597008	0.5436118052
0	0.0296103987	0.9358463948	0.0345432065
0	0.0985348995	0.9010222691	0.0004428314
0	0.7006859038	0.0722627499	0.2270513462
0	0.0036708486	0.6541059993	0.3422231521
1	0.4566468994	0.0070105968	0.5363425039
0	0.2779439077	0.0077490237	0.7143070686
1	0.9992582485	0.0000928145	0.0006489371
0	0.3275915935	0.5575564370	0.1148519695
0	0.0229127936	0.0064980009	0.9705892055
1	0.0264118365	0.4010834410	0.5725047225
