0	0.6174168438	0.3714860487	0.0110971075
0	0.1332685893	0.0000000115	0.8667313992
1	0.9689284979	0.0037201423	0.0273513598
0	0.9070385907	0.0929613813	0.0000000279
0	0.9495933095	0.0002008729	0.0502058176
1	0.1784635869	0.0621100175	0.7594263956
0	0.3788885244	0.1051660974	0.5159453782
1	0.0004824437	0.9962564378	0.0032611185
0	0.0018865296	0.0102259441	0.9878875263
1	0.7009689413	0.2990310587	0.0000000000
0	0.0025457103	0.0164524250	0.9810018647
0	0.6433019338	0.3565303965	0.0001676697
0	0.0769731164	0.3857981229	0.5372287608
1	0.4869741049	0.4861122055	0.0269136895
0	0.7852679047	0.2146906675	0.0000414277
0	0.1871661277	0.8120053241	0.0008285482
0	0.0000220413	0.0120336763	0.9879442824
0	0.3244766652	0.6749636541	0.0005596807
1	0.1166359232	0.6587573325	0.2246067443
1	0.5372947755	0.0000045817	0.4627006428
1	0.0045319030	0.9954039659	0.0000641311
0	0.7248503777	0.0149376270	0.2602119953
0	0.6925203005	0.2082239247	0.0992557749
0	0.3870333138	0.6129666862	0.0000000000
0	0.0000000000	0.8987023424	0.1012976576
0	0.0961968170	0.8035886267	0.1002145564
0	0.0000000094	0.0024160200	0.9975839706
0	0.0015162369	0.7646866487	0.2337971144
0	0.4490440104	0.4840172441	0.0669387456
1	0.3930358746	0.5021869736	0.1047771518
0	0.0698584208	0.5055294512	0.4246121280
0	0.7774097435	0.0000000000	0.2225902565
1	0.8419265099	0.0000000003	0.1580734898
0	0.2905069150	0.6561919610	0.0533011239
0	0.5691481926	0.3361713579	0.0946804495
0	0.1641028114	0.1694869711	0.6664102175
0	0.1385741824	0.8238593418	0.0375664757
0	0.0267285039	0.9126661480	0.0606053480
0	0.0000001526	0.3165778895	0.6834219579
1	0.4230709741	0.0602589776	0.5166700483
0	0.2932427361	0.1131637463	0.5935935175
0	0.0140673377	0.5565095536	0.4294231087
0	0.9985957680	0.0014042319	0.0000000000
0	0.0232592443	0.3229426443	0.6537981114
1	0.5258229869	0.4741770131	0.0000000000
0	0.0151181280	0.1069141287	0.8779677433
0	0.0746498427	0.4274409032	0.4979092542
0	0.0001203355	0.0329155140	0.9669641504
0	0.0249274524	0.0000000002	0.9750725475
0	0.1184973446	0.4485580241	0.4329446313
0	0.3960183352	0.1279188735	0.4760627913
1	0.9495064718	0.0428183631	0.0076751651
0	0.0104475803	0.7637404275	0.2258119922
0	0.0216853638	0.9782966131	0.0000180231
1	0.0000395121	0.6415082472	0.3584522407
0	0.9348507374	0.0000000268	0.0651492358
0	0.4341323639	0.1480812671	0.4177863690
0	0.1675428417	0.1185058732	0.7139512851
0	0.0144234975	0.9855554918	0.0000210107
0	0.0031112187	0.0186573843	0.9782313970
1	0.2226735494	0.0640312853	0.7132951653
1	0.0002987461	0.6327274200	0.3669738339
0	0.3307158539	0.0903332961	0.5789508500
0	0.0763752687	0.0813592012	0.8422655301
0	0.0326434689	0.3106063821	0.6567501489
0	0.4723962483	0.3682612192	0.1593425324
0	0.1978373215	0.1394966911	0.6626659874
0	0.1700969639	0.4125294970	0.4173735391
0	0.1657243781	0.3386011496	0.4956744723
0	0.1218387681	0.3060877045	0.5720735274
0	0.1115941374	0.0096068815	0.8787989812
1	0.0195598788	0.1680282539	0.8124118673
0	0.8412436230	0.1291319660	0.0296244110
0	0.8122149444	0.0874863378	0.1002987178
0	0.3765868415	0.3525097138	0.2709034446
0	0.0000000171	0.8212099622	0.1787900207
0	0.8522983504	0.0862991098	0.0614025398
0	0.0809113733	0.6645159007	0.2545727260
0	0.1612555518	0.6625200709	0.1762243773
0	0.7691362684	0.1081854724	0.1226782592
0	0.1229854743	0.3126578033	0.5643567224
0	0.1126212517	0.0008038486	0.8865748997
0	0.0322174306	0.0000004095	0.9677821599
0	0.5396893837	0.1441877135	0.3161229028
1	0.1752756337	0.0000000928	0.8247242736
0	0.5295428173	0.2804935612	0.1899636215
0	0.2709143575	0.1194440781	0.6096415643
0	0.0965261592	0.0687115051	0.8347623358
1	0.9916172669	0.0000137746	0.0083689585
0	0.1880733768	0.0059458466	0.8059807766
2	0.1066223404	0.5440435257	0.3493341339
1	0.8801408345	0.1197243011	0.0001348644
0	0.0001972533	0.6508920808	0.3489106659
0	0.4680401890	0.0700157490	0.4619440620
0	0.8957850849	0.0000000157	0.1042148994
0	0.5656371436	0.0358488247	0.3985140316
0	0.4148632728	0.0305993279	0.5545373994
0	0.0533185172	0.2347054216	0.7119760612
1	0.6650434986	0.2955153684	0.0394411330
2	0.0824819263	0.1447097996	0.7728082741
