0	0.0222811743	0.7198105399	0.2579082858
0	0.0314697033	0.2449916330	0.7235386637
0	0.1863569779	0.0000994872	0.8135435349
0	0.0925514059	0.7362109990	0.1712375950
0	0.0088564464	0.8749277674	0.1162157862
0	0.9159091879	0.0748734899	0.0092173221
0	0.5372368491	0.3778595973	0.0849035535
0	0.2460051916	0.0616474079	0.6923474005
0	0.0137404692	0.9029004154	0.0833591155
1	0.0086786137	0.0046340226	0.9866873636
0	0.8590464690	0.0283720759	0.1125814551
0	0.0561530008	0.0245679420	0.9192790572
0	0.2512018230	0.1564950533	0.5923031237
0	0.0000000000	0.2188542085	0.7811457915
0	0.9662392574	0.0323460006	0.0014147420
0	0.5256441945	0.3432792137	0.1310765918
0	0.0401521892	0.0810082771	0.8788395336
0	0.5016034615	0.4983965385	0.0000000000
0	0.8978465904	0.0000000007	0.1021534088
0	0.0124402517	0.1576582320	0.8299015162
1	0.2710961423	0.3164087252	0.4124951325
0	0.0572610979	0.0000039964	0.9427349057
0	0.0320447774	0.0000059644	0.9679492582
0	0.9760074163	0.0028792620	0.0211133217
0	0.3327593092	0.0632232076	0.6040174832
0	0.8807044487	0.0664346388	0.0528609125
0	0.0044053857	0.9367183819	0.0588762324
0	0.0168933598	0.2326209097	0.7504857305
0	0.0528417549	0.7189937382	0.2281645069
0	0.2890542129	0.0000000000	0.7109457871
0	0.0001431903	0.9940906390	0.0057661706
0	0.3747464405	0.0116626658	0.6135908937
0	0.0000000000	0.6359749746	0.3640250254
1	0.8923977218	0.0104746125	0.0971276657
1	0.5501197230	0.0004301951	0.4494500819
0	0.0000000084	0.9316617280	0.0683382636
0	0.0299254625	0.0336275442	0.9364469934
0	0.3537685362	0.5560870902	0.0901443736
0	0.9702428579	0.0278707372	0.0018864049
0	0.0024032804	0.0185596239	0.9790370957
0	1.0000000000	0.0000000000	0.0000000000
0	0.2114606686	0.7862224426	0.0023168887
0	0.2105743710	0.7252125822	0.0642130468
0	0.0062785306	0.5874951223	0.4062263472
0	0.1676230345	0.6457723472	0.1866046183
0	0.9973041191	0.0000000000	0.0026958809
0	0.0007744342	0.1873771022	0.8118484636
0	0.9266732091	0.0000535773	0.0732732137
0	0.1978219732	0.3183403526	0.4838376742
0	0.8418735523	0.1538879392	0.0042385085
0	0.9321620696	0.0359507615	0.0318871689
1	0.0000000000	0.0000039409	0.9999960591
0	0.0292491244	0.8190055412	0.1517453344
0	0.3148667419	0.6786167827	0.0065164753
0	0.0000046152	0.9075187226	0.0924766622
0	0.5545276996	0.1333325022	0.3121397982
0	0.5399125861	0.0486319526	0.4114554613
0	0.9496646391	0.0502699676	0.0000653933
0	0.5814175554	0.0647139925	0.3538684520
0	0.3900490508	0.1976320298	0.4123189194
0	0.4013798543	0.0019227640	0.5966973817
0	0.0000000000	0.9940382673	0.0059617327
0	0.8699629465	0.1300370535	0.0000000000
0	0.8517471751	0.0087395908	0.1395132341
0	0.2995524294	0.0187137332	0.6817338374
0	0.0000000169	0.9999896847	0.0000102984
0	0.0429894365	0.4541998456	0.5028107179
0	0.1446672185	0.0119408212	0.8433919604
0	0.8783051067	0.0133252669	0.1083696264
0	0.0014548626	0.9683528570	0.0301922804
1	0.9963076182	0.0036923818	0.0000000000
0	0.7339062285	0.0162470399	0.2498467316
1	0.0252185915	0.9739262979	0.0008551106
1	0.1184282991	0.6375366848	0.2440350161
0	0.9129347844	0.0483911254	0.0386740902
0	0.0927266846	0.9072733154	0.0000000000
0	0.4608209611	0.0055493188	0.5336297201
0	0.0038574781	0.1867348526	0.8094076693
1	0.9614661704	0.0000017202	0.0385321094
0	0.4837360771	0.0000107452	0.5162531778
0	0.1215440257	0.8784115349	0.0000444394
1	0.0115838218	0.8359475903	0.1524685878
0	0.0370950473	0.0015350202	0.9613699325
0	0.5350805288	0.4412691413	0.0236503298
0	0.1406468650	0.6210875762	0.2382655588
0	0.0886595083	0.8167310329	0.0946094588
1	0.1923774601	0.7984352168	0.0091873231
0	0.9607073101	0.0365711049	0.0027215849
0	0.6739121049	0.3260291741	0.0000587210
2	0.5430692123	0.1670835604	0.2898472272
0	0.4709941181	0.2027646606	0.3262412213
0	0.0000000047	0.9982306443	0.0017693510
0	0.0047222256	0.7694264616	0.2258513127
0	0.2460969370	0.0000243159	0.7538787471
0	0.8994479057	0.0671365220	0.0334155723
0	0.4840576016	0.0000058230	0.5159365754
0	0.0008643234	0.0679334380	0.9312022386
0	0.4052397855	0.1454102474	0.4493499671
0	0.4068801546	0.5628276509	0.0302921944
0	0.0007784250	0.8603001886	0.1389213864
