1	0.9806260329	0.0148008587	0.0045731084
1	0.0304193791	0.8369906337	0.1325899872
0	0.5334816015	0.0000000091	0.4665183894
1	0.0147620440	0.7952609645	0.1899769915
0	0.3394588622	0.1719700820	0.4885710558
0	0.3168526286	0.2579490657	0.4251983057
0	0.1062247067	0.1443134550	0.7494618383
0	0.0788453241	0.0689626606	0.8521920154
0	0.0000000000	0.9999806669	0.0000193331
0	0.0010132078	0.1806413015	0.8183454907
1	0.0000883825	0.1429481409	0.8569634765
0	0.5375380718	0.0153895915	0.4470723367
0	0.1930792932	0.3559202794	0.4510004273
0	0.1278639023	0.0000000003	0.8721360974
0	0.1504570736	0.0000001697	0.8495427567
0	0.9720744570	0.0029031382	0.0250224048
0	0.1172463292	0.0000786204	0.8826750504
0	0.9946347106	0.0000000000	0.0053652894
0	0.3162269612	0.4651614585	0.2186115804
0	0.1101407256	0.7428043393	0.1470549351
1	0.2094524793	0.5634900084	0.2270575123
0	0.0644572401	0.0000000000	0.9355427599
0	0.6472102636	0.0521715517	0.3006181847
1	0.2329946543	0.5962221422	0.1707832035
1	0.0003464993	0.0399343283	0.9597191724
0	0.4462708787	0.0000393863	0.5536897350
1	0.1313230421	0.1572852429	0.7113917149
0	0.7926864723	0.2020188939	0.0052946338
1	0.9471868672	0.0003833909	0.0524297420
1	0.5080111976	0.4919888024	0.0000000000
0	0.0325031728	0.5893902994	0.3781065277
0	0.1636728803	0.8320857843	0.0042413354
0	0.0000002556	0.1672239920	0.8327757523
1	0.8570439350	0.0098976508	0.1330584142
0	0.3581915901	0.1936577217	0.4481506882
1	0.0635336826	0.8858846792	0.0505816382
0	0.3783037449	0.0002091842	0.6214870709
0	0.0120808275	0.0664347428	0.9214844297
0	0.8182409510	0.0024625611	0.1792964878
0	0.0600203486	0.8719464211	0.0680332303
0	0.1723229687	0.8091970890	0.0184799424
1	0.9952116238	0.0021586307	0.0026297454
0	0.6765796869	0.2220450190	0.1013752941
0	0.0000000103	0.6734707400	0.3265292497
0	0.6883812946	0.1039556929	0.2076630125
0	0.2441751594	0.2127340310	0.5430908096
0	0.0000284333	0.9422971826	0.0576743841
1	0.9632095266	0.0000355248	0.0367549486
0	0.0414886010	0.7437352469	0.2147761521
0	0.7664478239	0.2062136696	0.0273385065
0	0.7019223198	0.1655587091	0.1325189711
0	0.2340828029	0.0000000000	0.7659171971
0	0.2536558261	0.1293813291	0.6169628447
1	0.7815265953	0.0683252582	0.1501481465
0	0.8035539130	0.1964197101	0.0000263769
0	0.0198527320	0.7082084899	0.2719387781
0	0.5417997568	0.4582002413	0.0000000018
0	0.0111924270	0.9589856931	0.0298218800
0	0.0212973902	0.0667078555	0.9119947544
0	0.1028110826	0.0005141549	0.8966747625
0	0.1493622663	0.8506043579	0.0000333758
0	0.3243805074	0.0000031288	0.6756163637
1	0.8956250406	0.1031651756	0.0012097838
0	0.0818109841	0.0835356583	0.8346533576
1	0.0000000000	0.0002649789	0.9997350211
0	0.2658368464	0.0362620984	0.6979010553
0	0.7951183593	0.0000000001	0.2048816406
1	0.5870349258	0.2844449163	0.1285201579
0	0.0239483752	0.0637444292	0.9123071956
1	0.5502334389	0.0421501303	0.4076164309
0	0.5686215276	0.0041793741	0.4271990982
0	0.1767925087	0.8080885553	0.0151189360
0	0.6654869871	0.0997387895	0.2347742234
0	0.1312474998	0.7842117076	0.0845407926
0	0.7671542218	0.0283581922	0.2044875860
0	0.0001003780	0.2676363707	0.7322632513
0	0.0060583123	0.9887333891	0.0052082986
0	0.2629001020	0.6744169077	0.0626829903
0	0.9315540745	0.0518246761	0.0166212494
0	0.0003443875	0.9215087857	0.0781468267
0	0.5742075180	0.3349906939	0.0908017881
0	0.2241666917	0.4255761579	0.3502571504
0	0.7412555539	0.0073424462	0.2514019999
0	0.0005954210	0.4390933994	0.5603111796
1	0.0004004451	0.9463446125	0.0532549424
0	0.3517311924	0.0446465241	0.6036222835
2	0.0018400295	0.9943937392	0.0037662314
0	0.0004356387	0.0000000806	0.9995642808
0	0.0637279505	0.0026569991	0.9336150504
0	0.1116994649	0.8824150078	0.0058855273
0	0.0000036875	0.7891239745	0.2108723380
0	0.0003593884	0.1143247543	0.8853158573
1	0.0050128656	0.0654653036	0.9295218307
0	0.5890877623	0.0295271023	0.3813851353
0	0.5569887689	0.0123655582	0.4306456729
2	0.5351661233	0.4647808690	0.0000530077
0	0.6253981742	0.3737348015	0.0008670242
0	0.7392307177	0.2496890469	0.0110802354
0	0.7907323596	0.1171520273	0.0921156132
0	0.4638524826	0.5285530643	0.0075944531
