0	0.1593366106	0.0327129582	0.8079504312
1	0.8420180526	0.0029164131	0.1550655343
0	0.6384094385	0.0000062982	0.3615842633
0	0.1889922934	0.5298853857	0.2811223209
0	0.1956206815	0.7682623081	0.0361170105
1	0.4839418067	0.4318775521	0.0841806413
1	0.9766438636	0.0089504266	0.0144057098
0	0.1552981439	0.6092976770	0.2354041791
0	0.1583123841	0.2356073618	0.6060802542
0	0.0549896289	0.9231497402	0.0218606309
1	0.1478380867	0.0677512085	0.7844107048
0	0.9093432055	0.0021171942	0.0885396003
1	0.6027473505	0.3972526490	0.0000000005
0	0.0595301024	0.1564594566	0.7840104410
0	0.0227263041	0.0271600153	0.9501136807
0	0.1321220495	0.0031451156	0.8647328349
0	0.0677477371	0.0011403833	0.9311118796
0	0.0011959992	0.6806799752	0.3181240256
1	0.2963953057	0.6709170796	0.0326876147
0	0.5415024387	0.4154256995	0.0430718618
1	0.0106553194	0.0800060139	0.9093386667
1	0.9771131140	0.0225927884	0.0002940976
0	0.6477975376	0.3358877115	0.0163147510
0	0.1173581080	0.8821369371	0.0005049549
0	0.0001203952	0.9998793422	0.0000002626
0	0.6805415046	0.0717799630	0.2476785325
0	0.0749991226	0.0000000000	0.9250008774
1	0.9986350556	0.0000010945	0.0013638499
1	0.8929996333	0.0170327009	0.0899676657
0	0.0018444017	0.9937251686	0.0044304297
0	0.4137243035	0.5522749448	0.0340007517
0	0.3180625750	0.0002230191	0.6817144060
0	0.0715119108	0.7912794856	0.1372086036
0	0.0108777974	0.0026220255	0.9865001772
0	0.8059021041	0.1622699593	0.0318279366
0	0.0637131185	0.0629988856	0.8732879959
0	0.1170257958	0.6050497749	0.2779244293
0	0.3115202548	0.1295406256	0.5589391196
1	0.2485817710	0.0131934177	0.7382248114
0	0.1234140805	0.8540778617	0.0225080579
0	0.0000005752	0.4824922884	0.5175071364
0	0.4096539391	0.4988668283	0.0914792326
1	0.0003976268	0.5312010100	0.4684013632
0	0.1705747023	0.5609454123	0.2684798854
0	0.5744476077	0.1336256440	0.2919267483
0	0.0008198813	0.1872967698	0.8118833490
0	0.8916534826	0.0997917257	0.0085547917
0	0.9243272576	0.0454424000	0.0302303424
1	0.8946275180	0.0112554990	0.0941169831
0	0.9373113332	0.0071682971	0.0555203697
0	0.9015373537	0.0617998535	0.0366627928
0	0.2606691624	0.0000000000	0.7393308375
1	0.0829281216	0.4510736850	0.4659981934
0	0.1717777346	0.6243308793	0.2038913860
1	0.0001054279	0.9710660487	0.0288285234
0	0.1709668916	0.1327593045	0.6962738038
0	0.0130887166	0.1428515813	0.8440597021
0	0.0006947126	0.7566683236	0.2426369638
1	0.1872973874	0.7723502105	0.0403524020
0	0.0617175822	0.5296036635	0.4086787542
0	0.0084412404	0.3095347769	0.6820239827
0	0.9495193654	0.0015341986	0.0489464360
0	0.5405012367	0.0955903339	0.3639084294
0	0.1749852153	0.2263645018	0.5986502830
1	0.0901933631	0.0000000204	0.9098066165
1	0.0348951945	0.9651048055	0.0000000000
0	0.1496081420	0.4517620530	0.3986298051
0	0.0000596241	0.0005747913	0.9993655846
0	0.0613129254	0.8490013821	0.0896856924
1	0.3370492662	0.6580681901	0.0048825437
0	0.7188048829	0.2811951149	0.0000000022
0	0.5359618852	0.4091891279	0.0548489869
1	0.4231997961	0.0009498918	0.5758503121
1	0.0831516103	0.1752973103	0.7415510794
0	0.0079132224	0.1126754764	0.8794113011
0	0.7941000041	0.0788396371	0.1270603587
0	0.0000017478	0.2678528778	0.7321453744
0	0.0152485894	0.9673469654	0.0174044452
1	0.0007930044	0.0011682239	0.9980387717
0	0.7590671046	0.2256486928	0.0152842026
0	0.0783854804	0.4991155818	0.4224989378
0	0.1376080198	0.1243422696	0.7380497106
0	0.4174209087	0.2232446893	0.3593344019
1	0.2533463801	0.7466147200	0.0000388999
0	0.0185534689	0.8048687504	0.1765777807
0	0.9715798587	0.0221563265	0.0062638147
1	0.2763125409	0.7236869872	0.0000004719
0	0.6315037469	0.0990986620	0.2693975911
0	0.0778454031	0.9113584587	0.0107961381
2	0.3896798444	0.2605724013	0.3497477543
1	0.0046613293	0.9702776193	0.0250610513
0	0.0813061882	0.3825880257	0.5361057861
1	0.2920508191	0.0787148541	0.6292343268
0	0.1230642270	0.8766374355	0.0002983375
0	0.1776319699	0.7803306788	0.0420373513
0	0.0000001132	0.9999233877	0.0000764991
0	0.8184979323	0.1778220914	0.0036799763
0	0.6583352482	0.0015497818	0.3401149700
0	0.7737473383	0.2262195528	0.0000331089
0	0.6938637026	0.0001755646	0.3059607328
