0	0.0000132138	0.0103921524	0.9895946337
0	0.7406425011	0.0857289053	0.1736285936
0	0.0009146710	0.9954840930	0.0036012359
0	0.5291429483	0.2722299252	0.1986271265
0	0.0000032540	0.0000000152	0.9999967309
1	0.8517835500	0.1019073751	0.0463090749
0	0.0223767748	0.0875843381	0.8900388870
0	0.6743195143	0.2394679404	0.0862125453
0	0.7357142644	0.0054590340	0.2588267016
1	0.0059771273	0.8553434645	0.1386794082
0	0.5424738795	0.3413934694	0.1161326510
1	0.7896853609	0.0077045047	0.2026101344
0	0.3135849154	0.6857020509	0.0007130337
0	0.0000008548	0.0577191746	0.9422799706
0	0.0000002512	0.2868242307	0.7131755181
0	0.3795230856	0.1984726199	0.4220042945
0	0.0656922926	0.0000001310	0.9343075764
1	0.9304633552	0.0694675392	0.0000691056
0	0.1776337247	0.8223661805	0.0000000948
0	0.0169981392	0.8546367253	0.1283651355
1	0.1784621748	0.7125827159	0.1089551093
0	0.2684067410	0.1627340136	0.5688592454
0	0.0376448814	0.7972494411	0.1651056775
0	0.1534587905	0.3309768473	0.5155643622
0	0.2326753160	0.0027573762	0.7645673078
0	0.0029776784	0.1650436345	0.8319786871
0	0.4126184892	0.5375928971	0.0497886137
0	0.2432041686	0.3616229998	0.3951728315
1	0.8552641782	0.0315888776	0.1131469443
0	0.0150048640	0.0869845957	0.8980105402
0	0.8444188136	0.1391054050	0.0164757814
0	0.0049592147	0.2761745216	0.7188662637
0	0.2318661315	0.7631738229	0.0049600456
0	0.0087688725	0.9892729563	0.0019581711
0	0.0335304728	0.0175931791	0.9488763481
0	0.3613407663	0.4806840653	0.1579751684
0	0.0506251327	0.9353866953	0.0139881720
0	0.0000000000	0.9187510617	0.0812489383
0	0.2702153675	0.6972307344	0.0325538982
0	0.4721150112	0.5044212895	0.0234636993
0	0.8318117204	0.0914478394	0.0767404401
0	0.0000000000	0.8331371548	0.1668628452
0	0.0030257450	0.0184497831	0.9785244719
0	0.9052524468	0.0899409317	0.0048066215
1	0.0000000000	0.0005609312	0.9994390688
0	0.0000000002	0.7436353892	0.2563646106
0	0.0076737483	0.5803169101	0.4120093416
0	0.9953193155	0.0000302856	0.0046503989
0	0.0000482001	0.0000023746	0.9999494253
1	0.6402075883	0.0881665053	0.2716259064
0	0.1842801364	0.1928207504	0.6228991132
0	0.2221155179	0.0354194020	0.7424650801
1	0.1009331201	0.1269553374	0.7721115425
0	0.9999981110	0.0000000000	0.0000018890
0	0.4317780877	0.3734327090	0.1947892033
0	0.0613302255	0.1262353982	0.8124343763
0	0.0826022997	0.2195905507	0.6978071497
0	0.2816389811	0.7182021760	0.0001588429
0	0.5158972783	0.4384092902	0.0456934315
0	0.1094841894	0.8030226188	0.0874931919
2	0.8404650335	0.0212399232	0.1382950433
0	0.9582127172	0.0079493341	0.0338379487
0	0.9932001386	0.0047019128	0.0020979486
1	0.4505328629	0.4811850984	0.0682820388
0	0.2165809400	0.0003468996	0.7830721604
0	0.8897728073	0.0571488221	0.0530783706
0	0.0811695229	0.0040733978	0.9147570793
0	0.2237988543	0.0000061051	0.7761950406
0	0.2187492798	0.7812407472	0.0000099730
0	0.0727963867	0.0114083690	0.9157952443
0	0.3867410345	0.2876125993	0.3256463662
0	0.2458779206	0.7289541796	0.0251678998
0	0.3543579427	0.6173871417	0.0282549156
0	0.3729659921	0.0000153362	0.6270186716
0	0.4727550005	0.0031554137	0.5240895858
0	0.9027163984	0.0005878112	0.0966957905
0	0.0003652361	0.1582845852	0.8413501787
0	0.0000372795	0.9097761399	0.0901865806
0	0.1078473131	0.0990386204	0.7931140665
0	0.0000000208	0.0062644014	0.9937355778
1	0.0000000007	0.0088308022	0.9911691971
0	0.0271528556	0.9598755705	0.0129715739
0	0.4383965801	0.5616033342	0.0000000856
0	0.0107084316	0.9146044000	0.0746871683
0	0.4865785379	0.0973028681	0.4161185940
0	0.0000364137	0.5829088740	0.4170547123
0	0.1509907084	0.2040253429	0.6449839487
0	0.0000005450	0.0020900434	0.9979094116
0	0.0000000001	0.0035780778	0.9964219221
0	0.0004338811	0.5361511489	0.4634149700
0	0.2322775658	0.2050787960	0.5626436382
0	0.3067799203	0.6931554346	0.0000646451
0	0.5290768982	0.4708638741	0.0000592276
0	0.6136083476	0.3536643923	0.0327272602
1	0.9606791624	0.0000000000	0.0393208376
0	0.2422301086	0.7572078742	0.0005620172
0	0.5683261885	0.4313051813	0.0003686302
0	0.0049917251	0.0240579267	0.9709503482
0	0.6937944867	0.1479651643	0.1582403490
0	0.0007700313	0.0453921337	0.9538378350
