0	0.2356333838	0.4070988018	0.3572678144
0	0.0277423173	0.0698628059	0.9023948768
0	0.9343844715	0.0067714030	0.0588441255
0	0.1673600324	0.0429052545	0.7897347131
1	0.4114940577	0.0000067613	0.5884991810
0	0.6890883800	0.3045239600	0.0063876599
0	0.3737023918	0.6161823801	0.0101152280
0	0.5390417218	0.0631893712	0.3977689070
0	0.0357183031	0.4919779212	0.4723037757
0	0.0001268997	0.6731083038	0.3267647966
0	0.0466508586	0.0000017136	0.9533474278
0	0.0829775234	0.1851380496	0.7318844271
0	0.1542835348	0.5425196251	0.3031968401
0	0.0000039583	0.4085754709	0.5914205708
0	0.4541468848	0.0917348923	0.4541182229
0	0.0101580583	0.8335144895	0.1563274522
0	0.7108357189	0.0983017424	0.1908625387
0	0.0000000002	0.9948341192	0.0051658805
0	0.6389128337	0.0940355590	0.2670516073
1	0.0003493322	0.5870246314	0.4126260364
0	0.6933005757	0.0000342311	0.3066651933
0	0.1148259268	0.8680281807	0.0171458925
0	0.9106939612	0.0096929471	0.0796130917
0	0.4495406480	0.1514640183	0.3989953337
0	0.7995645525	0.0315490107	0.1688864368
0	0.5249092048	0.1014120764	0.3736787188
1	0.4909293725	0.1170810620	0.3919895655
0	0.5243750404	0.4593566803	0.0162682792
0	0.6164540198	0.1777184673	0.2058275129
0	0.1773535328	0.0315889247	0.7910575425
1	0.1337712275	0.6230400459	0.2431887266
1	0.9859212162	0.0098457441	0.0042330397
0	0.0504630807	0.2248261992	0.7247107201
0	0.9754263317	0.0000676596	0.0245060087
1	0.0818870914	0.8219280201	0.0961848885
0	0.2492200808	0.4296338962	0.3211460230
0	0.0000000122	0.7082412098	0.2917587781
0	0.7623985601	0.0001675269	0.2374339131
0	0.1394821638	0.2362985006	0.6242193356
1	0.0000000000	0.0000880529	0.9999119471
0	0.0260019674	0.3686086854	0.6053893472
0	0.0780218979	0.0019053057	0.9200727964
1	0.0071621181	0.9558935732	0.0369443087
0	0.8863130189	0.1030322041	0.0106547770
0	0.0829175979	0.0010350131	0.9160473891
0	0.2505917648	0.1371583638	0.6122498714
0	0.0216487010	0.9781444605	0.0002068385
1	0.5155403801	0.0003018416	0.4841577784
0	0.3064719142	0.6776862349	0.0158418508
0	0.0229097662	0.8581844578	0.1189057760
0	0.0018166262	0.0000000002	0.9981833736
0	0.7927853145	0.1556060777	0.0516086078
0	0.1325765314	0.8673873676	0.0000361010
0	0.9204894610	0.0783777891	0.0011327498
0	0.2212852907	0.1024655985	0.6762491109
0	0.1957577419	0.1417389013	0.6625033569
0	0.0000000010	0.9999999986	0.0000000004
1	0.6236753201	0.1204416367	0.2558830432
0	0.2130383094	0.0835047657	0.7034569250
1	0.8128227266	0.0000109168	0.1871663565
0	0.1096545734	0.5107594791	0.3795859474
1	0.2011760481	0.0758304799	0.7229934720
0	0.4835666391	0.4896935037	0.0267398572
0	0.0011237084	0.4116053154	0.5872709762
0	0.9999999973	0.0000000027	0.0000000000
0	0.0000000000	0.9999999996	0.0000000004
1	0.9742053010	0.0049150959	0.0208796031
2	0.8679476204	0.0923776370	0.0396747427
0	0.2541472349	0.4577386086	0.2881141564
0	0.0051835455	0.9830056658	0.0118107887
0	0.0009249534	0.9822782793	0.0167967673
0	0.4897878299	0.4590119579	0.0512002122
0	0.3553749595	0.2265367815	0.4180882590
0	0.7966202560	0.1949326909	0.0084470531
1	0.9025478975	0.0000534071	0.0973986954
0	0.0010741702	0.0553439399	0.9435818899
0	0.5726324578	0.4269037386	0.0004638036
0	0.5499457354	0.0215763799	0.4284778848
0	0.0000087575	0.1330255984	0.8669656441
0	0.8771739513	0.1034783266	0.0193477221
1	0.6353881353	0.2717814004	0.0928304642
0	0.3917529082	0.5190389018	0.0892081899
0	0.4593516267	0.5239712695	0.0166771037
0	0.0382112928	0.0083344253	0.9534542820
0	0.0099067246	0.9875304592	0.0025628162
0	0.9706588960	0.0039954295	0.0253456746
0	0.8328882743	0.0000006946	0.1671110312
0	0.0265478029	0.6615701874	0.3118820097
0	0.0003046032	0.0718043464	0.9278910505
1	0.3026491030	0.6661692086	0.0311816884
0	0.9267538766	0.0732461234	0.0000000000
0	0.5664249643	0.1270662572	0.3065087785
0	0.0000000001	0.2972987264	0.7027012735
0	0.2323386594	0.7492189587	0.0184423819
1	0.2777265231	0.0000000000	0.7222734769
0	0.5343243087	0.0020393959	0.4636362954
0	0.0000000000	0.8518442157	0.1481557842
0	0.0000023183	0.4967215160	0.5032761657
0	0.0473287934	0.3770477018	0.5756235048
0	0.1127308331	0.8792217880	0.0080473789
