0	0.0400993820	0.0016056204	0.9582949976
1	0.3357261946	0.3888398598	0.2754339456
0	0.9859190571	0.0013104563	0.0127704866
0	0.9238157339	0.0122312797	0.0639529864
0	0.7306817823	0.0000001311	0.2693180866
0	0.0541726835	0.7329471126	0.2128802038
0	0.0000000000	0.2676918561	0.7323081439
0	0.2224188176	0.7331518707	0.0444293116
1	0.6301621618	0.1138289121	0.2560089262
1	0.0203951459	0.3228892110	0.6567156431
0	0.0000003030	0.9961896483	0.0038100487
0	0.9984722518	0.0000000200	0.0015277283
0	0.5010847476	0.1680029277	0.3309123247
0	0.6594809386	0.0266932458	0.3138258157
0	0.0110568370	0.8760610490	0.1128821140
0	0.6736259619	0.0354392869	0.2909347511
0	0.3726830503	0.0000000000	0.6273169497
0	0.0104738945	0.0462399311	0.9432861745
0	0.0631130807	0.0000017137	0.9368852056
0	0.1025932898	0.0007163545	0.8966903557
1	0.1235582628	0.7663482789	0.1100934584
0	0.9979736136	0.0000092664	0.0020171200
0	0.0000000000	0.3057315462	0.6942684538
0	0.0003530926	0.0000579121	0.9995889952
0	0.6030534579	0.2987089383	0.0982376039
1	0.0011609026	0.2548630530	0.7439760444
1	0.6428165701	0.3129541884	0.0442292415
0	0.9971096802	0.0028154027	0.0000749171
0	0.0000639319	0.9973842202	0.0025518479
0	0.0259943953	0.9034148057	0.0705907991
0	0.1870445525	0.2920350313	0.5209204162
0	0.0000001352	0.0000000039	0.9999998608
0	0.0107216113	0.6635743393	0.3257040494
1	0.0047745367	0.0202558149	0.9749696484
0	0.2992316984	0.7004735567	0.0002947449
0	0.7259637520	0.1979896321	0.0760466159
0	0.0357661298	0.9641476516	0.0000862186
0	0.6829830453	0.3170122038	0.0000047509
1	0.2665355750	0.2573490114	0.4761154136
0	0.2331580227	0.7439322105	0.0229097668
1	0.2396389743	0.0032390175	0.7571220083
0	0.6349654086	0.3650345880	0.0000000033
0	0.6959773189	0.1109201545	0.1931025266
1	0.5076600003	0.2501851215	0.2421548782
0	0.4603599544	0.0719523653	0.4676876804
0	0.8313202159	0.1684680457	0.0002117384
0	0.0202638504	0.3679079700	0.6118281796
1	0.3617498905	0.0000054282	0.6382446814
0	0.9339669989	0.0660304656	0.0000025354
0	0.7685846267	0.2313067090	0.0001086643
1	0.0014111625	0.0043345083	0.9942543292
0	0.2704421063	0.6429863726	0.0865715211
1	0.0888701242	0.7034486298	0.2076812460
0	0.5740117735	0.1275608149	0.2984274115
0	0.0128237639	0.2737612003	0.7134150359
0	0.3321831908	0.6324320747	0.0353847345
0	0.9920361096	0.0000000000	0.0079638904
0	0.0943158989	0.1435788160	0.7621052851
1	0.0546155174	0.7824028657	0.1629816170
0	0.8721755489	0.1278244511	0.0000000000
0	0.0054769471	0.1535530536	0.8409699992
0	0.6193750474	0.0002324383	0.3803925143
0	0.9974049214	0.0000012960	0.0025937826
0	0.0000013507	0.8681965735	0.1318020757
1	0.5331901799	0.0000000000	0.4668098201
0	0.7693190223	0.0144375007	0.2162434770
1	0.7839483413	0.0653940623	0.1506575964
0	0.5375956550	0.0000021377	0.4624022073
0	0.8329301724	0.0427639815	0.1243058461
0	0.1147357386	0.5556173380	0.3296469234
0	0.9843300657	0.0005025070	0.0151674273
0	0.9601081000	0.0002323133	0.0396595866
0	0.8668642739	0.0002993951	0.1328363309
0	0.5876836717	0.0000104835	0.4123058448
0	0.0000000000	0.4501234792	0.5498765208
0	0.7157957516	0.0547954012	0.2294088472
0	0.8384467962	0.1162294461	0.0453237577
1	0.9696390685	0.0002162613	0.0301446702
0	0.5679590327	0.1676302874	0.2644106799
0	0.9781311261	0.0001765596	0.0216923143
1	0.2411442379	0.6057158574	0.1531399047
0	0.4359631293	0.5640358754	0.0000009952
0	0.0000000000	0.8884273274	0.1115726726
0	0.0000000000	0.0697343201	0.9302656799
0	0.3758873582	0.5228857924	0.1012268494
0	0.0801624364	0.0693557903	0.8504817733
0	0.0001273558	0.0000278640	0.9998447802
0	0.0000000000	0.2440800943	0.7559199057
0	0.0530372774	0.9448516048	0.0021111178
0	0.3920291608	0.2423963681	0.3655744711
0	0.7082801962	0.0030097742	0.2887100297
0	0.2173158034	0.7721635889	0.0105206077
0	0.0000002746	0.3114025260	0.6885971994
0	0.0010183560	0.0000000000	0.9989816440
0	0.7915622515	0.2082319540	0.0002057945
2	0.8338026784	0.0038938508	0.1623034708
0	0.9841937634	0.0000000000	0.0158062366
0	0.0847443112	0.1951140740	0.7201416148
0	0.4740642597	0.0123355691	0.5136001712
0	0.1235580443	0.0285797641	0.8478621916
