0	0.9993003875	0.0006996075	0.0000000050
0	0.0330035461	0.0312481685	0.9357482854
0	0.6233669899	0.0933392375	0.2832937726
1	0.1817247011	0.0029779342	0.8152973647
0	0.6339569099	0.3660430901	0.0000000000
1	0.0283275185	0.0008803056	0.9707921759
0	0.9961851471	0.0019650878	0.0018497652
0	0.0024511191	0.0091409458	0.9884079351
0	0.5693001779	0.4022185239	0.0284812982
0	0.1410564938	0.0003604561	0.8585830500
1	0.0723789905	0.8535705476	0.0740504619
0	0.3954239624	0.2046025362	0.3999735014
1	0.0231423617	0.5977580357	0.3790996027
1	0.0008075454	0.0244984652	0.9746939895
0	0.7814254088	0.0976808792	0.1208937120
1	0.0164915116	0.0302436369	0.9532648515
0	0.7176682490	0.0000511276	0.2822806234
0	0.0989801412	0.1894539740	0.7115658848
0	0.1638251084	0.0580709074	0.7781039842
0	0.5597698501	0.1069410649	0.3332890850
0	0.2557495294	0.1309364018	0.6133140688
1	0.5171207383	0.0000000010	0.4828792607
0	0.9874113550	0.0083367445	0.0042519005
0	0.1609916487	0.4980500066	0.3409583447
0	0.1298287919	0.3273157810	0.5428554271
0	0.9608040268	0.0391959688	0.0000000044
0	0.1731036712	0.0572298891	0.7696664397
0	0.4876316212	0.5053468755	0.0070215033
0	0.3523901863	0.0756262760	0.5719835378
0	0.5661355899	0.4238945929	0.0099698172
1	0.0357105098	0.8341806501	0.1301088401
0	0.1377885419	0.0133550731	0.8488563850
0	0.2004060732	0.0978060132	0.7017879136
1	0.1442247508	0.8557103069	0.0000649423
0	0.0000481667	0.8929224299	0.1070294035
0	0.9180318475	0.0819681525	0.0000000000
2	0.5213191828	0.4786740677	0.0000067494
0	0.3959857147	0.6003326984	0.0036815869
0	0.7392455647	0.0030683855	0.2576860498
0	0.0299837545	0.9684811011	0.0015351445
0	0.0149231177	0.1131553843	0.8719214980
0	0.5921946595	0.0240059789	0.3837993616
0	0.1456247387	0.2709785873	0.5833966740
1	0.0000000000	0.5341672729	0.4658327271
0	0.1027824562	0.8611166450	0.0361008988
0	0.1325729890	0.4953940741	0.3720329369
1	0.2568176442	0.2181889443	0.5249934115
1	0.8967290604	0.0313862559	0.0718846837
0	0.2703865235	0.6891957854	0.0404176911
0	0.0191266535	0.7049827499	0.2758905966
0	0.9057814798	0.0878610343	0.0063574859
0	0.0229152647	0.2528835937	0.7242011416
0	0.1147481922	0.6103415545	0.2749102533
0	0.1901807990	0.1040286360	0.7057905651
1	0.9748659914	0.0251338485	0.0000001601
1	0.8078737270	0.1215760132	0.0705502598
0	0.0000013804	0.0490504565	0.9509481630
0	0.9013662957	0.0511958547	0.0474378496
0	0.8468278607	0.0903628737	0.0628092656
0	0.7031945946	0.1924455132	0.1043598921
0	0.2660984245	0.0020758416	0.7318257340
0	0.0000138384	0.6154211016	0.3845650600
0	0.0202108633	0.7576652610	0.2221238757
0	0.0880010179	0.0063699666	0.9056290155
0	0.0139221955	0.8163186654	0.1697591391
1	0.9999978087	0.0000000279	0.0000021634
0	0.1822495914	0.0000000946	0.8177503139
1	0.1594372530	0.6285749501	0.2119877969
0	0.7303430684	0.1979688937	0.0716880378
2	0.0546815123	0.3634587053	0.5818597824
0	0.0039708778	0.9960291063	0.0000000159
0	0.5860300102	0.0000145734	0.4139554165
0	0.6657375159	0.1601175527	0.1741449314
1	0.6197868338	0.0206162260	0.3595969402
0	0.1050578011	0.8821262947	0.0128159042
0	0.0003349860	0.9652954333	0.0343695808
0	1.0000000000	0.0000000000	0.0000000000
0	0.0035692870	0.0048496639	0.9915810491
0	0.4528109026	0.0000000000	0.5471890974
0	0.5962135480	0.2334924372	0.1702940148
1	0.3389257485	0.2339616303	0.4271126212
0	0.2016550381	0.0052782195	0.7930667424
1	0.1103005817	0.6942726840	0.1954267342
0	0.0210666072	0.3628596735	0.6160737194
0	0.9796658927	0.0123312171	0.0080028902
0	0.9527104448	0.0472893787	0.0000001766
0	0.0223077061	0.3225843295	0.6551079644
0	0.0026774274	0.9894810802	0.0078414924
1	0.8063988909	0.1934704816	0.0001306275
0	0.0741945014	0.9248125689	0.0009929297
0	0.3642236923	0.5722931331	0.0634831745
0	0.5426583639	0.0040980921	0.4532435441
1	0.0000002219	0.0208989080	0.9791008701
0	0.4365123655	0.2092355501	0.3542520844
1	0.3060885055	0.6761152737	0.0177962208
0	0.0000000038	0.0000007102	0.9999992859
0	0.3929416931	0.0174963239	0.5895619830
0	0.0000009180	0.0000005952	0.9999984867
2	0.1486131020	0.8416579101	0.0097289879
0	0.0096749328	0.1820047672	0.8083203000
