1	0.0826068683	0.0193011689	0.0105113847	0.3650610361	0.0009719032	0.0101359476	0.1661153392	0.1142663159	0.0217798631	0.2092501730
1	0.0739545306	0.1530264881	0.0226786308	0.0004287163	0.0318799596	0.0653644552	0.3281288342	0.1678183884	0.1567199968	0.0000000000
0	0.0000012321	0.0001393857	0.0601054828	0.0004730681	0.0000966738	0.0000000000	0.0922661049	0.0416914371	0.5840785856	0.2211480298
0	0.0198937508	0.0007878436	0.0834488341	0.4753208612	0.0008041789	0.0011417077	0.0867819006	0.0845780518	0.1544847786	0.0927580928
0	0.0006923803	0.3182497674	0.0001935706	0.0247928428	0.0000188211	0.0000000000	0.4514692109	0.0569712023	0.0623531920	0.0852590126
1	0.0508991352	0.0000299285	0.3204620804	0.1017828061	0.1879680368	0.0003429482	0.3333351951	0.0042913653	0.0000000000	0.0008885043
0	0.0057918476	0.0088092368	0.0229272523	0.1437213185	0.0683916302	0.0072919782	0.3426334183	0.0279564776	0.0174872342	0.3549896064
1	0.0069357056	0.3011702688	0.1110322222	0.2309217481	0.0003398312	0.0068542731	0.2657839277	0.0761512977	0.0000000000	0.0008107255
1	0.0200480542	0.0847116309	0.2192968989	0.3650529139	0.0724748187	0.0122693716	0.0442885793	0.0024866449	0.0440262224	0.1353448654
1	0.0441973406	0.0065017757	0.5690366786	0.0137432456	0.0013414547	0.0801332505	0.1544285709	0.0464425207	0.0824375772	0.0017375855
1	0.0159529252	0.1520679538	0.7042058215	0.0145201140	0.0108838420	0.0116143880	0.0459049683	0.0070939947	0.0000193362	0.0377366563
1	0.0001104368	0.0086732402	0.0001331437	0.0029113532	0.0013213272	0.4225102061	0.1903206809	0.3055548781	0.0000000393	0.0684646945
0	0.0268709141	0.0252173682	0.6852682205	0.0708798292	0.0617439418	0.0000000080	0.0643264716	0.0336508610	0.0306221416	0.0014202440
0	0.0356439600	0.2379512311	0.0029635445	0.1574482214	0.0115451429	0.0000309713	0.0086931453	0.5060406533	0.0074073450	0.0322757852
1	0.0000318241	0.0000130802	0.7260326982	0.0465607638	0.0084581961	0.0463180139	0.0279190014	0.0383077974	0.0185239844	0.0878346406
0	0.0017213135	0.5729331519	0.0884203187	0.0223350035	0.0167022940	0.0000000000	0.0835407030	0.0078734970	0.2064736206	0.0000000979
0	0.0007294027	0.0095706425	0.0000011061	0.0064707147	0.0163162258	0.0238587442	0.1770534966	0.5367903995	0.0815990834	0.1476101845
1	0.0395114602	0.0745514941	0.0556778075	0.4859903087	0.0514166859	0.1385048459	0.1276474729	0.0001258617	0.0128720388	0.0137020244
0	0.1712046159	0.0305450576	0.4186901503	0.0795722662	0.0005377483	0.0097808069	0.0299340966	0.1417719198	0.0086892808	0.1092740577
0	0.2487345292	0.2692112919	0.0000652139	0.0234516610	0.0072186004	0.2480585830	0.0000815268	0.0783640004	0.0761764383	0.0486381550
0	0.1855676130	0.0152257549	0.0530563623	0.1260371392	0.1142194657	0.0093893234	0.0119282426	0.3727992360	0.0071744148	0.1046024482
0	0.0238780021	0.5766377441	0.0000127600	0.0785594709	0.0000464557	0.0000092154	0.0206833248	0.2766195268	0.0014440865	0.0221094137
1	0.0003168378	0.0000000000	0.2515092400	0.0209555064	0.1120248184	0.1300481060	0.3652269441	0.0140546928	0.0005093233	0.1053545313
2	0.0000000042	0.0000000000	0.8492327308	0.0008966288	0.0000001748	0.0547222164	0.0014964837	0.0585700792	0.0073656005	0.0277160817
1	0.0395816544	0.0374952378	0.0005945397	0.1052155799	0.0351437070	0.0041548248	0.0077400693	0.7390781566	0.0051402590	0.0258559717
0	0.0252913604	0.0007017820	0.0141021581	0.7450150411	0.0036137474	0.0017289401	0.0254838230	0.1539781957	0.0025173986	0.0275675534
0	0.2115901375	0.0173049894	0.0003011254	0.0694155158	0.0001898432	0.0157777915	0.0369640309	0.0000366901	0.5586816797	0.0897381965
1	0.0007104388	0.0738552393	0.0224065699	0.1535539600	0.2502215609	0.0919516040	0.3305812918	0.0000000116	0.0543781153	0.0223412085
0	0.0129813068	0.1022736814	0.0975504536	0.1215327940	0.0167888859	0.0130488752	0.0554154592	0.0727213625	0.4980576443	0.0096295369
0	0.3142626663	0.0188330439	0.0081088376	0.0002219723	0.0000108972	0.1510678851	0.1159931040	0.3746674526	0.0148572894	0.0019768517
1	0.0000000000	0.0000000000	0.4315397168	0.1152484050	0.0000462758	0.1203284580	0.0045686273	0.3278030619	0.0000000000	0.0004654553
1	0.0000000331	0.0000000207	0.2961384912	0.0681868452	0.0227912516	0.0511217280	0.0122611583	0.0326574989	0.3754329462	0.1414100268
1	0.0315045325	0.0050555557	0.2965487747	0.0245437171	0.0446403773	0.0943732924	0.0225112938	0.4595934627	0.0212289936	0.0000000001
0	0.0019584208	0.0012636668	0.0062078124	0.0435456071	0.1206716046	0.3067936894	0.0206685816	0.1145460144	0.2871247751	0.0972198279
0	0.0024789553	0.0861408785	0.0603036270	0.2833568701	0.0113240741	0.0356795288	0.0000000001	0.5083004925	0.0008779801	0.0115375936
1	0.0608665759	0.0000000021	0.2325579341	0.2066232547	0.0015938063	0.0542003463	0.0422768829	0.3045599420	0.0637085359	0.0336127199
1	0.0295535874	0.0347960342	0.2070269188	0.5541636545	0.0128325997	0.0002357753	0.1377631186	0.0000000007	0.0187415458	0.0048867650
0	0.0000000000	0.0556342707	0.0068477956	0.0016133577	0.1051335535	0.0055570001	0.0008229483	0.1576422597	0.2025390333	0.4642097813
0	0.0761414864	0.0223216657	0.0006915360	0.3424172876	0.0246377527	0.0001524931	0.0015149037	0.5282333931	0.0038406002	0.0000488814
0	0.0000006115	0.6843775211	0.0350828922	0.0000084659	0.0190284705	0.0000000000	0.0085676580	0.0647345302	0.1876523019	0.0005475487
0	0.0000145498	0.0265499545	0.0217415756	0.1948742016	0.0164818253	0.0002875788	0.1547132841	0.0529760618	0.4694521919	0.0629087766
0	0.0754779470	0.0300461183	0.4667037731	0.0536530232	0.0002211025	0.0463308958	0.0023563477	0.2718799406	0.0197400241	0.0335908278
0	0.0000000001	0.1196860022	0.1851556784	0.0137663793	0.0000000000	0.2317221513	0.2120582265	0.0634432449	0.1383147650	0.0358535523
0	0.0000738387	0.0030225237	0.0301013480	0.0125082755	0.0136868494	0.8246165932	0.0001902954	0.0347477475	0.0142614393	0.0667910893
1	0.0316385019	0.1064460789	0.0164435992	0.0375803706	0.1401944177	0.0037851667	0.1218701056	0.2841767951	0.0000813525	0.2577836118
1	0.0044354813	0.0000027841	0.0750512551	0.1397305372	0.0595429704	0.5587211272	0.0571694305	0.0302980412	0.0594896489	0.0155587240
0	0.0188176491	0.0522861545	0.0251647735	0.2528799175	0.0024571848	0.0996139769	0.0771409465	0.3525541635	0.0000000000	0.1190852337
1	0.0081963732	0.1128405981	0.2161184529	0.0294876068	0.0005274444	0.0014187326	0.6259407087	0.0000004808	0.0050858815	0.0003837209
0	0.5299298710	0.0761405738	0.0000095473	0.1664468053	0.0200404572	0.0002258366	0.0732624322	0.1107588111	0.0139624416	0.0092232238
1	0.0537616783	0.0000000000	0.1578289738	0.0965089217	0.0000000000	0.1435175176	0.0427526934	0.3552119263	0.1412460959	0.0091721931
0	0.0090728364	0.0023042780	0.0002628085	0.2073519900	0.0000035906	0.0822730069	0.0278398593	0.5976987885	0.0107799640	0.0624128779
0	0.0321647035	0.0157314320	0.0476748951	0.0003087822	0.0518773860	0.1573386789	0.0693910560	0.0008279128	0.1591984834	0.4654866702
1	0.0557714594	0.0077895776	0.0002235136	0.7183708208	0.0021523872	0.0021035404	0.0470761151	0.1598722406	0.0066293187	0.0000110264
0	0.0164041962	0.0668643890	0.0195035907	0.1071523235	0.3941022074	0.2284820654	0.0000001383	0.1330893090	0.0000092490	0.0343925316
1	0.0636650605	0.0002738015	0.2353174643	0.2344235859	0.0122257301	0.1464956184	0.1041073842	0.1440811599	0.0026890114	0.0567211838
0	0.1067938661	0.0065045800	0.0000000337	0.0313005693	0.0959796155	0.0000123608	0.0686872207	0.6390443731	0.0019507490	0.0497266316
0	0.0131383285	0.2846871393	0.0303442023	0.0255215055	0.0564053438	0.2279337502	0.0206260915	0.0014649951	0.1185391000	0.2213395439
0	0.0047758443	0.3352445949	0.0600852356	0.1588464035	0.1840123767	0.0000000000	0.0317491094	0.1158358469	0.0521913168	0.0572592720
0	0.0004160171	0.1303614791	0.0000002296	0.1416382453	0.0012353135	0.1629448004	0.5105305252	0.0466689093	0.0000118160	0.0061926644
1	0.0277858452	0.0000653982	0.4547787626	0.3345469004	0.0000000006	0.0870216456	0.0040391312	0.0085565983	0.0461860712	0.0370196466
0	0.0000784959	0.0037485389	0.5437391041	0.0000000032	0.0066364937	0.0208936698	0.0578423143	0.0232917468	0.0000002463	0.3437693869
1	0.0189200599	0.0000000000	0.1520761880	0.0835503028	0.0000000000	0.0000980839	0.0511093492	0.4668214086	0.0266969472	0.2007276604
1	0.1464930238	0.0000000000	0.0897616232	0.3297099090	0.0681916767	0.2001116209	0.0008660358	0.1470297689	0.0004015508	0.0174347908
0	0.0000002137	0.0068351258	0.0000954193	0.0364972294	0.1736630816	0.0000000000	0.3158648409	0.1350623748	0.1469519326	0.1850297818
0	0.0030180822	0.0431778302	0.0000000000	0.0290215152	0.0173901911	0.3999205765	0.0086285436	0.0890014838	0.2204192254	0.1894225520
0	0.0000074115	0.4638504988	0.0129519897	0.0547008479	0.0228642124	0.0000000000	0.0013085751	0.0159708674	0.0178943351	0.4104512622
0	0.0189149430	0.2292768124	0.1890252721	0.0904824756	0.0037445741	0.0003034227	0.0018154813	0.0285208820	0.0007905131	0.4371256239
0	0.0662269196	0.0168448774	0.0348391651	0.0059920592	0.1113480596	0.0001233893	0.4896280123	0.0005673789	0.0356628868	0.2387672518
0	0.0047093326	0.0005242072	0.0038499993	0.1120236392	0.0065309245	0.0003824486	0.0757291224	0.0470022481	0.1284564342	0.6207916439
1	0.0030773903	0.0034636673	0.0013455570	0.0010584441	0.0006587034	0.5595972438	0.0571989236	0.3388891343	0.0000000024	0.0347109338
1	0.0011237610	0.0001474179	0.0329909760	0.0600341745	0.0004745722	0.0236649992	0.8113653698	0.0582600926	0.0063814460	0.0055571908
1	0.0227487863	0.0401890133	0.1019356453	0.0766076776	0.0000003504	0.0023182932	0.0294921797	0.1779814056	0.1574736867	0.3912529617
1	0.0033691045	0.0205767166	0.4812696753	0.3841115492	0.0027663862	0.0037981356	0.0133431734	0.0000000000	0.0000309430	0.0907343162
1	0.0000000000	0.0000370462	0.0003266992	0.0232004308	0.0000000012	0.2776907529	0.6376604020	0.0126523219	0.0257106602	0.0227216857
0	0.0000000651	0.0002601410	0.0048301852	0.5406380906	0.2319912833	0.0004784155	0.0027342313	0.1555625931	0.0115137013	0.0519912937
0	0.0334640393	0.5315211571	0.0135810187	0.0355195905	0.0129569255	0.0224326986	0.0087263384	0.0699080494	0.0003122935	0.2715778889
0	0.0400030063	0.2565648456	0.1062827690	0.2104330734	0.1780972212	0.0907121241	0.0043077719	0.0697367649	0.0299765472	0.0138858764
0	0.0002443938	0.4553751815	0.0642086163	0.0000081573	0.1905996812	0.0004977645	0.0487383194	0.0028808149	0.0009558100	0.2364912611
0	0.0006200815	0.0175631270	0.0611217440	0.0919338982	0.1172122626	0.1440794879	0.0001017222	0.0000727999	0.5463730163	0.0209218603
0	0.0000015210	0.1127606273	0.0005754892	0.0682258420	0.0208758106	0.1851106136	0.0000091149	0.4962831854	0.0524435279	0.0637142680
0	0.0014803096	0.0228477982	0.0001209310	0.0528180138	0.0015470245	0.0072624376	0.0573301986	0.7576596487	0.0214514771	0.0774821609
0	0.0249476953	0.0149760260	0.7116088613	0.0009091142	0.0343773304	0.0000001193	0.1074071591	0.0813224854	0.0006823008	0.0237689082
0	0.0029870218	0.2126472062	0.1519940756	0.4161707597	0.0112661841	0.0251930135	0.0478972447	0.0495771052	0.0343092288	0.0479581603
1	0.0008916569	0.0000179413	0.2596157196	0.0863897045	0.0011855727	0.0048858124	0.5806551649	0.0575963161	0.0067819759	0.0019801357
0	0.0215984546	0.0000026152	0.0022438880	0.0001604218	0.0000000000	0.5262921880	0.0060883947	0.3820929176	0.0129465756	0.0485745445
1	0.0162457862	0.0290959073	0.6214482545	0.0302893830	0.0000000000	0.0691755182	0.2006033364	0.0305774151	0.0019730569	0.0005913424
1	0.0000532899	0.0038640969	0.1538221074	0.5757412162	0.0000294890	0.0190657484	0.0056212256	0.2354596582	0.0044776598	0.0018655084
0	0.0000008578	0.0000000001	0.0518243672	0.2221148669	0.4856790576	0.0035579186	0.0623461343	0.0598410034	0.0826043447	0.0320314494
1	0.0021485822	0.0000000000	0.0196826355	0.0000018773	0.0001312609	0.0216219483	0.0031289497	0.9215874887	0.0020886020	0.0296086555
1	0.0841771435	0.0000000637	0.1067658952	0.0284982813	0.0000000000	0.5957292720	0.0033483198	0.0378544144	0.0092512683	0.1343753418
0	0.0189372734	0.0009249594	0.0095364521	0.0589390617	0.3250036655	0.0564296323	0.2784518928	0.1067084140	0.0464396832	0.0986289655
1	0.0008407044	0.0000002255	0.1869854527	0.0526553818	0.0263162019	0.2296078948	0.0345021264	0.3011527979	0.1679392146	0.0000000000
0	0.0261182865	0.1296563837	0.0666066425	0.0080324140	0.1314893572	0.1570219107	0.0000000249	0.1154650298	0.1481626747	0.2174472758
0	0.0000035094	0.0809462584	0.0000000000	0.1309693913	0.0559716480	0.0160113932	0.0417916235	0.6273357076	0.0014970087	0.0454734600
0	0.2365712803	0.0046185125	0.0423564224	0.0858010649	0.0018755232	0.0383328008	0.2117051859	0.1969232559	0.1812060662	0.0006098878
1	0.0692190827	0.0142119320	0.4591128545	0.2127455874	0.0000057654	0.1251758652	0.0151119822	0.1007802980	0.0000006676	0.0036359649
0	0.0340879957	0.0229651024	0.0797174196	0.5928674190	0.0592904796	0.0868397347	0.0290146295	0.0145662338	0.0726276195	0.0080233663
0	0.0000000555	0.0011583904	0.0010799427	0.0181470908	0.0000000000	0.0000017937	0.0118012267	0.8033205604	0.0015605736	0.1629303663
0	0.1553467101	0.0639898123	0.0000004785	0.2873769839	0.0272296912	0.0059972716	0.1137178757	0.2117137879	0.1140721423	0.0205552465
1	0.0498531675	0.0047273164	0.3729859921	0.0638706522	0.0000312914	0.0123183806	0.0356608223	0.3314155664	0.0902020443	0.0389347667
0	0.0223038352	0.0008017396	0.0627726992	0.6029640010	0.0058151447	0.0002021163	0.0040599592	0.1643172904	0.0219136410	0.1148495734
1	0.0000000000	0.0108069862	0.0110673232	0.0442322146	0.1473211437	0.4760407140	0.2613011849	0.0241489358	0.0065133823	0.0185681152
0	0.0033284599	0.1288149904	0.0375561236	0.0191794396	0.2104631721	0.0001488170	0.2651547451	0.2025370137	0.0000000809	0.1328171576
1	0.0895243153	0.0000027818	0.0971048360	0.4212080744	0.0079878565	0.2081757638	0.0109321722	0.0318434707	0.0192646758	0.1139560535
1	0.0071130702	0.0138189462	0.5450199154	0.0065179611	0.0000000448	0.0027822708	0.3583119114	0.0039177324	0.0550172181	0.0075009296
0	0.1886124868	0.0582799497	0.2888803887	0.0006280817	0.0253861427	0.0155456032	0.2101518126	0.0057729642	0.0001761122	0.2065664581
1	0.0000000000	0.0000131815	0.2055173026	0.1505016015	0.0005626642	0.3939035822	0.1683361840	0.0587182486	0.0053194053	0.0171278299
1	0.0000072396	0.0000149136	0.1024970914	0.2882755551	0.0053061185	0.1284259970	0.2065612439	0.1205956586	0.0508830792	0.0974331029
0	0.0393044026	0.1957595069	0.1537528940	0.0255740001	0.0148173489	0.0043562320	0.2448484121	0.1640897036	0.1570496274	0.0004478723
1	0.0028314971	0.0000000000	0.5915774428	0.0477889341	0.0000000000	0.0040493901	0.0313197793	0.2485421772	0.0738880644	0.0000027150
1	0.0061811296	0.0000000021	0.4330341018	0.2224892362	0.0290764722	0.2698079270	0.0057596528	0.0044915709	0.0200173037	0.0091426036
0	0.0735320386	0.4119992658	0.0198421007	0.0122701375	0.0053609252	0.0000225424	0.2817194362	0.0876122226	0.0419351027	0.0657062283
0	0.0236738643	0.1388369868	0.0440226195	0.6385435081	0.0003220656	0.0030552378	0.0001890570	0.0882917814	0.0119991663	0.0510657131
1	0.0212270771	0.0034079560	0.1269251189	0.0288094812	0.0118970713	0.0030386377	0.4999898556	0.0441977477	0.1363303446	0.1241767099
0	0.0026892810	0.3666415931	0.0338895510	0.2003806873	0.0000000016	0.0000000018	0.3263685452	0.0003072660	0.0506726405	0.0190504324
0	0.0061348939	0.2108699892	0.2087036084	0.0315496554	0.0506485474	0.0513476448	0.0000337438	0.1954225956	0.1842371013	0.0610522202
0	0.1111210764	0.0088531810	0.4545026094	0.0778917367	0.0004992692	0.0000000000	0.0000001159	0.0044426947	0.2468664491	0.0958228677
0	0.0102565430	0.2260814308	0.0503864362	0.0003522100	0.0208090180	0.0295780543	0.0534001853	0.1756511641	0.4105122470	0.0229727114
1	0.0000216980	0.0006845615	0.4532002764	0.0052187836	0.0413904139	0.2330044557	0.0626349036	0.1871444262	0.0000220039	0.0166784773
0	0.0047971330	0.0868256248	0.0004657445	0.0039889388	0.0381079672	0.0182248424	0.6833014154	0.0073736752	0.1017264707	0.0551881880
0	0.0196898607	0.0504473047	0.0963813592	0.1335472968	0.0750035381	0.0296479308	0.0000057461	0.5720752727	0.0200719428	0.0031297481
0	0.0002295980	0.0002201999	0.0145576397	0.4247000678	0.0936764182	0.0032625089	0.0050230921	0.2100865990	0.1005829099	0.1476609664
0	0.0892288891	0.2387064297	0.0461654874	0.0033991731	0.3295370255	0.0007820127	0.0000021276	0.2294078116	0.0014117072	0.0613593362
1	0.0038618297	0.0017815649	0.0184286401	0.0796262919	0.0000041693	0.6252272708	0.1895101931	0.0056533457	0.0165687285	0.0593379661
1	0.0616547274	0.0001945663	0.0027605034	0.1635296083	0.0000002541	0.0478475311	0.1452853228	0.5775738795	0.0011281645	0.0000254428
0	0.0013543538	0.0008206483	0.2397758025	0.3765623791	0.0009562146	0.0593089804	0.1199084635	0.1523401173	0.0096897099	0.0392833304
1	0.0063029628	0.0000000000	0.5307142166	0.1431295103	0.0058049066	0.1849249960	0.0042593896	0.1194932391	0.0033344048	0.0020363741
1	0.0692153200	0.0000000180	0.0000386229	0.2358478321	0.0056122917	0.0310423762	0.0863445488	0.5628647583	0.0000064909	0.0090277413
0	0.0030191444	0.0181180326	0.0214601301	0.0000669754	0.9082619762	0.0079894234	0.0000000000	0.0185273914	0.0124118270	0.0101450994
0	0.0000001194	0.1160158395	0.4403560695	0.0909260534	0.0246173863	0.0885016133	0.0019161982	0.0000246158	0.0005230254	0.2371190791
0	0.0890672585	0.0037165103	0.0080122132	0.2511475896	0.0140879276	0.0306749167	0.0017861826	0.5301261961	0.0003206709	0.0710605346
1	0.0204084520	0.0049661759	0.6307352315	0.0145719065	0.0004953214	0.0029346126	0.1513448559	0.1602093225	0.0013569725	0.0129771493
1	0.0091690190	0.0020947826	0.0898682023	0.0337440473	0.0598581271	0.2020433932	0.5617543092	0.0361552609	0.0000000000	0.0053128583
0	0.0000000040	0.2440793581	0.1033710205	0.0152524844	0.0000066315	0.1406411095	0.0218716367	0.1701176077	0.0000000397	0.3046601079
0	0.0033866272	0.0571155731	0.0311551828	0.0477278342	0.0303973697	0.0027292473	0.0815190301	0.6876938509	0.0367897598	0.0214855249
0	0.0180360007	0.0634250983	0.0513907008	0.0006460736	0.0446310187	0.0427632500	0.2573822487	0.5014321069	0.0179474878	0.0023460144
0	0.0400467649	0.0011222390	0.0000785574	0.0000027618	0.0155422229	0.0021112221	0.0074527144	0.9112742361	0.0000000002	0.0223692813
0	0.0000745625	0.3811033523	0.0104990701	0.0044321435	0.1162266030	0.0016095711	0.0658897265	0.0339823480	0.3223721435	0.0638104795
0	0.0204431982	0.3907865883	0.0000044916	0.3385776754	0.0497370294	0.0831665890	0.0046383374	0.0026731191	0.0919039655	0.0180690060
0	0.0000234049	0.0343927718	0.0619014200	0.0400681228	0.5523335586	0.0010504322	0.2331223312	0.0502264614	0.0000023867	0.0268791103
1	0.3874526269	0.0008553666	0.3205386588	0.0107543583	0.0209758476	0.0020350527	0.0063224645	0.1176530360	0.1333437263	0.0000688623
0	0.0093601411	0.0261168909	0.1352218138	0.0144626888	0.5769230378	0.0159159838	0.1258980225	0.0614341733	0.0000000179	0.0346672302
1	0.0090149684	0.0000820723	0.5994815004	0.0000422079	0.0000000000	0.2280629664	0.0440948373	0.0296809883	0.0173919640	0.0721484950
0	0.0137111047	0.3013143223	0.0309830762	0.0069135650	0.0286973280	0.1523778618	0.2305156650	0.0293484465	0.1958488305	0.0102897998
2	0.0333640412	0.0000000000	0.0408755169	0.7346499376	0.0006208244	0.0565356169	0.1267877887	0.0010477469	0.0000000555	0.0061184719
0	0.1140653367	0.0000795865	0.0283292538	0.0145830583	0.5378748018	0.0127799474	0.0126850849	0.0337856623	0.0760259242	0.1697913440
0	0.0000006624	0.0008604529	0.0000169639	0.0060966138	0.1552216300	0.0299918697	0.0439699243	0.0009936314	0.6496032654	0.1132449862
1	0.0240262417	0.1106818016	0.0000008230	0.0161008553	0.0251054024	0.1352277813	0.0033984192	0.4292815979	0.0039826027	0.2521944749
1	0.0000000116	0.0000000000	0.3591352338	0.1501159046	0.0000000000	0.0023835628	0.0324798798	0.2649339286	0.0828642947	0.1080871842
0	0.0000000001	0.5829217979	0.0620223527	0.1966732839	0.0000031557	0.0438652217	0.0432339549	0.0487212787	0.0095159232	0.0130430312
0	0.0000000000	0.0840485872	0.0215025362	0.1184760676	0.0759438978	0.1064555252	0.0021185363	0.2092269122	0.0940097973	0.2882181401
0	0.0441032416	0.0100394828	0.0017717844	0.1060078145	0.0839690201	0.0377863215	0.0021157909	0.7141870598	0.0000000000	0.0000194843
0	0.1779362355	0.0323006133	0.0140321774	0.3304107179	0.0006018001	0.0000000000	0.0045287914	0.1119283678	0.0809134380	0.2473478586
0	0.0365440563	0.4051569035	0.0067520194	0.0835803949	0.1943414430	0.0009221643	0.0000000316	0.2681535930	0.0000223612	0.0045270327
0	0.0015268968	0.0105116235	0.0037576140	0.0030907344	0.2701994535	0.0842964738	0.0000946264	0.1405546793	0.0353192224	0.4506486758
0	0.0000000004	0.0683055464	0.0253852338	0.1768873722	0.0001487555	0.0033643393	0.1140005864	0.0119384625	0.0188566429	0.5811130605
0	0.0088470128	0.0910007478	0.0000236563	0.0634842991	0.0143954489	0.0008881014	0.0040299724	0.2122179294	0.0000894170	0.6050234148
0	0.0000005150	0.0949145336	0.3113040702	0.0030755546	0.0008544002	0.0000000013	0.0041191604	0.0069943577	0.0009014382	0.5778359689
0	0.0218590057	0.0359286398	0.2054952849	0.0533680005	0.0005178099	0.0450229996	0.3823832286	0.0617856611	0.0139790788	0.1796602911
0	0.0037691830	0.0113139627	0.6304739356	0.0144413087	0.0613666096	0.0156975626	0.2546363431	0.0008760847	0.0063156209	0.0011093891
1	0.0000000000	0.0108369646	0.1015577491	0.8216293265	0.0060091339	0.0059738847	0.0000581949	0.0466468596	0.0036843653	0.0036035215
0	0.0191000177	0.0041575943	0.1674900273	0.2830834291	0.0037949781	0.0048969356	0.0740634454	0.2641994568	0.0052898212	0.1739242947
1	0.0065493113	0.0118170018	0.0206100509	0.4959851753	0.3528252142	0.0025277388	0.0112014709	0.0119119415	0.0000000000	0.0865720952
0	0.0097075011	0.0868154456	0.0361748767	0.1474481189	0.0000131316	0.0000866074	0.0173034147	0.5902148892	0.0117212918	0.1005147231
0	0.2697982253	0.2924085526	0.0526023144	0.0727222822	0.0352476133	0.0774296271	0.0153211379	0.0025618382	0.0022071248	0.1797012842
1	0.0072369722	0.0000092464	0.4014366197	0.0609148648	0.0005205933	0.2606027078	0.0036984918	0.1580043160	0.0718435047	0.0357326831
0	0.0014771631	0.0359575582	0.0241022224	0.0000077120	0.1207828298	0.0511973120	0.6453430592	0.0287424019	0.0326533090	0.0597364325
1	0.0037352355	0.0054871767	0.0531316542	0.0076363926	0.0000629166	0.2026676580	0.5702521031	0.1050442283	0.0039217171	0.0480609179
0	0.0000105922	0.0012121855	0.0017910600	0.0259361088	0.0019646772	0.0000517255	0.8980595765	0.0312896605	0.0000000000	0.0396844137
0	0.0000785845	0.0494796750	0.0004245526	0.0050550427	0.0000003731	0.0166221037	0.0000000151	0.1300374332	0.0065761838	0.7917260362
1	0.0009707445	0.0285154473	0.0121859406	0.0951382081	0.0188508491	0.2032032757	0.0224392222	0.2527518171	0.0000000000	0.3659444954
0	0.2595906765	0.0370755509	0.3071391892	0.2384503997	0.0000000000	0.0039894257	0.0001563076	0.1053613062	0.0083267322	0.0399104122
0	0.1231398874	0.5061384506	0.1932007422	0.1263332480	0.0000873967	0.0000029015	0.0450335796	0.0015278154	0.0000003262	0.0045356526
1	0.3572141976	0.0220257480	0.0899679633	0.0214755021	0.0177005916	0.0162273947	0.0500086996	0.0130664114	0.3971000273	0.0152134645
0	0.0175423409	0.0442261042	0.1843746533	0.0801536880	0.1774945750	0.0054434247	0.0061831177	0.2678429426	0.0000007913	0.2167383624
1	0.0004053113	0.0000000000	0.0298509343	0.0794558705	0.0041852506	0.0001142477	0.0437969503	0.8272582973	0.0057068139	0.0092263240
0	0.0581480618	0.0149022782	0.0696922676	0.2470298869	0.2988793741	0.0185294551	0.0003703713	0.1455745085	0.0734299192	0.0734438773
0	0.0766752213	0.0938143369	0.2344153335	0.5645403218	0.0023926462	0.0166651804	0.0004363642	0.0002339906	0.0000000000	0.0108266052
0	0.0339308356	0.0450477913	0.2046190048	0.0382530437	0.1380935932	0.0907725973	0.0638243627	0.1117897174	0.0000000000	0.2736690538
0	0.3093998908	0.0295553550	0.1190129757	0.0000215017	0.0031436761	0.0001033741	0.0059745103	0.0164109137	0.0025214908	0.5138563119
1	0.0000017995	0.0000000000	0.0254396990	0.1539059741	0.2634135974	0.1416969736	0.0937486918	0.2246429479	0.0971160684	0.0000342483
1	0.0052824590	0.0004913967	0.1461845101	0.5615132270	0.0864935313	0.0005922651	0.0743205549	0.0042735949	0.0093600164	0.1114884448
1	0.0267270539	0.0078747911	0.3296421318	0.2578208680	0.0000065089	0.0098957165	0.3455107730	0.0129472962	0.0095748607	0.0000000000
1	0.0228391359	0.0665254570	0.0106894339	0.0393202451	0.0250545476	0.7345023249	0.0046870354	0.0120645062	0.0830220166	0.0012952974
0	0.0079458271	0.0588412754	0.0768362562	0.0101321998	0.0000088024	0.0620639954	0.0149676042	0.7059104014	0.0267484340	0.0365452041
0	0.0448029858	0.0474419639	0.0635501061	0.1073644320	0.0247112355	0.0022879242	0.0004132872	0.0863670951	0.0392721624	0.5837888077
1	0.0000000513	0.0000260730	0.3749817398	0.0479606345	0.0122105570	0.5270328125	0.0265054634	0.0096512869	0.0000000000	0.0016313815
1	0.0000010226	0.0004897074	0.0407303913	0.8391393666	0.0084681715	0.0087282158	0.0027688887	0.0966838771	0.0027522113	0.0002381477
0	0.0065569445	0.0442902822	0.1932863730	0.2766820108	0.0006262079	0.0000594231	0.0540797190	0.2556031812	0.0212993513	0.1475165069
0	0.0008121303	0.1111328529	0.0200066299	0.0066611503	0.0021323547	0.0709696800	0.1735452327	0.0438764431	0.3450276061	0.2258359200
0	0.0885824762	0.0151918799	0.2250454079	0.1021285397	0.0023572394	0.0000000012	0.4380948677	0.0152476922	0.0994832912	0.0138686045
0	0.0149228707	0.2220720467	0.0363856620	0.0536332434	0.0018909163	0.0130134453	0.0330484099	0.4931376799	0.0662535429	0.0656421830
0	0.0001956239	0.0275972052	0.0545468586	0.0407689914	0.1420415574	0.0072878711	0.0155414618	0.0445419461	0.0149775539	0.6525009305
0	0.0108760846	0.0314234878	0.1289585540	0.4936865391	0.0362712811	0.1113870718	0.0853512359	0.0899141702	0.0000000033	0.0121315722
0	0.0000000000	0.0496250591	0.0530596570	0.1669769282	0.0000000001	0.0286546953	0.2040766360	0.0000725231	0.0000000000	0.4975345013
0	0.0000001219	0.1887695093	0.0807224176	0.1750614574	0.0040021617	0.0038887693	0.0097368382	0.1499064263	0.0580391295	0.3298731688
1	0.1129669808	0.0000017651	0.0020395569	0.1560812936	0.0000028591	0.3271502048	0.0253421108	0.0052989181	0.0046905992	0.3664257116
0	0.0362138097	0.0309414950	0.0060614750	0.6895105076	0.0045879184	0.0012892128	0.0673331664	0.0090622947	0.0080201399	0.1469799805
1	0.0000006874	0.0000000000	0.2737979879	0.2318156916	0.0006767658	0.0087222077	0.2284598107	0.1335451814	0.0523681512	0.0706135164
0	0.0004485569	0.0047723038	0.1847897569	0.3084555270	0.0442153038	0.0000575427	0.3748533217	0.0610469458	0.0091076905	0.0122530508
0	0.0172005281	0.0318726301	0.3326435872	0.0969363242	0.0420715524	0.1592318759	0.1647881763	0.0000458478	0.0001874997	0.1550219783
0	0.0456029571	0.1657339695	0.0001878779	0.0603598768	0.1103956288	0.0374886606	0.0550547653	0.3934690507	0.0464330038	0.0852742096
0	0.0002720443	0.0131890239	0.0043023950	0.1750997394	0.0648277179	0.0058638560	0.0513371356	0.0248375549	0.1466154642	0.5136550688
1	0.0693833820	0.0000000000	0.0526898600	0.3332312669	0.0000000000	0.3628325815	0.0010361380	0.0051141732	0.1021401905	0.0735724079
0	0.0510059513	0.1619660949	0.0000000000	0.0690053722	0.0020162141	0.0030436687	0.0044465499	0.0000000000	0.0000000139	0.7085161352
0	0.0215704267	0.8504626256	0.0024686171	0.0001356217	0.0166063810	0.0000000000	0.0045968179	0.0296922272	0.0000000000	0.0744672829
0	0.0278425662	0.0943751051	0.0625652199	0.0030170453	0.0106311328	0.0000003054	0.0061936113	0.0527761814	0.0781718411	0.6644269914
1	0.0000000000	0.0304299113	0.0058593193	0.6184828737	0.0000000000	0.0000001540	0.0856832356	0.0999066413	0.0023244009	0.1573134638
1	0.0106739144	0.0586396352	0.0321802747	0.0395546200	0.0026240371	0.2044690922	0.2551825612	0.0966098095	0.1234466339	0.1766194219
0	0.1163354316	0.0009515287	0.0000146760	0.0289080771	0.2293153953	0.0000000000	0.1662146273	0.1761723114	0.0095097598	0.2725781928
0	0.0473661909	0.0242823720	0.0079118696	0.0020104422	0.0000972288	0.0052108254	0.0173584506	0.0030132787	0.8764332533	0.0163160886
0	0.0433869570	0.0325517838	0.0185853092	0.0142540007	0.0000000000	0.0014434994	0.0019728156	0.6379118375	0.0000115886	0.2498822083
0	0.0741974703	0.0337686029	0.1970727116	0.0218011668	0.0006103633	0.0877775343	0.0098704122	0.1333568700	0.0556372977	0.3859075710
0	0.0000085450	0.0000737392	0.3148440412	0.3412824565	0.0000000000	0.0767969681	0.0413671994	0.0591579999	0.0213911396	0.1450779110
0	0.4884034846	0.2844373719	0.0050992502	0.0467218392	0.0020394667	0.0000001047	0.0453619624	0.1006922073	0.0272240828	0.0000202302
0	0.0028602661	0.0166005235	0.0146858767	0.0003119190	0.0000000000	0.0934201738	0.7615211031	0.0580860949	0.0015957661	0.0509182767
1	0.0121078650	0.0000000001	0.2891121839	0.0343976897	0.0401732944	0.1532375460	0.3934283301	0.0519818925	0.0238595612	0.0017016371
1	0.0787227844	0.0928383342	0.0397054215	0.0051255664	0.0255336282	0.1169838480	0.0689530919	0.0192242030	0.1802120210	0.3727011014
1	0.0000000007	0.0000051406	0.0913304387	0.1435890446	0.0010090420	0.0793789627	0.3633721020	0.0000000000	0.1657421803	0.1555730883
1	0.0000000000	0.0543743109	0.5591504874	0.0232304865	0.0008343531	0.1589707000	0.0001778163	0.2029272652	0.0003345291	0.0000000515
0	0.0001890396	0.0494254217	0.4225792546	0.3591100633	0.0000000103	0.0655595450	0.0547726464	0.0403741650	0.0079652279	0.0000246262
1	0.0003197722	0.0681774802	0.2564232965	0.0325275735	0.0000000001	0.0953085218	0.4299362699	0.0202706285	0.0967251436	0.0003113138
1	0.0000000000	0.0000000145	0.1150252735	0.6952475395	0.0000000000	0.0167078292	0.0328294438	0.1040930901	0.0089383852	0.0271584243
1	0.0000000415	0.0216007216	0.0037772340	0.0278003832	0.0238983528	0.0608447301	0.6869681633	0.0377249916	0.1284823665	0.0089030156
0	0.0252345073	0.0189781894	0.1123259287	0.2447218198	0.0626852295	0.0000105319	0.1062694111	0.0079810925	0.4160549957	0.0057382939
0	0.0222638800	0.0555483601	0.0088420147	0.0158559301	0.0232656028	0.0684958923	0.1797581869	0.1138946343	0.0129967214	0.4990787774
1	0.0551782785	0.0268226134	0.0296425239	0.1305697337	0.0198469929	0.0607660337	0.1581143616	0.0000000000	0.0000000000	0.5190594622
0	0.0000000000	0.0145750846	0.0986899627	0.1543327579	0.0016948211	0.0174033402	0.2402340712	0.2145829773	0.0002590483	0.2582279365
0	0.3891061246	0.1213015504	0.0649377054	0.0247858433	0.0000076336	0.0040041489	0.0001708872	0.3048918840	0.0693896820	0.0214045406
1	0.3670091063	0.0155359531	0.1902994917	0.1903058701	0.0000049478	0.0014637083	0.0154961140	0.1450594136	0.0748253720	0.0000000231
1	0.0267553880	0.0000000000	0.4504797361	0.0119242448	0.0016849125	0.1365211425	0.0257670378	0.2842472079	0.0224628161	0.0401575143
0	0.0002004905	0.0010136578	0.1688828993	0.2615413935	0.0341552301	0.0065442846	0.0000000001	0.4953515844	0.0190093775	0.0133010821
0	0.0001759290	0.4261734480	0.0133040651	0.0000000000	0.0012602438	0.0004240640	0.0243881473	0.0000169861	0.0042395763	0.5300175405
0	0.0036974748	0.1802526894	0.2404671686	0.5011532164	0.0010730271	0.0000157025	0.0722192949	0.0003355962	0.0002228453	0.0005629849
1	0.0385522380	0.0000000000	0.0294370551	0.2465147676	0.0000160747	0.1317999654	0.0071642706	0.5016802218	0.0011282728	0.0437071339
0	0.0637547208	0.1417260725	0.4953427985	0.0360502636	0.0127972758	0.0026757104	0.2003996883	0.0170667000	0.0287571715	0.0014295986
0	0.1108513726	0.3404257936	0.0969088854	0.0050460712	0.0418769210	0.0000000034	0.0000141225	0.0515100040	0.0000000081	0.3533668181
0	0.0000477160	0.0409845273	0.0000375650	0.0571599901	0.0000000000	0.1126395725	0.0330927275	0.1519496450	0.0000000035	0.6040882530
2	0.0218810244	0.0000051282	0.3086958875	0.1892742994	0.0000000000	0.4555035901	0.0062106665	0.0133203875	0.0001334028	0.0049756135
0	0.0999453593	0.0133147526	0.0737202310	0.0521924748	0.2961041630	0.0000217372	0.2285744052	0.0323171913	0.0231458110	0.1806638745
0	0.0822440078	0.0662348172	0.1651138629	0.0320059840	0.1819256343	0.0100824878	0.0384456868	0.0916262257	0.0096362080	0.3226850856
0	0.0021546614	0.0035721803	0.1348962165	0.0002886097	0.0005548992	0.0000762190	0.0806526562	0.7068481189	0.0234136099	0.0475428289
1	0.0000007784	0.0000059918	0.0307725472	0.1611422670	0.0194037437	0.0189231025	0.1956530741	0.3864276279	0.0681262560	0.1195446115
0	0.0004143786	0.0845282198	0.0099631061	0.1701524924	0.0000000000	0.0033302869	0.2547954234	0.0339822731	0.0000010965	0.4428327234
1	0.0000000119	0.1023627451	0.2414914961	0.0449326420	0.0702613747	0.4608901704	0.0003754726	0.0201276276	0.0097867151	0.0497717445
1	0.0496511177	0.0218660662	0.0569882600	0.0251155503	0.0010094614	0.3643318993	0.1342799901	0.2639209517	0.0828338545	0.0000028488
1	0.0224512436	0.0017793395	0.8126265327	0.0730702324	0.0000381479	0.0212952113	0.0000005457	0.0428713446	0.0000000081	0.0258673941
1	0.0376578969	0.0003124070	0.0791021730	0.3790399581	0.0398582974	0.0007480683	0.1602966688	0.1114628625	0.1020320952	0.0894895728
0	0.0000191159	0.1082906039	0.0262215369	0.1410347966	0.2655569095	0.0592038453	0.0003035588	0.1809196908	0.0052870147	0.2131629275
0	0.0000167917	0.1954630236	0.0238918480	0.0000049914	0.0686165394	0.0000305059	0.0570215139	0.0007314877	0.2743813645	0.3798419339
1	0.0505427945	0.0000372239	0.0242028882	0.0296931389	0.0001079568	0.4154003318	0.0219074765	0.0002407009	0.0022439101	0.4556235783
1	0.0376980749	0.0010370013	0.0315256237	0.0198384231	0.0606607864	0.0000048878	0.7340873356	0.0192960291	0.0687048673	0.0271469709
0	0.0298023859	0.0776306945	0.0035238007	0.6607998326	0.0000131786	0.0000000237	0.0002557648	0.0262172252	0.0419496438	0.1598074501
1	0.0245710625	0.0001772682	0.0078022260	0.8763779034	0.0317475792	0.0191067454	0.0263914504	0.0018660946	0.0000034056	0.0119562645
0	0.0414251973	0.0633790335	0.0208623225	0.0356919280	0.0071319828	0.0311238716	0.0000514230	0.0636114712	0.0058588977	0.7308638724
0	0.0054933648	0.0051789757	0.2547031009	0.2495628835	0.0500528179	0.3334263983	0.0207595747	0.0164132424	0.0082566581	0.0561529837
0	0.0554959353	0.2508476297	0.0289608783	0.0289231892	0.0421248144	0.0693102321	0.1670756337	0.0017554375	0.0273973190	0.3281089308
1	0.0000000037	0.0006179522	0.0125494931	0.0009575107	0.0122053319	0.6401352510	0.0567144920	0.0169572774	0.2550533687	0.0048093192
0	0.1785251074	0.0000000000	0.0239258219	0.3429313052	0.3167870950	0.0160094568	0.0944586053	0.0000029931	0.0262598236	0.0010997917
0	0.0820096393	0.1058580672	0.1204617780	0.2615384792	0.0149010460	0.0000001037	0.0039008008	0.0264558396	0.2221037924	0.1627704537
0	0.0007861650	0.0670330351	0.0106956305	0.0881070102	0.0003224537	0.0015520049	0.0060179792	0.1239130628	0.0000129238	0.7015597348
0	0.0000224576	0.1043374714	0.0428006886	0.3159754384	0.0059037397	0.0182740647	0.4284188113	0.0114579379	0.0025223493	0.0702870413
0	0.0184483779	0.0044857066	0.0710754884	0.0215749682	0.0029758822	0.0152123695	0.0215834995	0.0196731435	0.0034974195	0.8214731447
0	0.0101085695	0.0155624420	0.0030997114	0.0808460825	0.2698623381	0.0120410891	0.0165852066	0.0219924020	0.0613773649	0.5085247937
0	0.0745979924	0.0592053599	0.1833290111	0.0239547481	0.0582559528	0.0098897269	0.0896064244	0.0018224387	0.4986627625	0.0006755832
0	0.0000554616	0.0269662236	0.0348805050	0.0650316689	0.0666514678	0.0000000000	0.0061423414	0.0236002433	0.5234330680	0.2532390203
2	0.0000000000	0.0000233954	0.5703553905	0.0755809685	0.0081061983	0.0501096077	0.2566792352	0.0379518413	0.0000000000	0.0011933631
0	0.0767464071	0.0087767938	0.4252341061	0.0029437518	0.1478731200	0.0205632161	0.0087550543	0.1581473227	0.1486489499	0.0023112782
1	0.0000000000	0.1167323748	0.2142517732	0.4659501436	0.0000634086	0.0628282184	0.0322092408	0.1046630428	0.0033017978	0.0000000000
0	0.0329771185	0.3179371503	0.2407809865	0.1566693066	0.0000344055	0.0119931627	0.0044609734	0.0000888362	0.0800178120	0.1550402484
1	0.0007681576	0.0017429689	0.5540957732	0.1365238515	0.0000000000	0.0990792456	0.1512922248	0.0488852654	0.0047368087	0.0028757044
0	0.0148053342	0.5949628253	0.0334236829	0.1297749362	0.0104960252	0.0000001104	0.0000000274	0.1470867759	0.0491349708	0.0203153117
1	0.0740484635	0.0010665037	0.0772001957	0.3364329376	0.0066400057	0.0395650177	0.0038090310	0.4536628015	0.0035729495	0.0040020939
1	0.0000000000	0.0117318642	0.0000006034	0.0030177934	0.0000000749	0.0009925722	0.9351429109	0.0098407205	0.0000000173	0.0392734432
0	0.0006245533	0.1786651245	0.0706990507	0.0341508272	0.0210368143	0.0000000000	0.0000012947	0.0658899177	0.3875361573	0.2413962604
0	0.1603808058	0.0432824952	0.1705759738	0.1849531319	0.0670657331	0.0032451841	0.0245124544	0.3200298743	0.0042098833	0.0217444640
0	0.0522129832	0.0681544116	0.2995382777	0.0176437024	0.0837781767	0.0232613828	0.0026585089	0.0353313714	0.1784639885	0.2389571969
1	0.0000000000	0.0000045391	0.1003773587	0.7719228739	0.0074158418	0.0253502755	0.0749264510	0.0063595392	0.0000990453	0.0135440754
1	0.0032217742	0.0000000003	0.3571758168	0.0000078038	0.0001922769	0.0017215172	0.2762031871	0.2322178257	0.1285249594	0.0007348385
0	0.0003767006	0.2533113569	0.1110581955	0.0275483424	0.0178387853	0.0011523084	0.4719269634	0.0579502166	0.0326300122	0.0262071188
2	0.0000000015	0.1041906164	0.2042531621	0.0096725556	0.0000351994	0.4629605792	0.0640680302	0.0284800082	0.0217657206	0.1045741268
0	0.0392606334	0.6792299298	0.1125749452	0.0113925014	0.0080069217	0.0372300016	0.0094429178	0.0919177157	0.0000000000	0.0109444333
1	0.0188208735	0.0002722899	0.0146533888	0.0017307931	0.0174668712	0.0541535084	0.1510499600	0.6891755024	0.0016301970	0.0510466156
0	0.2556268979	0.2279334237	0.1201041909	0.0459085649	0.2263551861	0.0002031311	0.0000287283	0.0190135674	0.1047864248	0.0000398849
0	0.2734999711	0.0071711499	0.0000000078	0.0140188220	0.0965317306	0.0503052049	0.0115803988	0.1023506856	0.0260922680	0.4184497613
1	0.0006995098	0.0000000098	0.1251017685	0.5869951912	0.0000140588	0.0486517660	0.0000000490	0.0000000000	0.2385375413	0.0000001056
1	0.0000000967	0.0901681480	0.2231460298	0.0405718183	0.0000000000	0.1882608182	0.0943801909	0.0470021701	0.0000087339	0.3164619941
1	0.0000000000	0.0001452749	0.0604548310	0.0359155451	0.0112887991	0.4159264626	0.2429371735	0.1515091825	0.0543377605	0.0274849709
0	0.0725507972	0.0015728810	0.0169825936	0.2030486490	0.0000024552	0.0029583796	0.0311553178	0.6669318416	0.0001127854	0.0046842996
0	0.0000248924	0.2294881571	0.0357218999	0.0105485196	0.0246132198	0.1098786012	0.0896925972	0.0011022473	0.2317153564	0.2672145091
1	0.0000000070	0.0184538342	0.0325149422	0.0272009176	0.0011080769	0.0002757242	0.8477552802	0.0597333001	0.0086167040	0.0043412137
1	0.0143726098	0.0728655925	0.4234303115	0.0620150587	0.0000270372	0.0270085746	0.1071095702	0.0853773320	0.0003902408	0.2074036727
1	0.0749850880	0.0139044006	0.1581097104	0.0757492188	0.0000002589	0.3000057033	0.1251583135	0.1787925308	0.0084542446	0.0648405313
1	0.0124292160	0.0666151384	0.0409346515	0.0288110504	0.0041620982	0.0240931062	0.0095631842	0.1716280877	0.6417288721	0.0000345953
0	0.0000617893	0.0087640971	0.0211911668	0.0744029322	0.0000002051	0.0023577727	0.0038306855	0.1087585697	0.0411418739	0.7394909075
0	0.4029323167	0.0969482890	0.0596684288	0.2611562525	0.0012825403	0.0074059561	0.0041763115	0.0129183264	0.1535115788	0.0000000000
0	0.0140500496	0.1118429913	0.4183546209	0.0050482624	0.0878416893	0.2508151414	0.0014803333	0.0003068659	0.0951023681	0.0151576778
0	0.0000457152	0.0993527383	0.0004936239	0.5868419562	0.1547841851	0.1186710208	0.0000000466	0.0000000000	0.0398107137	0.0000000003
1	0.0000000000	0.0006742953	0.0163885196	0.1578722060	0.0071072079	0.0706572601	0.0000198558	0.0349080021	0.6076102956	0.1047623575
1	0.0472027501	0.0001749907	0.4807858685	0.1264122953	0.0158690519	0.1480021834	0.0797768899	0.0771566439	0.0124599715	0.0121593548
1	0.0093070831	0.0042747877	0.2465688366	0.0425555793	0.0060511666	0.0012911210	0.5025958848	0.0158057913	0.1271072960	0.0444424536
0	0.0143922293	0.0000196126	0.5631003182	0.0045717174	0.0010244653	0.0550369683	0.0375664886	0.0141128676	0.0041888677	0.3059864651
0	0.0248869117	0.2392272108	0.1591265949	0.0406152531	0.0000123056	0.0000000000	0.0300171119	0.0481470718	0.0122958368	0.4456717033
0	0.0000000000	0.1046111795	0.0000000000	0.5960427491	0.1303277995	0.0001744736	0.0198405004	0.0091614539	0.0000006986	0.1398411455
0	0.0000173928	0.0013970223	0.2959688083	0.0018920058	0.5905662567	0.0003626052	0.0034747728	0.0186755789	0.0094844609	0.0781610964
0	0.0809145351	0.3075745892	0.0123154387	0.0150209567	0.1628023768	0.0364634709	0.0061333096	0.0000000000	0.0142491992	0.3645261238
0	0.0462750419	0.0000209101	0.7765080280	0.0070790204	0.0020119940	0.0439840594	0.0000051463	0.0569592749	0.0541840030	0.0129725219
0	0.4280189452	0.0000155788	0.0241295412	0.3356435203	0.0620269908	0.0005234449	0.0174587572	0.0002498459	0.0033124388	0.1286209369
0	0.0971132061	0.1217492093	0.0050473932	0.0786045928	0.0000000000	0.6021611286	0.0552495074	0.0073261546	0.0100755709	0.0226732373
1	0.0092553097	0.0000000293	0.4776301726	0.0000053209	0.0013234620	0.0110698619	0.2478516079	0.2292585883	0.0047251854	0.0188804620
0	0.0539106416	0.0104530344	0.0096577211	0.3676232393	0.0000458784	0.0047385587	0.4211800358	0.0442593082	0.0602186233	0.0279129592
0	0.0000000000	0.0000872799	0.2790074427	0.0296846429	0.0081218545	0.0267677745	0.0228130936	0.4895237516	0.0015904157	0.1424037445
0	0.1217399345	0.3424177384	0.2485973720	0.0892397693	0.0000000012	0.0034382194	0.0013279653	0.1808812136	0.0106942334	0.0016635529
0	0.0464778147	0.0535042568	0.6390496867	0.0710186772	0.0967627568	0.0001997797	0.0000094827	0.0144831655	0.0000000000	0.0784943800
2	0.0033941810	0.0000000000	0.1121572744	0.1193967053	0.0041774842	0.5978682381	0.0248677711	0.1319288223	0.0001878914	0.0060216321
0	0.0172911552	0.0570252336	0.0000000000	0.0587181179	0.2498776897	0.0455337141	0.0732538283	0.2625073404	0.1700358142	0.0657571067
0	0.0007967069	0.0661550296	0.0026968896	0.0001054151	0.0132508983	0.0836247065	0.0079227109	0.0217216788	0.0000000003	0.8037259640
0	0.0168418458	0.0069329402	0.0000000001	0.3261072299	0.0363776795	0.0050906887	0.0003051117	0.5707439858	0.0004054545	0.0371950637
1	0.0001926372	0.0420775558	0.0275382323	0.6182984826	0.0873654577	0.0767871752	0.0300084632	0.0709128079	0.0000076895	0.0468114987
1	0.9184059763	0.0000000000	0.0229581812	0.0038264874	0.0000000000	0.0205378982	0.0151612343	0.0162166997	0.0027892217	0.0001043011
1	0.0013536991	0.0010422169	0.2740982457	0.2951215935	0.2468331211	0.0142093709	0.1047034308	0.0575093599	0.0003089944	0.0048199676
0	0.0097828189	0.0001039772	0.6920301137	0.0000001068	0.2027673392	0.0336703248	0.0236372853	0.0313045836	0.0063231837	0.0003802668
1	0.0000020239	0.0361815338	0.0079015452	0.0685315575	0.0071025641	0.0049877480	0.1915204454	0.4403635899	0.1247139527	0.1186950396
1	0.0000870935	0.0334431377	0.0053805867	0.0000009962	0.0000000021	0.5161031856	0.1708084702	0.1057901507	0.0150992561	0.1532871211
0	0.0000000000	0.0000000000	0.0762544138	0.0000115111	0.0899837601	0.2401620579	0.0895408469	0.2780102653	0.0044292893	0.2216078556
0	0.0061821494	0.0402341864	0.1442990584	0.0556379067	0.0196420202	0.0015676484	0.0673802940	0.6435349627	0.0210561713	0.0004656025
1	0.0000014360	0.0000954727	0.0000578375	0.5441897025	0.0007374382	0.1980849638	0.0600200339	0.1614292905	0.0255631619	0.0098206630
0	0.0319645237	0.0898828626	0.0025988098	0.0487874570	0.0340339983	0.0811359735	0.0002008792	0.0711030512	0.0182709441	0.6220215006
0	0.0013641996	0.0117731261	0.0935062034	0.6483741461	0.0620045355	0.0195270268	0.0000138054	0.1027647588	0.0596195035	0.0010526949
0	0.0266364737	0.3714693553	0.0057687941	0.0007963376	0.2126466872	0.0000000196	0.0041634216	0.2598022569	0.0000001619	0.1187164921
1	0.0014705143	0.0023913412	0.0028966915	0.0047464937	0.0000000450	0.5071039009	0.0222675662	0.4586506572	0.0001392168	0.0003335734
0	0.0251363929	0.0182507545	0.0098164598	0.7113595866	0.0948606043	0.0330280867	0.0382767527	0.0015421448	0.0495504988	0.0181787189
1	0.0121157386	0.0001078521	0.9033147652	0.0001895437	0.0000000000	0.0125803050	0.0083346967	0.0617081866	0.0000164241	0.0016324881
0	0.0037415348	0.1623816343	0.5728141149	0.0000550586	0.0272874451	0.0077783844	0.2117977496	0.0000365731	0.0090772810	0.0050302242
0	0.1595906616	0.0530898281	0.0262052390	0.1441710335	0.2257757547	0.0077104143	0.0000896730	0.1460335212	0.1834985396	0.0538353350
1	0.0057150946	0.0000488326	0.5879289200	0.0348309016	0.0003833021	0.0309960336	0.1307100672	0.0387978972	0.0009039235	0.1696850275
1	0.0001390985	0.0000000000	0.1828592066	0.0141191989	0.0000003097	0.7291994901	0.0235078870	0.0447853072	0.0035501449	0.0018393571
0	0.0229229291	0.0747055027	0.0671679225	0.3460608951	0.0061025826	0.0002964456	0.0577399930	0.1742193894	0.0039196594	0.2468646807
0	0.0000000000	0.0298516064	0.1464177701	0.0258546387	0.1012982719	0.0032443354	0.2535925528	0.3830339557	0.0000000000	0.0567068690
0	0.0000018647	0.0049767254	0.1186071217	0.0902449209	0.0693257149	0.1400536543	0.0095314799	0.0258183616	0.0183923388	0.5230478177
1	0.0543441153	0.0082282241	0.1064457456	0.0000014822	0.0181432531	0.4319543027	0.1901859370	0.0033050828	0.0774104519	0.1099814055
0	0.0004656910	0.2649723251	0.0651600210	0.4008911636	0.0348180323	0.1486465931	0.0350731962	0.0013494969	0.0032170867	0.0454063941
1	0.0001118560	0.0000000000	0.7341977156	0.2138649780	0.0000023704	0.0000719124	0.0302696778	0.0079717901	0.0004145066	0.0130951931
0	0.0002766021	0.1214912119	0.2595418328	0.0863114436	0.0624839004	0.0000000483	0.0626099098	0.1069260607	0.0540235348	0.2463354557
0	0.0264985235	0.3015259751	0.1050136249	0.0496088240	0.1479003491	0.0018025032	0.0054661342	0.2169784431	0.0000000006	0.1452056223
0	0.0021798883	0.4096012388	0.0051443627	0.0000983343	0.3240743648	0.0241960940	0.0041955426	0.1756761686	0.0001109526	0.0547230531
0	0.0000000003	0.0246865545	0.0151966178	0.1040167558	0.0062232891	0.1672808397	0.1084310471	0.5576771428	0.0005885986	0.0158991543
0	0.0032000393	0.0010003315	0.0381576465	0.0010405508	0.0000033802	0.0007095325	0.0000065044	0.8783263558	0.0000006886	0.0775549704
0	0.0010207178	0.0168683766	0.0000459861	0.2279364929	0.0173900005	0.0285095829	0.0914378288	0.4718738281	0.0000001158	0.1449170705
0	0.0012757131	0.1484894386	0.0163526274	0.2441027599	0.0000193454	0.0000000000	0.4431535109	0.0191807866	0.0230323148	0.1043935034
0	0.0000018177	0.0000000000	0.0443048676	0.0198943778	0.1859917642	0.0038211285	0.3056316503	0.4022672617	0.0028154654	0.0352716667
0	0.5325764203	0.0007923049	0.0004256704	0.1235279698	0.0362423511	0.0253336513	0.0008144041	0.2268673967	0.0248357905	0.0285840409
0	0.0000007912	0.4396909550	0.1208309974	0.0757416906	0.0743855055	0.0125391176	0.0071162779	0.0000317699	0.0312009766	0.2384619184
2	0.0001473672	0.0001696224	0.5303711306	0.0198979275	0.0000000003	0.0050575588	0.3688103532	0.0627651881	0.0127790086	0.0000018435
0	0.2433890288	0.1810802893	0.0668851585	0.0320864064	0.0000000000	0.0058672275	0.0032667941	0.0026258851	0.1462087320	0.3185904782
1	0.1398556122	0.0000000000	0.0421823784	0.0144101163	0.0158666520	0.6311338597	0.0198644064	0.0064245754	0.1142905803	0.0159718194
0	0.0513190693	0.0000000000	0.1533558506	0.0040704918	0.0154230888	0.0685362525	0.3901247949	0.2258382842	0.0145530299	0.0767791380
0	0.0752118018	0.0068928964	0.0047483112	0.0000047631	0.3767053026	0.0000000000	0.0725673856	0.2537494868	0.1018365067	0.1082835458
0	0.1175255382	0.1444864305	0.1942532681	0.0019702303	0.0037277844	0.0081054107	0.0752098660	0.2535294257	0.1987098894	0.0024821568
1	0.0071193794	0.0185530365	0.0000519100	0.0006967245	0.1909663497	0.0585342974	0.5363161000	0.0802849924	0.0242813996	0.0831958105
1	0.0791695218	0.0379983034	0.2039135033	0.0136593732	0.0000000000	0.0959126637	0.0376740229	0.0430296051	0.0075078787	0.4811351280
0	0.0003089692	0.2567103694	0.0026116276	0.0339589247	0.5133686786	0.0060090225	0.1250386274	0.0509353262	0.0000000000	0.0110584545
0	0.1896088017	0.0166667830	0.0185712957	0.0057814801	0.0000000000	0.0039578064	0.1952167718	0.0000000005	0.5450024330	0.0251946278
0	0.0000154196	0.4739593118	0.0022676498	0.1592997675	0.0139114232	0.0529507553	0.0038998236	0.0626000012	0.0035723946	0.2275234534
1	0.0382578231	0.0289420271	0.1362698735	0.0653063983	0.0000757524	0.0316186566	0.1174959426	0.4809024981	0.0999641997	0.0011668286
0	0.0000000339	0.4702605098	0.0000000043	0.0079220679	0.0117107697	0.2984215462	0.0635805255	0.0000000000	0.0390458198	0.1090587231
0	0.1061880346	0.1055268103	0.0001611373	0.1756295217	0.0008071650	0.1216254418	0.0297942108	0.1421542548	0.3080688991	0.0100445246
1	0.0013250461	0.0017661127	0.2189809912	0.7220625586	0.0002668703	0.0000515709	0.0391554102	0.0003193791	0.0000004068	0.0160716542
1	0.0018499090	0.0848314842	0.0984307270	0.3493947910	0.0237859707	0.0287600552	0.3289641011	0.0127600024	0.0569279320	0.0142950273
0	0.0000000001	0.5139588613	0.0000496798	0.0534804424	0.0569937346	0.0000000000	0.1583134056	0.0023800589	0.0475646366	0.1672591808
1	0.0524876558	0.1013427610	0.0643641566	0.5432439024	0.0007152020	0.0711697019	0.0832296984	0.0017068887	0.0807588102	0.0009812231
0	0.0000013788	0.0499555367	0.0864283967	0.0356294294	0.0000125586	0.0191050351	0.1207254515	0.6003650797	0.0255907932	0.0621863403
0	0.0734040554	0.2898281484	0.1016971313	0.0083899381	0.0002767478	0.3229881354	0.1194989194	0.0634651882	0.0001519781	0.0202997580
0	0.0000000000	0.0000033216	0.0001188683	0.4341425242	0.0008530077	0.2829984982	0.2730711289	0.0054355229	0.0000001701	0.0033769579
0	0.0434165414	0.3211771916	0.0000111672	0.0023844825	0.2743137786	0.0240222919	0.0004411068	0.0863330647	0.0000002653	0.2479001099
0	0.1413695359	0.0392548223	0.1768652711	0.0000000000	0.0069061330	0.0000019339	0.1202675071	0.0729244788	0.0051226342	0.4372876838
0	0.0158808090	0.1754430561	0.0000753152	0.4523843874	0.0030838890	0.0086804616	0.0047452866	0.2967660648	0.0057019770	0.0372387533
0	0.2350930968	0.0460076883	0.0071020479	0.0203515248	0.2407961308	0.0476435706	0.1721569400	0.1695843577	0.0278172597	0.0334473834
0	0.0012654949	0.0851145444	0.7413022292	0.0000000000	0.1258444383	0.0000178994	0.0006108624	0.0097091216	0.0076102799	0.0285251298
1	0.0000000000	0.0000000299	0.0079383815	0.5508847669	0.0852735274	0.2162085562	0.0879528596	0.0274328606	0.0159947281	0.0083142900
0	0.1063603384	0.4100860275	0.1427008460	0.0553000217	0.0000000000	0.0354155959	0.0178816370	0.1358553461	0.0079685958	0.0884315915
1	0.0020825340	0.0000000000	0.0071396681	0.0178121197	0.0000000114	0.9468508443	0.0086910014	0.0068130419	0.0105989091	0.0000118701
1	0.0000097320	0.0000000001	0.3949759699	0.4516059967	0.0008330160	0.0000000009	0.1182140968	0.0035126039	0.0175997686	0.0132488152
1	0.0024666131	0.0000015156	0.8609329786	0.0123225975	0.0028409569	0.0060366483	0.0024546682	0.0001456062	0.0065619241	0.1062364915
0	0.0024395117	0.0833302071	0.0193169465	0.0783292652	0.6570292977	0.0003846581	0.0000000000	0.1215974023	0.0373217923	0.0002509190
1	0.0017907471	0.0105446110	0.0869248336	0.0438558792	0.0056882515	0.1868740081	0.6013220582	0.0620026072	0.0000000004	0.0009970038
2	0.0219730928	0.0000075374	0.3717253944	0.0048730468	0.0026426690	0.2021392768	0.1141457503	0.0000018675	0.2824884522	0.0000029127
0	0.0238560052	0.0248035067	0.0000000052	0.0985370953	0.0042126973	0.0000066549	0.2262535157	0.3308574241	0.0027485334	0.2887245623
0	0.0000037207	0.0262877629	0.0376937321	0.0026756200	0.0000585068	0.0000000000	0.0273516794	0.8806846196	0.0232399072	0.0020044514
1	0.0001938944	0.0000020753	0.0278906151	0.4789358537	0.0000000000	0.0549926629	0.0293840814	0.3681815979	0.0003039927	0.0401152267
0	0.0005642732	0.0282516282	0.0814681526	0.0091743175	0.0000000616	0.0001239821	0.0022245645	0.0052061482	0.0425220067	0.8304648654
0	0.1676735985	0.5714909059	0.0336489647	0.0083870756	0.0727333214	0.0208245582	0.0083266437	0.0000000162	0.0891084373	0.0278064785
1	0.0048361042	0.0132111797	0.2538246627	0.0503575918	0.0000000000	0.5585054851	0.0045481184	0.0149626475	0.0714147370	0.0283394735
0	0.0024667660	0.0000089315	0.0742055452	0.0078299614	0.3066999789	0.0108504821	0.0021805802	0.0014248291	0.0132001058	0.5811328199
0	0.0000178107	0.0001655270	0.0000827058	0.0200785287	0.6542791367	0.0034429301	0.0021093818	0.0754293542	0.0086057241	0.2357889009
1	0.0619681474	0.0053990037	0.0000000278	0.0000630224	0.0000000039	0.0196419286	0.7983071687	0.0932924819	0.0199395282	0.0013886874
0	0.0316748045	0.0000548652	0.1592125933	0.0156825078	0.2480495114	0.0000160978	0.0001872468	0.0282986974	0.3690032923	0.1478203834
0	0.0000000176	0.8757236082	0.0009680156	0.0000025114	0.0414710257	0.0218048367	0.0000082161	0.0147726979	0.0074073126	0.0378417581
0	0.0000024532	0.1257936527	0.0691672744	0.4130412383	0.0013144456	0.0000004571	0.0006724993	0.1433419465	0.0001771318	0.2464889013
1	0.0254595947	0.0170681333	0.0871987073	0.0083442530	0.0034116226	0.6554331245	0.1777027515	0.0219634074	0.0024247582	0.0009936475
0	0.0560088138	0.1120468407	0.1201735107	0.0587039894	0.4735483548	0.0001721237	0.0100643738	0.0855664661	0.0777658384	0.0059496887
0	0.1241047546	0.0088065242	0.0097870223	0.0103011372	0.1066850911	0.0000027801	0.0154839440	0.4468102597	0.0001036103	0.2779148764
1	0.0012253747	0.0108664611	0.3709791631	0.0929220399	0.0055515984	0.4150030984	0.0156426485	0.0801709378	0.0075284274	0.0001102508
1	0.0045717143	0.0000000901	0.0091607767	0.0005229087	0.0050303181	0.0414668631	0.8777635661	0.0596619163	0.0003615219	0.0014603247
0	0.0000007250	0.0000000000	0.0150199899	0.0000271434	0.2135117730	0.0000799564	0.0198485144	0.1774358883	0.3537131713	0.2203628383
0	0.1447035620	0.0009671637	0.0031803062	0.5540165990	0.0000364448	0.0069348134	0.1097273102	0.0651503706	0.0000000122	0.1152834178
2	0.0046567384	0.0000000000	0.7612207068	0.0060067804	0.0000000002	0.1456380073	0.0253330468	0.0138259846	0.0433187357	0.0000000000
0	0.0001322271	0.0430975357	0.0134349014	0.0507146642	0.0001861574	0.0003016001	0.0000216532	0.3822885968	0.2193628270	0.2904598371
1	0.0695488850	0.0003532908	0.0492800717	0.6475194131	0.0468953934	0.1371891265	0.0069473704	0.0156525877	0.0252010315	0.0014128298
0	0.0308993780	0.1543596312	0.0162583304	0.0000749513	0.0634654724	0.0042231040	0.0232609127	0.0748417383	0.5648696515	0.0677468303
0	0.0814481878	0.0167828265	0.0813421654	0.1556228292	0.3561882089	0.0132535850	0.0424593459	0.0628895721	0.0002486830	0.1897645962
0	0.3715617433	0.0508859177	0.0004430445	0.0000669213	0.0010878696	0.0027259450	0.0265474881	0.0239420600	0.4174510744	0.1052879362
0	0.0028902365	0.0221720895	0.3374949813	0.2185529820	0.0137318885	0.1947076272	0.0163870748	0.0395313998	0.1545317003	0.0000000202
0	0.0660092693	0.0003339127	0.0879373238	0.2075947744	0.0190331479	0.1346940007	0.0004285463	0.1252172765	0.0000109401	0.3587408081
0	0.6622919335	0.0235785704	0.0000000000	0.0992293644	0.0214677547	0.1401592679	0.0313595199	0.0218737623	0.0000000002	0.0000398267
0	0.1411536367	0.2050153535	0.0001872709	0.0452750439	0.0262396172	0.0169719417	0.0457160540	0.4836581653	0.0355802017	0.0002027152
0	0.0227205351	0.0927147647	0.1668851269	0.5453312022	0.0558524110	0.0423017244	0.0002344375	0.0039013048	0.0162579277	0.0538005656
0	0.0000001112	0.0341650651	0.1772751189	0.0003597577	0.0908363543	0.0114453406	0.0007013213	0.3011739812	0.0000794295	0.3839635203
1	0.0099978057	0.0160407291	0.7416534604	0.0069890101	0.0062981790	0.0133471603	0.0037400043	0.1513847943	0.0000000000	0.0505488568
0	0.0216007752	0.3972235088	0.1397791532	0.0363183698	0.0912504980	0.0650347442	0.1481889737	0.0388991419	0.0014320294	0.0602728057
0	0.0089926915	0.0167751520	0.0720654002	0.0000000000	0.2502444888	0.0189777752	0.1202586926	0.5065843013	0.0002739106	0.0058275877
0	0.0296283732	0.0000000245	0.0730754845	0.0004553750	0.0095529390	0.0442407754	0.0003233000	0.7126388760	0.0416436641	0.0884411883
0	0.0008868023	0.0834344370	0.0174184435	0.0252553369	0.1364941615	0.0000000597	0.0182951604	0.1111989392	0.1749093878	0.4321072718
0	0.0422761047	0.0174979389	0.0118656861	0.0787707182	0.0164866182	0.0224422770	0.2597151957	0.2089509626	0.1522259463	0.1897685524
0	0.0489485063	0.0285485723	0.1059923517	0.0801183356	0.1567626894	0.0017149700	0.0000667177	0.0422872047	0.2955190257	0.2400416265
1	0.0000000000	0.0024398633	0.1927881556	0.0135375434	0.0000125026	0.7597826291	0.0107551376	0.0017058935	0.0000000000	0.0189782749
2	0.0740054344	0.0018091291	0.1087158730	0.0501288393	0.0024187728	0.6882120065	0.0297445364	0.0449622559	0.0000031503	0.0000000023
0	0.0849160752	0.0006960552	0.1674602545	0.2941914705	0.0154309990	0.0015114546	0.2956575959	0.0112478657	0.1127929688	0.0160952606
0	0.0000000000	0.0026738318	0.0282874858	0.0003508001	0.1384702545	0.1236778304	0.0979332146	0.1920342574	0.0410432825	0.3755290429
0	0.0064462997	0.0097744515	0.0174462580	0.0008734961	0.0003807464	0.0067703079	0.0119774607	0.6322037652	0.0085452191	0.3055819954
1	0.0000000000	0.0001540027	0.0450765129	0.0677543392	0.0000000078	0.0003814006	0.1572946231	0.7118614152	0.0000236982	0.0174540004
0	0.0000000003	0.0249139952	0.1282171787	0.2935046279	0.0012836357	0.0001455699	0.0000000000	0.0347400150	0.3912998639	0.1258951132
1	0.0169307139	0.0000214774	0.2558899993	0.0286478454	0.0000035223	0.4965867736	0.0051113996	0.1668231932	0.0039807683	0.0260043070
0	0.0107255834	0.0025587555	0.2386302600	0.0555823354	0.1223590056	0.0061283838	0.0373177504	0.3002496721	0.0025672665	0.2238809871
2	0.0574391927	0.0007947066	0.0261022465	0.0194541451	0.0027015930	0.0904840778	0.6548735002	0.1366736102	0.0027300905	0.0087468374
1	0.0000003018	0.0000000000	0.0300170619	0.0099309986	0.0412624581	0.0787490510	0.0000000062	0.2077016937	0.0000002152	0.6323382134
0	0.0619519252	0.6120427423	0.1335665160	0.0712279679	0.0240569243	0.0314242902	0.0174249240	0.0464226319	0.0008082488	0.0010738293
0	0.0269570376	0.0175941737	0.2971817837	0.1993692917	0.0293662258	0.0001613189	0.0508630746	0.1731799758	0.0032879232	0.2020391948
0	0.0000300347	0.3326173333	0.0056992437	0.5693740408	0.0000012003	0.0053323814	0.0175725751	0.0596825118	0.0094244617	0.0002662171
0	0.0000000000	0.0219894177	0.0019251173	0.5345321331	0.0065080746	0.0166768517	0.1866839765	0.2218881898	0.0003408119	0.0094554274
0	0.0005966939	0.0351979659	0.6543135721	0.0324623898	0.0000209989	0.0461222369	0.0210562973	0.0412391355	0.0033028360	0.1656878737
0	0.0013503700	0.0001437657	0.0000017451	0.2048477682	0.0117465569	0.0494558987	0.0044203505	0.1725671416	0.4626527598	0.0928136437
0	0.0580213329	0.0003185170	0.0000565841	0.0621767498	0.0312051171	0.0000000140	0.1916291110	0.0014593395	0.0142313409	0.6409018940
1	0.0000192072	0.0000000000	0.7280486935	0.2000965669	0.0055516328	0.0001319427	0.0003828539	0.0105695744	0.0113473315	0.0438521971
0	0.2137694154	0.1198401298	0.0127662958	0.0047766830	0.0107878288	0.0655925425	0.0055106251	0.4232892941	0.0262128763	0.1174543092
0	0.0581384514	0.0290446195	0.1238222306	0.1526766427	0.3098860488	0.0641133007	0.0001933060	0.2533747432	0.0087231431	0.0000275140
1	0.0175930653	0.0000000000	0.4315282370	0.0248916914	0.0002605691	0.1356225464	0.0005220929	0.1530552762	0.2140208271	0.0225056947
1	0.0535001866	0.0017879537	0.0933472196	0.0225370897	0.0144506201	0.0657185805	0.0294391182	0.4406737882	0.2432087804	0.0353366630
0	0.0013026274	0.0000018128	0.1006654257	0.0006826984	0.2324808758	0.0986043754	0.1134170923	0.2278389383	0.1328231304	0.0921830233
0	0.0017725872	0.1837995478	0.0024481876	0.3549807664	0.1788687762	0.0493911259	0.0608241962	0.0916801197	0.0647378720	0.0114968210
0	0.0620142023	0.0315142688	0.1245746076	0.0158091157	0.2873734659	0.2800080714	0.0000000000	0.0120929371	0.1063943147	0.0802190164
0	0.0029123512	0.1399540867	0.2727860235	0.0051641187	0.1569479131	0.0023691152	0.0132466071	0.3330416930	0.0497767638	0.0238013277
0	0.0039375045	0.0001497054	0.0000100779	0.0000000001	0.0043788003	0.0003684920	0.4596014840	0.1052292068	0.0188185047	0.4075062243
0	0.1160366171	0.0010476637	0.0547082164	0.6256448835	0.0055609708	0.0002163170	0.0324022886	0.1132835549	0.0497412289	0.0013582593
0	0.0208950643	0.1793325076	0.0002107123	0.0127892393	0.0059325483	0.0029327201	0.0119976502	0.0130738897	0.0675707439	0.6852649243
0	0.0750914813	0.4802237237	0.1765521125	0.0432849689	0.0296528405	0.0000000127	0.0005670078	0.1043376464	0.0492549708	0.0410352353
1	0.0164640240	0.0058862427	0.1869673509	0.1301265635	0.0000000000	0.0786500007	0.0291935317	0.4452694004	0.0636016375	0.0438412486
0	0.1614557451	0.0001779177	0.0231941048	0.1645223548	0.0553850197	0.0000517899	0.5275535213	0.0117799378	0.0059616874	0.0499179212
1	0.0482184632	0.0139011691	0.0573833152	0.0766880445	0.0000000000	0.2729413785	0.0408662904	0.4001629192	0.0898125840	0.0000258359
0	0.0120807365	0.0991333177	0.3555224722	0.0000251565	0.0069607850	0.0839356502	0.0016217474	0.2532031300	0.0071940120	0.1803229925
0	0.0000346937	0.6275692940	0.0229459665	0.0034828380	0.1480371624	0.0133153254	0.0137158560	0.0688123861	0.0127378961	0.0893485819
0	0.2160283430	0.0000000000	0.0008120909	0.0003440745	0.1502734619	0.0309337028	0.2343984258	0.0405572778	0.0447777970	0.2818748262
0	0.0000000000	0.0114580318	0.2161862531	0.1593894420	0.0104350186	0.0448719828	0.1778342501	0.0384283174	0.1660268165	0.1753698878
0	0.0252105162	0.0113315241	0.0214161224	0.0056912393	0.0781623949	0.0031134333	0.0321405842	0.0842939037	0.1598945154	0.5787457665
1	0.0000117545	0.0003637809	0.2690322966	0.0742712847	0.0015366776	0.1377830169	0.5159507543	0.0003473454	0.0004262857	0.0002768032
0	0.0000000023	0.7721268923	0.0267336925	0.0689405373	0.0000000000	0.0012802968	0.0230762980	0.0261181684	0.0487296236	0.0329944888
0	0.0059294496	0.0256586554	0.0199196573	0.0853695815	0.0049739020	0.4099454864	0.0311387219	0.0199534442	0.2076419969	0.1894691046
1	0.0015604152	0.0000191777	0.0311616536	0.0128580551	0.0000000000	0.0285999008	0.0017497697	0.8954690204	0.0227083205	0.0058736870
1	0.0016539042	0.0002681608	0.7647073744	0.0465853807	0.0057026249	0.0032110702	0.0056511311	0.1131818387	0.0151937457	0.0438447695
1	0.0000000000	0.0000016286	0.0323241132	0.7142778174	0.0000000000	0.0142686705	0.1829075906	0.0547266870	0.0000000000	0.0014934926
0	0.0018145232	0.3508651267	0.1508776886	0.0111910626	0.0314519919	0.0000071090	0.2340350589	0.2028592411	0.0055005459	0.0113976521
0	0.0015841797	0.0001045939	0.0861743189	0.0048096233	0.0335426121	0.1399032928	0.0092557821	0.0879023254	0.0820735155	0.5546497562
0	0.0369516507	0.0079698903	0.0001064459	0.0000278850	0.0000012576	0.0078444732	0.5729052631	0.0321556019	0.0044896724	0.3375478600
1	0.3227548749	0.0037504926	0.2205575549	0.0882125342	0.0233398110	0.1143421142	0.0240956425	0.0000749511	0.2022784901	0.0005935345
0	0.0591986383	0.4539104904	0.0107921084	0.0000000003	0.0482871600	0.0029599488	0.2995294651	0.0562605910	0.0000021564	0.0690594413
0	0.0019795948	0.2251184087	0.0173566909	0.2052493090	0.0764773653	0.0000461975	0.0000000041	0.1606763485	0.0247874433	0.2883086379
1	0.0007049097	0.0153808894	0.0704088759	0.3286467865	0.0000000133	0.1559937606	0.0058924478	0.3263248867	0.0139952175	0.0826522125
0	0.0731226592	0.0540109030	0.0818284925	0.0016778311	0.0016305606	0.0000369031	0.0675045774	0.3790141625	0.0000000000	0.3411739106
0	0.0779064544	0.1105984720	0.0006269531	0.0092553222	0.0727243127	0.0119204526	0.4954784223	0.1107428955	0.0000000000	0.1107467151
2	0.0000000000	0.0000000000	0.9647016418	0.0096277718	0.0000000002	0.0063919839	0.0000331368	0.0044898392	0.0058143508	0.0089412755
1	0.0034645598	0.0000768021	0.1231458798	0.3185120982	0.0664812647	0.0467573856	0.0245508810	0.4128538741	0.0041496467	0.0000076081
1	0.0524756552	0.0000000000	0.0000480176	0.2568609055	0.0381561187	0.1255607924	0.2991263059	0.0666342804	0.1381975958	0.0229403284
1	0.1425999538	0.0000000000	0.1829333833	0.2893420139	0.0016629888	0.0414993754	0.0031712723	0.0914420438	0.0000000673	0.2473489015
1	0.0939995400	0.0046232818	0.0151366502	0.0225085105	0.0000000000	0.2250758624	0.1344702348	0.4957194168	0.0000000051	0.0084664984
0	0.1719965896	0.0946986281	0.0634096586	0.0885930800	0.0430119099	0.0360657788	0.2203712014	0.0392576660	0.2425215924	0.0000738954
0	0.0054154414	0.0106141223	0.0023170052	0.4650035548	0.0058270944	0.0026619786	0.0000466753	0.0007481808	0.2726137621	0.2347521850
0	0.1792996866	0.2544203220	0.0736247653	0.0347435116	0.0005159773	0.0246978383	0.0030632670	0.1191450572	0.2381362165	0.0723533583
1	0.0087376758	0.0000001251	0.0713479158	0.1437143069	0.0002437016	0.3121511569	0.1037838281	0.3208015102	0.0000098344	0.0392099452
1	0.0000026749	0.3568741173	0.0027680119	0.3220879108	0.0054916507	0.0348083820	0.1245470402	0.0224285456	0.0360097829	0.0949818837
0	0.0000000808	0.6697080315	0.0377498005	0.0151736952	0.0836854909	0.0000480258	0.1232739014	0.0042758427	0.0240828906	0.0420022407
0	0.0320120302	0.0808957549	0.1961371343	0.0938581763	0.0355604076	0.0000000000	0.0764357546	0.2294288091	0.0048714354	0.2508004975
0	0.0406167724	0.0000178407	0.1300246462	0.4254748848	0.0069546144	0.0561875688	0.0014717737	0.0127840103	0.0163232002	0.3101446887
0	0.0075946946	0.1154717665	0.0000214786	0.0366912284	0.6391799264	0.1362142950	0.0040636048	0.0450844802	0.0004204127	0.0152581128
0	0.0097817842	0.0998769309	0.0010912561	0.0047358905	0.0391665430	0.0101302133	0.7760775112	0.0025550430	0.0000000000	0.0565848279
0	0.3372729223	0.2416481606	0.0063926728	0.1435542972	0.0096869491	0.0011867211	0.0855628975	0.0042716768	0.1171162769	0.0533074255
0	0.0099426949	0.1218378629	0.0440256285	0.4709601969	0.0666621084	0.0035853447	0.0730010166	0.0007282163	0.0130604782	0.1961964527
1	0.0317919730	0.0094461912	0.0002847818	0.0902641416	0.0071007586	0.0000000000	0.5560485551	0.1335672717	0.1080547893	0.0634415377
1	0.0328699081	0.0000001580	0.0674667463	0.4016025757	0.0026298295	0.0760705903	0.0200735440	0.3598445506	0.0014673139	0.0379747838
0	0.0291267134	0.0885876766	0.3038040938	0.0830328575	0.1229348320	0.2448208810	0.0240064674	0.0756445867	0.0279850992	0.0000567924
0	0.0012639278	0.4339324065	0.0545808764	0.1650480331	0.0053334051	0.0139174147	0.1192250511	0.1207646054	0.0651545398	0.0207797402
