0	0.5336023385	0.0005163397	0.0303981335	0.0972566366	0.0095673783	0.0000000241	0.0089601547	0.0132433323	0.0064816190	0.2999740432
1	0.0009178291	0.0035399601	0.0884002064	0.5440729223	0.0484235923	0.0063184998	0.0537002720	0.0000123053	0.0000062066	0.2546082061
0	0.0929314525	0.0346750049	0.3538086661	0.2133096264	0.0400617174	0.0310258962	0.1029835357	0.0467850021	0.0041830702	0.0802360285
0	0.0357512051	0.2274391734	0.2702430927	0.0586595908	0.0448311913	0.0011972250	0.1358535915	0.1622982119	0.0085680241	0.0551586942
1	0.0835614505	0.1910683420	0.0003858863	0.0273750755	0.0479109375	0.4170182416	0.0000000000	0.0670229257	0.0000000001	0.1656571407
0	0.1033382567	0.0597650931	0.0819197529	0.0499759803	0.1151499359	0.3809741562	0.1697413679	0.0000011634	0.0391043245	0.0000299691
0	0.0031408143	0.4994354766	0.0349141654	0.0000027935	0.1553046593	0.1976344390	0.0012333750	0.0065701516	0.0044009375	0.0973631879
0	0.0962108824	0.0000815040	0.0353733920	0.0012773994	0.6972645703	0.0014407677	0.0749440359	0.0000099182	0.0910571492	0.0023403809
0	0.2080186553	0.0010163775	0.0018618505	0.0143851212	0.3687356701	0.0804596785	0.2854147558	0.0094324087	0.0000869341	0.0305885482
0	0.1415483737	0.0289666842	0.0710286133	0.0388243332	0.0799737744	0.4083783802	0.0130799205	0.0351780472	0.0000657004	0.1829561729
1	0.2154893829	0.0775354092	0.0146928878	0.0000367797	0.0515498005	0.5074778518	0.0177521607	0.0778245671	0.0260827339	0.0115584264
1	0.0278213493	0.0031387953	0.0000379707	0.0134662056	0.0007395141	0.4958627791	0.0013953420	0.0338886974	0.0000000000	0.4236493465
1	0.0002561354	0.0739554048	0.0613122907	0.3729207166	0.0690468912	0.0718704293	0.0013440759	0.0315398667	0.0002155082	0.3175386814
0	0.0514977633	0.0008639770	0.0603057613	0.3707648070	0.0398442175	0.0583849552	0.0000000000	0.0000030166	0.0189009410	0.3994345612
0	0.2912997636	0.1080464730	0.2836021152	0.0563726869	0.0102281294	0.1313504934	0.0253628118	0.0015756569	0.0000735600	0.0920883099
0	0.1538483695	0.1019584899	0.0618036741	0.0012611980	0.0259522365	0.2276706969	0.0177051249	0.0369558120	0.0118655788	0.3609788194
0	0.0292749348	0.0000102330	0.0567768727	0.2228807264	0.0140821727	0.0268240160	0.4294307288	0.0007472331	0.0074290346	0.2125440478
1	0.3902630652	0.0000025229	0.0092539325	0.0258781254	0.1777698579	0.1124012111	0.0022042116	0.0758786619	0.0047023688	0.2016460427
0	0.0231961807	0.0001933685	0.1295649171	0.0166504852	0.0597532363	0.1221638071	0.0000469925	0.0968383723	0.0004007768	0.5511918635
0	0.0018774478	0.0005985009	0.0791513715	0.2456823674	0.0082123463	0.1093286826	0.0863182984	0.0053729914	0.3301286784	0.1333293153
0	0.0537979356	0.0070431577	0.0190809286	0.0009289860	0.0086784236	0.1569666594	0.2028393376	0.0111828792	0.4639735714	0.0755081210
1	0.0076311886	0.0406082951	0.0111020319	0.3000887777	0.0847001646	0.0042521473	0.0751912027	0.1203517701	0.0321765601	0.3238978618
0	0.1673097833	0.0000000012	0.0359331647	0.0196106907	0.0133597184	0.2148468486	0.0222856389	0.3865653585	0.1349590754	0.0051297203
1	0.2586847023	0.0000262266	0.0006030828	0.0774728178	0.3925656059	0.0230980499	0.0002024090	0.0118958535	0.1199847119	0.1154665402
1	0.0203111841	0.0075750932	0.3628191412	0.3202299966	0.0174626040	0.0028037749	0.0134347829	0.1073429832	0.1437550181	0.0042654218
0	0.0937037110	0.0002642125	0.0306891739	0.0134175255	0.5158541934	0.0602491542	0.0269974857	0.2542645169	0.0000846331	0.0044753937
1	0.0272214249	0.0235241754	0.0001508006	0.6943355654	0.1385496157	0.0557483430	0.0173228132	0.0302554828	0.0096308875	0.0032608915
0	0.1017454181	0.1600794026	0.1066303295	0.2147455297	0.0543352374	0.0563626245	0.0309820789	0.0000472282	0.1230815176	0.1519906335
1	0.0058045856	0.0187804099	0.0000204341	0.3633449071	0.0399511458	0.3526075687	0.0286563825	0.0857859976	0.0000000000	0.1050485686
0	0.0088653797	0.0000822099	0.1813891778	0.0007690271	0.1838040140	0.1680445467	0.3501142386	0.0004006410	0.0699597486	0.0365710166
1	0.0109410101	0.0000000000	0.8378337726	0.0383328992	0.0014067989	0.0527556027	0.0000000000	0.0298735391	0.0060063225	0.0228500549
1	0.0323690723	0.0159915552	0.0000000642	0.0319762016	0.3009291492	0.1468060085	0.0082702803	0.0494993176	0.0002249442	0.4139334071
1	0.0480400016	0.1247039464	0.0003081881	0.0005314108	0.0024575350	0.7318939788	0.0020413705	0.0725605521	0.0073137107	0.0101493061
0	0.2529337785	0.0148856342	0.0007186121	0.1117362612	0.0494462404	0.2161495909	0.0274571787	0.0000001258	0.1014242674	0.2252483108
0	0.2300521859	0.0000013913	0.0096096400	0.0022310869	0.2165936025	0.4012049902	0.0039048519	0.1098482679	0.0154719194	0.0110820640
0	0.1067117551	0.0315126292	0.0336532274	0.6586186374	0.0202647238	0.0084529998	0.0397940960	0.0056267409	0.0004814654	0.0948837252
0	0.1174868531	0.0065255244	0.0000000000	0.0036174748	0.5894701193	0.0831503217	0.0000000171	0.0547404280	0.1417023370	0.0033069245
1	0.0160782642	0.8978082695	0.0597148316	0.0102725728	0.0006191919	0.0072476394	0.0000028871	0.0000008547	0.0000135373	0.0082419514
1	0.0658996994	0.0886599176	0.0010005830	0.0581336742	0.0350639125	0.6814717819	0.0058719209	0.0016300073	0.0000000000	0.0622685032
0	0.0272856207	0.0000061109	0.1570465740	0.0085805811	0.0765822704	0.0741220951	0.0021031505	0.0581676945	0.0001926424	0.5959132604
0	0.1988188576	0.0000065131	0.0000000000	0.0258994730	0.0602809602	0.2476504214	0.1209827249	0.2575300869	0.0592767121	0.0295542509
0	0.0096296662	0.0038683695	0.0896861410	0.1170538539	0.0035566593	0.1182201760	0.3511619560	0.0510972614	0.2530271471	0.0026987695
0	0.6742024252	0.0000009454	0.0169523482	0.0634981811	0.2219817003	0.0015453979	0.0044142819	0.0082722099	0.0091273380	0.0000051721
1	0.1620774537	0.2136576178	0.0054181804	0.3611768578	0.0120861244	0.0000587906	0.1890944537	0.0206990419	0.0018335829	0.0338978967
0	0.4378232101	0.0068381507	0.0048119028	0.0000000170	0.4494020077	0.0023200497	0.0307342382	0.0087988573	0.0258054352	0.0334661313
0	0.0218527655	0.0110932122	0.2476806451	0.1868496362	0.0706435563	0.0304382138	0.1122097025	0.0000000040	0.0678232165	0.2514090478
0	0.0077659765	0.0000015854	0.4509910268	0.0423985666	0.0474768063	0.0969583230	0.0187444182	0.0522298530	0.0899207843	0.1935126599
0	0.0050175288	0.0043323536	0.0012691588	0.0047700521	0.9743319468	0.0078011664	0.0000064865	0.0002164488	0.0001815054	0.0020733527
1	0.0641157640	0.1973568302	0.0000000000	0.5843491871	0.0403446431	0.0140556839	0.0080104357	0.0052021463	0.0422889998	0.0442763099
0	0.0009030527	0.0040155617	0.1389091281	0.0000000469	0.0295097977	0.2406756371	0.0732480303	0.0000000031	0.1335765405	0.3791622019
1	0.0000014363	0.0315693949	0.7685090922	0.0404134828	0.0396680822	0.0059981138	0.0000028458	0.0062302742	0.0017607728	0.1058465051
1	0.1266531293	0.0983795023	0.0021925120	0.1156166707	0.1719152280	0.0103534150	0.1866395013	0.0873886600	0.0000002633	0.2008611182
1	0.0712311597	0.2242019009	0.0000081851	0.0531400119	0.0224290993	0.5773838348	0.0000000221	0.0036870935	0.0000000000	0.0479186927
1	0.2832120313	0.0000072935	0.0949598882	0.0233346016	0.0619694060	0.2705184185	0.0023684008	0.0981122155	0.1655172912	0.0000004535
0	0.0000303270	0.0000002020	0.0198334164	0.0023285630	0.0731679024	0.0090717481	0.0018603462	0.0050985092	0.0024412750	0.8861677107
0	0.3532845495	0.0000001357	0.0355820248	0.0000955824	0.0572894293	0.3082542024	0.1644667685	0.0000721704	0.0000000004	0.0809551367
0	0.0007487681	0.0175346502	0.1844500804	0.0801804899	0.2272179636	0.0092910726	0.3408405855	0.0478295917	0.0044661231	0.0874406749
0	0.1344321163	0.0037339056	0.0660079005	0.1350948261	0.1281284516	0.0001852366	0.0108066649	0.0740747873	0.0004293218	0.4471067894
1	0.0445257231	0.2199778943	0.0011055038	0.0153225722	0.0024493547	0.4246213823	0.0001361136	0.0041359252	0.0029297854	0.2847957452
0	0.6726010744	0.0143232308	0.0333150492	0.0000000790	0.0009489334	0.0824778590	0.0100111093	0.0881435311	0.0259003072	0.0722788264
2	0.0382085952	0.0815015042	0.0214401047	0.0035455889	0.0049868458	0.6537949540	0.0770290903	0.0037086369	0.0001288464	0.1156558337
0	0.0456601677	0.2744002536	0.2214336052	0.0261534862	0.0000002825	0.1226624816	0.0004002725	0.0000000113	0.2642045470	0.0450848925
1	0.0033276951	0.0079521412	0.0003561016	0.0009172302	0.6825388254	0.0013425703	0.0134997897	0.2754191399	0.0047734831	0.0098730234
1	0.0023473808	0.2873533953	0.0630656038	0.0522893659	0.0216797203	0.1092816471	0.0610391364	0.3331709912	0.0000000000	0.0697727591
1	0.0002394919	0.1203024997	0.2945991089	0.0566103071	0.0008471317	0.2144135246	0.0374336463	0.2314267292	0.0031222822	0.0410052784
0	0.3331885236	0.0061859138	0.1183474340	0.0523611428	0.0000325591	0.0347635448	0.0541223295	0.0606372437	0.3077201570	0.0326411516
0	0.5896186905	0.0870272671	0.0086895440	0.0000474535	0.0416926883	0.0975431984	0.0355798583	0.0002741642	0.0000000000	0.1395271358
1	0.0197477847	0.0139906697	0.0680119499	0.5451461321	0.0936165259	0.0383174293	0.0000000005	0.1161091367	0.0000002081	0.1050601631
1	0.0000000000	0.3806617162	0.0293477865	0.1225867974	0.0464329716	0.0784795747	0.0000072630	0.2479385555	0.0068214035	0.0877239316
1	0.1701380893	0.0002698809	0.0000000000	0.3739725490	0.0767747616	0.0576839161	0.0004299125	0.0082387539	0.0184341557	0.2940579811
0	0.3718220906	0.1459101233	0.0455983339	0.0939353854	0.0245665013	0.2318215734	0.0130298289	0.0152274935	0.0144752973	0.0436133724
1	0.0217073738	0.1120005501	0.0049767128	0.0999407179	0.0000162101	0.4566014588	0.0364569379	0.1463155458	0.0001353344	0.1218491585
0	0.0740358198	0.0062487864	0.3929720627	0.0003558724	0.0246770637	0.4387430819	0.0006581308	0.0127617969	0.0019442919	0.0476030936
0	0.0000927609	0.0000000000	0.0841982237	0.0313388512	0.3060326993	0.1305772090	0.0066145615	0.2991159474	0.1390325732	0.0029971739
1	0.0674422727	0.0065596542	0.0421127486	0.0004337663	0.3841175880	0.2994930799	0.0498840098	0.0000736193	0.0383172080	0.1115660532
0	0.3550029830	0.0249400823	0.0084614378	0.0005504911	0.2457039734	0.0144305513	0.0005362183	0.1246731166	0.0026845196	0.2230166265
0	0.0083401546	0.0107326824	0.0011227303	0.0931093277	0.0379597994	0.7527295352	0.0425862023	0.0350829451	0.0112912048	0.0070454182
0	0.1285373911	0.0000000000	0.0745674299	0.0574241528	0.0773431405	0.0022115510	0.1090103764	0.0000633262	0.1518844980	0.3989581340
0	0.0000000000	0.0773394724	0.0195723553	0.0275339928	0.0085140955	0.6244090386	0.2109579382	0.0000000000	0.0310178224	0.0006552848
0	0.2506178805	0.0661485219	0.0181909612	0.2810718573	0.0000000000	0.0155181436	0.1588623223	0.0642016957	0.0611925498	0.0841960677
0	0.1827196937	0.0001854447	0.1236659020	0.1861487878	0.2187751551	0.1655290303	0.0002707138	0.0000679010	0.0335076788	0.0891296928
1	0.0215212529	0.0052744046	0.0500354717	0.0290942461	0.0171091119	0.5481295322	0.0143252994	0.0063083162	0.0000314550	0.3081709099
0	0.3023099086	0.0000099722	0.3491576623	0.1999095937	0.1230657937	0.0043862583	0.0033751671	0.0020785826	0.0066859071	0.0090211546
1	0.6522948386	0.1128339105	0.0894998285	0.0001893055	0.0488232286	0.0637463190	0.0209709297	0.0080554867	0.0000172305	0.0035689224
0	0.2001801112	0.0244364203	0.0544882227	0.2089052976	0.1321667017	0.1043030490	0.1938848593	0.0191569662	0.0000000000	0.0624783720
0	0.1129025940	0.0006619281	0.0594881936	0.0000000835	0.0574056740	0.5925028427	0.0715232570	0.0721451015	0.0006113877	0.0327589380
1	0.0233038122	0.3805653293	0.0000030292	0.1001559056	0.1031661173	0.2078532331	0.0000000000	0.0197467091	0.0135462203	0.1516596440
0	0.0148228908	0.0000000000	0.0000237570	0.1014108194	0.5019007311	0.0302101363	0.0220296267	0.0085473181	0.2155208995	0.1055338211
0	0.0026920674	0.0634284064	0.0800237896	0.1618724772	0.0094145249	0.3025293605	0.0673412656	0.0003411500	0.2796147649	0.0327421936
0	0.1749535332	0.0000000000	0.0003614670	0.0328184926	0.3875220072	0.0113171368	0.0231564763	0.0841786814	0.0000545611	0.2856376443
0	0.1468027986	0.0000000001	0.0025843013	0.1117481728	0.0012983576	0.5842036622	0.0346448668	0.0635674570	0.0007125747	0.0544378090
1	0.1185614566	0.1633988842	0.0228992910	0.1652663822	0.0040140098	0.3321495266	0.0000319279	0.1288393919	0.0026355911	0.0622035387
0	0.1729643014	0.0353642165	0.0155736786	0.0000897553	0.0219056687	0.0029453864	0.5421573774	0.1658942494	0.0018578446	0.0412475216
0	0.3245338773	0.0000000108	0.1436555165	0.0464089082	0.0167369973	0.3888754654	0.0339998757	0.0000000000	0.0075958847	0.0381934641
0	0.0649044163	0.0011327714	0.0264366174	0.5630436207	0.0140406979	0.0634237061	0.0000718703	0.0118687575	0.0840979267	0.1709796156
1	0.0532320383	0.0712097135	0.1810616308	0.0125035468	0.1271122855	0.0253149003	0.0112160607	0.0002528396	0.1112323730	0.4068646116
0	0.0040571411	0.0058396762	0.0249389188	0.6389767551	0.0047443231	0.0025736860	0.0697935005	0.0027406888	0.1923573696	0.0539779407
1	0.0047860913	0.0536835164	0.0070692928	0.0038815487	0.8036856438	0.0710796861	0.0154936249	0.0008544843	0.0000004811	0.0394656306
0	0.0168108474	0.0010382258	0.1648974137	0.1535341209	0.2755100230	0.0207200869	0.0570364465	0.0301683322	0.0000000000	0.2802845037
1	0.0059268052	0.0000000000	0.5609615418	0.0022613112	0.0667463371	0.0457529828	0.0042997118	0.2628477046	0.0160358799	0.0351677256
1	0.0286890484	0.0060256238	0.0007017676	0.8358444466	0.0783515875	0.0006935566	0.0000072672	0.0278475973	0.0002855585	0.0215535465
1	0.0024723121	0.0248845869	0.0273589766	0.0015678616	0.0188487546	0.1600016623	0.2387226418	0.0004313618	0.0332652155	0.4924466268
1	0.2006569413	0.0396920668	0.0151490176	0.0099572271	0.0004682831	0.1975541609	0.0001765859	0.0000060936	0.0385857495	0.4977538743
1	0.0338779617	0.4248990874	0.0305717621	0.1146928751	0.0591851281	0.1238405981	0.0726011696	0.0057797077	0.0000292373	0.1345224731
0	0.0154582156	0.1328887588	0.0082555157	0.0000000000	0.5099304015	0.1796377575	0.1152709016	0.0000051245	0.0192380983	0.0193152264
0	0.0394205506	0.0097746899	0.0122617584	0.0151585421	0.9101768955	0.0002960633	0.0120184710	0.0000000000	0.0001555979	0.0007374314
0	0.4112042595	0.0119878276	0.0000636706	0.1615069825	0.1491148404	0.0136274735	0.1266762576	0.0000068295	0.0545366750	0.0712751838
0	0.8056156082	0.0045943004	0.0730022531	0.0066238118	0.0126504096	0.0074317371	0.0237547152	0.0218415072	0.0000013931	0.0444842643
0	0.0002812007	0.0028357512	0.0515820798	0.1459721408	0.0706841235	0.0283937022	0.3533730761	0.0000000004	0.3029299866	0.0439479385
0	0.0493966510	0.0015436497	0.0482674160	0.0026967631	0.1966716320	0.5151507567	0.0071549108	0.0008361361	0.0389067726	0.1393753119
1	0.0000000000	0.0168834279	0.0399829764	0.0526956601	0.0090083713	0.5794092798	0.0275801401	0.0059371031	0.0330140521	0.2354889893
1	0.0001414739	0.0358587264	0.3631421419	0.0295970686	0.0385121303	0.2188641642	0.0541576436	0.0370307033	0.0000000999	0.2226958479
1	0.0192675250	0.6009327028	0.1217686451	0.0000000002	0.0000050158	0.1978087670	0.0001567437	0.0496916525	0.0000000000	0.0103689478
1	0.3766867128	0.0584606490	0.0797705814	0.0217426400	0.3047192177	0.1510224508	0.0000000000	0.0045967865	0.0029892799	0.0000116818
1	0.0004822187	0.1236778716	0.2552417637	0.4186313245	0.0021434191	0.0393009218	0.0083061516	0.0165312478	0.0003909747	0.1352941065
1	0.0345018243	0.0224286352	0.0170594983	0.1494249579	0.1512495959	0.0031592092	0.0136226583	0.0076696441	0.0035338021	0.5973501747
0	0.0023339806	0.0543865919	0.1146187262	0.0086056758	0.0000001978	0.7759620006	0.0033264398	0.0104053598	0.0036128009	0.0267482266
0	0.0006216265	0.0700568091	0.0407984211	0.0348001965	0.1236207055	0.6637738593	0.0000002618	0.0000071854	0.0218044476	0.0445164872
0	0.0795849162	0.0930613685	0.1176403214	0.0207600161	0.0181934839	0.0377008114	0.0455841273	0.5445892594	0.0080185466	0.0348671492
0	0.1111752020	0.0167312480	0.0000934917	0.6161326379	0.0637946421	0.0021384225	0.0003208088	0.0197875886	0.1255110947	0.0443148638
2	0.0254173893	0.3477441039	0.0010439928	0.1228199730	0.0599654104	0.1046003099	0.0000001457	0.0044876800	0.0000000000	0.3339209950
0	0.4154771875	0.0749208706	0.0000009650	0.0398360656	0.0034781605	0.1543967692	0.0044172384	0.0000000000	0.2144427370	0.0930300063
0	0.3050664139	0.0001136913	0.0005391461	0.0050295644	0.1846244150	0.2783988348	0.1632863602	0.0614544264	0.0003945018	0.0010926462
0	0.1563350184	0.0118378465	0.0133666814	0.1769089531	0.0017554720	0.2494832135	0.1742595366	0.0038521799	0.0526226825	0.1595784161
0	0.0072982216	0.1518131369	0.3459020826	0.0542898787	0.0504447758	0.0302042322	0.1618669900	0.0333560113	0.0290209293	0.1358037416
0	0.0611197514	0.0275357083	0.1431562465	0.0346296463	0.5636409466	0.0865654514	0.0828195393	0.0002095132	0.0000309175	0.0002922794
1	0.0185386793	0.0006740705	0.0060232033	0.0024042727	0.0000006047	0.8780244164	0.0159366382	0.0000004386	0.0000001349	0.0783975414
1	0.0750667393	0.1570043097	0.1212470674	0.1098759391	0.0000000317	0.0191122857	0.2344190588	0.0001657949	0.0000632383	0.2830455351
0	0.0386775653	0.0061469283	0.0000014151	0.0309904005	0.0002733905	0.6834512413	0.1122163549	0.1090651046	0.0084284969	0.0107491025
0	0.4668580306	0.0377410614	0.2251636364	0.0154487687	0.1517741628	0.0000010133	0.0250470937	0.0333931371	0.0000181870	0.0445549089
1	0.2313737285	0.0002302333	0.0000000000	0.4366581589	0.0009575444	0.1542626269	0.0157570993	0.0066257202	0.0498338494	0.1043010391
0	0.4670652040	0.0356762775	0.2768627888	0.0017457325	0.0302422707	0.0210494648	0.0415456002	0.0000006480	0.0057176508	0.1200943627
2	0.0000000000	0.1029367800	0.0203561853	0.2312779422	0.1219156596	0.1604664239	0.0385323288	0.0436209610	0.0000027669	0.2808909523
0	0.0237764902	0.0000000000	0.1794309852	0.0057740370	0.1349790851	0.3989283664	0.0006943122	0.0049306081	0.1983550082	0.0531311077
1	0.1303612094	0.0003717463	0.0852379944	0.2326974780	0.0193263829	0.2776783722	0.1065451336	0.0001696202	0.0455712710	0.1020407919
0	0.0511352170	0.0239447762	0.0691650186	0.1911490842	0.0245081492	0.6151079401	0.0032082119	0.0153691550	0.0007773876	0.0056350601
0	0.8644447762	0.0011871910	0.0000052441	0.0000096735	0.0067542709	0.1147971789	0.0046415795	0.0045321403	0.0000027647	0.0036251809
0	0.0816300204	0.0000529890	0.0234502631	0.0239043258	0.6563517930	0.0095925309	0.0131406974	0.0252691419	0.0004741156	0.1661341229
0	0.1342587078	0.0109500846	0.0034094576	0.7082009348	0.0042026744	0.0530740140	0.0767471692	0.0000024381	0.0018799942	0.0072745253
0	0.0003218090	0.0025197770	0.0011995235	0.1653252690	0.0520008966	0.0194563417	0.4702272598	0.0159644702	0.0509963337	0.2219883195
0	0.6317516469	0.0000059547	0.0025664475	0.2583500540	0.0774914081	0.0083761574	0.0003735201	0.0033629633	0.0163039160	0.0014179320
2	0.2068338794	0.0414121733	0.2275475893	0.0007822024	0.3478171028	0.0848450211	0.0271680050	0.0000000000	0.0015196514	0.0620743754
1	0.0146791999	0.0266383304	0.0012319488	0.0383826961	0.0062333329	0.3096501859	0.0309223963	0.0289329164	0.0083512591	0.5349777343
1	0.0272928572	0.6462094064	0.0186342057	0.0579977124	0.1794483656	0.0360004721	0.0030185415	0.0001257834	0.0007910239	0.0304816318
1	0.1701122916	0.0054044229	0.5675061088	0.0086689372	0.0223751420	0.1002429401	0.0279341473	0.0022428590	0.0000000000	0.0955131511
1	0.1111959119	0.3022472434	0.0001259599	0.0159214568	0.4186808447	0.0975151799	0.0263776436	0.0183830721	0.0017685254	0.0077841623
1	0.0254082535	0.1207932957	0.0695871566	0.0414202052	0.6176316219	0.0193607103	0.0002645427	0.0262447648	0.0041990323	0.0750904169
0	0.1373996569	0.0012449040	0.0781297685	0.0415917964	0.3787225856	0.0192159646	0.1497752071	0.0000009432	0.0001500237	0.1937691499
0	0.6383195905	0.0000823816	0.0183850376	0.0008275069	0.1226465654	0.1006614808	0.0015168681	0.0803274745	0.0334816333	0.0037514611
0	0.0779544386	0.0008576418	0.0349686048	0.1194630627	0.0625760960	0.0000006984	0.4868602363	0.0392198143	0.0065680303	0.1715313766
1	0.0181950553	0.0051015882	0.0235199901	0.0342220007	0.0078031060	0.0037770685	0.0001158314	0.0667507577	0.0046232000	0.8358914022
0	0.1904414336	0.0494532370	0.1416060053	0.0027102844	0.0014278450	0.1413548394	0.1294862187	0.0098453131	0.0787736530	0.2549011705
2	0.0229955372	0.0095246657	0.0000943136	0.0210630702	0.1411085859	0.7925408763	0.0085281129	0.0041431846	0.0000000000	0.0000016536
1	0.0879336889	0.0250092316	0.1968374568	0.0132535923	0.0020214404	0.4421593216	0.0027304377	0.1208321784	0.0001462473	0.1090764051
0	0.1871535419	0.1603833236	0.0409166572	0.0101663218	0.0003952795	0.0176983059	0.0573373207	0.0142383113	0.0122376255	0.4994733127
0	0.0151283155	0.1295790607	0.0128107558	0.0995476639	0.1200162925	0.2553251304	0.2048194611	0.0256498350	0.0369747901	0.1001486950
0	0.0021863121	0.0000000000	0.0035473529	0.0378872585	0.0258546570	0.0800472923	0.2987757009	0.0241620968	0.0155728430	0.5119664866
0	0.0124579232	0.0882303054	0.3086704821	0.1775428200	0.3019335537	0.0678777828	0.0014579947	0.0004988857	0.0093616613	0.0319685910
0	0.6330600710	0.0135952127	0.0314330297	0.0000000823	0.1339953501	0.0030966345	0.0035103540	0.0097912083	0.0000072445	0.1715108128
0	0.4873328408	0.0099808063	0.0350840512	0.1590183138	0.0304594704	0.0590106868	0.0085568644	0.0014246013	0.2090912947	0.0000410702
0	0.0707525593	0.0084795082	0.0000750777	0.3122272873	0.1812441994	0.0021298202	0.1682730318	0.0000003251	0.0041491984	0.2526689927
0	0.1130957116	0.0130805664	0.0711850910	0.0018310671	0.0223599840	0.0451225564	0.0145927733	0.2912151504	0.3991939120	0.0283231878
0	0.0193674099	0.0343445719	0.1040225743	0.1994500517	0.3028247271	0.0319267327	0.0485618756	0.0751104314	0.0057707451	0.1786208802
1	0.2230579704	0.0864954029	0.0299734945	0.0027523152	0.0224356676	0.1434715139	0.0093213976	0.0000000000	0.4723575927	0.0101346452
0	0.0456618276	0.0050514921	0.1284725451	0.1111927323	0.4463741475	0.0245137923	0.0710206787	0.0296496233	0.1367143892	0.0013487720
2	0.0004268697	0.8035289088	0.0527298148	0.0248610284	0.0200524146	0.0255755279	0.0000000002	0.0490391044	0.0047073648	0.0190789665
1	0.0210315368	0.0000000000	0.0120090749	0.5775494410	0.0001672747	0.0602737953	0.0035348594	0.0000000004	0.0000548414	0.3253791762
1	0.0025924995	0.0035046293	0.0000008266	0.1943502009	0.0747739638	0.6228451840	0.0002179966	0.0702693247	0.0000276168	0.0314177581
0	0.0691746746	0.1476042523	0.2519101224	0.0116814537	0.0703770011	0.0644834741	0.0031419455	0.0021931165	0.2192467254	0.1601872344
0	0.1155141471	0.0000970777	0.0961003916	0.0561905284	0.1194672591	0.0680780993	0.2866093768	0.0010101808	0.0006028808	0.2563300585
2	0.0000000000	0.0832786404	0.0688696501	0.0303032468	0.4709588896	0.0048319309	0.0149344352	0.3074308017	0.0003259708	0.0190664344
0	0.0215893220	0.0000000016	0.3184885936	0.1286922887	0.1913954355	0.0884195351	0.0581756351	0.0027457287	0.0269006759	0.1635927837
0	0.2110174448	0.0260787170	0.1992908916	0.0040892785	0.0584771553	0.0703716078	0.0031733908	0.1489916508	0.0057776353	0.2727322282
2	0.0363538195	0.0180229291	0.1126828545	0.4186668012	0.0070629711	0.0285197726	0.0000000000	0.0599968966	0.0411316665	0.2775622888
1	0.0000427013	0.2612827577	0.0046740387	0.0000001047	0.2561249399	0.2369282602	0.1854203028	0.0315671198	0.0211271828	0.0028325922
0	0.0224581752	0.0000000000	0.0255236639	0.0537060013	0.0217413385	0.3716810000	0.0192582617	0.0062994969	0.1164480827	0.3628839798
0	0.2349706356	0.2604415517	0.0962739492	0.1823831658	0.0167576351	0.0155477680	0.0000006257	0.1927240569	0.0003746504	0.0005259617
1	0.0217290222	0.1001934798	0.0005661141	0.0474542724	0.0355467305	0.0044204889	0.0073475244	0.1003929972	0.0044144834	0.6779348869
0	0.3197880426	0.0523673864	0.0000000313	0.0000702071	0.0323306367	0.5279173564	0.0189742443	0.0082057645	0.0036447307	0.0367016001
0	0.0156936751	0.0151394183	0.0185730696	0.2766930540	0.0326407071	0.1056825889	0.0022401266	0.0236008854	0.5037518641	0.0059846108
1	0.1281420414	0.0234975225	0.0204934864	0.0000498313	0.0565783046	0.0275490851	0.0026467033	0.0393556161	0.0019629357	0.6997244735
0	0.0681186695	0.0054463610	0.1832792442	0.0304737170	0.0101778525	0.6977398944	0.0023381279	0.0000122939	0.0021696191	0.0002442205
1	0.2679056857	0.0167641864	0.0085357045	0.0000636295	0.0215319188	0.3919094340	0.1105810642	0.0122369993	0.0147070853	0.1557642923
0	0.0036772369	0.0177968069	0.0303170712	0.0311690395	0.0000000614	0.1826112850	0.0199235952	0.0400676553	0.0232598806	0.6511773680
0	0.0371721502	0.1646160623	0.3327708570	0.3174492182	0.0815222334	0.0282915416	0.0251546436	0.0118997708	0.0000696567	0.0010538662
0	0.2731550974	0.0027190723	0.0603753222	0.4068855408	0.0746533201	0.0295420208	0.0882077433	0.0245855277	0.0126863224	0.0271900329
0	0.0355237318	0.0000067140	0.0339542373	0.0254177279	0.0562095145	0.6626142520	0.0278644854	0.0092989350	0.1005337086	0.0485766935
1	0.3232252422	0.0000000416	0.0138504622	0.0193781258	0.0010770255	0.5073236302	0.0016165148	0.0363085946	0.0000000000	0.0972203631
1	0.1832762634	0.0332422905	0.0246517655	0.0463863176	0.0195650419	0.0460079043	0.1970925580	0.0001556329	0.0000000000	0.4496222260
1	0.0137536932	0.0513400040	0.5078175549	0.0684295308	0.0275664384	0.2446462941	0.0000000007	0.0340788183	0.0009146525	0.0514530131
0	0.3517141873	0.0000213318	0.0138710342	0.0000347267	0.0027950181	0.0012422119	0.0039502261	0.0001396828	0.0014232980	0.6248082831
0	0.1179878254	0.1058397685	0.0073350885	0.1674214311	0.0068498004	0.2892072323	0.1899872375	0.0000000071	0.0927853054	0.0225863039
0	0.0458398786	0.0085282060	0.0021630124	0.0120028243	0.5320834746	0.1928075133	0.0280222421	0.0525690356	0.0055883765	0.1203954365
1	0.4382087443	0.0057920767	0.1408277693	0.2987998892	0.0099527164	0.0155778231	0.0651118657	0.0000197887	0.0097705480	0.0159387787
1	0.0405464544	0.3718961831	0.0088680291	0.2117915052	0.0999473294	0.0355925135	0.0026885592	0.0000093839	0.0000108517	0.2286491904
0	0.2084859147	0.0000143407	0.0088364657	0.2719056544	0.0411850214	0.3142920402	0.0112375976	0.0031892749	0.0001082933	0.1407453972
0	0.0004104139	0.2794748205	0.2004278612	0.2670785936	0.0000239441	0.0010346794	0.1044487053	0.0017813986	0.0159847332	0.1293348503
0	0.0893753307	0.0297821702	0.1062202386	0.0759979826	0.0887337791	0.3583072961	0.1115506565	0.0002347502	0.0000248471	0.1397729489
1	0.0591795623	0.0538545128	0.1080784566	0.7090675149	0.0606526858	0.0058116112	0.0000100446	0.0032991354	0.0000208805	0.0000255959
1	0.0035284587	0.0083380601	0.0000123144	0.2105021836	0.1534038399	0.3247190106	0.0616458506	0.1868068303	0.0063350065	0.0447084452
0	0.2925907312	0.0105391615	0.2327075843	0.1303316816	0.2779107296	0.0294106217	0.0001256149	0.0086667737	0.0173600311	0.0003570704
0	0.1011643433	0.0000017393	0.0767061234	0.4455677318	0.1634338447	0.0663832633	0.0000817682	0.0542920548	0.0234965730	0.0688725583
1	0.1998395656	0.2348941136	0.1050372214	0.0000026222	0.0099945797	0.1262977997	0.0002237586	0.0087681135	0.1612934707	0.1536487550
1	0.3810371483	0.0145081134	0.0225553693	0.0188264731	0.2169950373	0.0030203355	0.1962892895	0.0004364821	0.0000000430	0.1463317085
0	0.0968737847	0.0192862659	0.2904868543	0.1146194653	0.0038529369	0.0014769024	0.0037896342	0.0222645412	0.0687165714	0.3786330438
0	0.3617761033	0.0002600401	0.0000704336	0.1970866633	0.0110786067	0.1144882984	0.0252074956	0.2826943974	0.0003331059	0.0070048557
0	0.1230841342	0.0026548717	0.1486521120	0.0859805193	0.0206575618	0.0158565394	0.0003617338	0.5834230522	0.0193185907	0.0000108849
0	0.0949090613	0.0964867956	0.0005787160	0.0006138580	0.0283951312	0.6877334585	0.0382689396	0.0000000000	0.0271754506	0.0258385892
2	0.1067676788	0.0265439243	0.0515720244	0.0008313179	0.0336214434	0.4514441037	0.0000178810	0.0248655996	0.0000001505	0.3043358764
0	0.0199986855	0.0488171497	0.0109103224	0.1128359144	0.3490371037	0.0377001908	0.0002934408	0.1219803900	0.0010692258	0.2973575769
1	0.0000000008	0.0013601808	0.0017700031	0.0384533796	0.0860404449	0.8425787410	0.0264016650	0.0017662148	0.0015623187	0.0000670513
0	0.2222959100	0.0125952111	0.0000046702	0.2554297715	0.0203282403	0.1334285355	0.1088064334	0.0000071845	0.1193218401	0.1277822034
0	0.3694701788	0.0059804763	0.0110720623	0.0489276715	0.0783170226	0.3041441269	0.0944019597	0.0005174606	0.0009311668	0.0862378747
1	0.0139602185	0.0063449997	0.0002122918	0.0309557178	0.0007926290	0.0410213491	0.1529320930	0.2046736469	0.0074370935	0.5416699608
1	0.0000275547	0.0082189841	0.0284847586	0.1998836299	0.0491608960	0.0001676514	0.1431090825	0.2583112019	0.0001338705	0.3125023704
0	0.0356339880	0.0038780389	0.1726004743	0.1190066109	0.4287045501	0.0003315232	0.0000001836	0.0435851983	0.0081604450	0.1880989878
0	0.0259049074	0.0010896205	0.0686512739	0.0189236858	0.2873538838	0.0349066831	0.0006269895	0.0162982876	0.1908658469	0.3553788215
0	0.0000239471	0.0035108082	0.0206650464	0.6571546477	0.2887414686	0.0010441753	0.0061234166	0.0016305859	0.0166073287	0.0044985755
0	0.0686283374	0.0074063326	0.0433772353	0.1334529932	0.4656962538	0.0000003523	0.0433572061	0.1234040978	0.0000000000	0.1146771916
0	0.1420787540	0.0726131090	0.2584447531	0.0002998145	0.1806787455	0.1906816123	0.0009280763	0.0155716672	0.0251224920	0.1135809760
0	0.2475802819	0.0030650862	0.0000000004	0.2216940255	0.0000001159	0.1904880611	0.0003321928	0.1287324176	0.0860824829	0.1220253357
0	0.0334493692	0.2448228523	0.0003551449	0.0014315266	0.0003775540	0.0009624864	0.0782167965	0.0000035122	0.0180667747	0.6223139832
2	0.0896976619	0.0221075572	0.0505481933	0.1120923348	0.4518181540	0.0647257586	0.0000000002	0.1317620048	0.0065792473	0.0706690879
0	0.0182572626	0.0436407896	0.0000252451	0.5761890408	0.0790377625	0.1863371998	0.0700672786	0.0000000001	0.0000000000	0.0264454209
0	0.4316250199	0.0547966756	0.3003938647	0.0595901313	0.0106365218	0.0136788456	0.0003532935	0.0163836852	0.0045704104	0.1079715520
0	0.1307713009	0.0000076317	0.0168102497	0.4517260066	0.2718399069	0.0002811487	0.0181829713	0.1070172570	0.0026198030	0.0007437242
0	0.2322615069	0.0368796514	0.1450890198	0.0812459271	0.0969650775	0.1748560797	0.0160555681	0.0449328603	0.0005523245	0.1711619847
2	0.0319082988	0.1109974519	0.0311835004	0.2706090575	0.2110723537	0.2945065256	0.0009940878	0.0000000019	0.0000575410	0.0486711813
0	0.4086081031	0.3524462042	0.2076082581	0.0223931434	0.0000000094	0.0067392070	0.0000000001	0.0000072109	0.0000004173	0.0021974464
0	0.2534493118	0.0000000000	0.1317071460	0.1833254522	0.0083211671	0.0779585851	0.2391165863	0.0277822643	0.0648523926	0.0134870946
0	0.0000047833	0.0000001667	0.0000291830	0.0263391902	0.9098424358	0.0553565728	0.0000000000	0.0073767788	0.0000303029	0.0010205864
1	0.0030112404	0.0509226585	0.0000529503	0.0001762285	0.0137801439	0.0002432458	0.3057172237	0.0000000001	0.6021528709	0.0239434379
0	0.3429409694	0.0002277520	0.2063505905	0.0102793315	0.0954029162	0.0560736422	0.0000000946	0.2374647078	0.0010737280	0.0501862679
0	0.0000001021	0.1831342837	0.1043706315	0.0034006433	0.2104424093	0.0048962990	0.1741706196	0.0134499616	0.1153991656	0.1907358843
0	0.0035831515	0.1116523024	0.0000000000	0.7736765986	0.0000202668	0.0002086657	0.0720747604	0.0361619653	0.0023768429	0.0002454463
0	0.1460185355	0.0099657244	0.5095021873	0.0652932285	0.0087171841	0.0113162644	0.0619033807	0.0000647590	0.1861460248	0.0010727114
1	0.0044830153	0.0001118481	0.0060513693	0.0799666387	0.0468480663	0.0640081673	0.0038571406	0.0003257598	0.0000000075	0.7943479872
1	0.0823950805	0.0000424407	0.0810890641	0.0244887289	0.0039804983	0.0695735354	0.0242365705	0.6887151954	0.0033074973	0.0221713889
0	0.0499702027	0.4031949858	0.0192415977	0.0145054595	0.0762350983	0.1217106828	0.1337934870	0.0034262655	0.0982040032	0.0797182174
1	0.0776156768	0.0430336731	0.0160560378	0.1777602376	0.0073927384	0.6112359680	0.0038696606	0.0000042605	0.0064939903	0.0565377568
1	0.0162303731	0.6473876391	0.0161037539	0.0301932405	0.1336550772	0.0523600079	0.0220731861	0.0340367561	0.0023041530	0.0456558131
0	0.0640747787	0.0005358116	0.0005102060	0.0038920658	0.0035585328	0.1500406646	0.7205221427	0.0000363111	0.0020339967	0.0547954901
0	0.1003835004	0.1021460945	0.1816618033	0.3117039036	0.0657259377	0.0305588400	0.0560124077	0.0000013436	0.0004351105	0.1513710586
0	0.0285055847	0.0009514423	0.0000333928	0.2374253482	0.1098878948	0.0490626635	0.4199112715	0.0025186507	0.0000044544	0.1516992971
0	0.0995222061	0.0071786337	0.7932521127	0.0145896954	0.0224293218	0.0127003189	0.0012752292	0.0000017372	0.0077808533	0.0412698916
1	0.0116484813	0.0528764961	0.1860869504	0.3101260451	0.0076052086	0.2447242421	0.0016606164	0.1141413742	0.0000002937	0.0711302919
0	0.0046558071	0.0158262893	0.0036878728	0.0559801421	0.1374266062	0.6878710072	0.0123543637	0.0394018548	0.0116852997	0.0311107571
0	0.2391383041	0.0001491705	0.0128373363	0.3394841446	0.0124971855	0.0647385592	0.1406344022	0.0794587835	0.0013261473	0.1097359668
1	0.0754843083	0.1451550008	0.0947786668	0.1032604184	0.2175766845	0.1386466847	0.0010512296	0.1391704781	0.0000000000	0.0848765288
0	0.0075694013	0.0913802549	0.0000807729	0.2722406206	0.0130562878	0.2289730328	0.0007502482	0.0003407556	0.0093176679	0.3762909581
0	0.4443405549	0.0008683867	0.0757135897	0.0812618943	0.1191375815	0.0016007245	0.0919869179	0.1850715800	0.0000000642	0.0000187062
0	0.0616783605	0.0000000000	0.0704414039	0.2606616217	0.2200638152	0.0048058394	0.0001368477	0.0005653243	0.0275515764	0.3540952109
1	0.0304813804	0.4538926522	0.0656571916	0.2199574550	0.0091032018	0.0080577257	0.0042676341	0.0360158162	0.0000267995	0.1725401434
0	0.0000112221	0.0000740634	0.0028562194	0.0319313198	0.4507220521	0.2213434690	0.0032929384	0.0025762647	0.0578456269	0.2293468242
1	0.2153045002	0.1564034250	0.0295406746	0.0534969476	0.0000524196	0.4448167509	0.0016205323	0.0234960653	0.0000005980	0.0752680866
0	0.0000495039	0.0206922746	0.0011992881	0.0788156295	0.5389209851	0.0889573929	0.0452049866	0.0010008316	0.1162720369	0.1088870708
0	0.0536812377	0.0449844811	0.0021322827	0.1962180875	0.1094246684	0.4752053190	0.0208772541	0.0343688152	0.0249588751	0.0381489792
0	0.3555353349	0.0005623027	0.0256029745	0.2161820290	0.0011546435	0.2746738249	0.0798683640	0.0096998721	0.0011518170	0.0355688374
0	0.7086944306	0.0010138092	0.0558451613	0.0059781531	0.1219004968	0.0220611765	0.0006745835	0.0009839568	0.0749679296	0.0078803027
2	0.0165228112	0.0146258641	0.0179864913	0.0271750043	0.0989630799	0.7586693368	0.0000000140	0.0063931812	0.0162953137	0.0433689038
1	0.0267295986	0.2160913536	0.0294292592	0.0780148512	0.0892924973	0.2696810588	0.0131069977	0.0102649886	0.0000000000	0.2673893949
0	0.1569226096	0.0001629871	0.0148803418	0.2593821899	0.0211164161	0.3324665846	0.0002808653	0.1568566584	0.0482254476	0.0097058995
0	0.1084007288	0.0095637450	0.0000366574	0.1512695022	0.6796566134	0.0238124662	0.0110844747	0.0079646706	0.0000000000	0.0082111418
0	0.1622197913	0.0002029832	0.1766783026	0.0000089015	0.0008939129	0.2223337461	0.3865338912	0.0189212902	0.0098760779	0.0223311029
0	0.0582545185	0.0000000000	0.1461169691	0.1249501708	0.0045389462	0.0219375649	0.3837586996	0.0001375017	0.0002001181	0.2601055112
0	0.0000005705	0.0545630411	0.0135024871	0.1040213973	0.6976760129	0.1129377034	0.0000007209	0.0083954633	0.0071156873	0.0017869163
0	0.1883786774	0.0098718584	0.1754288412	0.1123391213	0.1099693068	0.0587787020	0.3056392295	0.0012316828	0.0218119373	0.0165506432
0	0.1479661288	0.3172006546	0.0046559428	0.0244876669	0.0382236480	0.1012748587	0.1584510186	0.0283116877	0.0000000000	0.1794283940
2	0.0020399347	0.0837473142	0.0250660010	0.0648954022	0.0198023226	0.0808394962	0.0189517060	0.0002533622	0.0003947353	0.7040097256
0	0.2564318999	0.0000000000	0.3066257133	0.2434521118	0.0451003664	0.0257363032	0.0295245185	0.0504123512	0.0355672881	0.0071494477
1	0.0403681907	0.0418215580	0.0340472347	0.5299435563	0.0210359772	0.0627561057	0.0011236057	0.0163270355	0.0043286913	0.2482480449
1	0.0916192630	0.0116799632	0.0124114045	0.0783846302	0.0113816887	0.5151254513	0.0008065420	0.2083852126	0.0000000000	0.0702058444
1	0.3706324897	0.0009001421	0.2131849647	0.1753509504	0.0000461896	0.2008860890	0.0360537408	0.0023309187	0.0006144401	0.0000000749
1	0.0005068836	0.0021877500	0.2788149753	0.4089635324	0.0352483975	0.0671501612	0.1426890163	0.0083656003	0.0497751478	0.0062985357
1	0.0399467565	0.0146990466	0.0294415550	0.6705298383	0.0661878418	0.0866350015	0.0000000000	0.0000000000	0.0370439547	0.0555160057
0	0.0782546284	0.0997000124	0.0121327622	0.1563143862	0.2305728355	0.0077969423	0.0534888795	0.0000000503	0.2024545984	0.1592849049
1	0.0233757733	0.0501000319	0.0556405271	0.0144145424	0.0459927902	0.1136726716	0.0000000042	0.2884479901	0.0017703145	0.4065853546
0	0.0016626022	0.0032996005	0.0276310962	0.2328007024	0.0750393556	0.1160969226	0.0007373028	0.0003951385	0.0001136074	0.5422236718
1	0.1556420981	0.4377875250	0.0075017859	0.1628050160	0.0000000243	0.0191525685	0.0741226776	0.0000004394	0.0000000000	0.1429878651
1	0.0201989122	0.0051757137	0.0223596016	0.1847796081	0.1159909894	0.1315797916	0.2674252312	0.0064214519	0.0396806442	0.2063880561
1	0.0317500981	0.0000014862	0.0010475331	0.7282419081	0.0569965000	0.0505650823	0.0000033331	0.0114879076	0.0000003976	0.1199057538
1	0.2033621029	0.0232175618	0.0956193509	0.4727867777	0.1680664159	0.0169662930	0.0034792419	0.0055592991	0.0090797640	0.0018631928
1	0.8020723909	0.0454169953	0.0000000081	0.0000034445	0.0180196682	0.0220671614	0.0761119565	0.0000000000	0.0030275897	0.0332807853
0	0.3292810570	0.0079074691	0.2294126396	0.1717744554	0.0036524774	0.2427338097	0.0000007128	0.0000013083	0.0031033914	0.0121326793
0	0.0979879988	0.4448296485	0.0337825254	0.0001949359	0.3080663482	0.0769121490	0.0063562750	0.0004052086	0.0294694711	0.0019954394
0	0.0120693151	0.0000046330	0.0008275286	0.6478277680	0.0142339665	0.2724599175	0.0434762969	0.0018610823	0.0072394874	0.0000000047
2	0.0013194106	0.1761378924	0.0000029405	0.0311333867	0.2530044139	0.0779729359	0.0000000000	0.0310373015	0.0042326831	0.4251590353
0	0.1892347663	0.0090893356	0.0547640567	0.0752370337	0.2229633019	0.0395474578	0.0831503888	0.0844966298	0.0046501024	0.2368669270
0	0.0099764941	0.0000018148	0.5295756878	0.0236964756	0.1742875892	0.0711799841	0.0913768574	0.0000415958	0.0789333967	0.0209301044
0	0.0965138985	0.0762431143	0.0021563346	0.0113475801	0.3220406484	0.3910260455	0.0285838395	0.0090680322	0.0618470952	0.0011734117
0	0.0384090617	0.0061074553	0.0000000000	0.7968340730	0.0395903107	0.0002971863	0.0950863817	0.0075920780	0.0149283009	0.0011551523
0	0.0252121830	0.0377792841	0.8124551102	0.0495936396	0.0019123477	0.0152527821	0.0056742570	0.0040780008	0.0425807459	0.0054616495
0	0.0161059030	0.0000007857	0.0532893378	0.4796523180	0.2869872984	0.1194986804	0.0036089804	0.0000037987	0.0000374625	0.0408154350
0	0.1489543322	0.0027946826	0.2883884313	0.0030843842	0.2868932375	0.0740061713	0.0392339724	0.0009397098	0.1211317219	0.0345733568
0	0.0000010695	0.0379663661	0.3653393659	0.0000000111	0.0273114400	0.2692051441	0.0882403418	0.0156513258	0.0792742030	0.1170107327
0	0.0028906603	0.0019402674	0.2052935867	0.2812242952	0.0000000000	0.2736482855	0.0038068963	0.0239769562	0.0539352328	0.1532838196
0	0.5539427558	0.0266042620	0.0018567199	0.0941617591	0.1143846060	0.0249964140	0.0030128205	0.0000138518	0.0011562030	0.1798706078
0	0.6902521363	0.0002527609	0.0567605920	0.0287951442	0.0240101348	0.0013664643	0.0001407391	0.0056661792	0.1927528764	0.0000029727
0	0.0295470271	0.0028194380	0.2459912862	0.1040102067	0.0080763840	0.3653938165	0.1612003119	0.0802860828	0.0025502748	0.0001251720
0	0.0513444375	0.0316407742	0.0000525921	0.8069085046	0.0702465857	0.0081719657	0.0048479236	0.0005365733	0.0054674450	0.0207831984
0	0.0431381755	0.0584328332	0.0233442323	0.4044529020	0.0433543444	0.1915620746	0.0156367045	0.0097389478	0.0105660774	0.1997737083
1	0.0979468553	0.2866610930	0.0001009499	0.0782659944	0.1016995351	0.3317034507	0.0032302298	0.0648301122	0.0025217106	0.0330400690
1	0.0000042533	0.0006404170	0.5122878254	0.3293603923	0.0026147988	0.0306241397	0.0000000001	0.0052612890	0.0000140096	0.1191928747
0	0.0121006724	0.0000000000	0.0524085774	0.8010048418	0.0580643701	0.0443372249	0.0013409981	0.0000000615	0.0005641680	0.0301790858
1	0.0886063715	0.0681214752	0.0248657535	0.1658227041	0.2048939789	0.0049922021	0.0000204584	0.0028285819	0.0000000000	0.4398484743
0	0.0245629056	0.0001572404	0.0059631958	0.0975079831	0.0068271991	0.0058971836	0.1020532965	0.0003000102	0.7424846737	0.0142463120
0	0.1099909102	0.0997430478	0.0089128918	0.2869370587	0.1073130639	0.3482993821	0.0000733444	0.0122802565	0.0001426095	0.0263074351
1	0.5305707460	0.0213645801	0.0057917383	0.0891359319	0.1092087025	0.1743861051	0.0031341546	0.0015819078	0.0000001006	0.0648260333
0	0.0577816129	0.0001169059	0.0168325419	0.1163617631	0.1693027189	0.0000082109	0.5890285565	0.0399861540	0.0001189262	0.0104626097
0	0.0291752840	0.0213819312	0.0044179656	0.0021750951	0.1241105357	0.0964501355	0.1588832069	0.5297863741	0.0000000305	0.0336194414
1	0.1092020986	0.0011310524	0.0139715829	0.0217598406	0.1303911301	0.1490324353	0.1197662224	0.1737975983	0.0049805827	0.2759674566
0	0.0446548559	0.0116546075	0.0172406607	0.0000002825	0.0504057777	0.2241297759	0.3724010413	0.1507604773	0.0053255805	0.1234269407
1	0.0020163865	0.0000354883	0.1889688383	0.0003127408	0.0610418760	0.6156077422	0.0000051003	0.0692550731	0.0316197621	0.0311369925
1	0.3736779489	0.0496257748	0.0434219617	0.0057085150	0.2690735479	0.1926673726	0.0045343560	0.0450917001	0.0000072060	0.0161916169
1	0.4992172044	0.0000000391	0.0486072846	0.0134396211	0.0711616185	0.1649455990	0.0000001152	0.0001042606	0.0104138741	0.1921103834
1	0.1019940347	0.0533250659	0.0000299704	0.0806969062	0.4672125812	0.1451961539	0.0036396111	0.1086325328	0.0300755188	0.0091976250
1	0.0614239628	0.0123723676	0.0503943309	0.4477679189	0.0107519979	0.3964869481	0.0000980627	0.0104585832	0.0019771321	0.0082686957
0	0.3834677967	0.0131765236	0.0110074869	0.3046893626	0.1494675131	0.1188940395	0.0004958110	0.0030584785	0.0094024847	0.0063405034
0	0.6136550962	0.0262557173	0.0851076395	0.0185017073	0.0099920124	0.0000066231	0.0541543533	0.0857574367	0.0005004239	0.1060689902
1	0.1769454079	0.0002316041	0.1393049767	0.0044380998	0.0001076255	0.3292554332	0.0326096253	0.2010841414	0.0012736787	0.1147494073
1	0.0293180945	0.0012364474	0.0090357406	0.2677872756	0.2312973175	0.1719859866	0.0000073031	0.2844372986	0.0000872788	0.0048072574
0	0.0057366648	0.5338715168	0.0942292178	0.0000000888	0.0284686724	0.1580641788	0.0019532707	0.1769571756	0.0002756305	0.0004435840
0	0.0159301248	0.2165860928	0.1151323799	0.0263984604	0.3529803824	0.0773708399	0.0947090780	0.0339140877	0.0342502236	0.0327283306
0	0.0143247745	0.0459400103	0.0000017081	0.6704304072	0.0735760328	0.0212324913	0.0830817397	0.0153732410	0.0759412633	0.0000983318
0	0.0994463150	0.0000000000	0.0012587119	0.1033692440	0.0001530459	0.0381523578	0.7287156308	0.0092298928	0.0000022957	0.0196725063
0	0.1218592256	0.0000536437	0.0000000000	0.0822251569	0.0034440468	0.5900663150	0.0046974576	0.0000048802	0.1129160608	0.0847332134
0	0.0537372520	0.0059351157	0.0311731719	0.2017052390	0.0001660969	0.0801386767	0.0157901677	0.0004848973	0.0334880515	0.5773813313
2	0.0082991571	0.0191660581	0.0260881229	0.0798632377	0.0004296442	0.4986448389	0.0040180426	0.1463300278	0.0000000000	0.2171608708
0	0.6999613524	0.0154900202	0.0507410521	0.0010840191	0.0009466349	0.0168229933	0.0496899003	0.1257860298	0.0314016209	0.0080763771
0	0.0000110478	0.0005832880	0.0386383350	0.2495975311	0.1406849975	0.3274699160	0.1012017151	0.0000000000	0.1305993319	0.0112138376
0	0.2644238041	0.0000000000	0.0012102944	0.0013393923	0.6644923909	0.0412492421	0.0002182967	0.0000226637	0.0211057087	0.0059382071
0	0.7291779305	0.0425201723	0.0104536489	0.0000070232	0.0241671636	0.0360925433	0.0431401200	0.0768557150	0.0043244689	0.0332612144
1	0.0238853667	0.1130195478	0.0044358024	0.0916472545	0.0160245629	0.6933119437	0.0267930218	0.0292367446	0.0001403438	0.0015054117
0	0.0062406823	0.0000003676	0.0457980209	0.2119375931	0.1226979851	0.1985475854	0.2130929666	0.0053148020	0.0834677186	0.1129022784
2	0.0000000000	0.0123783150	0.0000450247	0.0102018777	0.6327028874	0.0016243137	0.0326780431	0.0000842185	0.0000000000	0.3102853198
0	0.3216568476	0.0003577090	0.0360401828	0.1311473070	0.4077736501	0.0943883628	0.0031090800	0.0017095839	0.0000979318	0.0037193450
0	0.7378983294	0.0292395561	0.0399086717	0.0502616794	0.0243008454	0.0756486390	0.0000000476	0.0049086395	0.0141986544	0.0236349374
1	0.0837625707	0.0044876827	0.0313752198	0.3431133452	0.0273250301	0.0286367529	0.0263335357	0.0000701142	0.0566482718	0.3982474769
0	0.1545411010	0.0000000000	0.0042979247	0.4734796381	0.0146662253	0.0022003902	0.1636721448	0.0093383297	0.1172634564	0.0605407899
0	0.3145218179	0.0002468390	0.0498274817	0.0031570958	0.1020122200	0.1319042832	0.1400580588	0.1526372145	0.0015618059	0.1040731831
0	0.0013306751	0.0302744857	0.1102891209	0.0245872736	0.0761827566	0.4699941120	0.0773948906	0.0197110838	0.0279544841	0.1622811176
0	0.0130610081	0.0000000000	0.0053249182	0.1572739852	0.1057119523	0.2704355784	0.1436596093	0.1385207371	0.0146729369	0.1513392745
0	0.0077067772	0.0000046855	0.0000000015	0.1169346588	0.0151904887	0.0327916965	0.0148765774	0.0609914485	0.0340965188	0.7174071471
0	0.1029442552	0.0196333563	0.4553936958	0.0090240628	0.3348004041	0.0008101875	0.0125350363	0.0593976291	0.0000048991	0.0054564738
0	0.0386487558	0.0000000000	0.1422379884	0.0000000000	0.0081863607	0.1589060007	0.0416899474	0.5705717300	0.0032591974	0.0365000196
0	0.1004855131	0.0281950855	0.0484556635	0.3836900556	0.1913957599	0.0000005775	0.0001443802	0.0000185355	0.0928068865	0.1548075427
0	0.0115587145	0.1551749899	0.0129285515	0.0122418483	0.7105713289	0.0168396617	0.0327767556	0.0454351585	0.0023181948	0.0001547963
0	0.2917116198	0.0433709995	0.0558442900	0.4531457398	0.1056727308	0.0000177241	0.0000857372	0.0000563945	0.0003895767	0.0497051875
1	0.0083794547	0.0372381245	0.0002526855	0.5930534075	0.0067541542	0.1778473977	0.0138816756	0.0626577996	0.0003396222	0.0995956787
2	0.5388338814	0.0517652896	0.0000000011	0.1246316874	0.0057077407	0.0850795132	0.0676959770	0.0998011393	0.0000000020	0.0264847682
2	0.0055806163	0.0066173908	0.0001879051	0.3768477572	0.0010982011	0.0374364745	0.0095811925	0.0270086136	0.0000000001	0.5356418486
2	0.0260195536	0.3252892566	0.0039128678	0.0000070531	0.0039956022	0.4520954070	0.0000062929	0.0420200688	0.0423782182	0.1042756799
0	0.0010242544	0.0000024165	0.0003738090	0.0093252099	0.0716559344	0.1710599847	0.0629465653	0.0317161676	0.3265650955	0.3253305628
1	0.0000111425	0.0042448230	0.0000179119	0.0536710799	0.0518482326	0.8799583503	0.0002565990	0.0000029618	0.0000083404	0.0099805586
1	0.0091957122	0.0000443184	0.0779017136	0.1074745219	0.1905930255	0.5551519717	0.0256630046	0.0293456434	0.0002219786	0.0044081100
0	0.0574119375	0.0003829463	0.0481625036	0.0064145301	0.1845455966	0.0622392419	0.0647196345	0.0000000000	0.1981942153	0.3779293941
0	0.0035765792	0.0000000000	0.0070169674	0.0000659524	0.0178863073	0.7392695715	0.0000348621	0.0307546882	0.1742655412	0.0271295308
0	0.2757675837	0.0000000000	0.0000013271	0.3250638895	0.1185896132	0.0144372226	0.0006435256	0.0000072416	0.0005872484	0.2649023484
0	0.0451423057	0.0000014415	0.1177574442	0.0000077553	0.0028023379	0.7178849489	0.0037970036	0.0549585747	0.0576479831	0.0000002051
1	0.3295704161	0.1604886242	0.0645152300	0.0018844825	0.1228564007	0.1183415550	0.0000000000	0.1165349013	0.0000000002	0.0858083899
1	0.0669554817	0.0731725587	0.0546099715	0.0694252808	0.3400537420	0.3729681521	0.0045714643	0.0046861862	0.0049803078	0.0085768550
1	0.0814303803	0.0582984781	0.1749544070	0.0000000114	0.4065542649	0.0510832299	0.0307131322	0.0058221411	0.0009197735	0.1902241814
1	0.2811700592	0.2900678470	0.0000195096	0.0486558135	0.2929656703	0.0448765354	0.0123438094	0.0002643589	0.0005599330	0.0290764637
0	0.2137199727	0.0221326365	0.0991241716	0.0346695156	0.5680000260	0.0549764751	0.0022017407	0.0049526528	0.0000001518	0.0002226570
0	0.1089494669	0.0070209650	0.2054666545	0.1597774126	0.1759551557	0.0425839439	0.0334874294	0.0000011301	0.0022606889	0.2644971529
0	0.0221347095	0.2399860453	0.0052040848	0.0000516761	0.0330882639	0.0017453694	0.0000093093	0.0446010968	0.4807113861	0.1724680590
1	0.0030582609	0.0931108073	0.0000000001	0.3073841050	0.0185286419	0.3213514647	0.0055360513	0.0467096347	0.0000000003	0.2043210339
1	0.0449819187	0.1606307125	0.0012171899	0.0247407790	0.6906823713	0.0202909720	0.0013043050	0.0127453113	0.0056704433	0.0377359969
0	0.1256052595	0.0072237618	0.0424809667	0.2029069756	0.0142879490	0.2393043761	0.0934458272	0.0728597345	0.1716932046	0.0301919451
1	0.0116044961	0.3697530126	0.0587569614	0.0261457173	0.1779536503	0.0019981154	0.0851547589	0.0000031108	0.0038199269	0.2648102503
1	0.0418492030	0.1067923429	0.0127813780	0.0008831227	0.0363368555	0.2852258184	0.0736363800	0.0014186489	0.1411968913	0.2998793592
1	0.0021030334	0.0125308386	0.0025681632	0.0028361572	0.1268543722	0.3169779009	0.2563982123	0.0075836878	0.0167858311	0.2553618032
0	0.0040590411	0.0031082702	0.1143812265	0.0000000000	0.0000262847	0.8164057844	0.0491467921	0.0116851866	0.0009102279	0.0002771864
1	0.5938794357	0.0255794583	0.0013669428	0.0100629451	0.0477930524	0.0364213884	0.0023581911	0.1910435202	0.0173942226	0.0741008433
0	0.0000000014	0.0819026651	0.0042146526	0.1080239941	0.1142755398	0.1545130430	0.5305462472	0.0000000207	0.0062992694	0.0002245666
1	0.1713616849	0.3031003201	0.0224340582	0.1001265374	0.0000000012	0.0023243289	0.0181385803	0.0167166356	0.0000000012	0.3657978521
1	0.4347357437	0.0832476036	0.0849219682	0.0026320184	0.1973311905	0.1403472780	0.0012583310	0.0029557344	0.0006231404	0.0519469918
0	0.1208746441	0.0000000000	0.0703979843	0.3163931434	0.0126811027	0.2367195084	0.0052023687	0.1629750420	0.0599801722	0.0147760342
1	0.4451716956	0.0784251285	0.1475859672	0.0119767020	0.0240570077	0.1193872817	0.0004973429	0.0066398144	0.1632160107	0.0030430493
0	0.8533287691	0.0002870136	0.0176316554	0.0161443702	0.0190313669	0.0743960762	0.0021723457	0.0004482009	0.0077922074	0.0087679946
1	0.1710166480	0.0200566705	0.0004522206	0.0043822869	0.0060911114	0.5544332900	0.0016074185	0.0218180397	0.0000000000	0.2201423143
0	0.4606801065	0.0000722160	0.0000000000	0.0017626758	0.0960159783	0.2451665701	0.0009169619	0.0678076578	0.0000000000	0.1275778336
0	0.0318071471	0.0124706344	0.4231755086	0.0021140666	0.0392301793	0.2094257174	0.0054729254	0.0058131513	0.0335642813	0.2369263884
0	0.0888528047	0.0839457194	0.1836339066	0.1401905411	0.0009283365	0.0280106040	0.0000016313	0.0547279097	0.0000600920	0.4196484548
1	0.0048520494	0.3596880428	0.0471749189	0.1022710918	0.0000000912	0.1473462716	0.2436523051	0.0783785923	0.0000000000	0.0166366369
0	0.0701876939	0.0230306499	0.0107130578	0.0161196908	0.0141635716	0.6333509040	0.0057670214	0.0000002889	0.0864277037	0.1402394180
0	0.2719728801	0.0019413805	0.0336966612	0.2101493134	0.0174676470	0.1665902822	0.2365945772	0.0000000021	0.0000359501	0.0615513063
0	0.0190066588	0.0000053642	0.0648254587	0.0000000430	0.0070835294	0.0162025013	0.1044735596	0.1475000961	0.3649669388	0.2759358501
2	0.0016242330	0.0724284056	0.0594990897	0.0346331882	0.0001301470	0.2094392649	0.0047918621	0.1950200181	0.0000000585	0.4224337328
0	0.0000005872	0.0011598129	0.0003899467	0.4801119021	0.0358997083	0.0241364230	0.0150196727	0.1377619244	0.0001036175	0.3054164051
0	0.0465192286	0.0049957057	0.0276881321	0.0000000000	0.2136118078	0.1354929935	0.2037288253	0.2244141435	0.1133069531	0.0302422105
0	0.0053181840	0.1395593798	0.0716643183	0.0150103790	0.0963880377	0.4554548964	0.0334772772	0.0140100933	0.0385236798	0.1305937546
1	0.1752119409	0.0013656938	0.0069585568	0.0385629750	0.0375382762	0.1088593878	0.4061741684	0.0008967645	0.0132581074	0.2111741291
0	0.0492382076	0.0000130935	0.0763560421	0.0234947440	0.7000362060	0.0183829226	0.0010153953	0.0737777805	0.0458176263	0.0118679821
0	0.1345088492	0.0482583361	0.0017497057	0.2671440703	0.1604579608	0.3578931761	0.0098158047	0.0125075067	0.0076624727	0.0000021176
1	0.0000000000	0.0015146075	0.0869213583	0.0006348788	0.0088449249	0.7839916329	0.0004858220	0.1047224140	0.0000233802	0.0128609814
0	0.0274504681	0.0025468137	0.1527671396	0.5556979307	0.0012774471	0.1896014341	0.0050020530	0.0013369840	0.0590799134	0.0052398161
1	0.0475389461	0.0133261947	0.4605265482	0.0107410326	0.0452032134	0.0053565084	0.0102205104	0.3393115420	0.0000001238	0.0677753803
1	0.0651903497	0.1564709797	0.4086320009	0.0100119120	0.0097964341	0.2941800148	0.0456983302	0.0000000000	0.0000000000	0.0100199786
1	0.0552897372	0.0116509812	0.5989426984	0.1200049380	0.0451725171	0.0160066465	0.0699424679	0.0570353745	0.0179595803	0.0079950589
0	0.0855260283	0.0000285786	0.0691377053	0.0201076585	0.0153570166	0.1107415039	0.4699487004	0.0323793659	0.0019139796	0.1948594630
0	0.0002359999	0.1463990983	0.1706852506	0.2774648878	0.0663100327	0.0902733596	0.0127984313	0.1011729301	0.0002057856	0.1344542240
1	0.0428328507	0.0144934753	0.0088249634	0.1979790839	0.0057973353	0.5727163651	0.0360612205	0.0000653139	0.0000008614	0.1212285305
0	0.0335064284	0.0121602640	0.0603067615	0.5420672108	0.0000000861	0.1278351777	0.0613594155	0.0031533874	0.0002594261	0.1593518426
0	0.0004385682	0.0000000010	0.1165805550	0.4309105621	0.1030653699	0.0663971624	0.1210240693	0.0396601595	0.0000171115	0.1219064411
0	0.0980740621	0.1408218984	0.1474767593	0.0000000000	0.0466228455	0.0012833601	0.2726520523	0.1356306130	0.1026229459	0.0548154635
1	0.0000528884	0.0072681121	0.0002205710	0.0162939419	0.0930738707	0.8076134004	0.0000001009	0.0047017121	0.0000000001	0.0707754025
0	0.0051053319	0.1266551509	0.2282454026	0.0117183939	0.0994545293	0.4751942060	0.0006893252	0.0349833326	0.0019578844	0.0159964433
1	0.3974124017	0.3083381366	0.0067689248	0.0068352065	0.0477572739	0.0255430209	0.0046751805	0.0051286199	0.1636850278	0.0338562074
0	0.1727426519	0.0029555512	0.0001751182	0.5233028562	0.0032408614	0.1688040668	0.1228121094	0.0000000000	0.0000252156	0.0059415693
0	0.0230948394	0.0211096402	0.6450000873	0.0001716561	0.1443272245	0.1135638536	0.0401569233	0.0000000000	0.0002609481	0.0123148274
0	0.1024471975	0.0067989610	0.0508077994	0.0026174505	0.0399716170	0.0162519556	0.0016370387	0.0000000000	0.0462313599	0.7332366204
0	0.1387627168	0.0479796249	0.3171889652	0.0038533244	0.1229756930	0.0198463051	0.0351889264	0.0023799391	0.0174821998	0.2943423054
0	0.0000000154	0.0000147431	0.1225311884	0.1637464411	0.0281348122	0.5427049506	0.0315704070	0.0200561661	0.0444071023	0.0468341738
0	0.2642857941	0.3320337421	0.0727834101	0.2212786309	0.0001044024	0.0324232421	0.0001528434	0.0025840603	0.0114720116	0.0628818630
1	0.0316895821	0.4048541530	0.1007927950	0.0044075680	0.3017855403	0.0000000000	0.0905601285	0.0087361028	0.0539613181	0.0032128121
1	0.0002129730	0.0735373083	0.0858514906	0.0979000995	0.2988039144	0.0586309450	0.0000021670	0.0000000000	0.0000000000	0.3850611022
0	0.1296587559	0.1002093923	0.0552671423	0.0000115775	0.0377712333	0.3465193439	0.0089168865	0.0453803505	0.0100171285	0.2662481893
0	0.2035545953	0.0035643270	0.0479483029	0.0753499201	0.4072557144	0.0211113911	0.0167501630	0.0235120148	0.0962778858	0.1046756855
1	0.0000002363	0.0060343136	0.0179909338	0.7815894525	0.0035037760	0.1244444531	0.0272871137	0.0251801351	0.0077704939	0.0061990919
2	0.0232405392	0.1473281326	0.0083356048	0.1927582314	0.0932846426	0.3499811796	0.0321469821	0.0499971094	0.0000073195	0.1029202589
0	0.0242520844	0.0000000003	0.0134403286	0.5422772217	0.2355204615	0.0699724365	0.0759191325	0.0020834204	0.0053694147	0.0311654994
1	0.0521245069	0.0000099032	0.0315916224	0.5291732257	0.1834318495	0.0711345616	0.0117975566	0.0000000258	0.0599484921	0.0607882564
0	0.6504632798	0.0009700136	0.0699032430	0.0055822937	0.0540967011	0.1553390722	0.0190008162	0.0359596131	0.0046788461	0.0040061213
0	0.2032671979	0.0000000000	0.0000000000	0.0128241975	0.0376052127	0.6711440504	0.0268984487	0.0453409192	0.0024357928	0.0004841809
0	0.0133541192	0.0000347125	0.1188998774	0.0859487619	0.0142581955	0.1767710638	0.0353021328	0.0038597436	0.5221423762	0.0294290170
0	0.1673674545	0.1106515121	0.2747614254	0.0247580514	0.1100437811	0.0296215510	0.0653668448	0.0000000000	0.1888646998	0.0285646799
0	0.2220802991	0.0032432682	0.3380350994	0.1884478644	0.0497205221	0.0014229578	0.0830009103	0.0007772510	0.0122726268	0.1009992010
0	0.0252255784	0.0057233223	0.8856990675	0.0211269164	0.0093402149	0.0000833910	0.0181123917	0.0070279499	0.0041646537	0.0234965142
0	0.0465005133	0.0630058523	0.0088984224	0.1556720109	0.1188878581	0.2197504430	0.0000000886	0.0000141117	0.0222806305	0.3649900691
0	0.0318712782	0.0185301245	0.0809700095	0.0584372275	0.0459659810	0.6393306847	0.1188240789	0.0055512375	0.0000000000	0.0005193781
0	0.0149972693	0.0000000000	0.0007355957	0.3173030077	0.0026029815	0.4441410485	0.1358518057	0.0050703848	0.0273220207	0.0519758859
0	0.5927116505	0.0082476534	0.0126950758	0.2665871093	0.0837380410	0.0081056990	0.0021750051	0.0000000000	0.0202153709	0.0055243951
1	0.0004040141	0.0002261768	0.0205608652	0.5902695383	0.0942115004	0.0351253678	0.0537635170	0.0469857485	0.0229455810	0.1355076909
0	0.0371494339	0.0000056168	0.1470570131	0.1317303265	0.1476679906	0.5258989703	0.0027886869	0.0000292298	0.0076350685	0.0000376637
1	0.0314779779	0.0236435726	0.0000001838	0.0051589607	0.1893493687	0.0839245645	0.0040382656	0.6532956820	0.0031693296	0.0059420945
0	0.0879056915	0.0118097216	0.1019557174	0.1816486402	0.1138969814	0.4024163068	0.0309444127	0.0246912658	0.0013894758	0.0433417867
0	0.0000052896	0.0000000609	0.0009121542	0.4327074708	0.0318681778	0.3163847593	0.0791253000	0.0052601349	0.0025482094	0.1311884430
1	0.0212332829	0.1106549346	0.1593941302	0.0144258561	0.0120068399	0.5198685417	0.0100919143	0.0105312678	0.0000000000	0.1417932325
0	0.0706845523	0.0317039693	0.0094973157	0.0080513795	0.5416806997	0.0016030158	0.0005267903	0.2110202328	0.0054523485	0.1197796960
0	0.0843525493	0.0384419814	0.4110534312	0.2388390469	0.0064209459	0.0000146600	0.0729412391	0.0439527627	0.0997243396	0.0042590439
1	0.1836655437	0.0797912777	0.0792232353	0.0026011880	0.0561012456	0.0156005083	0.0000000000	0.1804557684	0.0000000000	0.4025612331
0	0.0659112843	0.0000000010	0.2220702585	0.5740654834	0.0000000000	0.0001982846	0.0000000088	0.0000009260	0.0542648398	0.0834889136
0	0.1826980738	0.1237883835	0.5143784039	0.0142511345	0.0105659477	0.0021506601	0.0245760636	0.0820937022	0.0206766250	0.0248210058
0	0.0113353480	0.0322737265	0.4300154040	0.2160003794	0.0683307648	0.1126322982	0.1273254255	0.0001205451	0.0000000000	0.0019661085
0	0.1223802734	0.0424990260	0.0943402500	0.1913831757	0.0465516294	0.4124761483	0.0116067993	0.0105973780	0.0069075096	0.0612578103
1	0.4196320938	0.0189758274	0.2105573669	0.0013123011	0.0209814014	0.0619939727	0.0003573823	0.1599468022	0.0998669526	0.0063758996
1	0.1576223528	0.0004412006	0.0136054791	0.1794869162	0.0585999785	0.0574753069	0.2678661472	0.0031992967	0.1863605874	0.0753427346
0	0.1510201580	0.0721579675	0.0479576814	0.0154883555	0.2213389220	0.2500679427	0.0035690310	0.0202693010	0.0000216526	0.2181089883
1	0.0051269697	0.0000000000	0.0866376510	0.1190098552	0.0006971697	0.0000395834	0.0355548355	0.0536323144	0.0014806588	0.6978209624
0	0.1363293110	0.0181476810	0.0886452610	0.0180902947	0.0973333326	0.2643824167	0.3523337756	0.0142318211	0.0029228680	0.0075832383
1	0.0019765606	0.0365204335	0.0473900481	0.2192003792	0.0004853847	0.2795382401	0.0287290603	0.1041828799	0.1555582344	0.1264187791
0	0.0000000999	0.0013586868	0.0603137735	0.1649281292	0.0106889885	0.3548676065	0.0211712159	0.0000017902	0.0138984701	0.3727712393
0	0.0813938666	0.0000313533	0.0010036343	0.0263465521	0.0612629966	0.0530123533	0.0564735952	0.6805607003	0.0005927918	0.0393221565
1	0.4494615344	0.0016725960	0.0611380518	0.0802462514	0.2828809621	0.0779295211	0.0319970272	0.0101797308	0.0002262786	0.0042680466
1	0.4755943857	0.0000181036	0.3153384405	0.0346685805	0.0021653668	0.0145152447	0.0205984899	0.0275794881	0.0000000000	0.1095219002
1	0.0000024896	0.1293091954	0.0321020303	0.1332655108	0.2723906529	0.0013288691	0.0000000741	0.3010771699	0.0103394697	0.1201845381
0	0.1393200089	0.0008797552	0.0029769129	0.5262600331	0.0921409837	0.1272865257	0.0991691531	0.0114526773	0.0000000004	0.0005139496
0	0.0388550709	0.0200565461	0.0044945757	0.4375473807	0.2765091394	0.1049347275	0.0184597190	0.0001410826	0.0134934581	0.0855083000
0	0.7311309389	0.0299044330	0.1310149603	0.0098928085	0.0062416591	0.0232122862	0.0599335768	0.0010321476	0.0041102506	0.0035269390
0	0.2344991541	0.0000534197	0.3266542153	0.0036579817	0.1381232314	0.0000260179	0.0202141755	0.1293362101	0.1474337912	0.0000018030
1	0.0303862317	0.0137595437	0.0328614824	0.2050781850	0.6346713868	0.0083713696	0.0188513458	0.0012271446	0.0179471970	0.0368461133
0	0.2750138806	0.0000005467	0.0406694290	0.1518508141	0.0014953883	0.2054669020	0.0066022853	0.0032034347	0.0596652950	0.2560320244
0	0.0164992927	0.0001697621	0.5414973417	0.0007292459	0.0004178599	0.0000006679	0.3234158914	0.0000000000	0.0344334070	0.0828365314
0	0.1888430630	0.0000000170	0.0048471327	0.0057408713	0.6196786875	0.0005695236	0.0111221631	0.0015657638	0.0111243145	0.1565084635
1	0.6267868913	0.0586210041	0.0351386841	0.0025157998	0.0312848952	0.0443224757	0.0000126539	0.0000099560	0.0020931403	0.1992144995
0	0.0883031586	0.1319240950	0.0882985590	0.0763893548	0.0005100705	0.1589520205	0.3130931927	0.1189909027	0.0126977254	0.0108409208
0	0.1288473557	0.0035514433	0.0101432430	0.1639875732	0.2164308419	0.1693381602	0.0010087247	0.0065061313	0.0000249856	0.3001615410
0	0.0647615471	0.0000000031	0.3363647597	0.0828120901	0.0000000293	0.0140385059	0.0665357160	0.0126391763	0.1921070287	0.2307411438
0	0.0110473287	0.0587437996	0.0000000040	0.0333766808	0.2025303596	0.5867256976	0.0276391205	0.0232561169	0.0000004000	0.0566804923
1	0.7619591168	0.0030828585	0.0366740119	0.0178258040	0.0164908230	0.0050663619	0.0009279602	0.0115566617	0.0427325563	0.1036838457
0	0.1524048689	0.0125663832	0.3614587475	0.0666500451	0.0045128941	0.3881252660	0.0000000000	0.0126653981	0.0001907252	0.0014256718
0	0.0836326807	0.0003862434	0.0014400013	0.0240443992	0.0273696549	0.5461905592	0.0030179659	0.1785838945	0.0041809472	0.1311536536
0	0.2870374990	0.0000000000	0.0098119786	0.2626693617	0.0915252471	0.2520950064	0.0101732053	0.0397517505	0.0003445525	0.0465913989
1	0.0716332488	0.2062308160	0.0731931046	0.0428852680	0.1593829357	0.2330625772	0.0837321811	0.0022803388	0.0000000000	0.1275995297
0	0.0017032095	0.0000570914	0.0000025625	0.7030222276	0.1121179646	0.0704655792	0.1109887952	0.0016407047	0.0000000000	0.0000018653
1	0.0424742653	0.0202911533	0.0000009413	0.4172268885	0.1668364656	0.2158700146	0.1138425280	0.0219605313	0.0011508096	0.0003464026
1	0.0248587931	0.0000000000	0.0402155100	0.4768206481	0.0084744413	0.3298559236	0.0011554668	0.0208358138	0.0368902368	0.0608931664
1	0.0337462389	0.0406755184	0.0147457726	0.0368485800	0.0630116012	0.6275175212	0.0069364947	0.0023814904	0.0101810076	0.1639557749
0	0.0537846651	0.0655982619	0.1477675040	0.0011363171	0.1391329580	0.5025348153	0.0003513142	0.0345246710	0.0145765548	0.0405929386
2	0.0000069585	0.0037661912	0.0491751325	0.2079341696	0.0081391192	0.7014362386	0.0293996010	0.0000665362	0.0000103723	0.0000656809
0	0.0127046272	0.0273815537	0.0164538795	0.5661618358	0.0202606329	0.1984367441	0.0563838548	0.0000000005	0.0000000000	0.1022168717
0	0.0806461316	0.0073916147	0.0000201391	0.0151300434	0.0003663898	0.5210101856	0.3375540576	0.0188258292	0.0018008513	0.0172547579
1	0.0120629035	0.0031031674	0.0047930801	0.7540354989	0.0000014433	0.0561424358	0.0070651272	0.0001304376	0.0073927456	0.1552731607
1	0.0161530130	0.6066050488	0.0000000000	0.2869447065	0.0715080614	0.0000462938	0.0000003380	0.0000000000	0.0141257956	0.0046167429
1	0.0000381809	0.0093576333	0.0452157964	0.2017353885	0.0643853778	0.4893358312	0.0005385918	0.0000000056	0.0037521267	0.1856410679
0	0.0038771114	0.0004419355	0.3855152292	0.0132613539	0.1554088873	0.1457886186	0.0024145843	0.0218813768	0.2165825686	0.0548283345
0	0.0000001020	0.0008849179	0.0621075115	0.2336196583	0.2749795856	0.2444671786	0.0248212145	0.0473596370	0.0588229380	0.0529372566
0	0.0904378049	0.0774865743	0.0000125376	0.1987336186	0.0207802774	0.0091241247	0.1177478081	0.0860780823	0.2289299969	0.1706691751
1	0.0413547761	0.0380968508	0.0113138678	0.5034345514	0.0352208353	0.0533892487	0.2399015686	0.0035744335	0.0001149227	0.0735989450
0	0.0617762858	0.0000050703	0.0890489900	0.0239324262	0.0077135581	0.0198367594	0.0001804653	0.0044344751	0.2845869946	0.5084849752
0	0.3395769639	0.0054932254	0.0475867142	0.1531896025	0.0941343946	0.0000000004	0.2616054937	0.0374625050	0.0474366420	0.0135144584
0	0.1638681898	0.0921227818	0.0498511670	0.0858154946	0.0000001212	0.1497167510	0.3723420260	0.0371357943	0.0000000000	0.0491476744
1	0.0757543114	0.0039359526	0.0061129228	0.7604911773	0.0023450223	0.1063701753	0.0007085364	0.0069899065	0.0015950330	0.0356969624
0	0.0075327030	0.0122029326	0.2663750183	0.1089465841	0.0006873871	0.5110044823	0.0646694232	0.0125013838	0.0000000153	0.0160800704
0	0.3191259626	0.0116539881	0.0118318418	0.0018900634	0.0243945192	0.0047771213	0.0097810464	0.0267117563	0.0388531641	0.5509805368
1	0.0848025792	0.0350716609	0.0016859577	0.0003524093	0.0983622687	0.0478212448	0.0000000000	0.4215716563	0.0067662168	0.3035660062
0	0.0057416895	0.0337048964	0.0654974399	0.0289982937	0.0226386155	0.0533437398	0.1285410556	0.0462820365	0.0116063249	0.6036459081
0	0.2536662717	0.0347814180	0.0634887230	0.0040131592	0.0359083910	0.3715357788	0.0000000000	0.0076391525	0.0002140700	0.2287530359
0	0.1097095876	0.0326031786	0.0010290677	0.5477467664	0.0293772247	0.2468436679	0.0188534491	0.0004327674	0.0111464954	0.0022577952
