1	0.0000396910	0.0000002155	0.0412464815	0.0001532329	0.9585603791
0	0.0329012902	0.0392560465	0.7208414015	0.1950109212	0.0119903406
0	0.2642446570	0.0279645591	0.0000112208	0.6010493268	0.1067302363
1	0.0014569703	0.9797121349	0.0170111894	0.0014399170	0.0003797884
1	0.0587846030	0.1382171543	0.3792241377	0.0027898217	0.4209842833
0	0.6147541730	0.0094743249	0.3587850749	0.0106345406	0.0063518867
2	0.0409994001	0.5355655509	0.3126002254	0.0000071754	0.1108276481
0	0.4499939656	0.0871733890	0.0626532564	0.0598014751	0.3403779139
0	0.0010418736	0.1695910402	0.7024579390	0.0123393422	0.1145698050
1	0.3918445230	0.4203286562	0.1080989240	0.0000000000	0.0797278968
