0	0.1237589367	0.0035370018	0.4373731462	0.4296340791	0.0056968361
0	0.3613803225	0.0492702971	0.0483444983	0.4083599381	0.1326449440
1	0.0000001417	0.5833861075	0.0005749485	0.0000000535	0.4160387489
0	0.0115338070	0.4240956264	0.3964361642	0.1679069743	0.0000274280
0	0.0001120617	0.1951160940	0.0081660610	0.6625250934	0.1340806899
2	0.0000005782	0.3061516170	0.0422135098	0.6124588216	0.0391754734
1	0.0000000000	0.1402279107	0.5769157886	0.2828536732	0.0000026275
0	0.0000037609	0.2672170726	0.1059816391	0.0019177425	0.6248797849
0	0.0023238616	0.3925403032	0.2197932842	0.2273390871	0.1580034639
0	0.0000036338	0.1712548294	0.4439446466	0.3793070902	0.0054898000
