2	0.0032300415	0.3525208298	0.0662813651	0.3047538373	0.2732139263
1	0.2542438347	0.7394615987	0.0000000004	0.0000000084	0.0062945577
0	0.0031092863	0.0386139800	0.7713899576	0.0170323878	0.1698543882
0	0.7039737537	0.0356207356	0.0849657382	0.1344754215	0.0409643511
0	0.0074731601	0.0007097507	0.2596170464	0.7044113532	0.0277886896
0	0.1949119876	0.0119726410	0.1769999555	0.0000000000	0.6161154158
0	0.0962651249	0.8425721971	0.0005749848	0.0499813953	0.0106062979
0	0.1570739801	0.4986767725	0.0000000000	0.0000000027	0.3442492448
1	0.0490306282	0.0659946268	0.1176549192	0.0045389189	0.7627809069
1	0.8295427226	0.0843091136	0.0854641760	0.0000000000	0.0006839879
