0	0.0008668751	0.0000372893	0.9870018668	0.0120939688	0.0000000000
2	0.0331981001	0.8756032641	0.0001168448	0.0000006319	0.0910811592
1	0.0058952846	0.9619180748	0.0262767683	0.0056830128	0.0002268595
0	0.1146662771	0.0181592061	0.3018862495	0.1116020182	0.4536862492
0	0.0000098991	0.6403669058	0.0693884525	0.2140504336	0.0761843090
1	0.0216731734	0.4209425483	0.0016315360	0.5557410827	0.0000116596
0	0.0002071349	0.0394925753	0.1214908229	0.2058815398	0.6329279271
1	0.0306305234	0.3927040292	0.0186573825	0.0324838749	0.5255241900
0	0.0093567343	0.0065730163	0.9702301121	0.0000797733	0.0137603640
0	0.0277916337	0.7731740088	0.1607092749	0.0238017301	0.0145233524
