1	0.1294017470	0.0642733366	0.0000000001	0.7774066746	0.0289182418
0	0.0395091190	0.0268941841	0.6855558393	0.2475303748	0.0005104827
0	0.0097008863	0.0330271005	0.0132021611	0.0006376673	0.9434321848
1	0.0110484507	0.0993524407	0.0000000224	0.4221912723	0.4674078139
0	0.0025144897	0.1175630947	0.0677271532	0.0000023300	0.8121929324
1	0.0031742819	0.2408507032	0.0370190376	0.0016335823	0.7173223950
2	0.0089911917	0.5527326629	0.0148567849	0.2400624590	0.1833569015
0	0.0428675577	0.6875552688	0.2497152222	0.0198587093	0.0000032420
0	0.0012104388	0.0000002292	0.0397264619	0.8233973476	0.1356655226
1	0.0358468205	0.2341672633	0.0000000000	0.1112026735	0.6187832427
