0	0.3200665720	0.3841956003	0.0761822863	0.0026125515	0.2169429900
0	0.4176014983	0.1384089663	0.2449037266	0.0211660463	0.1779197625
0	0.0810816689	0.0088686976	0.1401309219	0.1470346571	0.6228840544
0	0.0331277892	0.6279019560	0.0004309755	0.0764259117	0.2621133677
0	0.0302482973	0.4598109670	0.0212375547	0.0260205715	0.4626826095
1	0.0256636837	0.0000021352	0.0284068994	0.9360045907	0.0099226910
0	0.1054661228	0.2025997212	0.0006502795	0.0030187527	0.6882651237
0	0.0008487425	0.3963385016	0.2779954678	0.0000000000	0.3248172881
2	0.0003715980	0.0247122198	0.3648476673	0.5893671173	0.0207013976
1	0.0002102647	0.0867590517	0.5719918262	0.0726015452	0.2684373122
