0	0.3761253557	0.4343909857	0.1879787045	0.0000121276	0.0014928266
0	0.0000012903	0.4689813523	0.4808849818	0.0051630463	0.0449693293
0	0.2951963541	0.0055207702	0.1820685342	0.0126106504	0.5046036911
2	0.0016035527	0.0222480004	0.0077579610	0.7827681953	0.1856222907
1	0.0025792677	0.3888685412	0.0000039594	0.6043261444	0.0042220873
0	0.8906398135	0.0313951790	0.0378031125	0.0003783601	0.0397835349
0	0.1024013616	0.4573298348	0.3945845804	0.0000000001	0.0456842230
0	0.0000038571	0.4461003163	0.5114640426	0.0145161090	0.0279156750
1	0.0131632030	0.2773016444	0.0000440814	0.6230336429	0.0864574282
0	0.4356133362	0.0022857995	0.1971236425	0.0011799673	0.3637972546
