0	0.2110303762	0.3726441293	0.0588699383	0.0062055705	0.3512499857
0	0.0527538971	0.5176965244	0.1650907373	0.0000000193	0.2644588220
0	0.0629216936	0.0077584077	0.3780417966	0.0054822759	0.5457958261
0	0.0009507524	0.0504034480	0.7928562701	0.0000000000	0.1557895295
1	0.4272957442	0.3118471473	0.0000059094	0.1534190085	0.1074321907
0	0.4090646568	0.2424023185	0.0190716768	0.0144989213	0.3149624266
0	0.0000000000	0.0572856475	0.0023901222	0.5886761014	0.3516481289
2	0.0000000000	0.6991211684	0.0162704815	0.2330272767	0.0515810734
0	0.0060392354	0.9131225985	0.0515291461	0.0088765404	0.0204324796
0	0.0709513409	0.8926792847	0.0288486658	0.0000498394	0.0074708691
