0	0.1357773250	0.6798973461	0.0000000000	0.1190902613	0.0652350677
0	0.0035568374	0.1415585004	0.8443666161	0.0010742923	0.0094437538
0	0.2124965229	0.4108019103	0.0009895820	0.0000000015	0.3757119833
2	0.0000000000	0.0117202359	0.0000000000	0.8148615965	0.1734181675
0	0.0661382200	0.4083995502	0.4818178249	0.0414012464	0.0022431585
1	0.0000035623	0.8801120227	0.0659258684	0.0111488484	0.0428096982
0	0.0104449075	0.9254614852	0.0295329729	0.0302793606	0.0042812739
0	0.0032545980	0.0003305895	0.0003517014	0.0000000000	0.9960631110
0	0.0000000000	0.0206840734	0.3698777867	0.0005440654	0.6088940745
0	0.2581005792	0.0000268353	0.1321681643	0.0704570157	0.5392474055
