0	0.0004595963	0.8531201296	0.0027432678	0.1348891106	0.0087878957
2	0.0473436792	0.0449526617	0.2349600983	0.3754610973	0.2972824635
1	0.0008340275	0.6092504957	0.0020126741	0.0104617363	0.3774410663
0	0.0266010049	0.0475894465	0.1636773617	0.1137814967	0.6483506902
0	0.0000000231	0.4610118198	0.3843752206	0.0012929208	0.1533200157
1	0.0000000000	0.6435913157	0.0226837926	0.0026127078	0.3311121839
0	0.2643603040	0.2391784850	0.1099603741	0.0000000060	0.3865008309
0	0.0549672265	0.5813284705	0.1597145655	0.0749537904	0.1290359470
0	0.0354961729	0.3715345562	0.2718776718	0.0431704971	0.2779211020
0	0.0000000000	0.0011502395	0.4307944659	0.0035688893	0.5644864053
