1	0.0057352740	0.0000028772	0.2940386411	0.6051222408	0.0951009670
0	0.0140696026	0.3403316581	0.3478282878	0.0000258866	0.2977445649
2	0.0000006257	0.1734328726	0.0000000038	0.8185601258	0.0080063721
0	0.0821122480	0.7679562433	0.0000001359	0.0021257649	0.1478056079
0	0.0000047005	0.1383859416	0.7729518246	0.0182943008	0.0703632325
0	0.0051404821	0.1031895055	0.8403528997	0.0197955032	0.0315216095
1	0.0000001980	0.6045524520	0.1493589656	0.2460883834	0.0000000010
0	0.0435049567	0.2545404676	0.0000299987	0.1098577249	0.5920668520
0	0.0556751183	0.6389639919	0.1456316058	0.0000000000	0.1597292841
0	0.0594631428	0.5970828753	0.2184364698	0.0126650631	0.1123524489
