1	0.0000000015	0.1458344159	0.0006143238	0.3102946135	0.5432566453
0	0.1060660903	0.0757001406	0.0000000169	0.0363140541	0.7819196981
1	0.0248824608	0.4509640978	0.1282933929	0.1370903026	0.2587697459
0	0.0006762277	0.0846448418	0.1853038524	0.7121027727	0.0172723053
1	0.0000000000	0.0981002158	0.0986119213	0.0300108622	0.7732770007
1	0.0027793155	0.1857749230	0.7812154359	0.0188406185	0.0113897071
1	0.0000000000	0.5814700454	0.0802760763	0.0161163775	0.3221375009
0	0.0191965221	0.5332251078	0.1254373931	0.2454120652	0.0767289118
0	0.1527079443	0.2513962362	0.0000007907	0.3172135093	0.2786815195
2	0.0000000000	0.1470987988	0.0473379493	0.6123750671	0.1931881848
