0	0.0055086880	0.6147920098	0.2498730004	0.0002139725	0.1296123293
0	0.1330313083	0.7465154594	0.0046143437	0.0310328275	0.0848060610
2	0.0079270388	0.6361935795	0.0000206019	0.0995840055	0.2562747743
0	0.0457266273	0.3448715811	0.5238169131	0.0002035057	0.0853813727
0	0.0233638250	0.6362715943	0.3133596767	0.0000559628	0.0269489411
1	0.0835887082	0.1811127352	0.0000000000	0.0006792989	0.7346192577
0	0.0249287971	0.0338361633	0.1583427271	0.0050890227	0.7778032898
0	0.0231101388	0.7949092113	0.1818626662	0.0001179808	0.0000000028
0	0.0007387792	0.0000275957	0.7092595268	0.0000084327	0.2899656656
0	0.0002468763	0.0776428178	0.0073171890	0.0310705210	0.8837225958
