2	0.9286388065	0.0049635400	0.0090855409	0.0003734533	0.0569386595
0	0.1764629144	0.0001982084	0.5573401176	0.2659987597	0.0000000000
1	0.4714716756	0.0000000149	0.0000000003	0.0594076711	0.4691206381
0	0.2480474582	0.0000032616	0.1308243845	0.0621962807	0.5589286150
1	0.0188753849	0.2970613490	0.5314039358	0.0000000803	0.1526592500
1	0.0884198366	0.0617144934	0.5727267893	0.0221137127	0.2550251680
0	0.0001979273	0.0008920143	0.3904978717	0.2324491628	0.3759630237
0	0.0376999057	0.8505974598	0.0738014030	0.0013514050	0.0365498265
1	0.0684105063	0.7201900177	0.0741396305	0.0000001518	0.1372596937
0	0.3022257769	0.1539655546	0.2335400183	0.0180118511	0.2922567990
0	0.9877043441	0.0029971370	0.0048000550	0.0029297318	0.0015687320
0	0.1565371349	0.0835838132	0.4459190911	0.2821961286	0.0317638323
1	0.9615493126	0.0342965350	0.0026251946	0.0015282172	0.0000007406
0	0.8402391294	0.0000000000	0.1294192384	0.0000000000	0.0303416322
1	0.0643138981	0.8836080956	0.0047934487	0.0137456152	0.0335389424
0	0.0078025799	0.0053365075	0.9774871931	0.0093736740	0.0000000455
0	0.0000003805	0.9121225508	0.0649363523	0.0197026291	0.0032380873
1	0.5274499757	0.0208851080	0.1773932643	0.1934102264	0.0808614257
0	0.1579544931	0.0063901455	0.4737229740	0.0000070437	0.3619253438
0	0.6361911935	0.0000127249	0.2982821801	0.0042684718	0.0612454297
1	0.0301284869	0.2604000633	0.5819936740	0.1101925376	0.0172852382
0	0.6900028760	0.0634379396	0.1423156216	0.0972877507	0.0069558121
1	0.0372298703	0.5074899065	0.0617651530	0.1345738779	0.2589411924
1	0.0451435805	0.0022844213	0.2139188490	0.0884768924	0.6501762568
0	0.5378918399	0.0346299976	0.0041280682	0.0236761840	0.3996739103
1	0.2056078392	0.0010935327	0.7684308979	0.0157247636	0.0091429666
0	0.0643654947	0.0449422848	0.6457243525	0.2449678679	0.0000000000
0	0.0960166053	0.2869083403	0.1712338070	0.4458411415	0.0000001059
1	0.2391550425	0.0000000000	0.6190276299	0.0955583854	0.0462589422
1	0.0101650387	0.1498851684	0.3939824212	0.3926433317	0.0533240400
2	0.9926918065	0.0000000000	0.0017233384	0.0000742350	0.0055106200
1	0.1039202151	0.2183131663	0.5847276821	0.0930389281	0.0000000083
0	0.9947444826	0.0017403936	0.0023182455	0.0011789996	0.0000178788
0	0.1897930452	0.3298008683	0.2512504604	0.2291307474	0.0000248788
0	0.2789416422	0.0954720956	0.4796425245	0.1459416633	0.0000020745
0	0.2531792931	0.0610449732	0.0000000000	0.6857757336	0.0000000000
0	0.0309006234	0.0153422031	0.1422655446	0.3565930384	0.4548985904
0	0.1599258423	0.0125318399	0.0003295936	0.3464791224	0.4807336018
0	0.7778593139	0.0058733966	0.2153122469	0.0000000000	0.0009550426
0	0.0600896240	0.1615026711	0.5433666952	0.0000000010	0.2350410087
1	0.1634910148	0.0000000000	0.8194220290	0.0061053108	0.0109816454
1	0.0000015870	0.1093928707	0.6209895987	0.0237581513	0.2458577923
1	0.1061180611	0.0007276764	0.2589030295	0.6336829927	0.0005682402
2	0.1139761285	0.8370335192	0.0003359326	0.0095276597	0.0391267600
1	0.3010579449	0.0011596523	0.0037361247	0.2720674319	0.4219788461
2	0.0211130231	0.5191309198	0.4059806556	0.0147811564	0.0389942450
0	0.4871697179	0.0018157076	0.4673529320	0.0000045353	0.0436571071
1	0.0436834256	0.0012664044	0.9549055421	0.0000649979	0.0000796300
1	0.0143695696	0.1070941434	0.0514361198	0.4138063277	0.4132938395
0	0.0000000000	0.0114089696	0.4565145358	0.5060292844	0.0260472102
1	0.0610027163	0.7550162161	0.1838755822	0.0000812317	0.0000242538
0	0.9991252795	0.0000011965	0.0000000000	0.0008727064	0.0000008175
2	0.6625563512	0.0510212376	0.1513794842	0.1317115343	0.0033313927
0	0.7014649743	0.0000000000	0.0448911007	0.1524850902	0.1011588347
1	0.0235174531	0.0848500244	0.8913287591	0.0001931153	0.0001106481
1	0.9482492462	0.0079901129	0.0433703641	0.0000000045	0.0003902723
0	0.0029784276	0.0685671432	0.2140044243	0.1924763677	0.5219736371
0	0.0136588292	0.4461089776	0.3442944117	0.1959377815	0.0000000000
0	0.5891188753	0.2345197297	0.1094793672	0.0562020978	0.0106799301
1	0.0445775879	0.0000000005	0.7692452231	0.1436405124	0.0425366761
0	0.9132946947	0.0416754423	0.0124107187	0.0000000000	0.0326191443
0	0.0042168438	0.8255955489	0.0000406657	0.0000002247	0.1701467169
0	0.2228632065	0.0247569823	0.2459371319	0.1029092435	0.4035334358
0	0.9518094790	0.0055588067	0.0000320849	0.0425996295	0.0000000000
1	0.7732558317	0.0001882203	0.0011290766	0.1994882149	0.0259386565
1	0.0005824567	0.0211251810	0.9731709656	0.0023684093	0.0027529874
1	0.1742051492	0.0000046159	0.2108788213	0.0000000038	0.6149114099
0	0.1809969298	0.0002374123	0.0639314274	0.5751367175	0.1796975130
1	0.2603651994	0.0025833705	0.7267096920	0.0033035475	0.0070381906
1	0.4384109236	0.0109190137	0.5505267208	0.0000006812	0.0001426606
0	0.4287793451	0.0389126951	0.0013090672	0.3462984895	0.1847004031
1	0.0990662528	0.0012688975	0.3018670328	0.5583239244	0.0394738925
0	0.0067321249	0.2389723354	0.0085710234	0.6838023465	0.0619221697
1	0.8497273062	0.0136007800	0.1366671069	0.0000040945	0.0000007124
0	0.8861715118	0.1097904145	0.0000000000	0.0033189954	0.0007190783
0	0.0217465344	0.0000000000	0.2925969685	0.6675255899	0.0181309073
0	0.6157511455	0.0372543166	0.3462192243	0.0006921987	0.0000831148
0	0.8898392297	0.0000013427	0.0000000000	0.0000013683	0.1101580593
1	0.2280741500	0.4384810850	0.2184081916	0.0000000000	0.1150365734
0	0.4121700493	0.2472586623	0.2388723486	0.0495560628	0.0521428770
0	0.2959876159	0.0189255801	0.5884394613	0.0251466446	0.0715006981
0	0.8338458047	0.0572816249	0.0405491879	0.0261756081	0.0421477744
0	0.7822763622	0.1637315603	0.0011420268	0.0528500508	0.0000000000
1	0.0096756784	0.0933610694	0.3523695426	0.5445664787	0.0000272309
0	0.2984065322	0.0625855114	0.5373352195	0.0025189190	0.0991538179
1	0.3949353545	0.4118928612	0.1127359922	0.0636533709	0.0167824212
1	0.1180434846	0.0000021055	0.6423755864	0.2393965994	0.0001822242
1	0.6156102028	0.2618492625	0.1224966369	0.0000438961	0.0000000016
0	0.2832945763	0.0000007100	0.5880788290	0.1276791867	0.0009466981
1	0.0167624626	0.0003993019	0.4633895802	0.0026340577	0.5168145976
0	0.0088435527	0.0000805553	0.6676847157	0.3233909612	0.0000002151
0	0.7792244069	0.1364161981	0.0002064397	0.0003105941	0.0838423612
1	0.5845952974	0.0003130255	0.3665090313	0.0236614210	0.0249212247
0	0.1482606783	0.0192639846	0.1334664751	0.4946882887	0.2043205733
1	0.1918583062	0.0438292179	0.0000000000	0.7630355021	0.0012769738
1	0.8917056423	0.0157951916	0.0000762428	0.0923751887	0.0000477346
0	0.0365015892	0.0958093921	0.7600999763	0.0285637221	0.0790253202
0	0.5032133797	0.0039465930	0.4921016442	0.0001311962	0.0006071868
0	0.4982751685	0.0000372895	0.4961443802	0.0000035971	0.0055395647
0	0.7609884446	0.0001328128	0.2220216866	0.0132251699	0.0036318862
