0	0.0722036638	0.0000044010	0.9199373785	0.0008141017	0.0070404551
0	0.0001468056	0.6554404756	0.0001085305	0.0135843635	0.3307198248
0	0.0992732426	0.2495383547	0.4947960429	0.1248672113	0.0315251485
1	0.0236393720	0.4206648617	0.0554713432	0.0338305973	0.4663938258
0	0.0775552774	0.5274959243	0.1657419597	0.0654939060	0.1637129326
0	0.2520435102	0.1589481312	0.0950779998	0.4937095647	0.0002207942
1	0.6712978717	0.0190906782	0.3083808172	0.0012201525	0.0000104804
0	0.9989495004	0.0000002632	0.0000460961	0.0010035636	0.0000005768
0	0.0631835331	0.5562917399	0.3805247270	0.0000000000	0.0000000000
1	0.1968226397	0.1741954901	0.6234501950	0.0055312128	0.0000004623
2	0.1310213927	0.0000095412	0.0473345500	0.0004995767	0.8211349394
1	0.6682903305	0.2513717329	0.0349581794	0.0000000000	0.0453797573
0	0.0926144060	0.0951670884	0.2649218277	0.5253170390	0.0219796389
0	0.9133668540	0.0003195205	0.0302622803	0.0038377611	0.0522135841
0	0.3551532867	0.2335167852	0.1138194998	0.1904914954	0.1070189329
1	0.2062627868	0.1044734986	0.1669910977	0.5055851085	0.0166875084
0	0.7631466684	0.0031528355	0.2268317160	0.0066676148	0.0002011654
0	0.4554130240	0.0680657769	0.3132210461	0.1622652630	0.0010348900
0	0.1564617682	0.1043327312	0.7372219645	0.0019835360	0.0000000000
0	0.6167074013	0.0366819684	0.1095576809	0.2365073561	0.0005455933
1	0.2278517260	0.0138551253	0.4408670423	0.3017792408	0.0156468656
0	0.5512618054	0.0862552585	0.1882941274	0.0119248195	0.1622639890
0	0.0626348932	0.1088236689	0.7326527227	0.0004218081	0.0954669072
0	0.1542468684	0.0000132358	0.7174468703	0.0001066178	0.1281864077
0	0.8388395948	0.1119854798	0.0000000177	0.0121445492	0.0370303584
1	0.0360992474	0.6957835557	0.2550752867	0.0000000000	0.0130419102
1	0.1073181530	0.5291394628	0.3583306383	0.0000069064	0.0052048395
1	0.9046956052	0.0180390098	0.0547150696	0.0225501037	0.0000002118
0	0.7501318809	0.0233931983	0.0058495840	0.0228128205	0.1978125163
1	0.1849578641	0.1570522099	0.5331969125	0.1247913518	0.0000016617
0	0.3635771121	0.6201801155	0.0052624401	0.0000000001	0.0109803322
1	0.1796139020	0.0187639511	0.7081161667	0.0757664904	0.0177394898
1	0.5387225471	0.1049735615	0.1545656756	0.1975996745	0.0041385413
0	0.0038158451	0.1341861089	0.6119625297	0.2334924144	0.0165431019
1	0.0000001859	0.0007897819	0.8099393957	0.0816120406	0.1076585958
1	0.4490426604	0.0671387513	0.4836827653	0.0000000284	0.0001357947
0	0.0394172871	0.0020188253	0.5601688569	0.2173069340	0.1810880967
1	0.0000000001	0.0000000000	0.0012995584	0.9421963935	0.0565040479
0	0.0987715725	0.0000028736	0.7225596687	0.1564554724	0.0222104129
0	0.0000002790	0.0000985259	0.2372452776	0.7626557099	0.0000002077
0	0.0650137337	0.3319468390	0.0000098208	0.0063134135	0.5967161930
1	0.5832499357	0.0100971629	0.0753614708	0.0275991393	0.3036922913
0	0.8970988451	0.0000000000	0.0000000002	0.1029011546	0.0000000000
2	0.1796306599	0.0779221644	0.5374069373	0.2050402383	0.0000000000
0	0.2832612761	0.6479178691	0.0688208547	0.0000000000	0.0000000000
0	0.0197165958	0.0013153015	0.6212489416	0.0017985257	0.3559206353
1	0.0345479563	0.0558752671	0.4759302135	0.0001309308	0.4335156324
1	0.5422819701	0.0802572686	0.3016245168	0.0368798312	0.0389564132
0	0.7837026874	0.0000000000	0.0000728053	0.1618254514	0.0543990559
0	0.1931292133	0.0098615627	0.3443567230	0.4526525010	0.0000000000
1	0.0552724885	0.2120955101	0.2171320944	0.0001066472	0.5153932598
0	0.8849594643	0.0071152682	0.0248466690	0.0133777298	0.0697008687
0	0.1831096032	0.0917463630	0.5516112542	0.0000004018	0.1735323779
2	0.1348352754	0.1355974103	0.3704322531	0.0200747729	0.3390602883
0	0.8644281577	0.0000000000	0.0070323619	0.0067100515	0.1218294289
1	0.5945663372	0.3660422808	0.0370328029	0.0000000000	0.0023585791
0	0.4832756803	0.0001909167	0.0067598136	0.5097735698	0.0000000197
1	0.1335076715	0.0282453118	0.3060687727	0.1025914474	0.4295867967
1	0.2773837471	0.1484247882	0.2331913343	0.1301654462	0.2108346843
1	0.0213874418	0.1357249485	0.8428875876	0.0000000034	0.0000000187
0	0.0542929156	0.3985658878	0.5209553380	0.0000000000	0.0261858586
0	0.9551892119	0.0041466676	0.0000238533	0.0001366046	0.0405036625
0	0.9252507723	0.0145793232	0.0000000006	0.0601289927	0.0000409111
0	0.1617720462	0.0178223571	0.0505656267	0.4888230481	0.2810169218
0	0.2110890404	0.2019654204	0.0313297720	0.0000000000	0.5556157672
0	0.1529625388	0.0003798511	0.6946274494	0.1369431572	0.0150870034
0	0.1611554445	0.3806047193	0.1812588353	0.2668399271	0.0101410738
0	0.0002870141	0.3533882912	0.2163842267	0.3820970694	0.0478433986
1	0.6370874581	0.0427044260	0.2446885853	0.0092833126	0.0662362179
0	0.0692046006	0.0072217575	0.9029686205	0.0206047279	0.0000002935
0	0.3905476809	0.0735489451	0.0545468609	0.0488056795	0.4325508336
0	0.2281996521	0.1640041677	0.0935003242	0.1744109423	0.3398849138
1	0.8028756169	0.0000000000	0.1103152519	0.0822774104	0.0045317208
0	0.5569344556	0.3889597129	0.0433602459	0.0106686199	0.0000769657
1	0.2034489010	0.2580241757	0.2992223419	0.2393010187	0.0000035627
0	0.9782132202	0.0000000008	0.0136676323	0.0081191313	0.0000000153
0	0.5453040361	0.0000000000	0.3792049852	0.0000000030	0.0754909758
0	0.0000053690	0.0000764961	0.7546236403	0.0044539602	0.2408405343
0	0.0096990149	0.1086520254	0.1616661745	0.7199827852	0.0000000000
0	0.0000276340	0.0087760770	0.2986709593	0.1604812991	0.5320440306
1	0.0995948696	0.0002432834	0.3320784005	0.4574978716	0.1105855748
1	0.4406899651	0.0000080789	0.5215499145	0.0044336638	0.0333183777
0	0.0478720613	0.2263891743	0.4029124751	0.1265817069	0.1962445824
1	0.7175097336	0.0003245565	0.2042516456	0.0691004822	0.0088135822
1	0.2422191609	0.5470482999	0.0055190954	0.2051883139	0.0000251299
2	0.5813895662	0.0662026224	0.0000000000	0.0046481621	0.3477596492
0	0.7903062489	0.0003041754	0.0000000541	0.1947077908	0.0146817308
0	0.0923667499	0.0000000019	0.0001474227	0.1318381768	0.7756476488
0	0.8307766380	0.0509686378	0.1182375865	0.0000105755	0.0000065622
0	0.2495611795	0.0845639115	0.5772267697	0.0030038801	0.0856442592
1	0.0000210304	0.0279868794	0.0617615416	0.1560352413	0.7541953073
0	0.3661695289	0.0632753704	0.4638618132	0.0793788842	0.0273144033
1	0.3191286770	0.0000000000	0.0000349107	0.5706282368	0.1102081755
2	0.4616442517	0.1082931743	0.1199406525	0.3100267459	0.0000951756
1	0.6476790080	0.0271338087	0.0309452159	0.2893682103	0.0048737571
1	0.1497546196	0.0000000000	0.1716298929	0.6527833108	0.0258321767
2	0.0016456306	0.0412775247	0.8538549316	0.0798192197	0.0234026934
0	0.1441611115	0.4529931190	0.2974398235	0.1010631926	0.0043427533
1	0.0000000000	0.4711717616	0.2347808104	0.2480851112	0.0459623167
0	0.9299957883	0.0164029832	0.0534856261	0.0001060939	0.0000095085
