0	0.2743500619	0.0017452492	0.4406294416	0.2688591066	0.0144161407
1	0.4009797484	0.0340301017	0.0603184395	0.4782684974	0.0264032130
0	0.7102411272	0.0202663425	0.2396304329	0.0281302449	0.0017318525
2	0.2895773883	0.0430397913	0.0001984057	0.5891518859	0.0780325289
0	0.4612718011	0.0070895578	0.0981026603	0.4309313230	0.0026046579
0	0.2324835138	0.0307979596	0.7277299959	0.0000185389	0.0089699918
0	0.4721734703	0.0056348674	0.1361403090	0.3858269419	0.0002244114
1	0.1950346538	0.3002969986	0.3808260967	0.0382378752	0.0856043756
1	0.3276979233	0.6374024199	0.0303130792	0.0000000583	0.0045865193
0	0.0000000000	0.1241218078	0.5288539240	0.0024439411	0.3445803271
1	0.2596091520	0.0003250386	0.5697536074	0.1703122003	0.0000000017
2	0.8402378578	0.0036358633	0.0279463190	0.1267044455	0.0014755145
1	0.1680674280	0.0556294454	0.6224250760	0.1314009491	0.0224771016
1	0.1275326467	0.0793068247	0.3507309914	0.1828377975	0.2595917397
1	0.0367913500	0.0000000000	0.9526677211	0.0105409289	0.0000000000
0	0.6511366621	0.0893073103	0.2578286093	0.0017270067	0.0000004116
1	0.0864744020	0.1406747585	0.7727850631	0.0000657672	0.0000000093
0	0.9890742552	0.0109256524	0.0000000739	0.0000000180	0.0000000006
0	0.1153272544	0.0510252669	0.3680371667	0.1262537223	0.3393565897
0	0.0014995969	0.0737892339	0.6098456781	0.2822835180	0.0325819731
1	0.5120678782	0.1509897168	0.0371440577	0.2914632968	0.0083350505
1	0.5833627548	0.2975534337	0.0237554592	0.0003245109	0.0950038415
0	0.0005601765	0.2744399358	0.0000569480	0.2597000822	0.4652428575
0	0.2972922748	0.3775322743	0.0000000119	0.1637010056	0.1614744333
0	0.6165838612	0.0658579497	0.0004327182	0.0000000000	0.3171254708
2	0.9520516679	0.0111689232	0.0074581191	0.0000031836	0.0293181061
0	0.0361006237	0.0983512439	0.0201094613	0.8343041832	0.0111344879
0	0.4471757478	0.3393508031	0.1257256745	0.0116907286	0.0760570459
0	0.6517646375	0.0046728879	0.1828113647	0.1582010751	0.0025500349
0	0.3337084955	0.0776228464	0.0574625930	0.2542051536	0.2770009115
0	0.2093001567	0.3067268769	0.0009227928	0.1680401378	0.3150100358
1	0.0008503615	0.2331592380	0.6870731088	0.0032373235	0.0756799682
0	0.0465849287	0.1037200493	0.7800998559	0.0695951660	0.0000000000
1	0.0934162308	0.3248647708	0.0802576097	0.2771119744	0.2243494143
1	0.6463454785	0.0000000025	0.2486766774	0.0822701108	0.0227077308
1	0.2126473997	0.6695404518	0.0769674678	0.0000904190	0.0407542618
0	0.1490346602	0.0119500593	0.2839610938	0.5337690560	0.0212851307
0	0.1357622198	0.1660462064	0.0003845508	0.0000000003	0.6978070228
0	0.4186344013	0.3578709173	0.0277358458	0.1957588355	0.0000000000
1	0.1974843988	0.2666240832	0.0003339752	0.5355383712	0.0000191717
0	0.0086566144	0.0012591046	0.7596131057	0.2175764067	0.0128947687
0	0.0521686268	0.1156831616	0.4249458992	0.3984904988	0.0087118136
1	0.7725928134	0.0047190271	0.2226790931	0.0000000000	0.0000090664
0	0.3915623081	0.6001997926	0.0004891548	0.0007264399	0.0070223046
0	0.9748587860	0.0000000000	0.0000214352	0.0100498460	0.0150699328
0	0.7977676128	0.0926100074	0.0714308596	0.0363596683	0.0018318520
0	0.5521861699	0.3600646114	0.0044642304	0.0727244561	0.0105605322
0	0.0471743899	0.5173829514	0.3465455731	0.0156048348	0.0732922508
2	0.2294817447	0.5945695540	0.0018711744	0.1651797743	0.0088977526
1	0.1929350454	0.1503241704	0.5453099035	0.0000000349	0.1114308458
1	0.0000002917	0.0204533110	0.9622767027	0.0026452386	0.0146244559
0	0.0214569472	0.1205573173	0.0849425842	0.1608972586	0.6121458927
0	0.1888374952	0.0000000000	0.3273265522	0.1758928431	0.3079431095
0	0.4893814809	0.0019438607	0.1963601489	0.2951965561	0.0171179534
0	0.7752055742	0.1804728827	0.0436228917	0.0006978705	0.0000007809
0	0.5877203349	0.0825636435	0.0481937327	0.2815195853	0.0000027036
0	0.0483666417	0.2248162881	0.0159237065	0.0303792247	0.6805141390
1	0.0003149080	0.0000000000	0.9925452516	0.0000000596	0.0071397808
0	0.0030319651	0.9553522385	0.0334837739	0.0081314295	0.0000005930
0	0.3910223799	0.1000073295	0.2547783230	0.0000133842	0.2541785834
1	0.0236976496	0.0036410239	0.8906212293	0.0773922091	0.0046478881
0	0.0000000000	0.0000000000	0.3518005318	0.6473879568	0.0008115114
0	0.3668786050	0.2049495301	0.2072333882	0.2209384767	0.0000000000
0	0.6914689268	0.0244654367	0.0425329832	0.2018332304	0.0396994229
0	0.0000000018	0.0046246413	0.6800509986	0.0105188391	0.3048055192
0	0.0936130200	0.0000000656	0.5344003305	0.3719865627	0.0000000212
0	0.2208814740	0.0868125972	0.2910458523	0.0945513536	0.3067087229
0	0.3777984666	0.0148015812	0.1712469621	0.0750595063	0.3610934838
0	0.5945124644	0.0001135460	0.3749547550	0.0285690013	0.0018502332
1	0.0119598816	0.1999920283	0.0330043396	0.6580534991	0.0969902514
1	0.1747429707	0.2389585658	0.3056099996	0.2273023157	0.0533861482
1	0.7139032414	0.0557264907	0.0675457423	0.1359932526	0.0268312731
1	0.5706723137	0.1111987144	0.2380655951	0.0137288893	0.0663344874
0	0.0000024275	0.0000880925	0.4731533920	0.5267560880	0.0000000000
0	0.1860324722	0.0000000267	0.8139559650	0.0000055814	0.0000059547
0	0.2056899440	0.0745057714	0.7033472634	0.0163299057	0.0001271155
0	0.1326663222	0.1171823701	0.0917652521	0.0163052946	0.6420807611
0	0.5749565579	0.4211033698	0.0039268312	0.0000003955	0.0000128456
0	0.0000002849	0.0018923448	0.0636218466	0.0804935795	0.8539919442
0	0.4979376777	0.0066042721	0.4200437082	0.0000496011	0.0753647410
1	0.8557317046	0.0098763062	0.0041844511	0.1302050259	0.0000025122
0	0.1571120180	0.0086073866	0.0000000591	0.0587038992	0.7755766372
1	0.0164782716	0.0008135611	0.6680186118	0.0000000002	0.3146895553
1	0.0006658825	0.0001438141	0.9222703951	0.0000001843	0.0769197239
1	0.1746647628	0.3560330484	0.0196193741	0.4496825975	0.0000002173
0	0.0000000077	0.3782511948	0.6070734007	0.0146734121	0.0000019847
0	0.0585181450	0.0882798738	0.3191447775	0.5303878798	0.0036693239
1	0.2129636940	0.0401415809	0.4601841908	0.1609434997	0.1257670346
0	0.3821792593	0.5256890043	0.0524764704	0.0389730048	0.0006822612
1	0.0000520790	0.3880958839	0.4321445013	0.0007098425	0.1789976933
0	0.0073940249	0.0000000000	0.9312003926	0.0147766440	0.0466289384
0	0.0513297239	0.0000000069	0.3668388736	0.5802920405	0.0015393552
0	0.3507422301	0.3219931951	0.2346095182	0.0000052646	0.0926497920
0	0.8043804653	0.0000000000	0.1252514145	0.0601725475	0.0101955727
1	0.1762398470	0.6146392165	0.1548000124	0.0486205715	0.0057003526
1	0.4795626708	0.0071800253	0.3222650852	0.1889741713	0.0020180474
0	0.6242844730	0.0488212261	0.0647887327	0.2553443236	0.0067612446
1	0.0040173076	0.5910296462	0.0054461755	0.0101281529	0.3893787178
0	0.9197327536	0.0118887334	0.0000168203	0.0358752911	0.0324864016
2	0.0249615690	0.0464439345	0.7639377232	0.0859977299	0.0786590435
