0	0.0144121194	0.0144250580	0.9076633697	0.0589206713	0.0045787816
0	0.0315954047	0.0000000427	0.5072815764	0.2878829412	0.1732400349
0	0.0743814206	0.0715153133	0.8317271079	0.0000100875	0.0223660707
1	0.4760950216	0.0326638594	0.2213938913	0.0540554339	0.2157917937
0	0.0240588470	0.0000055022	0.4109513459	0.5199877497	0.0449965551
1	0.0159186404	0.0000104675	0.0788667370	0.1950850907	0.7101190644
0	0.5054795417	0.0000000000	0.3610791666	0.0003199345	0.1331213572
1	0.9708084463	0.0051409898	0.0047432849	0.0193072791	0.0000000000
0	0.1496380793	0.2241095120	0.3609971990	0.0541449816	0.2111102280
0	0.6668547190	0.3306200342	0.0000000000	0.0000004388	0.0025248080
0	0.0083335317	0.1667067581	0.8010356416	0.0058728421	0.0180512265
0	0.1688792232	0.0294978365	0.7924162836	0.0006455897	0.0085610670
0	0.1520575922	0.7910112478	0.0569309664	0.0000001796	0.0000000140
1	0.1111177901	0.0244284402	0.6172376206	0.2190604724	0.0281556766
0	0.6416871435	0.0000643878	0.1183561244	0.0623589103	0.1775334340
0	0.5009966559	0.0000000000	0.3565569243	0.0000001997	0.1424462201
0	0.3245534641	0.0000000027	0.4638240077	0.2115953920	0.0000271335
1	0.0397602427	0.1855064118	0.4900422868	0.0000000020	0.2846910567
0	0.7351396607	0.0000000000	0.0349222052	0.0426190695	0.1873190646
0	0.0224694359	0.0000000000	0.8792349593	0.0851358462	0.0131597586
1	0.6639117843	0.0038006125	0.0043286176	0.3208531902	0.0071057954
0	0.0018428446	0.4971556453	0.2863158907	0.0010235084	0.2136621110
1	0.1788789288	0.2392119988	0.5439287344	0.0000000001	0.0379803379
0	0.0238699951	0.0000497775	0.8355737132	0.0820347047	0.0584718095
0	0.5638291718	0.0600249868	0.2286153713	0.0552569163	0.0922735538
1	0.8120045640	0.0188754100	0.0000000000	0.0121318866	0.1569881394
0	0.0862007926	0.0074709247	0.9057417956	0.0000003567	0.0005861304
1	0.0068750167	0.5975590651	0.0000000000	0.1585861162	0.2369798020
0	0.3269569639	0.0021290962	0.5160266669	0.1495832678	0.0053040052
0	0.5461947984	0.0069061658	0.3869797352	0.0017082265	0.0582110741
1	0.1110596409	0.3660424825	0.0000000001	0.5033175258	0.0195803507
1	0.0756938001	0.0000094201	0.7573929388	0.0018323162	0.1650715248
1	0.0651287818	0.1180482156	0.2728984437	0.5438723615	0.0000521974
0	0.3968820724	0.0000026952	0.0479294814	0.4744643750	0.0807213760
0	0.8308749534	0.0000019398	0.0000000002	0.0000000008	0.1691231058
0	0.1783718662	0.0919653630	0.3431264708	0.1124076531	0.2741286469
0	0.1415357089	0.0461231244	0.8079976413	0.0005246425	0.0038188828
0	0.0002726668	0.2711007818	0.1313990032	0.5962564404	0.0009711078
1	0.0007579540	0.0050560196	0.7265634799	0.0312327557	0.2363897908
0	0.5675126650	0.4184423633	0.0001022253	0.0131803322	0.0007624141
0	0.1674527205	0.1320754512	0.1244620446	0.5710819962	0.0049277875
0	0.5585631605	0.0012648782	0.0594319720	0.3773229889	0.0034170004
0	0.2140400581	0.0000000444	0.2759199936	0.0280049011	0.4820350028
0	0.3622805284	0.2011081437	0.2188223437	0.2177887416	0.0000002426
0	0.6792408313	0.1040538180	0.0115090416	0.1026980003	0.1024983087
0	0.0035579621	0.0747456002	0.9216964377	0.0000000000	0.0000000000
0	0.0526686748	0.0716203217	0.7413164706	0.0780445387	0.0563499942
0	0.0000017290	0.0000013238	0.0000003813	0.9969136964	0.0030828695
0	0.8039695806	0.0176102050	0.0278268171	0.1382056364	0.0123877609
0	0.0010670796	0.0112763764	0.7867638912	0.0020658843	0.1988267684
0	0.9527968965	0.0000319510	0.0035493542	0.0428684544	0.0007533440
1	0.0363533681	0.2098136181	0.0060331727	0.0000000000	0.7477998410
0	0.0339338559	0.0214380207	0.1219485235	0.0301365188	0.7925430811
1	0.0000000471	0.0000000000	0.5166699062	0.4833300463	0.0000000004
0	0.0083956294	0.1539088602	0.0978826069	0.7385464068	0.0012664966
0	0.6534599281	0.1030716494	0.0170789270	0.0012863470	0.2251031485
0	0.0000000003	0.0073045179	0.0389200379	0.8932189874	0.0605564565
0	0.1036096860	0.8831385293	0.0000000000	0.0000000339	0.0132517509
1	0.0557539928	0.1506525921	0.7553001044	0.0382930713	0.0000002393
0	0.0000124409	0.8112439233	0.0661650520	0.1223598886	0.0002186952
0	0.0005325016	0.0081303137	0.9837963543	0.0012338115	0.0063070191
0	0.6718404271	0.0117082074	0.1059897181	0.1295763424	0.0808853050
0	0.5130043727	0.0093996813	0.4767871789	0.0003556817	0.0004530853
0	0.9663645394	0.0079547301	0.0214980313	0.0010422634	0.0031404358
0	0.1314179912	0.0315666730	0.0232595179	0.7951888796	0.0185669383
0	0.6134433579	0.0002348897	0.0523172520	0.0482506286	0.2857538717
1	0.3011563592	0.2740340052	0.2794351903	0.0000000000	0.1453744453
0	0.2649484603	0.0906721478	0.3411302039	0.0763076442	0.2269415437
0	0.0308845396	0.0000000000	0.3716494353	0.3467201961	0.2507458291
0	0.3002647686	0.2888995505	0.0079353125	0.0029650464	0.3999353220
1	0.3343812410	0.0195478881	0.5623384035	0.0642667022	0.0194657653
0	0.0549010961	0.0035105405	0.9415866242	0.0000017391	0.0000000000
1	0.2754224021	0.1209183046	0.2615363515	0.3421228780	0.0000000638
0	0.1309929686	0.0869102863	0.6395519201	0.1411835470	0.0013612780
1	0.0000525219	0.2640497183	0.0225978945	0.2764487030	0.4368511623
1	0.4829881433	0.0515350970	0.0750142330	0.0999237141	0.2905388126
0	0.0001239837	0.9756694492	0.0057970034	0.0003462708	0.0180632929
1	0.2922262667	0.3905077588	0.0864342470	0.0000000000	0.2308317275
0	0.3563744438	0.0775246431	0.4000608125	0.0070668887	0.1589732120
1	0.0596102922	0.0000000004	0.9374671634	0.0000000000	0.0029225439
0	0.2627748839	0.0419981434	0.6831940077	0.0110456175	0.0009873475
0	0.0387483055	0.3901421550	0.3366219976	0.1911726386	0.0433149034
0	0.6203412644	0.3364717751	0.0383204172	0.0048665432	0.0000000002
0	0.5311662962	0.0283240387	0.3066893084	0.0178045416	0.1160158151
0	0.2177424161	0.0032698792	0.1233756932	0.6525297567	0.0030822548
0	0.0834543797	0.4647606937	0.1003348623	0.0000863136	0.3513637508
2	0.0386116275	0.0111914083	0.2734323959	0.0022093316	0.6745552367
0	0.4753966447	0.0000614776	0.4838661129	0.0406757647	0.0000000002
0	0.0677064786	0.5442353916	0.3854913630	0.0000000644	0.0025667025
0	0.6465601933	0.2517095076	0.0377303078	0.0025938620	0.0614061294
1	0.4202500725	0.0151517433	0.4573164144	0.0669535431	0.0403282267
1	0.2876966165	0.0146562924	0.4460705309	0.0163869974	0.2351895628
2	0.1513208516	0.0000000000	0.0240809465	0.0618834777	0.7627147242
1	0.0897698354	0.4077604332	0.1497102596	0.3506414547	0.0021180171
1	0.0640630936	0.0015403309	0.9201308668	0.0110656676	0.0032000410
1	0.1138914995	0.0000000000	0.5290847157	0.2371107337	0.1199130511
0	0.9366929401	0.0016383177	0.0000015355	0.0586050914	0.0030621152
1	0.9542206858	0.0296655212	0.0036457796	0.0124390780	0.0000289353
0	0.6628805330	0.1411518758	0.0000123777	0.1710905863	0.0248646272
0	0.2617883456	0.0862375178	0.5598175907	0.0874304106	0.0047261353
