0	0.6804329219	0.0028276160	0.0022852326	0.0425687178	0.2718855116
1	0.0001328971	0.0027956564	0.0002463238	0.1252585451	0.8715665776
0	0.0002152500	0.0224404420	0.0005149102	0.9693499225	0.0074794752
1	0.1132900677	0.4395545074	0.4292059534	0.0000533519	0.0178961196
0	0.3844778924	0.3884286515	0.1077845574	0.0961318680	0.0231770306
0	0.8087569875	0.0000000001	0.1857949895	0.0054175039	0.0000305190
1	0.0000077475	0.0103835627	0.9893870254	0.0000000000	0.0002216644
0	0.0000017205	0.0544755003	0.0812580579	0.8641059046	0.0001588167
0	0.2369160335	0.1694286664	0.2822229540	0.0484105041	0.2630218420
0	0.3238233898	0.1034197000	0.0947148174	0.3142701787	0.1637719140
1	0.8688484360	0.0121288090	0.0977436342	0.0212385905	0.0000405304
0	0.3776319734	0.0113871296	0.2175904053	0.3919605692	0.0014299225
0	0.2532278208	0.0051885904	0.7183795398	0.0232040490	0.0000000000
0	0.5154497654	0.0822846428	0.2505664047	0.1311102424	0.0205889448
2	0.5526625283	0.0000000000	0.0000264797	0.3920806485	0.0552303435
0	0.0200557268	0.4550678302	0.4905803713	0.0000000733	0.0342959985
1	0.2559219218	0.5517815006	0.0000921251	0.1922044525	0.0000000000
0	0.3160235604	0.0375101124	0.4274386022	0.2190277251	0.0000000000
0	0.7479638827	0.0473543476	0.0022763026	0.0000077122	0.2023977550
0	0.9211183394	0.0001060794	0.0000058254	0.0190167338	0.0597530220
0	0.1002353406	0.8099586985	0.0600297648	0.0012083727	0.0285678233
0	0.2375489181	0.2301856216	0.1202916797	0.4119737709	0.0000000096
0	0.6067216964	0.0000746221	0.2613988193	0.0000000000	0.1318048622
1	0.8879901778	0.0000000000	0.0428457790	0.0690443171	0.0001197262
1	0.5139441961	0.0191117961	0.4489262304	0.0180177775	0.0000000000
1	0.6583235143	0.0072706719	0.3278846421	0.0065211690	0.0000000027
1	0.3110320740	0.1371951025	0.0008652137	0.0380657403	0.5128418694
1	0.2458268555	0.0125206942	0.3536723479	0.3491045965	0.0388755058
0	0.0577763461	0.0000000177	0.2283448673	0.0442358877	0.6696428812
0	0.6051685736	0.0000000000	0.0157926063	0.0013685058	0.3776703142
1	0.5788931283	0.1231799785	0.1999691028	0.0447617302	0.0531960601
1	0.6347637957	0.0367639895	0.3284721525	0.0000000622	0.0000000000
0	0.7364831791	0.0424070246	0.0491152847	0.0462703561	0.1257241555
0	0.0001065257	0.0018177068	0.9970745331	0.0009916844	0.0000095500
0	0.1019658754	0.0315146594	0.8624117576	0.0041031452	0.0000045624
0	0.2114333014	0.0236420272	0.2420872861	0.5228373854	0.0000000000
0	0.3760314438	0.0008870664	0.3491852897	0.1745338949	0.0993623051
0	0.0387796357	0.0226760008	0.3711041313	0.5673792191	0.0000610132
1	0.1153231169	0.3723468792	0.0198988171	0.4634333645	0.0289978224
1	0.6028674795	0.0125837588	0.2987670716	0.0004754052	0.0853062849
0	0.0000045617	0.5779579654	0.0010576392	0.0021778364	0.4188019972
0	0.6414010044	0.0000000875	0.0563377157	0.2994658037	0.0027953886
0	0.0293159351	0.0985375675	0.1429899755	0.0258636765	0.7032928453
0	0.0002877745	0.0027047544	0.7999393696	0.1968786223	0.0001894792
0	0.0188632138	0.7316114450	0.2203922021	0.0046531958	0.0244799434
0	0.0001189950	0.0006491132	0.1343861301	0.7777903062	0.0870554555
0	0.0125468425	0.0019256802	0.4467806558	0.0011493199	0.5375975016
0	0.8286381389	0.0023954884	0.0050308413	0.1470793562	0.0168561751
0	0.0032407657	0.0000354115	0.5766993366	0.4200244862	0.0000000000
2	0.6199608320	0.1873288015	0.0749776225	0.0192604038	0.0984723402
0	0.1515403069	0.2227467243	0.0023209076	0.6154687620	0.0079232992
0	0.1345983600	0.0452427923	0.8090457179	0.0100327942	0.0010803357
1	0.2707691637	0.0033703638	0.4779490786	0.2477135263	0.0001978676
0	0.0018105704	0.5661753451	0.3981306975	0.0299280970	0.0039552900
0	0.3261656342	0.0000000000	0.2044695189	0.4574211141	0.0119437328
0	0.0625398472	0.1024839814	0.0026650545	0.0197922666	0.8125188502
0	0.0479927252	0.4701011636	0.4788800633	0.0030260479	0.0000000000
0	0.3167625464	0.0581576192	0.3139262718	0.0180154387	0.2931381239
1	0.4182588159	0.0000000000	0.5588869255	0.0205093689	0.0023448897
1	0.1223316978	0.5644780027	0.2518259532	0.0000000000	0.0613643464
1	0.0840384383	0.0000017702	0.5466717528	0.3370372520	0.0322507868
0	0.0670301686	0.0000431146	0.4832252863	0.4350419298	0.0146595006
1	0.0286022795	0.2664241144	0.6086792329	0.0001592787	0.0961350945
0	0.1953965781	0.0917500488	0.0000062941	0.1311212451	0.5817258339
1	0.6765173797	0.0059675900	0.0065325003	0.3109825300	0.0000000000
0	0.0137418680	0.0003314914	0.6873873372	0.0013042348	0.2972350686
2	0.3979138563	0.5823693147	0.0000929725	0.0192345304	0.0003893261
0	0.5305476202	0.0000846901	0.3900620934	0.0761242868	0.0031813095
0	0.0167200613	0.0524726211	0.0185021025	0.2440152198	0.6682899953
0	0.0000074746	0.1751934170	0.0241727286	0.0502539878	0.7503723920
0	0.8009660430	0.0481520689	0.0197749586	0.0386450206	0.0924619090
0	0.8042685975	0.0001332427	0.1232963997	0.0000000000	0.0723017601
1	0.0000000000	0.1448808845	0.1794127195	0.6744252390	0.0012811570
0	0.4269634100	0.0334802531	0.5354368451	0.0026427330	0.0014767588
0	0.3814578082	0.1296709194	0.0006383646	0.1256118701	0.3626210378
1	0.9074054911	0.0000000015	0.0031506194	0.0707954448	0.0186484432
0	0.0000335495	0.0940294511	0.3248218947	0.0838797263	0.4972353783
0	0.3663424392	0.5436745631	0.0437386609	0.0389579895	0.0072863473
0	0.3255998852	0.4798993822	0.1352238902	0.0000339496	0.0592428928
1	0.8238652016	0.0034800696	0.1714976413	0.0005347449	0.0006223426
0	0.0070476784	0.0000008911	0.0846968066	0.0182323093	0.8900223145
1	0.4304740210	0.3324036349	0.2137659954	0.0000002828	0.0233560658
0	0.3560098776	0.0000000206	0.5095774442	0.1200770614	0.0143355961
1	0.0017596494	0.0652218253	0.4432114214	0.4897340929	0.0000730111
0	0.1423411130	0.0058188118	0.6417621074	0.1086270121	0.1014509558
0	0.4843169271	0.0000508964	0.4281825830	0.0000105055	0.0874390881
0	0.2041089873	0.0091762268	0.0119357518	0.0147350883	0.7600439458
0	0.5796940602	0.0937980734	0.0172116298	0.3092959241	0.0000003125
1	0.2994295798	0.0105343641	0.4105390360	0.0717190325	0.2077779876
0	0.0992404552	0.0000000000	0.0149278135	0.0058993841	0.8799323472
0	0.0020061520	0.0000014449	0.9883354545	0.0000039065	0.0096530421
1	0.0013529739	0.0000000000	0.3797225947	0.5404677293	0.0784567021
1	0.2169502394	0.0058659991	0.0295346156	0.3591590697	0.3884900761
0	0.0531876762	0.0095801397	0.6441242430	0.2931079411	0.0000000000
1	0.0020590335	0.1381305578	0.4537237327	0.3005173033	0.1055693727
1	0.1182417973	0.0000003059	0.4807724539	0.1561234577	0.2448619852
0	0.0317828238	0.0708071312	0.8363774210	0.0000009440	0.0610316800
0	0.1044698717	0.0056882511	0.7338831747	0.1559568186	0.0000018839
0	0.4054575997	0.0000000047	0.2327788182	0.2594968893	0.1022666881
0	0.0275640143	0.3689911946	0.5728806665	0.0000000000	0.0305641246
