0	0.9144877762	0.0000283892	0.0171647088	0.0683171315	0.0000019943
0	0.9571955078	0.0007963778	0.0316138481	0.0103942663	0.0000000000
0	0.0043829764	0.0510881782	0.8716551488	0.0715907418	0.0012829548
0	0.3237068196	0.0536858145	0.0537002019	0.0924024547	0.4765047093
0	0.7427818976	0.0603226674	0.0003929718	0.0110691136	0.1854333496
0	0.2247699651	0.0000199269	0.0116260868	0.0428051602	0.7207788610
1	0.2601897964	0.1760257978	0.4998653785	0.0604085834	0.0035104439
0	0.0204237285	0.0000204891	0.9767475746	0.0018896814	0.0009185264
1	0.1373309455	0.6660609578	0.0962143138	0.0808464624	0.0195473206
0	0.6436385986	0.0292431294	0.2726321545	0.0544857143	0.0000004032
0	0.7642353325	0.0000066217	0.2289432003	0.0029859435	0.0038289019
1	0.0000134878	0.0720094560	0.0000121683	0.8708141997	0.0571506882
1	0.0372137606	0.0122722542	0.2712421940	0.3680754875	0.3111963037
1	0.5089848514	0.3526522522	0.1087347250	0.0258639646	0.0037642069
0	0.0729071419	0.0000000000	0.9016505429	0.0000008351	0.0254414800
0	0.1085313393	0.8914680651	0.0000005588	0.0000000368	0.0000000000
0	0.0442751030	0.0209752267	0.6599688612	0.1945018064	0.0802790027
0	0.6451698053	0.0019498887	0.0020407565	0.2470287178	0.1038108317
1	0.4904996472	0.5085558825	0.0000792465	0.0000001256	0.0008650982
1	0.0024756624	0.0313208280	0.7123319465	0.0017739441	0.2520976191
0	0.7087435687	0.0844497409	0.2030437591	0.0020904531	0.0016724782
1	0.0705291864	0.0019302150	0.0098826969	0.2020299590	0.7156279427
0	0.9543228172	0.0000000013	0.0000000000	0.0375553534	0.0081218280
0	0.0598816887	0.0123983331	0.1027236254	0.5270111169	0.2979852359
0	0.6889615073	0.1462496727	0.0123638029	0.1293503293	0.0230746879
0	0.1847414383	0.0306289791	0.7568805916	0.0058257309	0.0219232602
1	0.0000067518	0.2506078112	0.5169502045	0.1135052385	0.1189299939
0	0.5352437857	0.0128821443	0.4121601264	0.0392741706	0.0004397730
0	0.2575996839	0.0000000947	0.0220811030	0.0237587095	0.6965604090
0	0.0028224792	0.2284193148	0.5113196971	0.0378319770	0.2196065319
0	0.2618721484	0.5069544056	0.1032152531	0.0002866586	0.1276715343
2	0.0026232180	0.0198355686	0.0407297693	0.0124290947	0.9243823494
1	0.6965860409	0.0006226713	0.0705053148	0.0622209511	0.1700650219
1	0.0051747460	0.4755398149	0.4457343699	0.0705241530	0.0030269163
1	0.4341702894	0.0990258330	0.1274195101	0.3393658740	0.0000184935
1	0.0534448525	0.0000000000	0.4086767788	0.2455959974	0.2922823714
1	0.0002626947	0.0017269353	0.5406761631	0.2812758893	0.1760583177
2	0.0079886489	0.0120532822	0.9362901228	0.0435678885	0.0001000577
0	0.1637212043	0.0007888451	0.5605133301	0.0222943054	0.2526823151
1	0.1251315193	0.0000089771	0.0000189955	0.7751296023	0.0997109059
0	0.0590318437	0.0000000073	0.8169390195	0.1239363372	0.0000927923
0	0.0001310330	0.1635925083	0.3339884381	0.3524001980	0.1498878226
0	0.0054166461	0.0000000298	0.1804507288	0.0738720963	0.7402604989
0	0.0378187099	0.0057074573	0.9560017623	0.0004648926	0.0000071778
2	0.6383478666	0.1941557834	0.1395894847	0.0125049437	0.0154019215
0	0.3001713366	0.0000000742	0.1399524655	0.0004352538	0.5594408698
0	0.0000000000	0.1297145626	0.7825920750	0.0128376288	0.0748557336
1	0.5398630145	0.0918501555	0.1038634078	0.0467645168	0.2176589054
1	0.5289169167	0.0057522224	0.4185364746	0.0462449521	0.0005494343
0	0.2208642736	0.0665522977	0.6516825337	0.0018633943	0.0590375007
0	0.7788407517	0.0642146449	0.0552742642	0.0791740895	0.0224962497
0	0.3525113546	0.1264563022	0.2868434755	0.0000000000	0.2341888676
0	0.6910446981	0.2256306259	0.0000000000	0.0832835768	0.0000410992
0	0.0829119363	0.1213381661	0.7691516389	0.0001273696	0.0264708892
0	0.2823521576	0.0063491103	0.6642685519	0.0165819738	0.0304482063
1	0.0000000000	0.0000033214	0.9970232137	0.0000000003	0.0029734647
0	0.0219593528	0.0000000000	0.8666148057	0.0450182466	0.0664075948
0	0.6878365952	0.1794003797	0.0000024542	0.1327605709	0.0000000000
0	0.6319790825	0.1673070994	0.1444051835	0.0475342481	0.0087743864
0	0.0918684703	0.0006080583	0.8967555176	0.0107679538	0.0000000000
1	0.0001896341	0.0000798999	0.0252622599	0.1012476053	0.8732206009
1	0.0406108269	0.6976949801	0.0000106997	0.0287843140	0.2328991794
0	0.7857774299	0.0539983188	0.0003677328	0.1397123698	0.0201441487
0	0.1892371541	0.0288718824	0.0009908920	0.6942878822	0.0866121893
1	0.0483591941	0.0017215871	0.5827862641	0.0321014910	0.3350314636
0	0.4187373570	0.1676509314	0.0230289069	0.3901452655	0.0004375392
0	0.0013439445	0.5793118657	0.1758942725	0.0421099417	0.2013399755
0	0.4625192009	0.2746436175	0.0161743380	0.2455251982	0.0011376454
1	0.1777557462	0.0033114097	0.5786572211	0.0007232896	0.2395523335
1	0.0017580993	0.6892358701	0.3023578059	0.0000001176	0.0066481071
1	0.3869111861	0.1235417754	0.4696878870	0.0029096295	0.0169495220
1	0.1401550737	0.0622197478	0.6929235703	0.0907892951	0.0139123131
0	0.0000000000	0.0430917212	0.9568480615	0.0000079717	0.0000522456
0	0.0540441301	0.2064336742	0.7395221954	0.0000000001	0.0000000002
0	0.1035487685	0.0062875006	0.7628861393	0.0209108295	0.1063667621
1	0.6160036363	0.0055676861	0.0000002036	0.1738639572	0.2045645168
0	0.1173392119	0.1092092202	0.0000023517	0.7086075750	0.0648416412
1	0.0599485414	0.5360143342	0.3043776446	0.0996593503	0.0000001295
1	0.4983423919	0.0000000512	0.0000000024	0.0000000000	0.5016575544
1	0.0110240777	0.1728215080	0.7327546147	0.0035333454	0.0798664542
0	0.3243490898	0.2232992091	0.2658753223	0.0000007305	0.1864756482
0	0.0222833711	0.0009064891	0.0005197672	0.7212003345	0.2550900382
0	0.0341290697	0.3226415555	0.5499897648	0.0932396100	0.0000000000
0	0.3999283264	0.0000000000	0.3252488597	0.0000003657	0.2748224482
0	0.0576871004	0.0000000000	0.0343688512	0.9079440484	0.0000000000
0	0.0427141095	0.0002384088	0.6830745409	0.2739729408	0.0000000000
1	0.4594211980	0.0000000442	0.0000687856	0.3809266869	0.1595832853
1	0.3357821304	0.0000847596	0.5721271034	0.0000000000	0.0920060066
0	0.9213092371	0.0134449871	0.0476771551	0.0175686208	0.0000000000
0	0.3511557767	0.0000000000	0.0000400132	0.3186685014	0.3301357087
2	0.1298359272	0.4816749096	0.3650412927	0.0230473896	0.0004004809
1	0.0106683170	0.0002659080	0.1826470156	0.3061626904	0.5002560691
0	0.1581761708	0.0662473662	0.7723440387	0.0000000000	0.0032324243
0	0.8870693850	0.0693958423	0.0350381610	0.0060155216	0.0024810900
0	0.0000004648	0.0063572432	0.0125760920	0.0000000086	0.9810661914
1	0.7779672358	0.2150595936	0.0000000119	0.0058684294	0.0011047293
0	0.0131812304	0.2588336541	0.4176227079	0.3094632145	0.0008991931
0	0.0000000023	0.0842457167	0.3055987511	0.4794948932	0.1306606367
2	0.0280060563	0.0345544674	0.8812242062	0.0039161273	0.0522991427
1	0.0000753449	0.0873858015	0.7457123021	0.1668033228	0.0000232288
