0	0.0315472523	0.0551665233	0.0141414751	0.8076909366	0.0914538127
1	0.0482557810	0.9508429338	0.0006318611	0.0000000000	0.0002694240
0	0.1943850178	0.6201573127	0.0317703257	0.0000004248	0.1536869189
0	0.0012080500	0.2973896380	0.1041000554	0.5973020851	0.0000001714
0	0.0792412455	0.8387442045	0.0180577089	0.0455477474	0.0184090936
0	0.0000375120	0.0002682357	0.8252588489	0.1131526499	0.0612827535
0	0.3075032693	0.2769486152	0.0283987701	0.2882464474	0.0989028979
1	0.0000131066	0.0099419600	0.4249582185	0.0784968899	0.4865898249
0	0.3812148939	0.5086221117	0.0549574828	0.0552055014	0.0000000103
0	0.6458381542	0.0003447247	0.3257546216	0.0166611138	0.0114013856
1	0.9909326369	0.0051980466	0.0032865972	0.0005827193	0.0000000000
0	0.8655093023	0.0006083677	0.0061509373	0.0000065029	0.1277248898
0	0.1534354964	0.0367901365	0.1272051195	0.3159223955	0.3666468521
0	0.0023101233	0.0486154831	0.9372241121	0.0000000230	0.0118502585
0	0.1882589097	0.0000015545	0.7205162535	0.0912225628	0.0000007195
0	0.5405518615	0.0635059037	0.3941415780	0.0000024301	0.0017982267
0	0.6285352144	0.1126975158	0.0066088153	0.1898464749	0.0623119797
0	0.0015780383	0.0006602415	0.8768784134	0.0240893781	0.0967939288
0	0.1822995738	0.0044737971	0.1133779839	0.6977085092	0.0021401360
0	0.0275823948	0.0067172178	0.9644888606	0.0006274721	0.0005840548
0	0.0127111906	0.0638654684	0.8672648049	0.0020724030	0.0540861331
0	0.0015867261	0.2081871791	0.7582289784	0.0245770212	0.0074200951
0	0.2642421263	0.0013475438	0.7172057778	0.0015128086	0.0156917436
0	0.0764713260	0.3187661606	0.1196519725	0.3649188168	0.1201917242
0	0.3694186349	0.0000000000	0.3240217191	0.2040319399	0.1025277060
0	0.3619978608	0.1359753188	0.4107149995	0.0852408461	0.0060709749
1	0.9633269660	0.0001076862	0.0352364987	0.0013286154	0.0000002338
1	0.0000747196	0.1671741585	0.0548996579	0.1082256940	0.6696257700
0	0.0061923279	0.0467002544	0.0364530962	0.6791368466	0.2315174749
2	0.0318899007	0.3262110610	0.0097165294	0.2518623962	0.3803201128
0	0.3650912117	0.0012045670	0.0002057607	0.2357879393	0.3977105213
1	0.2158075873	0.0015864594	0.1058242211	0.0000000890	0.6767816433
0	0.0080367098	0.0510725992	0.6321466055	0.0019923853	0.3067517001
0	0.0222262348	0.1819121026	0.1622723653	0.1722348717	0.4613544255
0	0.0000000009	0.2047192125	0.7952665558	0.0000000000	0.0000142309
0	0.0000000000	0.0514293247	0.2223135724	0.0009624305	0.7252946724
0	0.3118571373	0.0607661171	0.5845102515	0.0149434379	0.0279230562
2	0.7828326492	0.0000005679	0.1892714771	0.0000000000	0.0278953058
0	0.7289392788	0.0821980315	0.1593022860	0.0294141028	0.0001463010
1	0.3445904244	0.1301024897	0.0049091891	0.0501599965	0.4702379003
1	0.6216611448	0.0442560567	0.3129748006	0.0001164261	0.0209915718
1	0.5963636966	0.0019958676	0.3927410689	0.0000328447	0.0088665222
0	0.0178866545	0.0000000000	0.9428448554	0.0392684887	0.0000000013
1	0.2376786296	0.0211017673	0.0002257090	0.0167721424	0.7242217517
1	0.0111388894	0.0278063112	0.9114045027	0.0000000003	0.0496502964
1	0.0930144656	0.3463736197	0.0241184866	0.1101532634	0.4263401647
1	0.0406227619	0.0026145473	0.8260685139	0.0000000173	0.1306941597
1	0.6246713840	0.0000101285	0.0818639922	0.2848438130	0.0086106822
1	0.7040775269	0.0000000000	0.1468466854	0.1490754661	0.0000003215
0	0.7766993576	0.0000000000	0.0002244742	0.0016889265	0.2213872418
0	0.7965110917	0.1990928577	0.0000012831	0.0006022272	0.0037925403
0	0.5564109349	0.0000000000	0.4300168432	0.0075362732	0.0060359486
1	0.0455576954	0.3581589886	0.0687733047	0.5274965613	0.0000134500
0	0.5958069083	0.0248174475	0.3120896067	0.0108134468	0.0564725907
1	0.5923550717	0.0000886923	0.0354841595	0.2469543389	0.1251177376
0	0.8154430384	0.0526970844	0.1318598413	0.0000000000	0.0000000359
0	0.8061172712	0.0000000085	0.1938827202	0.0000000000	0.0000000000
1	0.0072233289	0.0000553067	0.4738419697	0.0002084494	0.5186709453
1	0.0217877802	0.1552019961	0.6708618044	0.1045681084	0.0475803110
0	0.1999847822	0.2296977858	0.0000021393	0.1199636996	0.4503515932
1	0.5365912004	0.0630810719	0.2783747672	0.1219529495	0.0000000111
0	0.0032854877	0.0360155211	0.8674648536	0.0206570473	0.0725770903
2	0.0233251949	0.0000070763	0.0173995355	0.1501127681	0.8091554252
1	0.1833163640	0.1986475896	0.0211828875	0.2855731235	0.3112800355
0	0.0293045270	0.0000000000	0.9628565840	0.0000000797	0.0078388093
1	0.0570718876	0.1313893930	0.0004607328	0.7096481154	0.1014298712
0	0.9710789001	0.0033995168	0.0255160299	0.0000000000	0.0000055532
1	0.0503204285	0.0484655891	0.0334360170	0.8151455311	0.0526324345
0	0.8410336589	0.0000000000	0.0000811162	0.0043534393	0.1545317856
0	0.8227845296	0.0147927327	0.0938836243	0.0000136932	0.0685254201
1	0.3695325505	0.0241255986	0.2758751973	0.0091251469	0.3213415067
0	0.0246510252	0.1448173863	0.6995118832	0.0516878387	0.0793318666
0	0.1252321567	0.8646989806	0.0004030757	0.0096421951	0.0000235919
1	0.0547166493	0.2761197261	0.3831602177	0.0049694654	0.2810339415
0	0.1944335478	0.1070280209	0.0403734485	0.6581611761	0.0000038067
1	0.2194478504	0.0010078066	0.0000000028	0.7474449585	0.0320993817
0	0.0168977054	0.0001140747	0.9827724423	0.0002157777	0.0000000000
1	0.0083859291	0.0008146587	0.9503456139	0.0206013396	0.0198524587
0	0.0523136708	0.2805535479	0.5552862983	0.0026115426	0.1092349404
1	0.1354191913	0.0024227499	0.7292942992	0.0055954213	0.1272683382
0	0.5796543018	0.0001781514	0.4028809564	0.0147263071	0.0025602834
0	0.0654491894	0.4323226277	0.0000003750	0.1971621351	0.3050656728
1	0.0123930690	0.0000010493	0.6409549756	0.0557908414	0.2908600647
0	0.7730615073	0.0571733102	0.0358894116	0.1338719750	0.0000037958
1	0.4344636282	0.4739445421	0.0005842859	0.0003319445	0.0906755993
0	0.0000009661	0.9307093203	0.0000004059	0.0212390207	0.0480502870
0	0.0302501618	0.0517592695	0.4819466571	0.4360047757	0.0000391359
0	0.0514121093	0.2132843765	0.0008290366	0.7344744776	0.0000000000
0	0.0017057984	0.3907293369	0.4668248190	0.0414286639	0.0993113818
2	0.5155608689	0.0003352148	0.1601901768	0.0632437695	0.2606699699
0	0.1138771706	0.8644591038	0.0000668605	0.0067805602	0.0148163048
0	0.4671409453	0.0182486571	0.4447839845	0.0635875763	0.0062388367
0	0.8781328956	0.0796103949	0.0348669429	0.0000000000	0.0073897666
0	0.5865622362	0.0000992147	0.0791029413	0.2285943761	0.1056412317
0	0.2968585238	0.5393035342	0.1604208241	0.0034155862	0.0000015317
1	0.2669419150	0.6523888257	0.0012375140	0.0420007198	0.0374310255
1	0.3092761968	0.1003516865	0.0175290804	0.5105041634	0.0623388729
0	0.7291528349	0.2708278974	0.0000165465	0.0000027213	0.0000000000
1	0.0405018033	0.5756707852	0.2784826153	0.0301600208	0.0751847753
0	0.2495235358	0.0486156663	0.6985152537	0.0033455439	0.0000000002
