0	0.0619603952	0.0000000000	0.8684429221	0.0421551070	0.0274415757
0	0.8246957605	0.0018842627	0.0148534385	0.0002555559	0.1583109825
0	0.1806439300	0.2772939174	0.3328175390	0.1675015234	0.0417430903
0	0.4165735815	0.1113568051	0.4720696134	0.0000000000	0.0000000000
0	0.1503089906	0.7173890545	0.0000825858	0.0000640776	0.1321552915
0	0.8668287129	0.0020332310	0.0389738194	0.0921639201	0.0000003165
1	0.0573890588	0.2085288237	0.6922355713	0.0000000096	0.0418465366
0	0.0408644558	0.4682727943	0.4718532700	0.0187756982	0.0002337817
1	0.0001244757	0.7896303852	0.1873813546	0.0209565641	0.0019072205
0	0.7118699107	0.0080749671	0.0036354281	0.0009794407	0.2754402534
1	0.0519930138	0.0141291016	0.0692948506	0.0000000000	0.8645830339
0	0.4119001597	0.0000000000	0.1332139768	0.0328475318	0.4220383317
0	0.5055469116	0.0026950976	0.2700063318	0.0221419023	0.1996097567
1	0.1005171845	0.0000000000	0.8456377676	0.0086298976	0.0452151503
0	0.0160781358	0.0001445494	0.3868220552	0.5969225573	0.0000327024
1	0.3563757443	0.0534452137	0.0737995417	0.5163794999	0.0000000003
0	0.9866277607	0.0056433783	0.0000000681	0.0076665935	0.0000621993
1	0.1717792488	0.0048454444	0.0021173705	0.8212579363	0.0000000000
1	0.0102379864	0.0000000002	0.8753425773	0.1144175131	0.0000019230
0	0.2617802178	0.0053935803	0.5815356969	0.1512844538	0.0000060512
1	0.0671261610	0.0000000001	0.7284719976	0.0000000021	0.2044018392
0	0.8362600636	0.1096487417	0.0427242754	0.0000003094	0.0113666098
0	0.0000000000	0.5265438733	0.2308345690	0.2389762054	0.0036453522
0	0.0461845780	0.0077177432	0.5956071111	0.0456275153	0.3048630524
0	0.4224992236	0.0001831979	0.2181750838	0.3473143329	0.0118281618
0	0.0956612780	0.3190614578	0.5694465959	0.0049640940	0.0108665742
0	0.0000135339	0.0000209146	0.9420779118	0.0480140317	0.0098736080
0	0.1065030687	0.2402151040	0.6443591196	0.0089081484	0.0000145593
1	0.3724937214	0.0008272096	0.5565063543	0.0701409011	0.0000318136
0	0.9632748053	0.0230724484	0.0000025772	0.0104602117	0.0031899575
1	0.6949462450	0.0517304480	0.2499940684	0.0000029351	0.0033263035
1	0.0886574501	0.0000717108	0.0028087810	0.8985360307	0.0099260274
0	0.0000000048	0.2445941964	0.3452955836	0.0047455378	0.4053646773
0	0.1709107837	0.8092908678	0.0011680843	0.0158561956	0.0027740686
0	0.0027707217	0.0000558802	0.8666170944	0.0174661936	0.1130901101
0	0.0573380794	0.2520795904	0.3371291227	0.0016238112	0.3518293962
0	0.6252284695	0.0264801070	0.1581993578	0.0000000001	0.1900920657
0	0.0116422502	0.0001234196	0.8171241492	0.1686968425	0.0024133385
0	0.6472041984	0.1366662471	0.0055049011	0.2075892551	0.0030353983
0	0.0307090331	0.1272074015	0.7411534559	0.0934350873	0.0074950222
2	0.0818902837	0.6998231892	0.0254781081	0.1378384088	0.0549700103
0	0.0941265915	0.2153989727	0.1853425660	0.0242991730	0.4808326968
1	0.8793039832	0.0729241443	0.0390603631	0.0004540429	0.0082574666
0	0.1443615788	0.1056825216	0.0000230845	0.0365429602	0.7133898549
0	0.6016279286	0.0010503376	0.3676621814	0.0000000032	0.0296595492
1	0.7382284888	0.0000724658	0.0526121802	0.0001348841	0.2089519811
0	0.0391315229	0.0141596071	0.7979823696	0.0087395814	0.1399869190
0	0.9132807607	0.0008638012	0.0856698173	0.0001856208	0.0000000000
1	0.5117007392	0.0000000799	0.0293070273	0.0436586353	0.4153335182
1	0.4153806523	0.0128961004	0.4489324140	0.0229305198	0.0998603136
0	0.7012052027	0.0001513941	0.0000055508	0.1898331285	0.1088047239
1	0.0424613398	0.1232100850	0.1406952477	0.0093235254	0.6843098021
2	0.0870486038	0.0000901114	0.8737194821	0.0387791702	0.0003626325
0	0.1720971015	0.0000420092	0.3129898067	0.4965207727	0.0183503098
1	0.0000069823	0.0000000000	0.3133722045	0.0000000022	0.6866208110
1	0.8592028849	0.0000000075	0.0796265449	0.0591181988	0.0020523639
1	0.0062384321	0.9032503087	0.0889017794	0.0000000182	0.0016094616
0	0.0676024061	0.0490172260	0.1206729067	0.0515759087	0.7111315524
1	0.8380959602	0.0112011306	0.0118905742	0.0902151763	0.0485971587
1	0.0566526018	0.4680166824	0.4696968073	0.0056172574	0.0000166511
2	0.7313846698	0.0009737248	0.2148623295	0.0527792142	0.0000000617
0	0.6153633519	0.0000000000	0.0104243481	0.3724521236	0.0017601763
0	0.6160427462	0.3453196494	0.0289374012	0.0003512507	0.0093489524
1	0.3909569947	0.0000000000	0.5340247938	0.0750182113	0.0000000002
0	0.2512352899	0.0847195729	0.1769896215	0.0160697469	0.4709857689
0	0.1669389467	0.0593734634	0.7533789340	0.0000000764	0.0203085795
1	0.5137436464	0.1727306078	0.3019690553	0.0035826641	0.0079740264
0	0.5412957261	0.0006143625	0.4529302029	0.0000000000	0.0051597084
0	0.6753679026	0.2603729029	0.0642591944	0.0000000000	0.0000000000
0	0.0108933652	0.0101251758	0.6532911445	0.2873019403	0.0383883743
0	0.0000524645	0.0000297377	0.9978061426	0.0000005034	0.0021111519
1	0.4719544710	0.0023279390	0.0854434731	0.2866552402	0.1536188767
0	0.3003649197	0.0077148287	0.1346885142	0.0041026533	0.5531290841
0	0.6950540292	0.0008606840	0.2495639024	0.0000000070	0.0545213774
1	0.6211292327	0.0001274334	0.3605843752	0.0148798964	0.0032790624
0	0.7442307985	0.0381780778	0.0033915691	0.1902636063	0.0239359482
0	0.2598957329	0.1612347586	0.5589262525	0.0187605490	0.0011827069
0	0.3447234126	0.1861960876	0.4292896481	0.0003342702	0.0394565815
2	0.3976742634	0.0067735558	0.3844014244	0.1919023969	0.0192483595
0	0.6135886586	0.0000000000	0.0032962279	0.0105709686	0.3725441449
0	0.1394721715	0.0000000000	0.8342706122	0.0000000000	0.0262572164
1	0.0000000000	0.0000000000	0.9987331884	0.0009175504	0.0003492612
0	0.1453707418	0.0190297036	0.3120056002	0.5235916040	0.0000023503
1	0.0920635293	0.0000000000	0.0903974984	0.0316498269	0.7858891454
1	0.5857900882	0.0000002185	0.0000000000	0.4125732214	0.0016364718
1	0.0013226185	0.4868434277	0.3502080029	0.0067493918	0.1548765590
1	0.0326919358	0.0034839795	0.0008888285	0.9607427575	0.0021924987
1	0.2812037943	0.0060649468	0.6716299961	0.0000000000	0.0411012628
0	0.1303951095	0.1494762524	0.4597187627	0.0281185051	0.2322913702
0	0.5612086588	0.0720372097	0.2468855528	0.0001773694	0.1196912093
0	0.0000001185	0.4946545583	0.1009365249	0.0746956313	0.3297131669
1	0.9988850307	0.0004166941	0.0004291672	0.0000003314	0.0002687766
0	0.0000000010	0.0179567844	0.1058195786	0.8762236348	0.0000000013
0	0.1148761812	0.0110779875	0.5586965802	0.2619828278	0.0533664233
0	0.0000103663	0.1062733251	0.8929231216	0.0000000000	0.0007931869
0	0.0022667650	0.0000040269	0.0492897986	0.9483304207	0.0001089888
0	0.0814962500	0.1796001371	0.7132197853	0.0002002545	0.0254835731
2	0.6545400486	0.0831584463	0.2564384532	0.0000006916	0.0058623604
0	0.0099457774	0.0000257309	0.0900380462	0.5707427317	0.3292477138
0	0.0468848397	0.0018372446	0.9371357964	0.0084623559	0.0056797633
