0	0.0401660841	0.3024167475	0.2292946574	0.2467675219	0.1813549892
0	0.8338182087	0.0648894522	0.0000003384	0.0174284760	0.0838635248
1	0.0927363721	0.0006566698	0.0156801157	0.8909264365	0.0000004059
1	0.0101658331	0.0000000000	0.0767678661	0.2917177517	0.6213485490
0	0.1446317890	0.0360710403	0.7100919654	0.0118453011	0.0973599042
1	0.0939686340	0.0000456544	0.8882069163	0.0177383122	0.0000404831
0	0.0143762107	0.4800312986	0.0000000000	0.5055909232	0.0000015675
1	0.3688714314	0.0188408890	0.2345082894	0.0076400500	0.3701393403
0	0.0144325419	0.4491609243	0.5173864912	0.0128881843	0.0061318584
1	0.9593268067	0.0097887349	0.0007112874	0.0300861746	0.0000869964
0	0.0454381984	0.9116675128	0.0406589067	0.0000000000	0.0022353822
0	0.3930907135	0.0001290558	0.0726813344	0.0399700423	0.4941288540
0	0.2714283689	0.2437677084	0.4847569726	0.0000469501	0.0000000000
1	0.5756236384	0.0044022987	0.0614502331	0.2972384441	0.0612853857
1	0.0501762880	0.7678598539	0.1814054823	0.0000000010	0.0005583748
0	0.4158626504	0.0630493931	0.3521202167	0.0000000000	0.1689677397
0	0.4403041009	0.0000000000	0.1083091656	0.4380942894	0.0132924442
0	0.2642366729	0.3750131410	0.0951703682	0.1740135913	0.0915662266
1	0.2930227696	0.0000097281	0.5165723854	0.0679231066	0.1224720102
0	0.0442616937	0.0000468914	0.9556907132	0.0000007018	0.0000000000
1	0.0027797953	0.8953156033	0.0339501115	0.0679544899	0.0000000000
1	0.2626539244	0.0905031995	0.1168091803	0.0781952406	0.4518384551
0	0.9112070278	0.0010208617	0.0872977614	0.0000157297	0.0004586194
0	0.1586999690	0.7890897047	0.0472334911	0.0030899722	0.0018868630
1	0.1610604077	0.4309122082	0.3221198529	0.0802514097	0.0056561216
0	0.1044933276	0.0031745028	0.4860058321	0.0097429877	0.3965833498
0	0.4698038480	0.0167301567	0.0000000000	0.0000000000	0.5134659953
1	0.6199289167	0.0107171065	0.0052571281	0.3549516938	0.0091451549
1	0.0118495405	0.0004084879	0.9270932283	0.0291197046	0.0315290387
0	0.2982596494	0.2431013209	0.0039017894	0.4547367436	0.0000004967
0	0.0026656764	0.0113864062	0.8700681165	0.0000000406	0.1158797603
2	0.0001066854	0.0185308974	0.8857969351	0.0000000000	0.0955654821
0	0.7518779285	0.1104154031	0.1273768816	0.0103217569	0.0000080299
1	0.0097937855	0.9262319737	0.0077333731	0.0136973608	0.0425435070
2	0.0000000000	0.0000005277	0.6181254051	0.0040660290	0.3778080382
1	0.0316675718	0.0000000647	0.0982836569	0.0551145419	0.8149341647
1	0.0282488051	0.0293900879	0.8779800496	0.0527445559	0.0116365015
0	0.8534170106	0.0024849878	0.0271582107	0.1134143925	0.0035253985
2	0.7241601432	0.1840409911	0.0003685636	0.0914297260	0.0000005761
0	0.1007382484	0.1627223097	0.7190139743	0.0011526182	0.0163728493
0	0.6863067342	0.0330130311	0.2543674566	0.0037446110	0.0225681670
0	0.4633708390	0.0005042834	0.4916456773	0.0440325256	0.0004466747
2	0.6867293519	0.0451650869	0.2209730310	0.0448103582	0.0023221720
0	0.5033067207	0.1301604274	0.1437395802	0.2044258321	0.0183674396
0	0.6165406728	0.0029564056	0.0680479400	0.0001642848	0.3122906967
0	0.1004562730	0.0000035225	0.4925353356	0.4044528809	0.0025519880
0	0.7559351687	0.0000000000	0.0587542165	0.0000530260	0.1852575888
1	0.0903447874	0.0000000000	0.9096410395	0.0000141731	0.0000000000
0	0.5928899784	0.0002907699	0.0000038606	0.3530766823	0.0537387086
0	0.3355893479	0.1284703776	0.1935215891	0.0819730956	0.2604455897
0	0.2997116413	0.0009638851	0.0372280260	0.6620016129	0.0000948347
0	0.0001212950	0.0000159487	0.7414923052	0.0115998448	0.2467706064
1	0.4176806172	0.0000903058	0.0763876267	0.4153374142	0.0905040361
0	0.0863264069	0.6018337396	0.0731536598	0.2377053369	0.0009808567
0	0.0060675573	0.0051538722	0.0369937639	0.0000000009	0.9517848058
0	0.0220830554	0.0828581951	0.0082117387	0.8868361748	0.0000108359
0	0.8541437904	0.0026602791	0.1431958282	0.0000000000	0.0000001023
0	0.0358196962	0.1171834453	0.8455879226	0.0000000000	0.0014089359
0	0.0611560895	0.5452268432	0.0000439973	0.3935730698	0.0000000002
0	0.3172107373	0.0135489227	0.6455292568	0.0237036694	0.0000074138
1	0.4667731197	0.0158271072	0.4877688073	0.0001384408	0.0294925250
0	0.0219221803	0.9776715663	0.0000025655	0.0000581294	0.0003455586
1	0.0664059871	0.3948622340	0.0409476552	0.4894477462	0.0083363775
0	0.7211724019	0.0000003011	0.0069529634	0.2653229005	0.0065514331
0	0.0009525779	0.0000081074	0.9817280594	0.0161203850	0.0011908703
0	0.7167053448	0.0756506664	0.1342997650	0.0109243224	0.0624199013
1	0.6496664142	0.0355011426	0.2378941410	0.0000425344	0.0768957677
1	0.6588576391	0.0004993609	0.1007959417	0.2398470582	0.0000000001
0	0.6009791336	0.0000017916	0.1281739156	0.1108077958	0.1600373635
1	0.8716910832	0.0140652351	0.0264788351	0.0006374148	0.0871274317
0	0.1382615006	0.2041994040	0.2645269772	0.0011270414	0.3918850768
0	0.2270938805	0.0000000000	0.6065282198	0.1020806281	0.0642972717
1	0.5544979902	0.0075284783	0.2012724659	0.2293796460	0.0073214196
1	0.0348334630	0.0130920810	0.7352082861	0.2142848264	0.0025813434
0	0.5456461055	0.0000251699	0.0714538474	0.0292177032	0.3536571740
0	0.1276737869	0.5614735114	0.2411398697	0.0697128319	0.0000000000
1	0.7763775309	0.0000000000	0.2166669612	0.0038729123	0.0030825956
0	0.9499525968	0.0120117686	0.0070334745	0.0251716985	0.0058304615
1	0.1005536518	0.3766736831	0.0393359674	0.0001391620	0.4832975358
0	0.0036371289	0.6338903854	0.2919622836	0.0638591434	0.0066510587
0	0.0539972156	0.5498820849	0.3166992075	0.0000000000	0.0794214920
0	0.7935601230	0.0000000000	0.1835038430	0.0092666115	0.0136694224
0	0.0064706191	0.1831861223	0.6825995596	0.1233705635	0.0043731355
0	0.2415893195	0.0009985878	0.0000000000	0.3411407912	0.4162713015
0	0.9082173286	0.0017948293	0.0000007593	0.0478913354	0.0420957473
1	0.8640738703	0.0000000000	0.0658285104	0.0396822067	0.0304154127
1	0.2296960594	0.0001850206	0.4492334536	0.2547634585	0.0661220080
1	0.1483741000	0.0034266724	0.1997199203	0.4070971316	0.2413821757
1	0.3633083207	0.1308180320	0.0279924272	0.2484832738	0.2293979462
1	0.1432106449	0.0725933627	0.6252080610	0.1589854637	0.0000024677
1	0.1174947094	0.0014225409	0.5898506982	0.1371486659	0.1540833856
0	0.5577926316	0.0310473549	0.0165339991	0.1994785730	0.1951474413
0	0.0003722712	0.7549114569	0.0123550915	0.2124443591	0.0199168213
1	0.9478123309	0.0000000000	0.0024709956	0.0000597331	0.0496569404
0	0.6999042248	0.0000000093	0.0900562937	0.1961553510	0.0138841211
0	0.4957925066	0.0696631475	0.2778651408	0.0000026765	0.1566765286
0	0.8176429368	0.0692754721	0.1021988133	0.0000000001	0.0108827778
0	0.0808984326	0.0199532891	0.3979354515	0.5012128268	0.0000000000
0	0.3823813660	0.0357420942	0.5733565795	0.0085191978	0.0000007625
1	0.9908660830	0.0000000062	0.0002498759	0.0073729792	0.0015110557
