1	0.0475790640	0.0000000000	0.7539523770	0.1984121545	0.0000564045
1	0.8103816951	0.0000111505	0.0210827071	0.1685228616	0.0000015857
2	0.4885855722	0.4028263773	0.1083517381	0.0002013240	0.0000349883
0	0.0336190052	0.0740524945	0.0291469842	0.8300788140	0.0331027021
0	0.9043675095	0.0674036187	0.0000000000	0.0000000127	0.0282288592
0	0.0076854029	0.0000009402	0.0727673123	0.0815892740	0.8379570707
1	0.0248639008	0.0000000029	0.2615424587	0.7135936377	0.0000000000
1	0.5137118560	0.0018487304	0.2834623174	0.0055642910	0.1954128051
1	0.2210277532	0.0000000000	0.1592060253	0.6048659795	0.0149002420
0	0.0002924783	0.0000000001	0.9794192355	0.0000733262	0.0202149600
0	0.0603244284	0.0000000000	0.0871504460	0.8525250269	0.0000000987
1	0.3024059430	0.0186415263	0.2369743592	0.0792318618	0.3627463097
1	0.7245956704	0.0000000733	0.0327821322	0.2425172594	0.0001048647
0	0.1844361286	0.0020750303	0.6251934478	0.1880580458	0.0002373475
1	0.0196695106	0.2618406451	0.0596478335	0.0845583483	0.5742836625
0	0.9005817455	0.0019503543	0.0403740470	0.0568652889	0.0002285642
0	0.1451561227	0.0505051897	0.8031104369	0.0012282379	0.0000000129
1	0.8993306078	0.0169382464	0.0755906210	0.0023143082	0.0058262166
1	0.1021269413	0.5755221995	0.0009718954	0.0002285115	0.3211504524
1	0.1623575110	0.0935125601	0.7408942289	0.0032356998	0.0000000002
1	0.2500223767	0.0050127945	0.0735269991	0.0932065552	0.5782312745
1	0.5244169120	0.0980870376	0.3410181607	0.0037524224	0.0327254672
1	0.0000000000	0.2102992690	0.2679855888	0.4705728476	0.0511422945
0	0.0524888959	0.0010113819	0.0000004703	0.0272589811	0.9192402707
2	0.6820065671	0.0004695989	0.1509014671	0.0666217376	0.1000006293
1	0.7196755919	0.0000001595	0.0329281907	0.0239864380	0.2234096199
0	0.1155419831	0.7404105824	0.0422175742	0.0915751118	0.0102547485
0	0.7362597139	0.0000103086	0.0816007526	0.1821292249	0.0000000000
0	0.1062400535	0.3257109879	0.0003284264	0.5677194766	0.0000010555
1	0.0357123467	0.7053543539	0.0000000000	0.2461139392	0.0128193602
0	0.6293364780	0.0607972776	0.0002593246	0.0016615135	0.3079454062
0	0.0032359517	0.0000000000	0.0285516305	0.9682113762	0.0000010417
1	0.7374078996	0.1042801455	0.1437427800	0.0031813731	0.0113878018
0	0.0207456668	0.6513233870	0.0963776317	0.2315533144	0.0000000000
1	0.4851286621	0.3128880706	0.1273671378	0.0432214429	0.0313946866
1	0.4054772492	0.0254564608	0.1857615623	0.0150378317	0.3682668960
0	0.9269189179	0.0011509387	0.0719295242	0.0000000005	0.0000006187
1	0.2450446959	0.0000643193	0.2563030341	0.4729395365	0.0256484142
0	0.0665900161	0.9331711809	0.0000000000	0.0001375225	0.0001012805
0	0.0024013173	0.0159273009	0.9214523696	0.0573500262	0.0028689860
1	0.2035270845	0.0001237511	0.7804908288	0.0122475204	0.0036108152
1	0.2603536388	0.3841175785	0.2856459410	0.0027293170	0.0671535246
1	0.0247934116	0.3796293473	0.2907157495	0.1910093812	0.1138521104
0	0.0009942247	0.1250731395	0.7445534239	0.0017328783	0.1276463336
0	0.8369026869	0.0316938017	0.0714208452	0.0003592825	0.0596233837
0	0.4759995671	0.0018522399	0.1845352270	0.1131021500	0.2245108159
2	0.9660715649	0.0000062278	0.0000059378	0.0224206459	0.0114956236
0	0.7738178651	0.0031317728	0.1134221011	0.1095918178	0.0000364431
0	0.1017975150	0.1298943180	0.3233462755	0.0000085481	0.4449533433
1	0.0567216531	0.5457845415	0.3904832736	0.0047379307	0.0022726010
0	0.1245975767	0.2370407901	0.4781090382	0.0548118030	0.1054407920
0	0.2465442452	0.2119137929	0.1397475696	0.3591761136	0.0426182786
0	0.0000091702	0.0087130841	0.3213022461	0.6699259046	0.0000495951
0	0.4181291249	0.0007412269	0.5808602828	0.0002693265	0.0000000390
1	0.2907151780	0.0408884945	0.4825473953	0.0786572413	0.1071916910
0	0.5512995067	0.2134597980	0.2122341819	0.0210948885	0.0019116248
0	0.0542382480	0.1831521968	0.4867873158	0.1379989852	0.1378232543
0	0.6925450042	0.0010025502	0.2887286077	0.0039127763	0.0138110616
0	0.1660127405	0.0005924485	0.4279616765	0.3713033377	0.0341297968
0	0.6754717832	0.0593543117	0.0000000246	0.0153024177	0.2498714628
0	0.7150097981	0.0028766431	0.2265165492	0.0000394241	0.0555575855
0	0.2738664320	0.1531651685	0.2817728518	0.2911955476	0.0000000000
1	0.7904765862	0.1509813251	0.0077038467	0.0382155250	0.0126227171
0	0.0138343849	0.0000155900	0.9317200677	0.0164217534	0.0380082039
0	0.5596117049	0.0572813294	0.3591700470	0.0239369176	0.0000000011
0	0.0138807273	0.4281142662	0.3911586102	0.1668411946	0.0000052018
1	0.1079574881	0.0492814311	0.0084684736	0.7496321924	0.0846604149
0	0.7344646031	0.0000021347	0.1433899668	0.0000097585	0.1221335369
1	0.0364738106	0.0647970821	0.0392637589	0.1276337169	0.7318316316
1	0.5729078104	0.0046363525	0.3034717533	0.0000000019	0.1189840820
1	0.0737484280	0.4045612982	0.4730669596	0.0000794091	0.0485439052
0	0.6740578144	0.0107236858	0.0294473278	0.2158847183	0.0698864536
0	0.3620366240	0.0273044065	0.3795983654	0.1679888575	0.0630717466
0	0.1115903598	0.0071751180	0.0002681449	0.8809663773	0.0000000000
0	0.0001142339	0.0000000006	0.0634442048	0.0000000000	0.9364415606
0	0.8969727539	0.0029794229	0.0983506382	0.0015839207	0.0001132643
0	0.0000000000	0.0005506140	0.0743346275	0.8725353510	0.0525794075
1	0.1263075477	0.6901329186	0.0522338450	0.0051857706	0.1261399181
0	0.1632324118	0.0748630558	0.1320645777	0.5946802421	0.0351597126
1	0.0025184184	0.7570759778	0.0111053868	0.2241701966	0.0051300203
0	0.7114377001	0.0842641301	0.1538400285	0.0000000000	0.0504581413
1	0.0056085166	0.0000002535	0.3799038985	0.0007073893	0.6137799422
0	0.1954179435	0.0000004949	0.3941732221	0.1468030906	0.2636052488
1	0.1146363074	0.0317176909	0.0826180611	0.3745413805	0.3964865601
0	0.9929949139	0.0039759396	0.0005961702	0.0001732644	0.0022597119
0	0.2891380739	0.0142323144	0.0000000000	0.6951315265	0.0014980851
0	0.0448502535	0.5317019734	0.4197972479	0.0036420761	0.0000084490
0	0.0688417739	0.0840473536	0.0225336970	0.2404603733	0.5841168021
0	0.7054714443	0.0000000004	0.0003198512	0.0070910017	0.2871177025
0	0.4411016436	0.0000000000	0.0000000001	0.5358742734	0.0230240829
1	0.4450487042	0.0033535940	0.4213815604	0.1276073622	0.0026087792
0	0.3232503423	0.4816334239	0.0190002397	0.1761131457	0.0000028484
1	0.0008796244	0.0045336706	0.0086979562	0.9856830342	0.0002057146
1	0.2218989119	0.1158962351	0.5803767928	0.0000016584	0.0818264017
0	0.9581293186	0.0001223959	0.0025010164	0.0318213927	0.0074258764
0	0.1105231786	0.0000000000	0.2398371738	0.4845134238	0.1651262237
1	0.0023986932	0.0778914146	0.0000626014	0.9196472908	0.0000000000
1	0.6349590100	0.0000115975	0.0065945967	0.3428350587	0.0155997371
0	0.0024023891	0.0035104479	0.9460493862	0.0000000000	0.0480377768
0	0.0294145018	0.2166902756	0.0014711896	0.7379036697	0.0145203633
