1	0.0957189239	0.7375839406	0.0111988478	0.1369081541	0.0185901336
0	0.0847481520	0.4316947782	0.3784688936	0.0503319972	0.0547561791
1	0.6960200357	0.0032775918	0.2522709016	0.0473739007	0.0010575703
0	0.0447367506	0.0755310191	0.0935299783	0.0062505297	0.7799517222
0	0.0000000000	0.0000016836	0.2193880572	0.7786873687	0.0019228904
0	0.7438515767	0.0012772700	0.0292596707	0.0049474379	0.2206640448
0	0.0491803155	0.6309156961	0.0606508489	0.0000044351	0.2592487044
0	0.2441183856	0.2684890033	0.2215815234	0.0004338030	0.2653772847
0	0.0276383345	0.0000086970	0.7502286714	0.0036547047	0.2184695925
0	0.3666254137	0.0014645133	0.5349114609	0.0895765416	0.0074220705
1	0.0104507889	0.9305241567	0.0003066790	0.0000028545	0.0587155208
0	0.0812040973	0.0000421801	0.3603313880	0.0970573442	0.4613649905
0	0.0238011798	0.2914628232	0.4074622199	0.2111796378	0.0660941394
0	0.0821819255	0.3951673227	0.4582632326	0.0009252734	0.0634622457
1	0.2442547363	0.0014547200	0.6068592345	0.1131320547	0.0342992545
0	0.2462282170	0.0318989455	0.3885694066	0.2189042588	0.1143991722
0	0.8020703315	0.0000000000	0.1979245226	0.0000000000	0.0000051458
1	0.0348767769	0.0429931028	0.1126140420	0.1359353559	0.6735807225
0	0.0351279138	0.4006141990	0.5425128164	0.0126761468	0.0090689239
0	0.9568352812	0.0000000000	0.0431611390	0.0000034977	0.0000000821
0	0.4587514598	0.0000000029	0.0605405910	0.4381037668	0.0426041794
0	0.9913726189	0.0010805098	0.0057021762	0.0018068574	0.0000378378
0	0.0244544239	0.3790201438	0.0188494717	0.2541000122	0.3235759484
0	0.2425189121	0.0000001045	0.0344751174	0.6921514134	0.0308544527
2	0.0004389834	0.4169044647	0.0246013157	0.0431938304	0.5148614058
0	0.7595820737	0.0326138036	0.0531680114	0.1546319300	0.0000041813
0	0.5700620486	0.0002730853	0.4293412795	0.0003235866	0.0000000000
0	0.3030803986	0.4699619248	0.0293037265	0.1761515687	0.0215023814
0	0.0030899501	0.0003035624	0.1407791058	0.0467758986	0.8090514831
1	0.0209344586	0.9101627053	0.0004150253	0.0684878106	0.0000000002
0	0.0394755015	0.8741128897	0.0298705847	0.0070061929	0.0495348313
0	0.0107132100	0.1416068959	0.0002403675	0.0267924328	0.8206470938
0	0.1675017030	0.0000000104	0.0995428363	0.0000000026	0.7329554478
2	0.2597988351	0.1719275839	0.2543366460	0.3139369350	0.0000000000
0	0.1309905362	0.8191977654	0.0072040471	0.0002182998	0.0423893514
1	0.0971061922	0.0498300278	0.0000000273	0.6100857135	0.2429780392
1	0.1761495220	0.2260176936	0.1482707290	0.4492454908	0.0003165646
0	0.0001228082	0.0618966297	0.2970317858	0.0000061731	0.6409426032
1	0.1757190830	0.2895127350	0.2904824151	0.0944570066	0.1498287602
1	0.3233415901	0.0000000000	0.6458968449	0.0081978204	0.0225637446
0	0.4321538862	0.0550089137	0.3248053623	0.0090476992	0.1789841385
1	0.0000008763	0.7487863521	0.0317914413	0.2194213303	0.0000000000
1	0.0075510796	0.2754340534	0.6351569058	0.0818575582	0.0000004029
0	0.0263739651	0.0024929177	0.0210779782	0.5821660294	0.3678891097
2	0.0900615464	0.0023084136	0.2887961067	0.0104847339	0.6083491995
0	0.5318107935	0.1420181869	0.1994151169	0.0178961806	0.1088597222
1	0.0016126139	0.0583966397	0.9399891960	0.0000015504	0.0000000000
0	0.1963360330	0.0000000093	0.0000598072	0.1327275215	0.6708766290
0	0.3285086819	0.4199653239	0.0030623040	0.0293092180	0.2191544722
1	0.7506375907	0.0000000000	0.2432552094	0.0001389078	0.0059682921
0	0.9446764899	0.0001896490	0.0044026614	0.0507273869	0.0000038128
0	0.8251282003	0.1289308264	0.0039147169	0.0420262564	0.0000000000
0	0.1479928733	0.0019599004	0.3789850800	0.3440276308	0.1270345154
1	0.1062637379	0.0092131735	0.2006971250	0.3242863385	0.3595396252
0	0.0009511796	0.7488148288	0.0208039385	0.0000886135	0.2293414396
0	0.5863139010	0.2559708241	0.0000000483	0.1551025251	0.0026127014
1	0.1003388982	0.0043001101	0.0054915022	0.3818146547	0.5080548348
0	0.0000001005	0.1908458283	0.0813972120	0.6514850926	0.0762717667
0	0.4982783439	0.0000000000	0.1262392954	0.1610617302	0.2144206305
1	0.9107322823	0.0037285813	0.0250147133	0.0028489023	0.0576755208
0	0.6990913091	0.1918396465	0.0865032546	0.0138091422	0.0087566475
0	0.5079196019	0.2171467435	0.1646985947	0.0853385310	0.0248965289
0	0.0242740298	0.0363969718	0.9155209434	0.0085117340	0.0152963210
2	0.8748193829	0.0010206523	0.1225316414	0.0000000314	0.0016282921
0	0.0759766931	0.1895121563	0.6698606672	0.0646504834	0.0000000000
0	0.3384801713	0.5198197651	0.1099685768	0.0207195033	0.0110119835
0	0.9617720754	0.0000183783	0.0308566297	0.0000406425	0.0073122742
0	0.0014330910	0.0874982663	0.9110181365	0.0000210967	0.0000294095
0	0.8923456176	0.0012844868	0.0000000000	0.0000000013	0.1063698942
0	0.6744264094	0.0000000000	0.0000000002	0.3132880703	0.0122855201
0	0.9197142160	0.0000409292	0.0005661107	0.0003688648	0.0793098794
0	0.2760749537	0.0083765383	0.7152261381	0.0003223699	0.0000000000
2	0.2625686538	0.0312229478	0.4119056290	0.2943018614	0.0000009081
1	0.4278318055	0.2312821815	0.0047312967	0.1498099729	0.1863447434
1	0.5999209802	0.0000000000	0.0000002959	0.3998447927	0.0002339312
0	0.0001859989	0.7071778058	0.1815774139	0.1110587813	0.0000000000
0	0.0004581502	0.0000000000	0.1645498375	0.0005647806	0.8344272318
1	0.5587117321	0.2750894519	0.0018884825	0.1643103093	0.0000000242
1	0.1544998968	0.0000106158	0.2101379969	0.6339784574	0.0013730331
0	0.0610146976	0.1727483983	0.3717069379	0.3945221506	0.0000078156
1	0.0266621502	0.0485811629	0.7857227207	0.1388732311	0.0001607352
1	0.0012169026	0.0145465081	0.9113262281	0.0367433381	0.0361670231
1	0.1235726533	0.2363479475	0.3771663849	0.0838038404	0.1791091738
0	0.0000001029	0.0000039611	0.0000000000	0.0007578156	0.9992381204
1	0.0000017833	0.0000000003	0.7881924793	0.2118054659	0.0000002712
1	0.2781327283	0.0000000093	0.0214703817	0.0000028993	0.7003939814
0	0.1692844341	0.0000348277	0.5223279357	0.3083521123	0.0000006903
0	0.0056232711	0.0000000000	0.6347709914	0.0479721164	0.3116336211
0	0.3758670160	0.0308169556	0.0822347258	0.3989054595	0.1121758432
0	0.1878617416	0.2456750843	0.4634342802	0.1028494086	0.0001794853
0	0.1084760782	0.0364770209	0.7574279383	0.0976189626	0.0000000000
0	0.0000037725	0.2105695562	0.6218648398	0.0290374695	0.1385243619
0	0.5128018052	0.0007854815	0.1464460298	0.1080906912	0.2318759923
0	0.1359880666	0.2824598009	0.0000000000	0.0001363948	0.5814157377
0	0.5573816807	0.0761579415	0.0207221021	0.1038416943	0.2418965814
0	0.1625650732	0.0479252945	0.5771351900	0.0174279630	0.1949464793
0	0.1349194275	0.0224330974	0.3398208489	0.0995725426	0.4032540837
1	0.0814406365	0.1964830568	0.5549623955	0.1666804658	0.0004334455
1	0.0000000000	0.0471639924	0.9528359918	0.0000000000	0.0000000158
0	0.0140114199	0.1266638635	0.7529036483	0.1063335983	0.0000874699
