0	0.0080029560	0.0990434515	0.7964578942	0.0964956072	0.0000000910
0	0.0040452587	0.0000000000	0.6813424252	0.2794009444	0.0352113717
0	0.2849653300	0.3543051926	0.1689908055	0.0172970965	0.1744415754
0	0.0097949066	0.2843769350	0.0000002155	0.3530448694	0.3527830735
0	0.0991661191	0.6792135287	0.2215414584	0.0000323359	0.0000465579
0	0.1114883126	0.0000591812	0.1431607511	0.7279882510	0.0173035041
0	0.0008196613	0.1771902074	0.0292644859	0.4646574588	0.3280681865
0	0.1835982947	0.0687988611	0.0125418301	0.4657046351	0.2693563791
0	0.0013066121	0.0204363044	0.0022706775	0.0000896841	0.9758967220
0	0.3232270024	0.0000000000	0.0300195430	0.0815181087	0.5652353459
0	0.1412950044	0.2658302232	0.1541196327	0.3288911837	0.1098639560
1	0.9182073821	0.0000000000	0.0614010039	0.0183414867	0.0020501274
1	0.3363334268	0.1390102450	0.5246563282	0.0000000000	0.0000000000
0	0.0466231611	0.0000121800	0.1501481107	0.0000000000	0.8032165482
0	0.3345528174	0.0004539995	0.4250963097	0.0131428700	0.2267540034
1	0.0000000000	0.7181964928	0.0002255555	0.0476963332	0.2338816185
1	0.3209059298	0.1493731090	0.2108481708	0.0000014272	0.3188713633
0	0.0209620317	0.0268685266	0.4941173146	0.4549384916	0.0031136355
0	0.0102387634	0.7858687506	0.1261099653	0.0000000006	0.0777825201
1	0.5004082757	0.1067953080	0.0838822884	0.2575192077	0.0513949203
0	0.5998960184	0.1326504405	0.1797683223	0.0876852188	0.0000000000
2	0.1333157595	0.0000000006	0.0503909170	0.8129222250	0.0033710978
1	0.0389162432	0.3114299180	0.2458962096	0.0000000055	0.4037576237
0	0.5424070267	0.3311679085	0.0001540062	0.0000417464	0.1262293122
0	0.1787919650	0.0000081527	0.4498716439	0.0002478218	0.3710804167
1	0.9878273543	0.0007664081	0.0009699920	0.0011175057	0.0093187399
1	0.0143071666	0.4199727681	0.5450648332	0.0206552320	0.0000000000
0	0.4858596337	0.0022249670	0.1169788020	0.2980352594	0.0969013378
0	0.8128403198	0.0219648178	0.0108957852	0.0223962418	0.1319028354
0	0.1703383443	0.0003373367	0.6601499399	0.0875371357	0.0816372434
0	0.2106026982	0.0486216536	0.6533202865	0.0861996729	0.0012556888
1	0.0000000000	0.5486929067	0.3645843891	0.0045646282	0.0821580760
0	0.1807815888	0.0033403574	0.0228664236	0.7930116088	0.0000000215
1	0.0641843394	0.2196761478	0.0000013162	0.6484892056	0.0676489909
1	0.8160685452	0.0038185312	0.0568123831	0.1233005405	0.0000000000
0	0.1235710937	0.0264373364	0.0094037467	0.4296607206	0.4109271026
0	0.0492872076	0.0108571115	0.6158982045	0.3239514605	0.0000060159
0	0.6115477334	0.0018099101	0.3866416902	0.0000006664	0.0000000000
0	0.3527065513	0.1386789079	0.4974718593	0.0105119052	0.0006307763
2	0.3137621369	0.0000374469	0.1749841613	0.3335003301	0.1777159248
1	0.0536245338	0.0110191988	0.0362435556	0.8794930590	0.0196196528
0	0.0756612445	0.0611010953	0.0411367804	0.0000155099	0.8220853699
1	0.4937659413	0.0000211111	0.0349688146	0.0005162771	0.4707278560
0	0.0010186231	0.1015266661	0.0893556590	0.8057647981	0.0023342537
0	0.8949925552	0.0591588878	0.0205497457	0.0102761250	0.0150226862
1	0.0234536903	0.0038156685	0.0053270559	0.8613331429	0.1060704424
0	0.7972913456	0.0073846424	0.1353780492	0.0340516333	0.0258943295
0	0.0045628131	0.0001620276	0.0007157926	0.0000006670	0.9945586996
0	0.0400880617	0.0028016164	0.9056906678	0.0514196541	0.0000000000
0	0.6144304326	0.1156251308	0.2373835468	0.0064334948	0.0261273950
0	0.2624976469	0.2575916465	0.0000106944	0.4797760837	0.0001239286
1	0.8409675152	0.0000000001	0.1590317416	0.0000006708	0.0000000723
1	0.0495713854	0.0312416880	0.2916671696	0.5288545758	0.0986651813
0	0.4613637000	0.0092952305	0.5267598080	0.0002836088	0.0022976526
1	0.5780338691	0.0000022871	0.0022236316	0.4197402122	0.0000000000
0	0.4255079703	0.0057755532	0.0398961429	0.3061530597	0.2226672739
1	0.5645957501	0.0000000500	0.1772513708	0.2579579974	0.0001948317
0	0.9692309562	0.0144710300	0.0160487389	0.0001585064	0.0000907685
0	0.9955268893	0.0033182838	0.0000002755	0.0000399384	0.0011146131
0	0.3283346375	0.0000000000	0.6155425967	0.0128220985	0.0433006673
1	0.9033482073	0.0046381913	0.0051741397	0.0868393167	0.0000001450
0	0.0339160352	0.0041250372	0.8300241360	0.1301075930	0.0018271987
0	0.2276215689	0.1982637036	0.4522483126	0.0696368008	0.0522296141
0	0.0016160652	0.1179775232	0.8194277015	0.0000002376	0.0609784726
1	0.4654508824	0.0000000000	0.0003049815	0.0147325759	0.5195115603
0	0.0113518436	0.0000000000	0.0000000000	0.9596998423	0.0289483142
1	0.0580702018	0.0405191933	0.8840671271	0.0063835195	0.0109599584
1	0.0676235110	0.0043621471	0.6150964353	0.2999380224	0.0129798841
0	0.3116508289	0.6105698891	0.0677121538	0.0015341164	0.0085330118
1	0.3150766540	0.0000001067	0.4800842577	0.2048364657	0.0000025160
0	0.1761056821	0.0795004116	0.7388078008	0.0000159046	0.0055702010
0	0.6890693458	0.0000001338	0.3105828846	0.0000002980	0.0003473379
0	0.2775224625	0.6963309829	0.0069793162	0.0000736115	0.0190936269
0	0.3921747966	0.1313051657	0.4461773273	0.0000000000	0.0303427104
0	0.2058057541	0.0001126723	0.0238904104	0.5738437264	0.1963474368
0	0.6189080373	0.0000000758	0.2752715272	0.0000000000	0.1058203598
0	0.9502520125	0.0235582234	0.0045636154	0.0215925603	0.0000335884
1	0.5956224983	0.0875032970	0.0499120536	0.2669390750	0.0000230761
0	0.3938643606	0.0007184145	0.0952844675	0.0248032117	0.4853295458
0	0.0077599769	0.0002376880	0.7011174399	0.2908696138	0.0000152814
0	0.0320973533	0.0768457629	0.8255270452	0.0000000001	0.0655298385
1	0.0083035512	0.8910707322	0.0907145415	0.0018553721	0.0080558029
0	0.1821128791	0.3454177739	0.4578459546	0.0146233923	0.0000000000
1	0.6555725112	0.0035563227	0.1796608654	0.1611649013	0.0000453994
0	0.7908113897	0.0000000000	0.0316867485	0.1771889874	0.0003128744
1	0.4719612193	0.0079290040	0.0040683043	0.3804443778	0.1355970946
0	0.6441254816	0.1863807381	0.1689051130	0.0005886672	0.0000000000
1	0.9188554965	0.0000316167	0.0004761524	0.0000000000	0.0806367344
0	0.5180087417	0.0034100991	0.0345957969	0.1923993883	0.2515859740
0	0.0046177128	0.2016445619	0.0624897663	0.1971445416	0.5341034174
0	0.9026375137	0.0000025735	0.0332745798	0.0000000069	0.0640853262
1	0.1881194429	0.0000005472	0.6161909184	0.1956890915	0.0000000000
1	0.1826306448	0.7796699792	0.0180085836	0.0185560535	0.0011347389
0	0.3431265573	0.1195213354	0.3260461391	0.0106705039	0.2006354643
1	0.0529557515	0.0716010137	0.6938263528	0.1816144476	0.0000024345
0	0.5319316717	0.0711672322	0.1846662004	0.1795973195	0.0326375763
0	0.0944851031	0.7064693255	0.0248464717	0.0094604993	0.1647386004
0	0.5847920501	0.0000000000	0.4152078252	0.0000000000	0.0000001247
0	0.2851695229	0.0751305476	0.0147862254	0.2446626118	0.3802510923
0	0.3812476933	0.1643590969	0.1494653596	0.1668646038	0.1380632464
