0	0.9226488954	0.0018101717	0.0637965265	0.0001527586	0.0115916477
0	0.5999127218	0.0646957152	0.3242248784	0.0071599013	0.0040067833
1	0.0432487533	0.0005105204	0.9427353655	0.0113931186	0.0021122422
0	0.0058772904	0.9854501759	0.0082085270	0.0004640002	0.0000000064
0	0.2031559581	0.0005506310	0.7801285593	0.0110507003	0.0051141513
0	0.0280541272	0.2249739969	0.7220382237	0.0042694240	0.0206642281
0	0.5545097702	0.0019130611	0.2440500946	0.1822738658	0.0172532083
0	0.2527736225	0.0703483090	0.6718326889	0.0000000000	0.0050453796
0	0.0053333173	0.1380113335	0.2509017695	0.0000000006	0.6057535791
0	0.4484569112	0.0246442414	0.3613375444	0.1602953003	0.0052660027
0	0.4758445614	0.0710556127	0.4178277015	0.0000058022	0.0352663222
0	0.3384934622	0.5549254341	0.1065757501	0.0000000000	0.0000053536
1	0.1263031037	0.4230159809	0.4330554002	0.0003252507	0.0173002645
0	0.1561201943	0.0004107715	0.6553808594	0.0000000189	0.1880881559
1	0.9307718867	0.0038205551	0.0500741289	0.0153334293	0.0000000000
0	0.0072583442	0.0000000600	0.6916188970	0.3011226987	0.0000000002
1	0.5000391251	0.0000211734	0.1737097920	0.3260084089	0.0002215006
0	0.1310864415	0.6492314554	0.0089457090	0.2081857053	0.0025506888
0	0.9417204617	0.0170806146	0.0000000167	0.0407312444	0.0004676626
0	0.0092932758	0.0856832943	0.6756404379	0.0964556930	0.1329272989
1	0.0000007715	0.0025103427	0.5332242766	0.3431343583	0.1211302508
1	0.5617485276	0.0489478299	0.0948328915	0.2376937420	0.0567770090
1	0.0592860245	0.2222606798	0.0039498866	0.2018511154	0.5126522938
0	0.5883624503	0.0270709626	0.2045328475	0.0000002341	0.1800335055
0	0.1002187889	0.1101770731	0.0000000008	0.0461178471	0.7434862900
2	0.0018083700	0.2533637898	0.3102647790	0.4338663558	0.0006967054
0	0.0071025481	0.1582376782	0.0479886312	0.7866711425	0.0000000000
0	0.0141111910	0.7017718364	0.0144504343	0.2281018362	0.0415647022
1	0.7883775092	0.0041241164	0.0052432111	0.1950499115	0.0072052519
0	0.0413088524	0.1144644558	0.0018852540	0.0005639298	0.8417775081
0	0.0006421294	0.0000000000	0.9464489805	0.0011565820	0.0517523081
0	0.0153134527	0.2094846534	0.2430177836	0.5062847531	0.0258993572
0	0.8036502765	0.0784839592	0.0988235942	0.0016560858	0.0173860842
0	0.2269839556	0.0000000000	0.0177586087	0.0000000044	0.7552574313
1	0.0000117052	0.0211252176	0.1460777419	0.8289589953	0.0038263400
1	0.4959662972	0.2252451940	0.0000502135	0.0514663238	0.2272719715
1	0.0007146453	0.0006327666	0.9411915319	0.0574449170	0.0000161392
2	0.0229943610	0.5926000951	0.2204785254	0.1639241969	0.0000028215
0	0.1092608870	0.5345647373	0.1235627109	0.0318747847	0.2007368801
1	0.0361838011	0.3514726644	0.0196413532	0.1611603002	0.4315418810
0	0.0633350035	0.0000000188	0.0602971120	0.8731159952	0.0032518705
1	0.0977525473	0.4838334486	0.3584883775	0.0017810507	0.0581445758
0	0.3315503004	0.0557396223	0.3947517555	0.0296935084	0.1882648135
0	0.0545119688	0.0082211003	0.4684259448	0.2816508586	0.1871901275
0	0.0925700843	0.0170753532	0.0689416751	0.1950251954	0.6263876921
0	0.7675863234	0.1689929751	0.0000000022	0.0609258501	0.0024948493
1	0.2646113760	0.0013820675	0.7339149972	0.0000709977	0.0000205616
0	0.2454989550	0.4941994181	0.1067527766	0.1481909230	0.0053579274
1	0.0904414588	0.7544415887	0.0043850262	0.1507257017	0.0000062247
0	0.1136000079	0.4915251918	0.0005068461	0.0595754420	0.3347925122
0	0.5230610446	0.0276985958	0.4263275756	0.0185427992	0.0043699847
2	0.0000000450	0.0000000000	0.0349769792	0.3737529181	0.5912700577
1	0.0098558745	0.1091464828	0.5343224238	0.3084538747	0.0382213442
0	0.5139998344	0.2988222697	0.0330871342	0.1151717616	0.0389190001
0	0.0875875659	0.5326347061	0.0683949808	0.0472082953	0.2641744519
1	0.0047184125	0.5528369619	0.0407667919	0.0006939372	0.4009838965
1	0.7517798087	0.0000001479	0.0155098022	0.0193369075	0.2133733338
0	0.0173364486	0.3820795524	0.0000001703	0.5301564477	0.0704273810
0	0.2550381146	0.0000309119	0.2951209785	0.4171243132	0.0326856818
0	0.0151857048	0.0324201518	0.8023672641	0.0000030982	0.1500237812
1	0.8658386693	0.0373884860	0.0066268178	0.0019041721	0.0882418547
0	0.3308267325	0.0120627994	0.4666806332	0.1880904614	0.0023393736
1	0.8402445433	0.0835712143	0.0691207101	0.0002099125	0.0068536198
0	0.0916152271	0.8643696398	0.0179888191	0.0249923605	0.0010339535
0	0.5761359169	0.2083564496	0.0615575534	0.1517527222	0.0021973578
0	0.0001040292	0.0045683887	0.0071888891	0.0040186840	0.9841200090
0	0.0314803489	0.0013628324	0.1235999843	0.6685621325	0.1749947018
0	0.0751300925	0.0000000000	0.9215329016	0.0033370059	0.0000000000
1	0.0105678156	0.0848587977	0.7519030697	0.1526703170	0.0000000000
0	0.7322626752	0.0473819839	0.0365226838	0.0838016825	0.1000309746
1	0.9999990641	0.0000000000	0.0000000098	0.0000009261	0.0000000000
0	0.2964004645	0.4576705695	0.2157143173	0.0000248654	0.0301897834
1	0.3427802140	0.2600414653	0.0320265723	0.2378645958	0.1272871526
0	0.0019764352	0.1360203497	0.0002091249	0.8617909193	0.0000031709
0	0.3990152661	0.1695578605	0.0709952455	0.0527211339	0.3077104940
0	0.8045754463	0.0315126087	0.0384578498	0.0056534324	0.1198006628
0	0.0232469197	0.8284642991	0.0000110183	0.0030929551	0.1451848078
1	0.7291872825	0.0083384210	0.0908914353	0.0817928630	0.0897899982
0	0.0429714051	0.0037380557	0.1104298067	0.8321725844	0.0106881480
0	0.5871283695	0.1530368073	0.2080898535	0.0125960542	0.0391489154
0	0.0000000000	0.5773101029	0.4226324918	0.0000227868	0.0000346185
2	0.9093284152	0.0314104517	0.0386194534	0.0120860483	0.0085556315
0	0.0003814556	0.7465355350	0.2525299417	0.0000029352	0.0005501325
0	0.2309141618	0.0000013381	0.5795837376	0.1894617216	0.0000390409
1	0.0581025245	0.3004750471	0.3325660526	0.2915492276	0.0173071482
0	0.1371589289	0.2608743254	0.6005893373	0.0000462335	0.0013311749
1	0.1251184418	0.0699904421	0.0125800962	0.4159014180	0.3764096019
1	0.3077198837	0.5679002995	0.0175623340	0.0606235322	0.0461939506
0	0.6078030635	0.0000000001	0.2148105435	0.0000000000	0.1773863929
0	0.7921043797	0.0154594838	0.0012223806	0.1831703580	0.0080433979
0	0.0591681220	0.5155098617	0.0833427472	0.2657770067	0.0762022624
1	0.0305752563	0.0000323017	0.1172263133	0.5958986994	0.2562674293
0	0.2240680289	0.0208914484	0.6622513587	0.0775395647	0.0152495994
1	0.0103551090	0.2775595042	0.7055254460	0.0006578510	0.0059020897
0	0.0978094249	0.1076838478	0.7638379620	0.0290591603	0.0016096050
1	0.6234189775	0.0034389452	0.0041474905	0.1735770864	0.1954175005
1	0.9808188613	0.0021790717	0.0148578204	0.0021442465	0.0000000000
1	0.4988319992	0.0877888715	0.2930646810	0.1203144484	0.0000000000
1	0.1968620464	0.0005806020	0.1346633837	0.6463626803	0.0215312877
1	0.6250593287	0.0271509552	0.1938173087	0.0783885992	0.0755838082
