0	0.0178969990	0.0000336326	0.9658891393	0.0120467528	0.0041334763
0	0.1718470282	0.5634448590	0.0861119221	0.0000000012	0.1785961895
1	0.0144103953	0.0002430526	0.8743470629	0.0001216781	0.1108778111
0	0.3556432061	0.0265930433	0.6067003862	0.0110557178	0.0000076466
0	0.7934996263	0.0005631411	0.0253278309	0.1794168272	0.0011925745
0	0.7486019142	0.0000178499	0.2504283394	0.0009518962	0.0000000003
1	0.2629804718	0.0099283110	0.1461041939	0.5809870234	0.0000000000
0	0.5288329540	0.0055789733	0.1690399034	0.0139024862	0.2826456831
0	0.2444417546	0.0331188333	0.7104230614	0.0088281836	0.0031881672
1	0.8055151544	0.1689622277	0.0232260985	0.0000374213	0.0022590982
0	0.0521094197	0.0769431687	0.4521168295	0.4118052177	0.0070253644
0	0.3726109957	0.0051050275	0.3888056996	0.2317257025	0.0017525748
1	0.3290089582	0.0000034752	0.5448135751	0.0805167473	0.0456572442
1	0.6487955127	0.0006242753	0.1128118221	0.0000000000	0.2377683898
0	0.0359519643	0.0001165361	0.0015063126	0.4881562676	0.4742689195
1	0.5910734558	0.0000000000	0.0680639255	0.0880882519	0.2527743667
1	0.1047894962	0.0068020188	0.0003232101	0.0030682959	0.8850169790
1	0.7734355111	0.0155070918	0.1293470653	0.0008792565	0.0808310752
0	0.0002531481	0.0066349991	0.0433211786	0.0006154003	0.9491752740
0	0.3263280795	0.0579598012	0.2234470917	0.0076549795	0.3846100481
0	0.1498863634	0.0004389211	0.2291125430	0.2134330490	0.4071291235
1	0.0895038880	0.0004846578	0.8891872109	0.0006174184	0.0202068249
1	0.5572371201	0.0000000000	0.1180352951	0.0437841693	0.2809434154
1	0.0343532541	0.9057983038	0.0355529127	0.0006011142	0.0236944152
2	0.0071270618	0.0005616509	0.0010483698	0.9912627863	0.0000001312
0	0.0000062733	0.0102945110	0.0000000000	0.0094708177	0.9802283981
0	0.0010310537	0.0252275461	0.0029948933	0.7150816496	0.2556648573
0	0.2441304211	0.0548646081	0.5236197473	0.0008837169	0.1765015067
1	0.9484633897	0.0000000000	0.0204502053	0.0073426715	0.0237437335
1	0.7486339949	0.0000321148	0.0986764946	0.1320952744	0.0205621213
0	0.0474041010	0.8711001065	0.0013972803	0.0797294620	0.0003690502
1	0.4868296138	0.0011679799	0.3541946450	0.0081084545	0.1496993068
0	0.1580061236	0.0002080435	0.8142395842	0.0275462487	0.0000000000
1	0.2516124451	0.0825269717	0.5946834541	0.0002018661	0.0709752629
1	0.5664261312	0.1213513302	0.3059287134	0.0061946644	0.0000991607
1	0.0259675194	0.0004296077	0.7620660674	0.2115368055	0.0000000000
0	0.0091113093	0.2035113785	0.2553061668	0.0198452750	0.5122258704
0	0.0176845182	0.0128580363	0.8530470498	0.0000000000	0.1164103957
0	0.2743824514	0.0014283188	0.5723288799	0.0722788399	0.0795815101
1	0.5287319554	0.0075629839	0.4391849089	0.0245200040	0.0000001477
0	0.4856697184	0.0000079117	0.5023275115	0.0119948584	0.0000000000
1	0.5275636434	0.0677119214	0.0253101585	0.3794119014	0.0000023753
0	0.6400102757	0.0006684641	0.2793312722	0.0235621220	0.0564278660
1	0.9002423680	0.0011902726	0.0892286454	0.0000000856	0.0093386284
1	0.1686816263	0.0000025413	0.0834819420	0.6931236880	0.0547102024
0	0.0000050606	0.0721104487	0.0218120572	0.9060705579	0.0000018757
0	0.5563670602	0.0000000000	0.0213503172	0.0000000007	0.4222826219
0	0.1474234270	0.0694187828	0.6948411657	0.0000035151	0.0883131093
0	0.8118232441	0.0000001267	0.1881766291	0.0000000000	0.0000000002
0	0.0489605174	0.0000000039	0.0173113829	0.8582034509	0.0755246448
2	0.2080111540	0.0369017483	0.7523558310	0.0027312667	0.0000000001
0	0.4816186773	0.0000000063	0.1834454111	0.3220049284	0.0129309768
0	0.1861229998	0.1026971680	0.1218856523	0.1326594229	0.4566347570
1	0.0090154207	0.8402849858	0.0312507323	0.0000000000	0.1194488611
1	0.1854409466	0.0000000000	0.8144775686	0.0000038359	0.0000776489
0	0.9762950868	0.0090783917	0.0066053264	0.0080211951	0.0000000000
1	0.5458388515	0.0023104578	0.0053028885	0.1044934233	0.3420543789
0	0.1130197874	0.5436942187	0.0251360701	0.0266101417	0.2915397821
0	0.7360387329	0.0000000001	0.2457724462	0.0084708615	0.0097179593
1	0.6043793099	0.0425012447	0.0000058273	0.0007360856	0.3523775326
0	0.4035436509	0.0000001112	0.3639035091	0.2295893952	0.0029633336
0	0.0977001369	0.2982450596	0.5998530554	0.0040139113	0.0001878369
0	0.0000000021	0.0007770702	0.9422834320	0.0568276987	0.0001117970
0	0.0045761718	0.9811632064	0.0000011647	0.0139492119	0.0003102452
0	0.2124040700	0.0074065534	0.6419748002	0.1377317415	0.0004828349
1	0.5010548098	0.0084431763	0.0019176544	0.4217901333	0.0667942263
1	0.0778773968	0.6532624287	0.1841897992	0.0797258628	0.0049445125
0	0.3032314679	0.0003240231	0.2581784852	0.4382655950	0.0000004288
2	0.2081240758	0.0000032229	0.0133889604	0.1024326348	0.6760511061
0	0.1922230304	0.7342031889	0.0735138555	0.0000509978	0.0000089274
0	0.0000000054	0.0002157956	0.1834095257	0.2638087427	0.5525659305
1	0.1477175367	0.0030786322	0.0055396491	0.0030132606	0.8406509213
1	0.0574962996	0.7888701024	0.1087972964	0.0343449223	0.0104913793
0	0.5124349753	0.2636579517	0.2175372497	0.0063698234	0.0000000000
0	0.6976048031	0.0062278057	0.0041104654	0.0778940902	0.2141628356
0	0.0000008804	0.1691498715	0.5980821855	0.1451915305	0.0875755322
0	0.1491217227	0.3525368633	0.3008383300	0.0356903340	0.1618127500
1	0.0474200426	0.1593644065	0.0014853200	0.0001180495	0.7916121814
0	0.0367616280	0.1679320866	0.5631314051	0.0249592294	0.2072156508
0	0.2400398352	0.0042543006	0.0040822172	0.7501564026	0.0014672444
0	0.2371809897	0.7355309644	0.0078433653	0.0148055761	0.0046391045
0	0.3550212869	0.1147165550	0.4889464705	0.0192714770	0.0220442106
1	0.1915349517	0.0000000001	0.7127219520	0.0000000000	0.0957430962
0	0.0398142958	0.3262770625	0.4797069749	0.1382672198	0.0159344469
0	0.7602062570	0.0000000000	0.0587479272	0.1809228046	0.0001230112
0	0.0782658922	0.0448629146	0.6740586362	0.1972264643	0.0055860928
0	0.1368345881	0.0000000028	0.2452962354	0.5205136537	0.0973555200
1	0.0255591560	0.1778980310	0.1072653920	0.6744771563	0.0148002646
1	0.0615885340	0.6285135583	0.0000000000	0.0000065314	0.3098913763
0	0.9307693361	0.0000053170	0.0060250146	0.0000002243	0.0632001080
0	0.2493498238	0.3441428093	0.4065071713	0.0000001956	0.0000000000
1	0.4273275109	0.0188237287	0.0817723331	0.0000027839	0.4720736434
1	0.7549294580	0.0000000000	0.1465075559	0.0008594568	0.0977035292
0	0.5790996614	0.0063197404	0.1951364210	0.1493813338	0.0700628434
0	0.4978561314	0.0582443725	0.0663893141	0.1663712134	0.2111389685
1	0.1492060538	0.0000679225	0.0230482091	0.8276778146	0.0000000000
0	0.0000000025	0.3079152541	0.3864406976	0.2690569968	0.0365870489
0	0.8557282549	0.0110884057	0.0435027397	0.0000000000	0.0896805997
1	0.1335572172	0.0408914522	0.0267218142	0.6435501884	0.1552793280
1	0.9460070174	0.0340440078	0.0188229357	0.0000001611	0.0011258780
