0	0.7444534627	0.2552164855	0.0003300518
1	0.2013239461	0.0163300186	0.7823460353
0	0.0163583795	0.0081902429	0.9754513776
0	0.0596128670	0.4096609978	0.5307261353
0	0.3560893650	0.1613184463	0.4825921887
0	0.1371058429	0.8455280420	0.0173661151
0	0.6027108565	0.1180614295	0.2792277141
0	0.1170177656	0.6855180948	0.1974641395
0	0.0002649363	0.8325586959	0.1671763678
0	0.2753345417	0.0755593810	0.6491060773
0	0.5864837612	0.0705465898	0.3429696490
0	0.4926572083	0.4989148928	0.0084278989
0	0.9124580438	0.0871271017	0.0004148544
0	0.4929337596	0.0000000000	0.5070662404
0	0.9743581549	0.0077324039	0.0179094412
1	0.9711019102	0.0000000000	0.0288980898
0	0.4268545316	0.0918794545	0.4812660139
0	0.0142345511	0.4018675420	0.5838979068
0	0.0007197056	0.9992406427	0.0000396516
2	0.0061681586	0.8842543725	0.1095774689
0	0.0841507842	0.7993933099	0.1164559060
1	0.4216490541	0.3279708271	0.2503801188
0	0.6933482152	0.0001175987	0.3065341861
0	0.0057139602	0.2737276203	0.7205584195
0	0.0001654164	0.0451217749	0.9547128086
1	0.3421346519	0.3558768923	0.3019884558
0	0.4251858953	0.5407622965	0.0340518082
0	0.8321786722	0.0033758528	0.1644454750
0	0.0290882862	0.0405058685	0.9304058453
1	0.4547694828	0.4731666159	0.0720639014
0	0.5588105251	0.4384597531	0.0027297218
1	0.1550335622	0.0154855229	0.8294809148
0	0.7184113760	0.2540456402	0.0275429838
0	0.9988182301	0.0011389448	0.0000428251
1	0.1044520980	0.8890475019	0.0065004001
0	0.0000484663	0.0000000000	0.9999515337
0	0.0540509971	0.2134205749	0.7325284280
0	0.3328507957	0.3076230745	0.3595261298
1	0.0713030822	0.9286955118	0.0000014060
0	0.1145019761	0.2625129610	0.6229850629
0	0.1942072947	0.3987595307	0.4070331746
0	0.9967272150	0.0011941496	0.0020786354
1	0.0306247326	0.0001530318	0.9692222356
0	0.0581676982	0.8120898860	0.1297424158
0	0.0000000000	0.0000351197	0.9999648803
1	0.8344327180	0.0005001715	0.1650671105
1	0.0023981461	0.1359704022	0.8616314516
1	0.0599969417	0.9340548781	0.0059481802
1	0.2684281156	0.5736624301	0.1579094543
0	0.9858217673	0.0113224006	0.0028558322
1	0.1721822437	0.1402704895	0.6875472668
0	0.1303764936	0.2234559767	0.6461675298
1	0.8613896000	0.0018601188	0.1367502812
1	0.0361281471	0.5456988496	0.4181730032
1	0.1738446803	0.8261502317	0.0000050879
0	0.9149061144	0.0850932366	0.0000006490
0	0.0343615103	0.9656263246	0.0000121650
0	0.8630862977	0.0457062915	0.0912074108
2	0.0013953600	0.0887898664	0.9098147736
0	0.3553168924	0.0289414002	0.6157417074
0	0.0321603431	0.8689388995	0.0989007574
0	0.8463314724	0.1506106729	0.0030578546
1	0.7888981713	0.0137309270	0.1973709017
0	0.0484574283	0.1013234348	0.8502191369
1	0.0395580498	0.0228544191	0.9375875311
0	0.9714079806	0.0066646574	0.0219273620
0	0.3613220246	0.3791383631	0.2595396124
0	0.1043512121	0.0610153942	0.8346333937
0	0.0669950048	0.1266841004	0.8063208948
0	0.2809001414	0.0796272795	0.6394725792
0	0.6597236797	0.0559180837	0.2843582366
1	0.9348550864	0.0648115656	0.0003333480
0	0.2513423181	0.7072102538	0.0414474281
0	0.3694283553	0.2850922643	0.3454793804
0	0.4993254585	0.4162176457	0.0844568959
1	0.8875449776	0.0854267094	0.0270283130
1	0.0000000000	0.0019543499	0.9980456501
1	0.3369458008	0.0000002588	0.6630539404
0	0.3119868354	0.6870065411	0.0010066235
1	0.1891910213	0.3141226965	0.4966862822
2	0.9618842677	0.0000002623	0.0381154700
1	0.0000047147	0.2727639822	0.7272313030
1	0.0578237722	0.9034416924	0.0387345354
1	0.0000529050	0.9598425987	0.0401044963
0	0.0030389774	0.3685622487	0.6283987738
1	0.0303107383	0.6818980181	0.2877912436
0	0.0834758830	0.5489060043	0.3676181127
1	0.0867299372	0.5103877513	0.4028823115
1	0.0008104758	0.1698148739	0.8293746503
0	0.0017594618	0.7200394552	0.2782010830
1	0.5409091384	0.4405889232	0.0185019385
0	0.3939384508	0.6051516889	0.0009098603
0	0.9986054394	0.0000039572	0.0013906034
1	0.6389819741	0.3594355717	0.0015824542
0	0.4509718751	0.0116250619	0.5374030630
0	0.9031402265	0.0968595568	0.0000002167
0	0.6907421395	0.0696403889	0.2396174716
0	0.4488911688	0.5208126973	0.0302961338
0	0.0773361124	0.3931125075	0.5295513802
0	0.6755202445	0.0000196013	0.3244601542
