0	0.0046787823	0.0023874504	0.9929337674
0	0.0464829051	0.9514292321	0.0020878628
1	0.6066901338	0.3857681129	0.0075417532
0	0.0367640050	0.5495665324	0.4136694626
1	0.2519680706	0.2594818389	0.4885500905
1	0.8623645277	0.1376303411	0.0000051312
0	0.0860416980	0.2165377818	0.6974205203
1	0.0009659270	0.0000086065	0.9990254665
0	0.2990456527	0.1150811068	0.5858732404
1	0.9499493881	0.0267973817	0.0232532302
0	0.9976263069	0.0005403739	0.0018333191
1	0.0014516805	0.9908219293	0.0077263902
0	0.0327561785	0.1114211515	0.8558226699
0	0.3080895533	0.0044210177	0.6874894290
0	0.9995697899	0.0000011193	0.0004290908
1	0.9999016045	0.0000004031	0.0000979924
0	0.1840865036	0.4925033115	0.3234101849
0	0.0000220610	0.4173528296	0.5826251094
0	0.0702405664	0.6105783796	0.3191810539
0	0.0025256865	0.0128486517	0.9846256619
0	0.9209595165	0.0014554404	0.0775850431
0	0.2419818779	0.7570598701	0.0009582520
1	0.0101921783	0.1324742866	0.8573335350
0	0.2216857794	0.7708901902	0.0074240304
0	0.0006179178	0.0068046000	0.9925774822
0	0.3484099712	0.0003193405	0.6512706882
0	0.9718111419	0.0000003863	0.0281884719
1	0.0000050324	0.8909894156	0.1090055520
0	0.0000166948	0.0558777987	0.9441055065
0	0.1231353394	0.7268627889	0.1500018717
0	0.0000017477	0.0897759687	0.9102222836
1	0.0000000002	0.1731365816	0.8268634182
1	0.5711921752	0.3036332087	0.1251746161
1	0.1176804662	0.0501599714	0.8321595624
0	0.0001421872	0.9451247764	0.0547330364
0	0.7005799363	0.2941551976	0.0052648662
1	0.2736116634	0.0589677577	0.6674205789
0	0.0097198905	0.6128259775	0.3774541320
0	0.3071666640	0.6928333360	0.0000000000
0	0.5999346312	0.0927405030	0.3073248658
1	0.0000002040	0.1154062822	0.8845935138
0	0.2283727513	0.7136936366	0.0579336121
1	0.0000021562	0.9999978435	0.0000000003
0	0.0000000000	0.6375686747	0.3624313253
1	0.0015184028	0.9541816024	0.0442999949
1	0.4057413208	0.0447448431	0.5495138362
0	0.9764627904	0.0037071490	0.0198300606
1	0.1568203330	0.1577340920	0.6854455750
0	0.3110158893	0.6884547911	0.0005293195
0	0.0903034488	0.5326260444	0.3770705068
0	0.4013890811	0.0695176775	0.5290932415
0	0.8652213636	0.0591586405	0.0756199958
0	0.9630346228	0.0341334924	0.0028318848
0	0.7333642695	0.0164993199	0.2501364106
0	0.1235255832	0.0145804578	0.8618939590
0	0.0641908779	0.9358091218	0.0000000003
1	0.1197905904	0.0284385535	0.8517708561
0	0.0773596659	0.4546943763	0.4679459578
0	0.1271885372	0.6510473798	0.2217640830
0	0.0018868705	0.6032907307	0.3948223988
0	0.0023414704	0.0000170774	0.9976414521
0	0.2683751470	0.0997699069	0.6318549461
0	0.4118195782	0.3350040773	0.2531763445
1	0.0004329806	0.9758142772	0.0237527421
1	0.6633882050	0.2603491041	0.0762626909
0	0.1279165465	0.0761366309	0.7959468227
1	0.2467139397	0.0612541962	0.6920318641
1	0.8203783444	0.0144122354	0.1652094202
1	0.6512305731	0.0000041046	0.3487653222
1	0.6541188188	0.0017601110	0.3441210702
0	0.0003363150	0.9649992053	0.0346644797
0	0.0255658059	0.7137356454	0.2606985487
1	0.0213126183	0.0028506575	0.9758367242
1	0.9983669449	0.0005807703	0.0010522848
0	0.1909607285	0.0237448432	0.7852944284
0	0.0194257467	0.6024001001	0.3781741532
1	0.3869621800	0.6129383673	0.0000994526
0	0.3229755557	0.3966984444	0.2803259999
0	0.0062075112	0.3912906305	0.6025018583
1	0.0000000000	0.1922087315	0.8077912685
1	0.0001468554	0.7933111363	0.2065420082
0	0.0466397261	0.5789625649	0.3743977090
1	0.7523708725	0.0816008191	0.1660283084
1	0.2814147106	0.6687630829	0.0498222064
1	0.1302790743	0.0422118916	0.8275090341
2	0.7416724597	0.2418248298	0.0165027105
1	0.6475139086	0.1263519773	0.2261341141
0	0.3707821550	0.6291229443	0.0000949008
0	0.8294721002	0.1499132042	0.0206146956
0	0.9676849644	0.0000000018	0.0323150338
0	0.8354279646	0.1636000677	0.0009719677
0	0.0447609014	0.5989615232	0.3562775753
1	0.8646513839	0.0580489437	0.0772996723
0	0.0000000000	0.2747131536	0.7252868464
1	0.9159261674	0.0782802700	0.0057935626
0	0.4815745674	0.4059880280	0.1124374046
1	0.0048819216	0.9950164002	0.0001016782
0	0.1296021236	0.7962560674	0.0741418089
1	0.0060983589	0.9013796884	0.0925219527
0	0.7914849369	0.0008800069	0.2076350562
