1	0.0005732669	0.9994033373	0.0000233958
1	0.0089356937	0.0000176092	0.9910466971
1	0.0494435292	0.2956787437	0.6548777271
1	0.0000000814	0.9999998443	0.0000000743
0	0.0129203241	0.8807073339	0.1063723420
0	0.0298723397	0.7537045410	0.2164231193
0	0.9852698042	0.0000211121	0.0147090837
1	0.5001341160	0.4998658840	0.0000000000
1	0.6070036635	0.2470991569	0.1458971795
0	0.9452686249	0.0540524548	0.0006789203
0	0.0006863865	0.9988427529	0.0004708606
0	0.0798120814	0.9188149719	0.0013729467
0	0.0000008714	0.0000000121	0.9999991164
1	0.0474127521	0.9200039124	0.0325833355
1	0.0746933079	0.0000029709	0.9253037213
0	0.9050231233	0.0646280459	0.0303488309
0	0.2603156472	0.1100294862	0.6296548666
1	0.0000002348	0.9025012618	0.0974985035
0	0.1690191669	0.8164557475	0.0145250856
0	0.0592068869	0.9094922166	0.0313008965
1	0.1813901352	0.0000137171	0.8185961477
0	0.0000042492	0.0000000000	0.9999957508
1	0.3813557615	0.2364702099	0.3821740286
0	0.0196860456	0.9618723991	0.0184415553
1	0.8279607234	0.0049815792	0.1670576974
1	0.9994623465	0.0000000000	0.0005376535
0	0.0027065802	0.4612408879	0.5360525320
0	0.0024171395	0.9722348816	0.0253479789
0	0.0202284648	0.0000781906	0.9796933446
0	0.0285928837	0.9103371779	0.0610699384
2	0.1742056192	0.8225988015	0.0031955793
1	0.0001722538	0.1157260621	0.8841016841
0	0.0832120295	0.8683498220	0.0484381486
0	0.3317161462	0.3900380536	0.2782458002
1	0.0000000000	0.0012444604	0.9987555396
1	0.3029976455	0.0029918613	0.6940104932
1	0.2086626687	0.3121786402	0.4791586911
1	0.0014865738	0.1082722908	0.8902411354
0	0.0563294311	0.6191041709	0.3245663980
0	0.0145098100	0.0369483609	0.9485418291
0	0.1309710533	0.0000406162	0.8689883305
1	0.3670929094	0.5341408279	0.0987662626
0	0.8266408341	0.1646093467	0.0087498192
1	0.4477656315	0.0058632157	0.5463711528
1	0.2491752853	0.4196665134	0.3311582013
0	0.0297701492	0.0960339049	0.8741959459
0	0.6631644650	0.3272570016	0.0095785334
0	0.0000011878	0.9944610648	0.0055377474
1	0.0968211941	0.8646195864	0.0385592195
0	0.1461744431	0.7963447088	0.0574808481
0	0.6817732483	0.0354155077	0.2828112441
1	0.9974798843	0.0025201157	0.0000000000
0	0.0024149749	0.1917485468	0.8058364783
0	0.4915478360	0.0196109707	0.4888411934
0	0.8012337578	0.1987662422	0.0000000000
0	0.9966947989	0.0028561414	0.0004490597
0	0.0936454729	0.0577975783	0.8485569489
0	0.6486489252	0.2376226602	0.1137284146
0	0.9652029342	0.0013421538	0.0334549121
0	0.9754751609	0.0035179915	0.0210068476
0	0.0271197624	0.2111278124	0.7617524252
0	0.0318093614	0.8071863812	0.1610042575
1	0.2792955046	0.7123638834	0.0083406119
0	0.5967917151	0.0001646746	0.4030436103
1	0.1785840475	0.0005907741	0.8208251784
0	0.6021973155	0.0000001443	0.3978025402
0	0.4492757705	0.5507144113	0.0000098182
1	0.2020375177	0.1344060164	0.6635564658
0	0.1369879567	0.2097957164	0.6532163269
2	0.5676152624	0.3542123631	0.0781723745
1	0.5479705513	0.2438719327	0.2081575159
0	0.7562208903	0.1082786221	0.1355004877
1	0.0436896247	0.9553414730	0.0009689023
0	0.0092679198	0.6944764734	0.2962556068
0	0.0072169910	0.5487173087	0.4440657003
0	0.3010194019	0.2010051722	0.4979754259
1	0.1105632035	0.8893673350	0.0000694615
1	0.0000014694	0.9700770700	0.0299214606
0	0.0536202105	0.0992429596	0.8471368300
0	0.2051116459	0.6157388837	0.1791494704
0	0.3885571230	0.5780196883	0.0334231887
0	0.2934771056	0.6737844023	0.0327384921
0	0.6505789396	0.3494210583	0.0000000021
1	0.0271420707	0.6962537074	0.2766042219
0	0.0058943954	0.0580717136	0.9360338910
0	0.0016816057	0.0415370424	0.9567813518
0	0.2313206724	0.2382447689	0.5304345587
1	0.0000000000	0.3895470456	0.6104529544
0	0.6161230314	0.0000002835	0.3838766851
1	0.0984031141	0.1574437000	0.7441531859
0	0.0006006479	0.9839378108	0.0154615413
0	0.0109761609	0.0030316713	0.9859921678
1	0.4710155449	0.0730064479	0.4559780072
0	0.0000025404	0.0973225206	0.9026749390
1	0.0112035786	0.8010052617	0.1877911598
1	0.0755277165	0.4098071972	0.5146650863
0	0.1358341498	0.6191063846	0.2450594656
0	0.4387920290	0.3668140182	0.1943939528
0	0.0243993904	0.9566448605	0.0189557491
2	0.4562902889	0.0167976159	0.5269120952
