1	0.6425648566	0.1651694303	0.1922657130
1	0.0000000000	0.0804508858	0.9195491142
2	0.0002642631	0.6609409393	0.3387947977
0	0.7746169233	0.0000000000	0.2253830767
0	0.9217291018	0.0782708982	0.0000000000
0	0.3912783371	0.5884908688	0.0202307941
0	0.7285646998	0.2449124006	0.0265228996
1	0.0062293323	0.0101777533	0.9835929144
0	0.8273903414	0.0000613215	0.1725483371
0	0.0018547964	0.0408939966	0.9572512069
0	0.0480048521	0.0610825568	0.8909125911
2	0.0362254218	0.1543232600	0.8094513181
1	0.0251001334	0.4744957099	0.5004041567
0	0.6791796795	0.0009834781	0.3198368424
0	0.0076512738	0.1973819761	0.7949667501
0	0.3111933280	0.6888066677	0.0000000043
1	0.0000000160	0.7358592786	0.2641407054
0	0.5021567025	0.2062381475	0.2916051500
0	0.0408292912	0.9326728382	0.0264978706
0	0.0932439699	0.0052702335	0.9014857966
0	0.9655297426	0.0344702570	0.0000000003
0	0.3253346367	0.6746653633	0.0000000000
0	0.0475316939	0.8579951374	0.0944731687
0	0.3757860107	0.1890226294	0.4351913599
0	0.0354950441	0.9188619333	0.0456430226
0	0.2612449880	0.5403858272	0.1983691848
0	0.2572381262	0.5559923421	0.1867695317
0	0.8412436170	0.1370645707	0.0216918124
0	0.0000007063	0.0508539242	0.9491453695
2	0.6341339705	0.1246448721	0.2412211574
0	0.0129494566	0.7556358924	0.2314146510
1	0.1214682877	0.4596512387	0.4188804736
0	0.0019181356	0.6266320268	0.3714498376
1	0.9263506236	0.0736460290	0.0000033474
1	0.5378188994	0.4435386934	0.0186424072
0	0.0000000000	0.2324556833	0.7675443167
1	0.6444898941	0.3554666273	0.0000434786
1	0.1682842819	0.1786936158	0.6530221023
0	0.8098935065	0.1897973433	0.0003091501
0	0.2245458111	0.1412318626	0.6342223263
0	0.0000014072	0.9698611190	0.0301374738
0	0.2221753047	0.7778193546	0.0000053407
2	0.3073147493	0.6899785622	0.0027066884
0	0.2699093857	0.6367826844	0.0933079299
1	0.0802850692	0.5799352253	0.3397797054
1	0.6902822680	0.3097177320	0.0000000000
0	0.1245308476	0.5532375918	0.3222315606
0	0.3402205237	0.4931635139	0.1666159625
0	0.1051440444	0.8948488626	0.0000070930
0	0.0269443430	0.3310172273	0.6420384297
1	0.9558462779	0.0436454870	0.0005082351
1	0.0840528839	0.5670462070	0.3489009091
0	0.0050054410	0.9166560579	0.0783385011
0	0.0167705309	0.9584181854	0.0248112837
0	0.0228171060	0.0000000352	0.9771828587
1	0.9965161654	0.0000000000	0.0034838346
0	0.0524384766	0.8343132496	0.1132482737
1	0.1849687704	0.0659552117	0.7490760179
0	0.5403801327	0.4478605407	0.0117593267
1	0.9072454312	0.0001646338	0.0925899350
1	0.2908500976	0.5146672339	0.1944826685
0	0.8956397106	0.1018012952	0.0025589942
1	0.0854749478	0.6259621947	0.2885628575
0	0.9989845258	0.0000000114	0.0010154628
0	0.4292937390	0.0395240272	0.5311822338
1	0.2269070626	0.3758634306	0.3972295069
1	0.9996997175	0.0002806019	0.0000196806
1	0.4085700129	0.4640798976	0.1273500895
0	0.4894211631	0.0049584452	0.5056203917
1	0.0043105325	0.6788921609	0.3167973066
2	0.1383571570	0.0099095455	0.8517332976
2	0.6150271846	0.2999911980	0.0849816174
0	0.5075051577	0.0006833043	0.4918115381
0	0.0000755847	0.1567634029	0.8431610124
0	0.1302515769	0.1026294354	0.7671189877
0	0.9010651915	0.0952796188	0.0036551896
0	0.1736541559	0.0846244169	0.7417214272
0	0.0186749582	0.0059947162	0.9753303256
1	0.3075822688	0.5756319784	0.1167857528
1	0.1590902984	0.7867708810	0.0541388206
1	0.0531027622	0.4940690876	0.4528281502
0	0.5703863352	0.4207987886	0.0088148761
0	0.7669589053	0.0442373515	0.1888037432
0	0.6153562073	0.3800657566	0.0045780361
0	0.7574061357	0.1527959183	0.0897979460
0	0.8140921632	0.1145508727	0.0713569641
0	0.0232111267	0.8586120619	0.1181768114
1	0.1588108370	0.1892220743	0.6519670887
0	0.3458537854	0.4594045720	0.1947416426
1	0.0179549253	0.5326679733	0.4493771014
0	0.0000008528	0.0485676499	0.9514314973
1	0.0000000316	0.0000088379	0.9999911306
0	0.2830974747	0.7127305335	0.0041719918
1	0.0000365754	0.0324169095	0.9675465151
1	0.1745169238	0.0000000000	0.8254830762
0	0.1458191077	0.0162858506	0.8378950418
1	0.1328390968	0.2997030884	0.5674578148
0	0.0000000000	0.0715260579	0.9284739421
0	0.6389093978	0.3263534150	0.0347371872
0	0.0101435654	0.9343796762	0.0554767584
