0	0.7285218362	0.0701420442	0.2013361196
0	0.0119364407	0.0000033198	0.9880602395
1	0.0003356355	0.1822499570	0.8174144075
0	0.5558259961	0.0615864784	0.3825875255
0	0.4779189200	0.4966094746	0.0254716054
0	0.0000000000	0.0157823032	0.9842176968
0	0.5837919996	0.1993713761	0.2168366243
0	0.1274227276	0.8090563556	0.0635209168
2	0.0962916773	0.0363538445	0.8673544782
0	0.1633155709	0.0862110898	0.7504733393
1	0.9353537316	0.0569429925	0.0077032759
0	0.0000909593	0.9293199307	0.0705891100
1	0.7282826418	0.0165574296	0.2551599286
0	0.4019996676	0.0374047511	0.5605955813
0	0.9351900694	0.0647812181	0.0000287125
0	0.1513483923	0.0736671936	0.7749844141
0	0.4140329161	0.5148136665	0.0711534174
0	0.7097435898	0.1134273505	0.1768290598
0	0.0000246362	0.0000000000	0.9999753638
0	0.3483861361	0.0000000001	0.6516138639
0	0.0732282560	0.9076655913	0.0191061527
0	0.1022930477	0.3441508949	0.5535560574
0	0.0000575628	0.0000645818	0.9998778554
0	0.0566353193	0.3768598040	0.5665048767
1	0.0985386412	0.1937407414	0.7077206175
0	0.0726564913	0.4150854238	0.5122580849
0	0.1012484029	0.7058261450	0.1929254521
1	0.4763915474	0.0000000000	0.5236084526
2	0.1541688024	0.1286520485	0.7171791491
0	0.0000001346	0.0100770740	0.9899227915
0	0.5360030622	0.4451423079	0.0188546299
1	0.2324149412	0.3827679013	0.3848171575
1	0.5169764958	0.4820159036	0.0010076006
1	0.5181690042	0.0082615760	0.4735694198
1	1.0000000000	0.0000000000	0.0000000000
0	0.0000000928	0.0530350775	0.9469648296
0	0.3848735127	0.3355190645	0.2796074227
0	0.2817675741	0.1475632023	0.5706692236
1	0.0531983290	0.3396550189	0.6071466520
1	0.0363424903	0.8100725733	0.1535849364
0	0.1222859921	0.8777140032	0.0000000048
1	0.9896225424	0.0103754498	0.0000020077
0	0.0192563763	0.5984503065	0.3822933172
0	0.8668065169	0.0007409163	0.1324525668
0	0.0493635245	0.9505568404	0.0000796351
0	0.0161498086	0.2493619029	0.7344882886
1	0.5896343549	0.0751019095	0.3352637356
0	0.0016297712	0.0375314512	0.9608387776
0	0.2337275325	0.2518898229	0.5143826446
1	0.2868419854	0.0543576695	0.6588003452
0	0.5892992214	0.2331146533	0.1775861253
2	0.0000037428	0.4449210048	0.5550752524
0	0.7187097156	0.2746388292	0.0066514552
0	0.0618233548	0.2508443074	0.6873323378
0	0.8789387199	0.0272192265	0.0938420536
1	0.6109012233	0.2846777286	0.1044210482
0	0.1609290253	0.3475487436	0.4915222311
1	0.0000000220	0.0000000080	0.9999999700
0	0.1362154968	0.6840380784	0.1797464248
0	0.1136411968	0.7254337110	0.1609250922
0	0.0000000000	0.9977107424	0.0022892576
0	0.0000000028	0.0000000421	0.9999999551
0	0.0090250023	0.9349371304	0.0560378672
0	0.1973008087	0.1723044572	0.6303947340
1	0.0114018896	0.0439337460	0.9446643644
0	0.0361260055	0.4891080574	0.4747659371
1	0.2789291682	0.0709779005	0.6500929314
0	0.9003061178	0.0139925122	0.0857013700
1	0.7028286530	0.2971713470	0.0000000000
2	0.0260894826	0.8486762896	0.1252342278
0	0.1113171980	0.6848595978	0.2038232043
1	0.1436155128	0.5331983172	0.3231861700
1	0.7394864769	0.2578403852	0.0026731378
0	0.9999644266	0.0000355459	0.0000000275
0	0.0039744457	0.9041316330	0.0918939212
0	0.0000000000	0.0390722476	0.9609277524
0	0.1030397144	0.0041703598	0.8927899259
1	0.0094511377	0.9881009883	0.0024478740
0	0.9209387455	0.0621711359	0.0168901186
0	0.2610338875	0.7389661110	0.0000000015
0	0.2379079772	0.7151746052	0.0469174176
0	0.0246219134	0.9459318593	0.0294462273
2	0.9995828182	0.0000043674	0.0004128144
0	0.7120926565	0.1339267653	0.1539805782
0	0.4050130182	0.5793622200	0.0156247619
0	0.0114225287	0.0325925127	0.9559849585
0	0.0005326175	0.2892109822	0.7102564002
0	0.0430939303	0.0387303471	0.9181757226
1	0.0017113081	0.0000000040	0.9982886878
0	0.4253535488	0.1978204517	0.3768259995
0	0.0435751360	0.8526239572	0.1038009068
0	0.1317381988	0.1653429255	0.7029188757
0	0.6380794145	0.2053361795	0.1565844060
0	0.0587895227	0.8471593357	0.0940511416
1	0.0222879209	0.8816609630	0.0960511161
1	0.2928871870	0.4343068380	0.2728059751
1	0.5494384901	0.0000000036	0.4505615063
1	0.5359066278	0.3558103462	0.1082830260
0	0.0898142884	0.8969724259	0.0132132857
0	0.8593269107	0.1405501809	0.0001229085
