1	0.0039437308	0.0385013553	0.9575549138
0	0.0265687209	0.3486778320	0.6247534471
0	0.0000000000	0.0439479762	0.9560520238
0	0.3541586251	0.5115664778	0.1342748971
0	0.9986323787	0.0013676212	0.0000000001
0	0.0006887695	0.0460704878	0.9532407427
1	0.1495500928	0.2351457429	0.6153041643
1	0.1077846273	0.7022663030	0.1899490697
0	0.4292129375	0.0027366783	0.5680503841
2	0.0098147784	0.0201852057	0.9700000158
1	0.2817637038	0.7182362962	0.0000000000
0	0.1875630216	0.3169873559	0.4954496226
0	0.3687408776	0.2375039372	0.3937551853
0	0.5703544010	0.0194967393	0.4101488596
0	0.5603793482	0.1374203160	0.3022003358
1	0.2191933102	0.7807854377	0.0000212521
1	0.0000000000	0.0482338240	0.9517661760
0	0.8129729729	0.0380659032	0.1489611239
0	0.0274940642	0.1338197311	0.8386862047
1	0.6012121825	0.3971022168	0.0016856006
1	0.0246742673	0.6767033928	0.2986223399
0	0.1098302994	0.0307100922	0.8594596084
1	0.6836403642	0.3163596357	0.0000000000
1	0.0000000846	0.3786297138	0.6213702016
1	0.3802255318	0.1081234628	0.5116510054
0	0.5270652659	0.1953099227	0.2776248114
0	0.0211563497	0.3509524263	0.6278912240
0	0.0462759472	0.8084986027	0.1452254501
0	0.4141430929	0.5858561378	0.0000007694
0	0.4510314794	0.5421939316	0.0067745890
0	0.0000232749	0.3225438808	0.6774328443
1	0.0021311129	0.0192878443	0.9785810427
0	0.0018081118	0.1249699080	0.8732219802
0	0.0753749274	0.9219546715	0.0026704011
0	0.0010023357	0.4131808119	0.5858168524
1	0.2594534186	0.0000199068	0.7405266746
1	0.0000000000	0.2682874731	0.7317125269
0	0.7536997183	0.0819961158	0.1643041659
0	0.9858847918	0.0000000000	0.0141152082
1	0.0000055621	0.0007925862	0.9992018516
1	0.6773517937	0.3199573644	0.0026908419
0	0.0285983411	0.0019755779	0.9694260810
0	0.2627367067	0.6275600351	0.1097032582
0	0.0000001342	0.3704204354	0.6295794304
0	0.6773126250	0.2968008048	0.0258865702
1	0.9921977556	0.0002205842	0.0075816602
1	0.0000000000	0.0234907002	0.9765092998
0	0.2465638144	0.6817785896	0.0716575960
0	0.4331235505	0.5666037161	0.0002727334
1	0.8376238639	0.0598117942	0.1025643418
0	0.0628703213	0.9062912530	0.0308384257
1	0.1122452793	0.6639820703	0.2237726504
1	0.2957256015	0.5671699873	0.1371044112
0	0.9999812071	0.0000186886	0.0000001043
1	0.6149234820	0.0000000022	0.3850765159
0	0.1056429948	0.5539298345	0.3404271707
0	0.1798211397	0.8201788598	0.0000000005
0	0.8719178814	0.0778243920	0.0502577265
1	0.3232883080	0.0000260060	0.6766856860
1	0.0000002061	0.0000024821	0.9999973119
0	0.2635293187	0.4105553622	0.3259153191
0	0.2532741829	0.6491017918	0.0976240253
0	0.0433589282	0.4453139761	0.5113270956
0	0.3523170617	0.3965423162	0.2511406221
0	0.0005971233	0.8397749002	0.1596279765
0	0.7886631514	0.2031334244	0.0082034242
0	0.2179653712	0.0353182977	0.7467163311
0	0.2662673565	0.0003362717	0.7333963719
0	0.4644687600	0.0000000000	0.5355312400
1	0.1871364164	0.8128610805	0.0000025031
0	0.4570113566	0.2223766872	0.3206119562
1	0.8300016492	0.1363265293	0.0336718215
1	0.0482216318	0.8504299476	0.1013484206
0	0.0554270375	0.8144225914	0.1301503711
0	0.4834433443	0.0000004119	0.5165562438
1	0.1565479337	0.8428196831	0.0006323832
0	0.0856189426	0.4948740745	0.4195069829
0	0.3942742276	0.5905411201	0.0151846524
0	0.6257955142	0.0000805643	0.3741239214
0	0.0000001018	0.7994382605	0.2005616378
0	0.0516233544	0.9450110714	0.0033655743
0	0.2259147128	0.1808426235	0.5932426637
0	0.1624706798	0.6645888369	0.1729404833
0	0.0770167236	0.9154010865	0.0075821899
1	0.2478635858	0.3283942914	0.4237421228
0	0.2852991390	0.7142074874	0.0004933736
0	0.0000011961	0.0152111837	0.9847876203
1	0.4066644435	0.3741547536	0.2191808029
0	0.9867519526	0.0062940740	0.0069539734
0	0.4866564795	0.0055460250	0.5077974955
0	0.9189202825	0.0399812250	0.0410984926
1	0.9073766478	0.0000000002	0.0926233520
1	0.0019343805	0.9619830967	0.0360825229
0	0.0451944903	0.0000003409	0.9548051689
0	0.0000837918	0.9722705475	0.0276456608
0	0.4595895365	0.1757386260	0.3646718375
0	0.0165979798	0.8594221997	0.1239798205
0	0.9669626069	0.0005908701	0.0324465230
0	0.1880689154	0.1420580644	0.6698730202
1	0.2517111347	0.1177048921	0.6305839732
