2	0.2151644701	0.0456874963	0.7391480336
0	0.4791766684	0.0000025914	0.5208207402
2	0.7493954601	0.1307500760	0.1198544640
1	0.8837857760	0.0000000000	0.1162142240
0	0.4919449539	0.1616606664	0.3463943797
0	0.9117875583	0.0112245191	0.0769879225
0	0.0822321902	0.8506836030	0.0670842068
0	0.3311339338	0.6519053189	0.0169607473
0	0.6539496256	0.2882825040	0.0577678703
0	0.9585211379	0.0049853313	0.0364935307
0	0.0688706548	0.1481157487	0.7830135965
0	0.1948330195	0.0128513668	0.7923156137
0	0.0177638267	0.3104210432	0.6718151301
1	0.0010772301	0.0001089976	0.9988137723
1	0.0271510117	0.4428102051	0.5300387832
1	0.0276752463	0.4218188645	0.5505058893
1	0.0003874817	0.1175486831	0.8820638352
0	0.3339192476	0.0000000050	0.6660807474
0	0.0020342865	0.9978746175	0.0000910960
0	0.3357092703	0.0001773951	0.6641133346
0	0.5613140746	0.4155939201	0.0230920054
0	0.6927192808	0.3072807192	0.0000000000
1	0.1040577274	0.0000000000	0.8959422726
0	0.3117984641	0.0043204023	0.6838811336
1	0.6529318822	0.3422103059	0.0048578119
1	0.0000000006	0.1047560684	0.8952439310
0	0.6238445925	0.3669673496	0.0091880580
0	0.3680158486	0.6018640474	0.0301201039
1	0.0132779720	0.0167845794	0.9699374486
0	0.0001974701	0.0358683305	0.9639341994
1	0.7698638572	0.1566613558	0.0734747870
0	0.2551794572	0.0156300692	0.7291904736
2	0.6325484255	0.3674106698	0.0000409046
0	0.3920740079	0.0000002436	0.6079257485
1	0.1441760531	0.6589271321	0.1968968148
0	0.0492050441	0.6255803698	0.3252145861
0	0.8600570148	0.1399239924	0.0000189928
0	0.0113635634	0.8642180155	0.1244184211
0	0.4927442314	0.5072557686	0.0000000000
1	0.0006468332	0.0658930459	0.9334601210
0	0.0422635769	0.3000413058	0.6576951173
0	0.0030966806	0.2319184938	0.7649848256
1	0.1607339219	0.0105487727	0.8287173054
1	0.4360515398	0.5625876668	0.0013607934
1	0.2648360826	0.3983348550	0.3368290624
1	0.3739679240	0.6259195780	0.0001124981
0	0.0024646466	0.0011110850	0.9964242684
0	0.2460590231	0.0398159216	0.7141250552
1	0.2344540106	0.7435286515	0.0220173379
0	0.3269275891	0.0011289726	0.6719434383
0	0.1656678786	0.4276047450	0.4067273764
0	0.9629135077	0.0012526818	0.0358338105
1	0.0510908319	0.8504021916	0.0985069765
0	0.6690511163	0.1251468081	0.2058020756
0	0.0001251480	0.0349738471	0.9649010049
1	0.6769902215	0.3159460261	0.0070637524
0	0.1984450962	0.3543136682	0.4472412356
0	0.0230323974	0.9555067615	0.0214608411
1	0.0005470637	0.9187027872	0.0807501491
0	0.8966948658	0.0002107455	0.1030943887
1	0.6634590500	0.3316690636	0.0048718864
0	0.0011408165	0.7768378125	0.2220213710
0	0.0002201750	0.0001624209	0.9996174041
0	0.7011306555	0.0169949217	0.2818744228
0	0.0080903048	0.8296027244	0.1623069707
0	0.0000051893	0.0011538609	0.9988409497
1	0.9127769104	0.0842468198	0.0029762698
0	0.0331495760	0.6854531619	0.2813972622
1	0.4152655907	0.0002977965	0.5844366128
0	0.1399044059	0.2233441562	0.6367514379
0	0.0613167683	0.0020011596	0.9366820721
0	0.5215677943	0.3464357638	0.1319964419
2	0.8961541928	0.0112740547	0.0925717525
0	0.4086515067	0.0926945088	0.4986539846
1	0.6818337978	0.0760514856	0.2421147167
0	0.9079686865	0.0010324481	0.0909988655
1	0.0130201872	0.1891291747	0.7978506381
1	0.4644520595	0.5341300350	0.0014179055
0	0.5371475529	0.0112281605	0.4516242866
1	0.0130647975	0.7329097264	0.2540254761
0	0.0331748460	0.3691236528	0.5977015012
0	0.0002505376	0.0055135240	0.9942359384
0	0.0697946544	0.1077193570	0.8224859886
1	0.5767690879	0.0000000027	0.4232309093
0	0.0246867590	0.0318507187	0.9434625223
0	0.3250033611	0.3112073462	0.3637892926
1	0.0145251111	0.9790280571	0.0064468318
1	0.0739206717	0.9200797422	0.0059995861
0	0.0124765386	0.4735284008	0.5139950606
0	0.0035539990	0.6939763583	0.3024696427
1	0.3474183637	0.5671877939	0.0853938424
0	0.0808098041	0.0033752362	0.9158149596
1	0.1019144104	0.4616385680	0.4364470216
0	0.0074580549	0.0245744114	0.9679675338
1	0.9985644749	0.0014355250	0.0000000000
1	0.9706018728	0.0292073870	0.0001907402
0	0.9431936622	0.0000608845	0.0567454533
0	0.0000000000	0.6476491229	0.3523508771
2	0.2355218946	0.1350396437	0.6294384617
0	0.0034446296	0.0001376460	0.9964177244
