1	0.0004257301	0.9530730618	0.0465012081
1	0.0000015890	0.9902545374	0.0097438735
1	0.5667023162	0.3800921691	0.0532055147
0	0.9374393916	0.0369647340	0.0255958744
0	0.2524063974	0.2143508833	0.5332427193
0	0.1333619452	0.0077277341	0.8589103207
0	0.0868642549	0.2161021782	0.6970335669
0	0.0000000030	0.9999999970	0.0000000000
0	0.0480628873	0.2335424030	0.7183947097
0	0.0777525279	0.7189321538	0.2033153183
0	0.5933898900	0.0247270022	0.3818831078
0	0.0265841081	0.2691466340	0.7042692579
0	0.3514212542	0.0000000000	0.6485787458
1	0.4409433723	0.5466806678	0.0123759599
0	0.7253772356	0.0000670718	0.2745556925
0	0.0000000089	0.0216020671	0.9783979240
0	0.4223158162	0.1393361174	0.4383480664
0	0.0475473235	0.0009860731	0.9514666034
0	0.5042135748	0.0958787200	0.3999077052
0	0.2315340365	0.5157664524	0.2526995112
0	0.6046782905	0.3067979787	0.0885237308
0	0.0001386766	0.9930993159	0.0067620074
0	0.4713384779	0.0423669803	0.4862945419
0	0.0000000029	0.0183783381	0.9816216590
0	0.0000000003	0.7025266912	0.2974733085
0	0.0077964805	0.0243008022	0.9679027172
0	0.1555598361	0.8444400816	0.0000000823
0	0.0004955302	0.7234513840	0.2760530857
0	0.9574357073	0.0004155977	0.0421486950
0	0.3144201356	0.5924262131	0.0931536512
0	0.0031120919	0.7290956053	0.2677923028
1	0.4676012544	0.4681220309	0.0642767147
0	0.0406708704	0.8735663796	0.0857627500
0	0.5307858957	0.4122074311	0.0570066732
0	0.0001758437	0.9998241440	0.0000000123
1	0.0431116255	0.8533529655	0.1035354090
0	0.8771471066	0.1228528934	0.0000000000
1	0.3255992129	0.4869091458	0.1874916412
0	0.3916190163	0.4688582678	0.1395227159
0	0.8962851531	0.0526963897	0.0510184572
0	0.7746764897	0.1813670889	0.0439564214
1	0.8283699010	0.0000002307	0.1716298683
0	0.0014344886	0.6735990217	0.3249664897
1	0.0000121371	0.9493937915	0.0505940713
0	0.0538245117	0.9442257965	0.0019496918
0	0.0027332093	0.9876551218	0.0096116688
1	0.3479979056	0.2526168537	0.3993852407
0	0.0086030958	0.6348436899	0.3565532143
1	0.0014077150	0.9978034430	0.0007888420
0	0.9971595353	0.0000000000	0.0028404647
1	0.1739206641	0.0644071126	0.7616722233
0	0.4398934447	0.0000000000	0.5601065553
0	0.2050259293	0.0019626589	0.7930114118
1	0.0089260281	0.9906213738	0.0004525981
0	0.0286244941	0.0039771978	0.9673983081
1	0.5546889029	0.4157132760	0.0295978210
0	0.0015759589	0.0001083517	0.9983156894
0	0.8193225650	0.0172909792	0.1633864558
1	0.8680271501	0.0073061231	0.1246667267
0	0.5448946668	0.3658193406	0.0892859926
0	0.3052756438	0.6947242754	0.0000000807
1	0.0084128729	0.5518497955	0.4397373316
0	0.8856696297	0.0165324232	0.0977979471
1	0.9999307734	0.0000674269	0.0000017997
0	0.3663319651	0.5434849758	0.0901830591
1	0.3300504830	0.6699494479	0.0000000692
1	0.6306334106	0.3062309726	0.0631356168
0	0.0774217847	0.1258569218	0.7967212935
0	0.6142958343	0.2633010635	0.1224031022
0	0.4641365432	0.0929137439	0.4429497129
1	0.9101114928	0.0647993727	0.0250891345
1	0.9206335260	0.0792117594	0.0001547146
0	0.0000000016	0.0562695816	0.9437304167
0	0.0003945475	0.9995175815	0.0000878710
0	0.9999919049	0.0000000003	0.0000080949
0	0.7604902811	0.1421790426	0.0973306762
0	0.7994696145	0.0035825625	0.1969478230
0	0.0206414549	0.9216571132	0.0577014319
0	0.5124304322	0.4875695465	0.0000000213
0	0.2897656977	0.3467410110	0.3634932913
0	0.7659734101	0.2129125894	0.0211140005
2	0.9802066931	0.0134110168	0.0063822901
0	0.6940007726	0.0567760277	0.2492231997
0	0.3080898003	0.6919099597	0.0000002400
0	0.0115718739	0.9884279792	0.0000001469
0	0.0775870334	0.0352211179	0.8871918487
0	0.5660021757	0.3740151090	0.0599827154
0	0.5709509846	0.0868470273	0.3422019881
0	0.3087557401	0.0527478622	0.6384963977
0	0.0112952664	0.0066009735	0.9821037601
0	0.4348439862	0.0079723568	0.5571836570
1	0.5466520625	0.1801873772	0.2731605603
0	0.0675876230	0.1609945259	0.7714178511
0	0.8070970369	0.1924616962	0.0004412669
0	0.2683140385	0.4143262498	0.3173597116
1	0.0439796769	0.6841947733	0.2718255499
1	0.1502557865	0.8327359646	0.0170082489
0	0.3778281200	0.0001509576	0.6220209224
0	0.0047465815	0.1626995569	0.8325538616
0	0.9955521342	0.0027867803	0.0016610855
