0	0.8945325367	0.1054674518	0.0000000114
0	0.3909632415	0.0255904770	0.5834462815
0	0.9565415159	0.0203438162	0.0231146679
0	0.1002016041	0.8970270046	0.0027713913
1	0.5855225877	0.3917530094	0.0227244029
1	0.0000000444	0.9987317249	0.0012682307
2	0.8126127508	0.1366490097	0.0507382396
1	0.3462416075	0.0000069850	0.6537514075
1	0.9786310734	0.0000026628	0.0213662637
0	0.1212472130	0.0578674345	0.8208853526
0	0.6147407833	0.2880655159	0.0971937008
0	0.0077361884	0.1217213630	0.8705424486
1	0.4272844853	0.0239420937	0.5487734211
0	0.4903030148	0.1029134429	0.4067835424
0	0.0235263063	0.1861635279	0.7903101657
2	0.0213727192	0.0081121392	0.9705151415
1	0.0503358521	0.0601579284	0.8895062195
0	0.0163947718	0.9822484982	0.0013567301
0	0.1991062666	0.8000177424	0.0008759910
0	0.5911428549	0.4086320803	0.0002250648
0	0.8924795746	0.0578068725	0.0497135529
0	0.6503975764	0.2591989271	0.0904034965
0	0.2626927145	0.3562758485	0.3810314370
0	0.1209994980	0.8777649533	0.0012355487
0	0.3057371854	0.0219789849	0.6722838296
0	0.0000016066	0.2153935869	0.7846048064
0	0.7537690880	0.1538216909	0.0924092211
0	0.0000000274	0.9988425942	0.0011573784
0	0.0000007116	0.9467274332	0.0532718551
0	0.1710299289	0.1109451503	0.7180249207
0	0.1531083675	0.4550133334	0.3918782990
0	0.9851797820	0.0013494862	0.0134707318
0	0.0038564295	0.7146652888	0.2814782817
0	0.1458704583	0.0000002289	0.8541293128
0	0.0099362988	0.9896834190	0.0003802822
0	0.6827448582	0.1558325567	0.1614225851
0	0.7946910753	0.0000002558	0.2053086689
0	0.0000002305	0.0011877709	0.9988119985
1	0.0001152178	0.2003802125	0.7995045698
1	0.1880722894	0.7289806104	0.0829471002
0	0.7794226374	0.1667761345	0.0538012281
0	0.0741962420	0.9256834157	0.0001203423
0	0.1832208167	0.8167791833	0.0000000000
1	0.7875452969	0.2124507027	0.0000040004
1	0.9700808989	0.0054055276	0.0245135735
0	0.0078250832	0.1759731069	0.8162018099
0	0.8375746606	0.0301459974	0.1322793419
0	0.6258824698	0.3740839447	0.0000335856
1	0.7792045267	0.0401563302	0.1806391431
1	0.1098237214	0.3864933081	0.5036829705
1	0.7645431996	0.1305594019	0.1048973984
0	0.2779490089	0.0000000981	0.7220508930
0	0.0646172426	0.0001169773	0.9352657801
0	0.9992562379	0.0005511977	0.0001925643
0	0.0004569981	0.0000012598	0.9995417421
1	0.1628575102	0.7009596754	0.1361828144
1	0.0701926266	0.9298068766	0.0000004967
0	0.4597430210	0.5389479473	0.0013090317
0	0.9648394036	0.0007905448	0.0343700515
0	0.0464109370	0.0769524501	0.8766366129
0	0.1754154881	0.7220628194	0.1025216925
1	0.3411868438	0.0000000003	0.6588131558
0	0.1533660196	0.0216421748	0.8249918056
0	0.0517305454	0.0000016078	0.9482678468
1	0.1013519811	0.8986401396	0.0000078793
1	0.7150182934	0.0977762637	0.1872054429
0	0.6479233506	0.3520766494	0.0000000000
0	0.1752805993	0.7102595379	0.1144598629
0	0.0000000005	0.0000000003	0.9999999992
1	0.2126916056	0.1993038614	0.5880045330
0	0.2688697586	0.7184983045	0.0126319369
1	0.9999902548	0.0000000040	0.0000097412
0	0.1757231097	0.7944676466	0.0298092437
1	0.9999526495	0.0000473505	0.0000000000
0	0.0096446606	0.3771804799	0.6131748595
0	0.0000000374	0.9999999626	0.0000000000
1	0.0070911823	0.9929077189	0.0000010988
0	0.6237329915	0.3445148621	0.0317521464
0	0.0709627873	0.8805756759	0.0484615368
1	0.0008395449	0.6468548720	0.3523055831
0	0.1058395471	0.0098752177	0.8842852352
0	0.2370723341	0.0007571011	0.7621705648
1	0.0000311223	0.2314514533	0.7685174244
1	0.0086717633	0.0004562567	0.9908719799
0	0.0000052538	0.7265943284	0.2734004178
1	0.9983470862	0.0015195105	0.0001334033
1	0.1486683363	0.0987943537	0.7525373099
0	0.2549918799	0.6991798922	0.0458282280
0	0.8756546494	0.1243453301	0.0000000205
0	0.7695085851	0.0358517098	0.1946397051
1	0.9924743749	0.0065668440	0.0009587811
1	0.3151310941	0.6228954265	0.0619734795
0	0.2609612561	0.2227510179	0.5162877261
0	0.0001921053	0.1291723897	0.8706355050
0	0.9999728501	0.0000000000	0.0000271499
1	0.0582662328	0.9417337671	0.0000000001
0	0.0004274105	0.5064325886	0.4931400009
0	0.4465382309	0.2336771765	0.3197845925
0	0.3646494657	0.4553364667	0.1800140676
0	0.9226020314	0.0773860678	0.0000119008
