2	0.8822168884	0.0000000006	0.0714859836	0.0273171887	0.0189799388
0	0.0630444579	0.8307327421	0.0543866654	0.0205241393	0.0313119953
0	0.0467199253	0.0000183961	0.2962747943	0.4641186798	0.1928682046
0	0.0076097250	0.2494869964	0.0971991893	0.0008134778	0.6448906116
0	0.0000477447	0.0000000005	0.0521545797	0.8873954121	0.0604022630
0	0.8969366373	0.0348942140	0.0159217142	0.0000007072	0.0522467274
1	0.0111630309	0.0009514912	0.1612023976	0.1353161525	0.6913669279
0	0.0200732496	0.0176471747	0.6959919378	0.0602207229	0.2060669150
0	0.5858963377	0.0308796750	0.0441433204	0.1377758074	0.2013048596
0	0.0000000577	0.0788841198	0.3584855329	0.0460448811	0.5165854086
