0	0.0114242736	0.2708658704	0.1203293901	0.5025257792	0.0948546868
0	0.2451606978	0.5527455712	0.1963089582	0.0057535426	0.0000312302
0	0.1232931564	0.8680540976	0.0071156022	0.0003239555	0.0012131883
0	0.2257353880	0.2543801512	0.0055389040	0.4614049711	0.0529405857
0	0.8481735363	0.0219712472	0.0002247662	0.0000000000	0.1296304502
1	0.1529785972	0.2446527179	0.3023794512	0.0272791907	0.2727100431
2	0.0119399522	0.2479527996	0.2586232526	0.0009823386	0.4805016570
0	0.0000000000	0.0138986933	0.3246455003	0.5037704928	0.1576853136
1	0.2723998941	0.0181831072	0.0042834126	0.7049610530	0.0001725331
0	0.2825564070	0.2999954148	0.3926630023	0.0000000000	0.0247851760
