0	0.5305539928	0.0813238768	0.0661457168	0.3219478256	0.0000285880
0	0.0017605582	0.8722146811	0.0679143504	0.0000006093	0.0581098010
0	0.0000734309	0.5841752965	0.1040525203	0.0047852569	0.3069134953
0	0.1017961562	0.6318152745	0.0706037742	0.0010588609	0.1947259342
2	0.0244160735	0.0788572915	0.5063749755	0.0654933846	0.3248582750
0	0.0076964625	0.6805913986	0.2331208554	0.0094921139	0.0690991695
0	0.0066311702	0.5567214949	0.1032355607	0.2266085410	0.1068032332
1	0.0293913974	0.0619833228	0.3303377057	0.5017771288	0.0765104453
0	0.0195408776	0.6909184932	0.0051792763	0.2316574446	0.0527039082
0	0.0111384586	0.8723264181	0.0043402021	0.0108293526	0.1013655686
