0	0.0002642947	0.2700532239	0.0615623228	0.0195795651	0.6485405934
0	0.6389561865	0.0846485872	0.1146150807	0.0000001552	0.1617799904
0	0.5247983883	0.3375530853	0.0106186234	0.0330190260	0.0940108771
1	0.0076741862	0.7721646618	0.0000388623	0.0088020948	0.2113201949
1	0.4679992009	0.2087214605	0.2354628556	0.0509659832	0.0368504998
0	0.1413904582	0.2834574659	0.5269274627	0.0000000000	0.0482246131
0	0.0672773765	0.9262433073	0.0001994629	0.0062798531	0.0000000002
0	0.1328693786	0.6974081510	0.1696409645	0.0000006297	0.0000808762
2	0.0596080331	0.1083274864	0.0207613791	0.1548112343	0.6564918671
0	0.0197504841	0.7925886563	0.0723180693	0.0039876268	0.1113551635
