0	0.0000134380	0.0000000000	0.0000215260	0.6290526493	0.3709123867
0	0.0000481097	0.0053617446	0.0033699940	0.0000164481	0.9912037036
0	0.0464479676	0.0090857267	0.0285237276	0.0364533891	0.8794891890
0	0.0348574871	0.0969463751	0.8680687299	0.0000018004	0.0001256075
0	0.0103908315	0.0443703597	0.0055934349	0.0176515939	0.9219937801
0	0.0000002034	0.1215027078	0.1056792536	0.2631866348	0.5096312004
0	0.0732186726	0.0554131080	0.0018297316	0.8265401375	0.0429983504
1	0.0020962531	0.2370812756	0.5622015257	0.0286178284	0.1700031172
2	0.0529552198	0.6682666370	0.0787152523	0.1593777628	0.0406851281
0	0.0064523107	0.0003979304	0.9931373017	0.0000124572	0.0000000000
