0	0.0855245998	0.0037771904	0.0599913119	0.5982787762	0.2524281217
0	0.1599419355	0.0179119941	0.0001665778	0.0013252576	0.8206542350
0	0.0000005018	0.4565299532	0.1420947422	0.0692504412	0.3321243617
2	0.1903178115	0.2451319816	0.3283339170	0.0731664994	0.1630497904
1	0.0000045475	0.4863791477	0.4011977202	0.0055821010	0.1068364837
0	0.0000000000	0.2978014587	0.3887439448	0.1420641973	0.1713903992
0	0.4151133084	0.2157680687	0.1189386347	0.0000023002	0.2501776880
0	0.0037496337	0.0005046775	0.9659210044	0.0015147298	0.0283099546
0	0.0000000000	0.0335602488	0.0033588524	0.1125724162	0.8505084826
0	0.0000000000	0.4750933108	0.4553899710	0.0005433375	0.0689733806
