0	0.3949255297	0.3253359005	0.0753659897	0.2001279176	0.0042446625
0	0.3806561650	0.0825644793	0.0834035280	0.1159511881	0.3374246395
0	0.0000655975	0.9477474838	0.0006874055	0.0456851899	0.0058143233
1	0.1054090762	0.2247767360	0.3500841899	0.3196781385	0.0000518594
1	0.2963688085	0.1609573151	0.5030263770	0.0396474993	0.0000000000
0	0.7096203691	0.2676305330	0.0000000000	0.0011076847	0.0216414132
2	0.3276412252	0.0000000077	0.2602515765	0.3380152787	0.0740919119
0	0.0196255947	0.3429472393	0.3647363393	0.0391708904	0.2335199363
0	0.7386902481	0.1174798647	0.1019438598	0.0393247270	0.0025613004
0	0.2560016639	0.6358367885	0.0006312111	0.0000897397	0.1074405967
