0	0.0037881019	0.7746136769	0.0881208306	0.0713616914	0.0621156991
0	0.0747460548	0.1641651620	0.1945168380	0.5650221128	0.0015498324
0	0.0243765580	0.0927170603	0.0525056924	0.6674988121	0.1629018771
0	0.0396062412	0.1366199942	0.5405697818	0.0054385629	0.2777654199
1	0.0000000000	0.0990094785	0.0821814467	0.1951146330	0.6236944418
0	0.0103466042	0.1733418506	0.3039747380	0.4746533130	0.0376834943
0	0.0000000000	0.0014716020	0.0000908457	0.9706758607	0.0277616916
2	0.0000363871	0.0010680915	0.6108244449	0.0001786173	0.3878924593
0	0.0000000024	0.3922865289	0.4016358288	0.0884332909	0.1176443490
0	0.0524796346	0.0028565367	0.0839766569	0.0058849602	0.8548022116
