0	0.2336452198	0.3247551628	0.3790897577	0.0613313855	0.0011784742
1	0.0902857826	0.1171369840	0.1780077898	0.6145683887	0.0000010549
0	0.0642715967	0.2982337368	0.0005611017	0.6157719083	0.0211616564
0	0.3841649598	0.4554054250	0.0040231581	0.1121257602	0.0442806969
0	0.0000136753	0.2222104080	0.4379385347	0.1624900832	0.1773472987
2	0.4835853375	0.5148609289	0.0000000000	0.0015537336	0.0000000000
1	0.0023642709	0.0015157036	0.9773739087	0.0050735028	0.0136726139
0	0.0000000000	0.9423879368	0.0000000004	0.0054470404	0.0521650225
1	0.0357753735	0.0006062859	0.9174932004	0.0461251402	0.0000000000
0	0.0210191182	0.8749501635	0.0042227872	0.0997446340	0.0000632970
