1	0.0106235239	0.0000000000	0.5829512159	0.1405338017	0.2658914585
0	0.0593884358	0.7680902901	0.0000120390	0.1421562634	0.0303529717
0	0.4538752276	0.2682630150	0.0510689281	0.0847667057	0.1420261236
0	0.5765890686	0.0242587424	0.1626030313	0.0023231641	0.2342259936
0	0.0000000000	0.8829254304	0.0005536174	0.0980261511	0.0184948011
0	0.1176883629	0.0228827815	0.3656157057	0.2932496348	0.2005635151
0	0.0000054671	0.9357654396	0.0000000227	0.0000217630	0.0642073076
0	0.7972595209	0.0493434222	0.0605307506	0.0000005291	0.0928657771
2	0.0000002409	0.0115309839	0.4843792670	0.5040895082	0.0000000000
0	0.0170411014	0.8424489637	0.0000000000	0.1400661716	0.0004437632
