0	0.0596688151	0.2875798314	0.0539046683	0.0002787750	0.5985679102
0	0.4453815664	0.0001798977	0.3104945120	0.0000012553	0.2439427685
0	0.0516846640	0.7891935728	0.0569777514	0.1019729119	0.0001710998
0	0.1838229359	0.2519891908	0.5595321096	0.0044725804	0.0001831834
1	0.0040155306	0.1489927454	0.5833713562	0.2636140974	0.0000062704
2	0.0363818582	0.0000130429	0.0000136893	0.4993742992	0.4642171104
0	0.6975492686	0.0945078618	0.0201821657	0.0624036890	0.1253570149
0	0.3594599722	0.5887966944	0.0000000000	0.0419670859	0.0097762475
0	0.4118528359	0.0612818296	0.3192041305	0.2035264517	0.0041347523
0	0.1458949770	0.8541041852	0.0000007570	0.0000000000	0.0000000808
