0	0.0022966938	0.6416366508	0.0000003300	0.3560663254	0.0000000000
0	0.0003364601	0.9928703838	0.0000000000	0.0009369256	0.0058562305
2	0.3368756465	0.1694732471	0.4936323330	0.0000000000	0.0000187734
0	0.1819002839	0.0780412749	0.3276656318	0.0259166682	0.3864761412
1	0.0000005914	0.5941083450	0.4058910563	0.0000000074	0.0000000000
0	0.7772001494	0.0008169498	0.0256148643	0.0000000000	0.1963680365
0	0.1881849861	0.6996621065	0.0000000001	0.1121041672	0.0000487401
0	0.6541168547	0.0887853487	0.0000000081	0.0480391231	0.2090586656
0	0.1472097879	0.8149394889	0.0362139474	0.0000000000	0.0016367758
0	0.2291777347	0.7308476441	0.0398044648	0.0001700542	0.0000001023
