2	0.7015198898	0.2374803288	0.0000730019	0.0395709293	0.0213558502
0	0.0002065766	0.4640237512	0.1507971374	0.3123802571	0.0725922777
1	0.1198948652	0.0845605104	0.3451870275	0.0022885132	0.4480690837
1	0.0396400694	0.2554423963	0.0000037548	0.0016251181	0.7032886612
0	0.1458591152	0.3961758767	0.1641621386	0.0674858770	0.2263169924
0	0.0036716973	0.5306773079	0.0000000000	0.0001124743	0.4655385205
0	0.0000035967	0.0261679041	0.4389828052	0.0403745890	0.4944711050
1	0.3289635052	0.5976411028	0.0667779986	0.0029348151	0.0036825783
1	0.0001099848	0.1409411081	0.1877811779	0.0000000000	0.6711677292
0	0.0165576422	0.0040937467	0.0327848461	0.0331562120	0.9134075530
