0	0.0437115197	0.5924897836	0.1346236789	0.2246006784	0.0045743394
1	0.6120487762	0.0165381603	0.0308487496	0.0639838985	0.2765804155
0	0.1448853569	0.0501332820	0.0001456211	0.6213282741	0.1835074660
0	0.0000023119	0.5792762919	0.3418135611	0.0002353649	0.0786724702
0	0.4652288602	0.0647420586	0.0000098412	0.4443843891	0.0256348510
0	0.0000870173	0.0582105187	0.1284132745	0.0000000000	0.8132891895
0	0.0525038042	0.7005013522	0.0769874042	0.1558421151	0.0141653243
2	0.0497745716	0.0000302967	0.7705288621	0.1755824187	0.0040838510
0	0.0000005426	0.9333853321	0.0235215236	0.0000000000	0.0430926017
0	0.0068887086	0.0115792047	0.0038652266	0.0000000040	0.9776668561
