1	0.0433634869	0.0004629519	0.0383366508	0.0228750578	0.8949618527
1	0.0261541041	0.1844760778	0.7292467477	0.0175176410	0.0426054294
1	0.0085608714	0.7468655927	0.0138226657	0.2306614104	0.0000894599
0	0.0193105051	0.0378488984	0.9020726391	0.0406112860	0.0001566713
0	0.2625849585	0.0000000017	0.0235489266	0.0586788473	0.6551872659
0	0.0928361395	0.0824263616	0.6801335357	0.0000000024	0.1446039607
1	0.0000000000	0.0190484089	0.0000212842	0.0480640721	0.9328662348
0	0.0826148614	0.0000997398	0.0800203145	0.0418480300	0.7954170542
0	0.1126090814	0.3364909763	0.0000000001	0.0010335596	0.5498663825
2	0.0002507133	0.0664377223	0.0046831874	0.0335980975	0.8950302793
