0	0.0000000072	0.5077333105	0.4739241653	0.0180543356	0.0002881813
0	0.0496729447	0.8177751125	0.1236554720	0.0000347421	0.0088617287
0	0.0096322182	0.8027246233	0.0738579509	0.1137723315	0.0000128760
0	0.0052136671	0.0140416737	0.3958266453	0.2123077147	0.3726102992
0	0.2819254977	0.1159951439	0.0000000010	0.0002268907	0.6018524667
2	0.2062306944	0.0185960839	0.0546381856	0.7202659792	0.0002690569
1	0.0892397927	0.6345029645	0.0680820429	0.0000000000	0.2081751998
1	0.1730047947	0.0795958379	0.4857225015	0.0932027056	0.1684741604
0	0.1450903503	0.2193044305	0.3715915506	0.0045704296	0.2594432389
1	0.0059262117	0.0077143961	0.6835098228	0.2545559845	0.0482935849
