0	0.0288985649	0.1436884646	0.3902231943	0.0167692160	0.4204205601
0	0.9508126542	0.0002505451	0.0078935237	0.0312616045	0.0097816725
0	0.3736652986	0.2493170363	0.1146375440	0.0140399525	0.2483401686
0	0.1512131963	0.0020686322	0.0320329246	0.7725067411	0.0421785058
0	0.3592863305	0.0884211397	0.3634059169	0.1612470574	0.0276395555
2	0.1985000335	0.0035971298	0.1895156136	0.5938661547	0.0145210683
1	0.0030391808	0.0000284212	0.1358797491	0.6698197375	0.1912329114
1	0.3874062772	0.0000010003	0.0484487302	0.0752087701	0.4889352223
0	0.1103418741	0.1591739210	0.7038759552	0.0029282836	0.0236799661
0	0.6665687662	0.0326066679	0.1116564940	0.1734026504	0.0157654214
