1	0.8963663335	0.0000000026	0.0000000000	0.0052026221	0.0984310419
0	0.2535817334	0.0031857033	0.2926566277	0.3495804930	0.1009954426
2	0.0516150261	0.2705009913	0.0000000000	0.3953018408	0.2825821418
0	0.0278022482	0.3723558334	0.0143481938	0.5110087064	0.0744850183
0	0.9705317923	0.0000000001	0.0185328611	0.0026808696	0.0082544770
0	0.0383369840	0.0000000000	0.5560481110	0.3990949908	0.0065199142
0	0.4867250218	0.0154930838	0.3486210737	0.1337337452	0.0154270754
0	0.0679280715	0.6700975312	0.0421182385	0.0096203033	0.2102358556
0	0.8403458567	0.0261537196	0.1251354249	0.0000000036	0.0083649952
1	0.5048979841	0.0043935370	0.0105419841	0.2705859591	0.2095805357
