0	0.0209362461	0.5065499914	0.0058787999	0.0888231371	0.3778118255
1	0.1597264490	0.0534178236	0.2929785089	0.3595789404	0.1342982780
1	0.0000000015	0.3601316379	0.0898579615	0.0051161912	0.5448942079
2	0.0000000000	0.0039389197	0.0031047908	0.9929549290	0.0000013604
1	0.2414882167	0.2347999800	0.0497136211	0.0176595390	0.4563386433
1	0.0002549027	0.2944608712	0.0675052609	0.0777216662	0.5600572989
1	0.0033315734	0.0257547423	0.1101223307	0.0513080152	0.8094833384
1	0.0000195743	0.0231203611	0.8274230477	0.0212691376	0.1281678793
1	0.0144698195	0.2276094341	0.2547428108	0.4416644057	0.0615135300
0	0.0320363561	0.0963615792	0.0001888900	0.2488181532	0.6225950215
