1	0.0000000000	0.4235557375	0.4474049591	0.0035550899	0.1254842135
0	0.0242789994	0.1785449751	0.0002218028	0.5054207088	0.2915335139
0	0.5204163706	0.0907611134	0.3516264701	0.0000000000	0.0371960460
1	0.0093347229	0.0079600984	0.0000006661	0.0108097911	0.9718947215
0	0.0000000000	0.0180808252	0.1129889459	0.8689302287	0.0000000002
1	0.0000141090	0.1537907967	0.0176148057	0.3136006124	0.5149796761
0	0.2944599866	0.1052457847	0.3921005252	0.0445561780	0.1636375255
1	0.0000000000	0.0843193455	0.0000238402	0.0335131443	0.8821436700
2	0.0016951260	0.0980649931	0.0000771818	0.3446424964	0.5555202028
0	0.2049002718	0.0029246660	0.0003164228	0.3974740814	0.3943845581
