2	0.0000000475	0.0463328596	0.0001736761	0.0000063884	0.9534870284
0	0.0118675753	0.7352672186	0.0002693245	0.0177073270	0.2348885546
0	0.0004989438	0.0014710489	0.0255938421	0.7574657778	0.2149703874
0	0.0094753410	0.0287754904	0.0000000000	0.3505109067	0.6112382619
1	0.0000000000	0.1460203016	0.2660397125	0.4639104928	0.1240294931
0	0.1254121747	0.5694957707	0.1520471844	0.0501416826	0.1029031876
0	0.0029049304	0.2147522535	0.0044904019	0.0067367704	0.7711156439
0	0.5677237361	0.0001915412	0.1727418902	0.0160068809	0.2433359516
0	0.1989333718	0.3112098537	0.0015187307	0.1949865460	0.2933514978
0	0.0025363359	0.0239188297	0.3499746343	0.0000000659	0.6235701343
