0	0.1952532546	0.0055323945	0.7992143509
0	0.9196094846	0.0141228196	0.0662676958
0	0.4629857151	0.0404247770	0.4965895080
0	0.7235895407	0.2761411201	0.0002693392
1	0.8138071860	0.1852521970	0.0009406169
0	0.4276965585	0.0075810805	0.5647223610
0	0.1117477658	0.8246928248	0.0635594094
0	0.3493582195	0.6505373828	0.0001043977
0	0.1658226744	0.5840049099	0.2501724156
0	0.6713586958	0.3264058744	0.0022354298
0	0.4735880502	0.0310513465	0.4953606033
0	0.1453114149	0.5358506464	0.3188379387
0	0.0883560109	0.7074411776	0.2042028115
0	0.9358305959	0.0000001140	0.0641692901
0	0.0760193282	0.2431198409	0.6808608309
0	0.8917413308	0.0000710193	0.1081876499
0	0.3177681202	0.1768693201	0.5053625597
0	0.0000046072	0.9525467096	0.0474486832
0	0.0150691894	0.9555074921	0.0294233185
0	0.9875313074	0.0005612577	0.0119074349
0	0.9541204572	0.0062739702	0.0396055726
0	0.9823612262	0.0047468445	0.0128919293
0	0.6026533452	0.3973466140	0.0000000408
0	0.5145294147	0.0000011027	0.4854694826
0	0.4672466360	0.0351239120	0.4976294521
0	0.6034256249	0.0008765732	0.3956978019
0	0.1120100635	0.2950814821	0.5929084543
1	0.2617532450	0.3403587257	0.3978880293
0	0.0037936117	0.0001331918	0.9960731965
1	0.9753123558	0.0246876442	0.0000000000
0	0.1594706162	0.2778740137	0.5626553702
0	0.6582814836	0.1665771612	0.1751413553
0	0.0345059575	0.0000000000	0.9654940425
0	0.0025750446	0.6993494694	0.2980754860
0	0.0407335505	0.1520245873	0.8072418622
0	0.6638014054	0.3361985937	0.0000000009
0	0.7647458981	0.2251837715	0.0100703304
0	0.4935804801	0.4094792359	0.0969402840
0	0.0093544994	0.7765766775	0.2140688232
0	0.4119855886	0.0000017435	0.5880126679
1	0.4534979604	0.5465017761	0.0000002635
0	0.0046151673	0.9953810431	0.0000037896
0	0.1658977615	0.1970426212	0.6370596173
0	0.0049747095	0.0029899226	0.9920353679
0	0.2899101856	0.0061589848	0.7039308297
0	0.3264932937	0.0000153379	0.6734913684
0	0.1442908898	0.6379791146	0.2177299955
0	0.9859114020	0.0034475614	0.0106410366
1	0.3939532622	0.6005826182	0.0054641196
0	0.0345493110	0.9654506890	0.0000000000
0	0.0000000000	0.2366783896	0.7633216104
1	0.3551121691	0.6448791398	0.0000086911
0	0.3384336152	0.3092692757	0.3522971090
0	0.0066755424	0.4541074041	0.5392170535
0	0.0001322925	0.9702862848	0.0295814227
0	0.0149431019	0.5513470916	0.4337098065
0	0.0569165241	0.1086250485	0.8344584274
1	0.5764962889	0.4217319803	0.0017717308
0	0.8981503247	0.1017646761	0.0000849991
1	0.8138010957	0.1660624650	0.0201364393
0	0.6366692564	0.0153684490	0.3479622946
0	0.7738641317	0.0897812759	0.1363545924
0	0.0002626324	0.0286297465	0.9711076211
0	0.0000000000	0.2894405377	0.7105594623
0	0.0998596049	0.8942653841	0.0058750111
1	0.0000005349	0.0364536338	0.9635458313
0	0.1567982836	0.3259838617	0.5172178548
0	0.7921023809	0.0187460661	0.1891515529
0	0.8013983570	0.0613214553	0.1372801876
1	0.4513440670	0.5334727082	0.0151832248
0	0.6775564235	0.0001050648	0.3223385117
0	0.0814598724	0.8892998119	0.0292403157
0	0.7473563368	0.0000000000	0.2526436632
0	0.9697413902	0.0000000000	0.0302586098
0	0.0357173179	0.9638566073	0.0004260748
0	0.9430711138	0.0395845103	0.0173443759
0	0.0086617023	0.1555238137	0.8358144840
0	1.0000000000	0.0000000000	0.0000000000
0	0.2078757774	0.0037061129	0.7884181096
0	0.5929208276	0.4069466956	0.0001324768
0	0.3801307904	0.3974160153	0.2224531944
0	0.0013467120	0.0807521063	0.9179011817
0	0.2716278898	0.0001077403	0.7282643699
0	0.6088596025	0.0001095551	0.3910308424
0	0.3971417814	0.6015404890	0.0013177296
0	0.0933688184	0.2372579894	0.6693731921
0	0.7279273649	0.2702446450	0.0018279900
0	0.3691735249	0.4378244827	0.1930019924
1	0.0254926299	0.9745025677	0.0000048025
0	0.7070984784	0.2314314598	0.0614700619
0	0.0027099646	0.5290722913	0.4682177441
0	0.0220321564	0.1177083726	0.8602594710
0	0.2678855261	0.6904626955	0.0416517784
0	0.0008610353	0.2861354998	0.7130034649
1	0.7366907799	0.2210033847	0.0423058354
0	0.0100681375	0.5259999179	0.4639319446
0	0.0126995430	0.0000000000	0.9873004570
0	0.0613198898	0.0787725198	0.8599075905
0	0.0663043524	0.6727047596	0.2609908880
0	0.4072108781	0.5927874168	0.0000017051
0	0.1082492311	0.8688329657	0.0229178032
0	0.0918940948	0.0681915420	0.8399143632
0	0.0228727464	0.0663039938	0.9108232598
1	0.1106877284	0.7711245835	0.1181876881
0	0.8666209959	0.0062786727	0.1271003313
0	0.2124405829	0.4006439780	0.3869154391
0	0.0377846957	0.0002212671	0.9619940372
0	0.0002587583	0.8770221557	0.1227190860
0	0.0000931944	0.0390986622	0.9608081433
0	0.7695411043	0.0049474079	0.2255114878
0	0.1424081261	0.3807367403	0.4768551336
0	0.7555919089	0.1711946838	0.0732134073
0	0.0025344689	0.0397367285	0.9577288026
0	0.0382770326	0.0000050291	0.9617179383
0	0.0000020063	0.9169045421	0.0830934516
0	0.0290850247	0.5237178197	0.4471971556
0	0.0064216662	0.8100145579	0.1835637758
0	0.8226219549	0.1770726612	0.0003053840
0	0.1998970792	0.6660473366	0.1340555843
0	0.0013882040	0.4073507626	0.5912610334
0	0.0002241336	0.7720479711	0.2277278953
0	0.3642144091	0.0495583338	0.5862272571
0	0.1757262822	0.8242693440	0.0000043738
0	0.1763208705	0.8165420686	0.0071370610
0	0.0000000000	0.9673824952	0.0326175048
0	0.8738490311	0.0854642048	0.0406867641
0	0.0000000000	0.7114961119	0.2885038881
0	0.1002266180	0.0079874809	0.8917859012
0	0.3726985049	0.0001723530	0.6271291422
0	0.0906377471	0.0491723552	0.8601898977
0	0.0378265708	0.4139986598	0.5481747694
1	0.1663540571	0.8235339320	0.0101120109
0	0.0000000008	0.8256957150	0.1743042842
0	0.1211468360	0.0005361479	0.8783170161
0	0.0149167624	0.0002309779	0.9848522597
0	0.0734299648	0.5721861754	0.3543838599
0	0.0010871115	0.9648424793	0.0340704092
0	0.5641564776	0.0058069819	0.4300365405
0	0.2581336718	0.6188318120	0.1230345162
0	0.5109905129	0.4310340586	0.0579754285
0	0.0108864417	0.0159489137	0.9731646445
0	0.9743554359	0.0001429335	0.0255016306
0	0.9735877089	0.0000000346	0.0264122565
0	0.5597460246	0.4402503917	0.0000035837
0	0.1738409541	0.4904260413	0.3357330046
0	0.7636154056	0.0030882321	0.2332963623
0	0.1395971301	0.0056779950	0.8547248749
0	0.0000009057	0.6317152568	0.3682838375
0	0.0000000000	0.7949628808	0.2050371192
0	0.0149187683	0.0006162768	0.9844649550
0	0.9937675277	0.0000000000	0.0062324723
0	0.4416733509	0.0000089534	0.5583176957
0	0.1711566615	0.3573885753	0.4714547632
0	0.0098541406	0.1055608157	0.8845850437
1	0.9128193444	0.0808590351	0.0063216205
0	0.8728506975	0.0006796864	0.1264696162
0	0.0000136504	0.6352184553	0.3647678943
1	0.0011239530	0.9984120359	0.0004640111
0	0.2320905481	0.0000000000	0.7679094519
1	0.0228816636	0.9771017671	0.0000165693
0	0.3972746216	0.0000000012	0.6027253772
0	0.9742410863	0.0185161193	0.0072427944
0	0.6742746064	0.0353440746	0.2903813190
0	0.2706732417	0.7203871816	0.0089395767
0	0.4105886159	0.0526255762	0.5367858079
0	0.1107695614	0.8369678169	0.0522626217
1	0.4857195496	0.2007210959	0.3135593544
0	0.0670647317	0.0000035263	0.9329317421
0	0.2200102388	0.0280742094	0.7519155518
1	0.2248385559	0.6733194528	0.1018419912
0	0.4245486910	0.4979655187	0.0774857903
0	0.8039076635	0.0134796490	0.1826126875
0	0.5869954982	0.0000029107	0.4130015911
0	0.4577155051	0.0143848553	0.5278996396
0	0.0000007635	0.0000940136	0.9999052229
0	0.0040485141	0.1049352725	0.8910162134
0	0.1880388426	0.0763932218	0.7355679356
0	0.3668050424	0.4253887931	0.2078061646
0	0.0368572427	0.9253832677	0.0377594895
0	0.0000290868	0.5218855399	0.4780853733
0	0.0005644271	0.1811132279	0.8183223450
0	0.0262611347	0.3693993782	0.6043394871
0	0.2652209810	0.0018377917	0.7329412273
0	0.1118086161	0.1110514368	0.7771399471
0	0.3645150171	0.0178102696	0.6176747133
0	0.4230532288	0.4407225286	0.1362242426
0	0.3127488147	0.0000000000	0.6872511853
0	0.9999539471	0.0000000000	0.0000460529
1	0.7694941406	0.2305048876	0.0000009718
0	0.0081416237	0.5744272694	0.4174311069
1	0.3629810823	0.6346813605	0.0023375572
0	0.0216838903	0.9601929254	0.0181231843
0	0.4363780144	0.0849568020	0.4786651836
0	0.0000000045	0.0561413891	0.9438586064
0	0.0158231717	0.9761082198	0.0080686084
0	0.0264101406	0.0099859364	0.9636039230
0	0.0032579959	0.4340204602	0.5627215438
0	0.0021565522	0.0001241918	0.9977192560
0	0.9627866819	0.0038785208	0.0333347974
0	0.0532227394	0.9467772606	0.0000000000
0	0.0654858476	0.4060259587	0.5284881937
0	0.7370822347	0.0000000000	0.2629177653
0	0.2796162969	0.4126239760	0.3077597271
0	0.0000000000	0.0000116920	0.9999883080
0	0.4785949897	0.0002115309	0.5211934794
0	0.0808702602	0.4660523925	0.4530773473
0	0.0357674266	0.1298700336	0.8343625398
1	0.4344321403	0.2191921101	0.3463757496
0	0.0000000021	0.9764665035	0.0235334944
0	0.9274001921	0.0000000185	0.0725997894
2	0.0667774290	0.9331718344	0.0000507366
1	0.7165627841	0.0187761127	0.2646611032
0	0.0427150347	0.0006443525	0.9566406128
0	0.0718569668	0.9280228178	0.0001202154
0	0.4515080834	0.0297589864	0.5187329302
0	0.0004120211	0.8649827967	0.1346051822
0	0.0724416600	0.9275583399	0.0000000001
0	0.6977679762	0.0002455417	0.3019864821
0	0.0002675184	0.8815426392	0.1181898424
0	0.4279902522	0.0000000310	0.5720097168
0	0.0000575178	0.9984520631	0.0014904192
0	0.3088315807	0.6835424346	0.0076259847
0	0.2481794854	0.1059961831	0.6458243316
0	0.1394187364	0.2004489207	0.6601323430
0	0.0037200778	0.3627408498	0.6335390724
0	0.5474970948	0.0001074000	0.4523955052
0	0.5484350873	0.4366806899	0.0148842227
1	0.0988273646	0.8749755209	0.0261971144
0	0.0029023712	0.0002206935	0.9968769353
1	0.1847683598	0.6607286244	0.1545030158
0	0.9162071888	0.0287092894	0.0550835218
0	0.7410182291	0.0230117483	0.2359700225
0	0.0307261784	0.0021313302	0.9671424914
1	0.0154184422	0.9074029391	0.0771786188
0	0.6407538806	0.0088962661	0.3503498533
1	0.0404353307	0.2471889805	0.7123756888
0	0.7679905164	0.2320047305	0.0000047531
0	0.4395446082	0.1383084234	0.4221469684
0	0.5971904194	0.0297047066	0.3731048740
0	0.9999868281	0.0000000000	0.0000131719
0	0.6517240756	0.0000000000	0.3482759244
0	0.0057529814	0.5889246931	0.4053223255
0	0.0503665955	0.0839220135	0.8657113910
0	0.6638430728	0.1233570735	0.2127998537
0	0.0449821411	0.6759839142	0.2790339447
0	0.0000122845	0.9868471601	0.0131405555
0	0.0007529007	0.2853529875	0.7138941118
0	0.0007798065	0.3532611279	0.6459590657
0	0.0007364127	0.0000000053	0.9992635820
0	0.0478492988	0.9350308838	0.0171198173
0	0.2432469649	0.5324520419	0.2243009932
0	0.8399042894	0.0000000000	0.1600957106
0	0.0000040997	0.0734995513	0.9264963490
0	0.7429144102	0.1593803510	0.0977052387
0	0.0286660415	0.9713339585	0.0000000000
0	0.2490723223	0.6671075259	0.0838201518
0	0.5074040308	0.4633457204	0.0292502488
0	0.0225468747	0.0007833797	0.9766697456
0	0.0000000080	0.3500500628	0.6499499292
1	0.3272852137	0.2933290448	0.3793857415
0	0.0920760808	0.1256542353	0.7822696839
0	0.9900931933	0.0052504338	0.0046563729
0	0.4287492292	0.0000000000	0.5712507708
0	0.0063564386	0.4209698023	0.5726737591
0	0.4637525169	0.5362474829	0.0000000003
0	0.0009953274	0.0053921080	0.9936125645
0	0.0000000001	0.0163154955	0.9836845044
0	0.2532850638	0.7346963410	0.0120185952
0	0.9183396312	0.0466378377	0.0350225310
0	0.1759679330	0.0283348220	0.7956972450
0	0.6231405287	0.0459585159	0.3309009555
0	0.5746454625	0.4253545375	0.0000000000
0	0.1943262762	0.0000000085	0.8056737153
0	0.8574190901	0.0000000000	0.1425809099
0	0.0073124825	0.9876984162	0.0049891013
1	0.5869506132	0.2447928619	0.1682565249
0	0.0000000000	0.9999980301	0.0000019699
0	0.2146229057	0.0484322200	0.7369448743
0	0.0000000000	0.0922588739	0.9077411261
0	0.0000000000	0.7916875782	0.2083124218
0	0.5987586573	0.3751866113	0.0260547315
0	0.9614049912	0.0000215531	0.0385734557
0	0.3869609707	0.1888740095	0.4241650199
0	0.0000768426	0.9999231574	0.0000000000
0	0.6015798173	0.0000000276	0.3984201551
0	0.8735157747	0.0002784316	0.1262057937
0	0.0278498668	0.2557867946	0.7163633386
1	0.8460450817	0.0740901128	0.0798648054
0	0.8192413244	0.0754518392	0.1053068364
1	0.0039726659	0.9237002574	0.0723270768
0	0.4769588500	0.5230410865	0.0000000635
0	0.5472303219	0.4466217972	0.0061478809
0	0.0000001831	0.0432767963	0.9567230206
0	0.9681213326	0.0003822052	0.0314964621
0	0.5370823767	0.3455728876	0.1173447357
0	0.6274430166	0.3725569623	0.0000000211
0	0.8362747196	0.1204807897	0.0432444907
0	0.4911312432	0.4559417639	0.0529269929
1	0.9406924913	0.0002027922	0.0591047165
0	0.0001144290	0.0548718874	0.9450136836
0	0.7298595692	0.2701362581	0.0000041727
0	0.0097971354	0.0000000001	0.9902028645
0	0.7474744999	0.2519611824	0.0005643177
0	0.0000276382	0.0000000000	0.9999723618
0	0.9258087612	0.0000000000	0.0741912388
1	0.0890583037	0.9109305545	0.0000111418
1	0.6458949137	0.3540965020	0.0000085843
0	0.0008130815	0.1903757102	0.8088112083
0	0.1393067678	0.2600976729	0.6005955593
0	0.3472636872	0.6100551926	0.0426811202
0	0.0000000000	0.9998786348	0.0001213652
0	0.1578054373	0.0285234158	0.8136711469
0	0.2872634210	0.0000071651	0.7127294139
0	0.8931940835	0.1067505410	0.0000553755
0	0.9559239329	0.0440723495	0.0000037175
0	0.2000512743	0.7943946112	0.0055541145
0	0.1544080032	0.3202058069	0.5253861899
0	0.0004247161	0.9498549825	0.0497203014
0	0.0618941410	0.1308726039	0.8072332551
0	0.1237627618	0.0000000012	0.8762372370
0	0.1628513074	0.0000000068	0.8371486858
0	0.6864363622	0.0191916154	0.2943720224
1	0.7349129669	0.2315690147	0.0335180184
0	0.1363363603	0.6546365443	0.2090270954
0	0.6094356111	0.1770507586	0.2135136303
0	0.0361205020	0.9419018666	0.0219776314
0	0.0184369157	0.0000000072	0.9815630771
0	0.0761274000	0.7901903570	0.1336822430
0	0.1824138238	0.7145235642	0.1030626119
0	0.0832253041	0.7556324217	0.1611422742
0	0.4771517904	0.3682169890	0.1546312206
0	0.1367485909	0.8403768791	0.0228745299
0	0.0050594042	0.0006721673	0.9942684285
0	0.3730705509	0.0295762927	0.5973531564
1	0.1604472180	0.8347953617	0.0047574203
0	0.9960244507	0.0034875027	0.0004880466
0	0.6717089511	0.0099050961	0.3183859528
0	0.4767820310	0.4864445379	0.0367734311
0	0.0000020803	0.9998160670	0.0001818527
0	0.0770277239	0.0050939181	0.9178783580
0	0.0763423408	0.0354689734	0.8881886858
0	0.0000000000	0.9770193819	0.0229806181
0	0.9607393371	0.0036869896	0.0355736733
0	0.8232996244	0.0501881058	0.1265122699
1	0.5159584897	0.0762162543	0.4078252560
0	0.0000167788	0.9999831622	0.0000000590
0	0.0585012166	0.8101960470	0.1313027364
0	0.4401438439	0.3225533519	0.2373028042
0	0.0021604319	0.0639224434	0.9339171246
0	0.9827946331	0.0172046922	0.0000006746
0	0.1847151319	0.4613401047	0.3539447634
0	0.0669899557	0.7598654584	0.1731445859
0	0.0009089725	0.2863130883	0.7127779392
0	0.0000264794	0.0000001200	0.9999734006
0	0.1188866575	0.7884477169	0.0926656256
0	0.5542273088	0.3366624031	0.1091102881
0	0.2359291030	0.4455285663	0.3185423307
1	0.5907334042	0.0000000000	0.4092665958
0	0.7544241289	0.0365645902	0.2090112809
0	0.0000679453	0.7404440457	0.2594880090
0	0.9367241756	0.0352145691	0.0280612552
1	0.6708625392	0.3273602430	0.0017772177
0	0.0348180939	0.0513850716	0.9137968345
0	0.1505933235	0.0964883883	0.7529182882
0	0.0523075727	0.9375294351	0.0101629922
0	0.9289219056	0.0710779475	0.0000001469
0	0.9876500693	0.0000978085	0.0122521221
0	0.1636724509	0.8363275491	0.0000000000
0	0.0056764699	0.0297621341	0.9645613960
0	0.0474873015	0.3524855940	0.6000271044
0	0.4355943403	0.5193223986	0.0450832611
0	0.0008249182	0.4531747271	0.5460003548
0	0.0973482101	0.0333265532	0.8693252366
0	0.3983056498	0.2174135375	0.3842808126
0	0.7590766907	0.2267918419	0.0141314674
0	0.2882200959	0.5529847292	0.1587951749
0	0.0206966377	0.8591131243	0.1201902380
1	0.2916915818	0.4813535607	0.2269548575
0	0.0094855895	0.9904657974	0.0000486131
0	0.0750112158	0.9093264103	0.0156623739
0	0.9140241901	0.0859758099	0.0000000000
0	0.4065486862	0.0184587398	0.5749925740
0	0.9945454070	0.0000000002	0.0054545929
0	0.0007514287	0.9992485713	0.0000000000
0	0.3405314321	0.0000265426	0.6594420254
0	0.9198553008	0.0801446992	0.0000000000
0	0.5700916500	0.0207470856	0.4091612644
0	0.0245273434	0.9070005028	0.0684721538
0	0.8712033179	0.0410613448	0.0877353373
0	0.0025141243	0.0664263803	0.9310594954
0	0.6457948474	0.2304884158	0.1237167367
0	0.6199818455	0.3567990709	0.0232190836
0	0.2076215219	0.7073231620	0.0850553161
1	0.0000001263	0.0309925126	0.9690073611
0	0.8185019591	0.1234179817	0.0580800592
0	0.5446979557	0.0000000022	0.4553020421
0	0.9658906706	0.0340102581	0.0000990713
1	0.8401469674	0.1408891031	0.0189639295
1	0.3996217981	0.5483327440	0.0520454579
1	0.5199290551	0.4314541442	0.0486168008
0	0.0199588904	0.0000001789	0.9800409307
0	0.9734298945	0.0226329909	0.0039371147
0	0.4833559210	0.3088240544	0.2078200245
0	0.0512843495	0.0008249378	0.9478907127
0	0.2067212709	0.7697905669	0.0234881622
0	0.1510999801	0.3084962671	0.5404037528
0	0.4064098954	0.4856192354	0.1079708691
0	0.2804252590	0.3722249090	0.3473498320
1	0.0000000000	0.2491762299	0.7508237701
0	0.9933711486	0.0030634617	0.0035653897
1	0.7926591702	0.1827345663	0.0246062635
0	0.4513428116	0.4682931689	0.0803640196
0	0.0017750675	0.5775738849	0.4206510476
0	0.9353972758	0.0630940806	0.0015086436
0	0.5317427427	0.0928119671	0.3754452903
0	0.3266328034	0.6164627039	0.0569044927
0	0.2913028548	0.0000006230	0.7086965221
1	0.5373475854	0.0421738467	0.4204785679
1	0.1479485132	0.7061825660	0.1458689208
0	0.1539584436	0.8072643627	0.0387771938
0	0.0528154233	0.9220597512	0.0251248255
0	0.4599885066	0.5330011937	0.0070102997
0	0.3141401592	0.1020717326	0.5837881082
0	0.0189256817	0.0000000000	0.9810743183
0	0.9393947021	0.0500656638	0.0105396341
0	0.7426163550	0.1790734758	0.0783101692
0	0.6909526412	0.0955200999	0.2135272589
0	0.9946717254	0.0053237857	0.0000044889
0	0.1112635694	0.0244256029	0.8643108277
0	0.8192629250	0.1115326343	0.0692044407
0	0.1357807924	0.1217771660	0.7424420415
0	0.1531446567	0.1705408898	0.6763144535
0	0.4922030878	0.0000001078	0.5077968044
0	0.0058418771	0.0075266365	0.9866314864
0	0.1235504704	0.1577869994	0.7186625302
0	0.7855592382	0.0213090794	0.1931316825
0	0.8245417213	0.0529066012	0.1225516775
0	0.0057311170	0.0327787294	0.9614901536
0	0.0026474543	0.3870653909	0.6102871547
0	0.1870747579	0.0560208430	0.7569043991
0	0.1215416352	0.5784313964	0.3000269684
0	0.8945651379	0.1041334779	0.0013013842
0	0.9816282445	0.0000000000	0.0183717555
0	0.8887247740	0.0114456277	0.0998295983
0	0.0000000000	0.8040208511	0.1959791489
1	0.0375630506	0.9502163148	0.0122206346
0	0.1464405251	0.2150653166	0.6384941583
0	0.1531448207	0.1608875145	0.6859676648
0	0.2559177372	0.0014924309	0.7425898319
1	0.3473307574	0.0485512855	0.6041179571
0	0.3620624922	0.5945550785	0.0433824294
0	0.7859072156	0.2140927844	0.0000000000
0	0.6985562161	0.0000000040	0.3014437799
0	0.6274830026	0.0394552566	0.3330617407
0	0.1036805563	0.0493872298	0.8469322139
0	0.7951686392	0.0181931057	0.1866382551
0	0.2819102746	0.0020402876	0.7160494378
0	0.6360466486	0.0017089817	0.3622443697
0	0.0021370786	0.0002505616	0.9976123598
0	0.0358491865	0.9609372421	0.0032135714
1	0.0000000083	0.8724713592	0.1275286326
1	0.9912916911	0.0079146016	0.0007937072
0	0.0000000531	0.1749049947	0.8250949522
0	0.1323177081	0.1016790787	0.7660032132
1	0.7759949914	0.2134153072	0.0105897014
0	0.0080328827	0.9874258383	0.0045412790
0	0.1030274881	0.4950760676	0.4018964443
0	0.5147284335	0.0000000000	0.4852715665
0	0.1490005330	0.8509994670	0.0000000000
0	0.0050016676	0.8405431769	0.1544551555
2	0.8012051635	0.1987948365	0.0000000000
0	0.1784409565	0.0085874406	0.8129716029
0	0.0090718769	0.0203980464	0.9705300767
0	0.5539462102	0.4460524585	0.0000013313
0	0.9985942570	0.0014056097	0.0000001333
0	0.8882444288	0.0930670258	0.0186885454
1	0.8330181241	0.1661532790	0.0008285969
0	0.0000935506	0.0693446301	0.9305618193
0	0.0577321403	0.7809875872	0.1612802725
0	0.0019387013	0.9209571137	0.0771041851
0	0.6305092696	0.1388579179	0.2306328125
0	0.8744838349	0.0672523815	0.0582637836
0	0.0054658403	0.0000000000	0.9945341597
0	0.2719160713	0.1304604812	0.5976234475
0	0.0025408020	0.9923346795	0.0051245185
1	0.2184812858	0.7460699935	0.0354487206
0	0.7985939556	0.2014060444	0.0000000000
0	0.0000000000	0.0000000003	0.9999999997
0	0.0001409345	0.5964366044	0.4034224611
0	0.0017179478	0.0281761588	0.9701058934
0	0.8701364444	0.0979693692	0.0318941864
0	0.8491353241	0.1496451378	0.0012195381
0	0.3646275551	0.1778423017	0.4575301432
0	0.1458926533	0.1594722546	0.6946350921
0	0.3806990146	0.0038337480	0.6154672374
1	0.5831330937	0.4168667149	0.0000001914
0	0.0421777314	0.8132279688	0.1445942997
0	0.0004260860	0.0169159126	0.9826580015
0	0.1437301221	0.2039154703	0.6523544076
0	0.8638318836	0.1199444323	0.0162236841
