0	0.4490378558	0.5401102608	0.0108518834
0	0.2472010371	0.7309376944	0.0218612686
0	0.4183516146	0.4274664209	0.1541819644
0	0.6631750193	0.0831448602	0.2536801205
0	0.0443243830	0.7567815436	0.1988940734
0	0.0064453177	0.4558544797	0.5377002026
0	0.0051100207	0.9948899777	0.0000000015
0	0.7160070020	0.0000056833	0.2839873147
0	0.4621596217	0.5182811612	0.0195592171
0	0.0059175596	0.0005811993	0.9935012411
0	0.0026559030	0.5536039981	0.4437400989
0	0.0005942907	0.0242594434	0.9751462659
0	0.0339917432	0.9064232598	0.0595849970
0	0.4236646922	0.5763353078	0.0000000000
0	0.0000072694	0.6803078834	0.3196848471
0	0.1104906403	0.6645821726	0.2249271870
0	0.0156962614	0.2138478478	0.7704558908
0	0.0224650256	0.9774872230	0.0000477514
0	0.3499191946	0.6372333836	0.0128474218
0	0.0392271489	0.9162928867	0.0444799644
0	0.1993012695	0.2221611509	0.5785375796
0	0.2673264523	0.7305673125	0.0021062352
0	0.0014574104	0.0511972183	0.9473453713
0	0.0000000000	0.0274744428	0.9725255572
0	0.0046102694	0.9953897288	0.0000000018
0	0.4789685652	0.3277645245	0.1932669103
0	0.9878794899	0.0121205101	0.0000000000
0	0.1141457139	0.8679347364	0.0179195497
0	0.1126532625	0.0900977330	0.7972490045
0	0.9333467179	0.0003118671	0.0663414150
1	0.0000000000	0.0397923204	0.9602076796
0	0.4681872976	0.0707130763	0.4610996261
0	0.6421077653	0.0360594646	0.3218327701
1	0.0119586833	0.7650496063	0.2229917104
0	0.3791686185	0.2157659530	0.4050654286
0	0.0077692644	0.0068185982	0.9854121374
0	0.0405461483	0.0000000001	0.9594538516
0	0.0245682777	0.0201795935	0.9552521288
0	0.0000000000	0.9999914289	0.0000085711
0	0.1286108240	0.0783173845	0.7930717915
0	0.0463376840	0.9358220258	0.0178402902
0	0.0019541894	0.2010389568	0.7970068538
0	0.8365810512	0.1018797751	0.0615391737
0	0.1825941029	0.7799892779	0.0374166191
1	0.0451177478	0.8857256704	0.0691565818
0	0.5345580582	0.1531959612	0.3122459806
0	0.0109245456	0.0008444703	0.9882309842
0	0.7471099956	0.1784719640	0.0744180404
0	0.0000000007	0.4574172065	0.5425827927
0	0.0733072820	0.9157914736	0.0109012444
0	0.1393990849	0.0445891857	0.8160117294
0	0.9069627461	0.0929050930	0.0001321609
0	0.5094642163	0.0000000821	0.4905357015
0	0.0000103824	0.0000000000	0.9999896176
0	0.0019448154	0.7569803118	0.2410748728
0	0.0571681089	0.5114337553	0.4313981358
0	0.3724634566	0.0002765333	0.6272600101
0	0.0645366538	0.8181987082	0.1172646380
0	0.4124925280	0.2551029640	0.3324045079
0	0.5056032016	0.3769156420	0.1174811564
0	0.0000000035	0.6830038875	0.3169961090
0	0.0005319865	0.7000965050	0.2993715085
0	0.0635678668	0.9363693570	0.0000627762
0	0.2139058508	0.0122687649	0.7738253843
0	0.0602662454	0.5828076455	0.3569261091
0	0.0013418855	0.9971653553	0.0014927592
0	0.1303340379	0.5113542336	0.3583117285
0	0.8650184384	0.0003091340	0.1346724277
0	0.8165175203	0.0521401481	0.1313423316
0	0.9998777347	0.0000000005	0.0001222647
0	0.1020351522	0.8766802281	0.0212846197
0	0.0003688649	0.0006109384	0.9990201967
0	0.0000000094	0.5628605981	0.4371393925
0	0.1055433725	0.8877431158	0.0067135117
0	0.0043354393	0.0211612551	0.9745033056
0	0.6808606192	0.3191393804	0.0000000004
0	0.7269300290	0.2228249565	0.0502450146
0	0.4205551597	0.1984553496	0.3809894906
0	0.1712196118	0.0000003327	0.8287800555
0	0.5270860205	0.0000000000	0.4729139795
1	0.0026873244	0.8738913601	0.1234213155
0	0.0000424328	0.6363100466	0.3636475205
1	0.0047656552	0.0154709750	0.9797633699
0	0.0307202124	0.9097257113	0.0595540763
0	0.0990962578	0.2769738552	0.6239298870
0	0.6710516274	0.0000000000	0.3289483726
0	0.0446421873	0.7861097351	0.1692480777
0	0.3490971571	0.3120200589	0.3388827840
0	0.0098420673	0.0724673505	0.9176905821
0	0.0352675256	0.9619315431	0.0028009312
0	0.0672055328	0.4250067778	0.5077876893
1	0.9950373448	0.0011356256	0.0038270296
0	0.3163143277	0.6612771788	0.0224084935
0	0.0000418489	0.0112303839	0.9887277672
0	0.5961451812	0.0019654279	0.4018893909
1	0.1962658113	0.0000020917	0.8037320970
0	0.6550021232	0.0000911421	0.3449067347
0	0.1837037740	0.7594823834	0.0568138426
0	0.0147177380	0.8587177599	0.1265645020
1	0.3235714905	0.0000000060	0.6764285035
1	0.5899786350	0.3431476786	0.0668736864
0	0.6277337294	0.3720829972	0.0001832734
0	0.9755298354	0.0244618239	0.0000083407
1	0.0057181114	0.2368411128	0.7574407758
0	0.1863206796	0.2233164643	0.5903628560
0	0.7446183486	0.2419916050	0.0133900464
0	0.0088068587	0.0023920184	0.9888011229
0	0.1429128447	0.5193933692	0.3376937861
0	0.3909064751	0.5497984774	0.0592950476
0	0.0000000702	0.0221280251	0.9778719047
1	0.4935730516	0.5022508131	0.0041761353
0	0.4987856608	0.1484827160	0.3527316232
0	0.7096579664	0.2834676532	0.0068743804
0	0.7564492335	0.0007230774	0.2428276892
0	0.3078430007	0.0707352003	0.6214217989
0	0.6863188780	0.3136811129	0.0000000092
0	0.0402346714	0.7212938279	0.2384715007
0	0.0120275959	0.1539195512	0.8340528528
0	0.0000086837	0.0021959518	0.9977953645
0	0.0047389181	0.0003941388	0.9948669431
0	0.3844009557	0.6148818064	0.0007172379
1	0.0141260329	0.6078303992	0.3780435680
0	0.0000168541	0.6093410577	0.3906420882
0	0.1329631106	0.5575028011	0.3095340883
0	0.0429348485	0.0316469569	0.9254181946
0	0.6866818076	0.0000000000	0.3133181924
0	0.1724271153	0.6391864114	0.1883864733
1	0.0185799060	0.1703041366	0.8111159574
0	0.0142866476	0.1281821206	0.8575312318
0	0.0082760412	0.1508449295	0.8408790293
0	0.0185742051	0.9600083513	0.0214174436
0	0.0907382224	0.0912817388	0.8179800387
0	0.5207241745	0.4721471118	0.0071287137
0	0.0148478619	0.9617028681	0.0234492701
0	0.0490982476	0.9165101083	0.0343916441
0	0.1411313148	0.2015999021	0.6572687831
0	0.0749822847	0.0000150544	0.9250026610
0	0.2981002561	0.2492964101	0.4526033338
0	0.1157068884	0.8765860138	0.0077070978
0	0.6849301292	0.0019579542	0.3131119166
0	0.3982128252	0.0121384288	0.5896487460
0	0.0000007560	0.0953441623	0.9046550817
0	0.0726159888	0.4526045876	0.4747794236
0	0.0891133859	0.9086460314	0.0022405827
0	0.0477762037	0.4587173593	0.4935064370
0	0.0000000002	0.0001083207	0.9998916792
0	0.5137170495	0.2565605486	0.2297224018
0	0.1291857120	0.7955947566	0.0752195314
0	0.0023083705	0.1650362692	0.8326553604
0	0.3868750360	0.0581546329	0.5549703311
0	0.9998651764	0.0000001898	0.0001346338
0	0.4861339225	0.1698247315	0.3440413459
0	0.4172619289	0.5827380039	0.0000000672
1	0.3669252132	0.3067455480	0.3263292388
0	0.5632553350	0.0000020591	0.4367426059
0	0.0047499576	0.0891285685	0.9061214739
0	0.2588534894	0.0697541078	0.6713924028
0	0.0221498853	0.8728531388	0.1049969760
0	0.2937094762	0.7021396422	0.0041508816
0	0.1898168996	0.0030458469	0.8071372535
0	0.2168134640	0.0488196890	0.7343668469
0	0.7131454738	0.0100927814	0.2767617448
0	0.0000000000	0.0602563350	0.9397436650
0	0.6620539240	0.3368233805	0.0011226955
0	0.0290177744	0.0000000120	0.9709822136
0	0.0006890622	0.9468420101	0.0524689277
0	0.0155411874	0.9043545174	0.0801042951
0	0.7530956847	0.2068121077	0.0400922077
0	0.0649892162	0.1552287321	0.7797820518
0	0.0903784908	0.8757273858	0.0338941234
0	0.8069309500	0.0000009364	0.1930681135
0	0.7697715818	0.2302015999	0.0000268183
0	0.4881715964	0.0909717576	0.4208566460
0	0.0407936932	0.8771319144	0.0820743924
0	0.0000005393	0.6455084859	0.3544909748
0	0.9709492271	0.0113798564	0.0176709165
0	0.9803211475	0.0194990639	0.0001797886
0	0.8638586922	0.1313829717	0.0047583361
0	0.9347883834	0.0277762164	0.0374354002
0	0.0000001051	0.8790768972	0.1209229977
0	0.9999522381	0.0000024136	0.0000453483
0	0.0935051232	0.1225873668	0.7839075100
0	0.1074400982	0.4034758784	0.4890840235
0	0.6869653521	0.2525706775	0.0604639704
1	0.3722724334	0.6277229338	0.0000046328
0	0.8271240482	0.1728725262	0.0000034256
0	0.6389649354	0.0530897474	0.3079453172
0	0.7553744173	0.0012792289	0.2433463538
0	0.0000060031	0.0000005206	0.9999934762
1	0.1804011738	0.6446662530	0.1749325732
0	0.5714941915	0.1018947232	0.3266110854
0	0.7842385020	0.0710513094	0.1447101886
0	0.1702257468	0.1449086679	0.6848655853
0	0.1654424561	0.0254931332	0.8090644107
0	0.0000000240	0.0000000443	0.9999999317
0	0.8493293155	0.0356460564	0.1150246281
0	0.4689349845	0.2613145065	0.2697505090
0	0.6049610664	0.2133687540	0.1816701796
1	0.0000003378	0.9625475252	0.0374521370
0	0.0791431356	0.8660445054	0.0548123590
0	0.3847926895	0.6152072910	0.0000000195
0	0.0002788463	0.9907952752	0.0089258785
0	0.0000000000	0.0026442162	0.9973557838
1	0.0158520803	0.7671696563	0.2169782634
0	0.9904561591	0.0095438409	0.0000000000
0	0.2126253585	0.7623330072	0.0250416343
0	0.0000435431	0.1793442086	0.8206122482
0	0.8312726594	0.0288764295	0.1398509111
0	0.0406628471	0.9439307547	0.0154063982
0	0.6106155598	0.3403179487	0.0490664916
0	0.9831146610	0.0152131838	0.0016721552
1	0.0000000000	0.0172734295	0.9827265705
0	0.7252476564	0.0002024973	0.2745498463
0	0.0807494927	0.0432387002	0.8760118071
1	0.0000670664	0.9710048124	0.0289281212
1	0.2309833283	0.0143775682	0.7546391036
1	0.9006171465	0.0993828532	0.0000000002
0	0.0136741789	0.0000000004	0.9863258207
0	0.0042681438	0.0913033739	0.9044284823
0	0.5034103412	0.4901430391	0.0064466197
0	0.0293774555	0.1210728041	0.8495497404
0	0.0000145663	0.1004075116	0.8995779221
0	0.3078768858	0.5741350088	0.1179881054
0	0.1477394260	0.8522605740	0.0000000000
0	0.0046575741	0.9878959745	0.0074464515
0	0.0518452256	0.7659655074	0.1821892670
1	0.3565267519	0.3079298089	0.3355434392
0	0.6449158628	0.1944089184	0.1606752188
0	0.0340103695	0.7901782647	0.1758113658
0	0.5615524338	0.2580632139	0.1803843523
0	0.2879994095	0.6589374378	0.0530631527
1	0.0419734162	0.1553241286	0.8027024552
0	0.9075239123	0.0399662623	0.0525098254
1	0.0000000090	0.0034334802	0.9965665109
0	0.0338482811	0.0254040820	0.9407476369
1	0.0000004639	0.0746520581	0.9253474780
0	0.2186581781	0.3862490561	0.3950927658
0	0.9990416459	0.0000004399	0.0009579142
0	0.0406064925	0.1001663929	0.8592271145
0	0.0110544655	0.5307124047	0.4582331297
0	0.7781031566	0.2218874771	0.0000093664
1	0.0018191624	0.6160452692	0.3821355684
1	0.0144941140	0.8661689015	0.1193369845
0	0.0004895250	0.9799220286	0.0195884464
0	0.0132630925	0.0048775547	0.9818593528
0	0.8715803063	0.1276773593	0.0007423344
0	0.0008633882	0.0820154631	0.9171211486
0	0.1923000304	0.7978590299	0.0098409398
0	0.0002458319	0.9389035820	0.0608505861
0	0.0406428520	0.9593513008	0.0000058471
0	0.7853380604	0.2039335672	0.0107283724
1	0.0147880101	0.9831677794	0.0020442105
0	0.2210957106	0.0391430781	0.7397612113
0	0.5333899698	0.4136841620	0.0529258682
0	0.8874263406	0.0394867674	0.0730868921
0	0.0022195961	0.6812071850	0.3165732189
0	0.0121327899	0.3132314736	0.6746357365
0	0.8820049099	0.0744038420	0.0435912481
0	0.1586934147	0.8413065853	0.0000000000
0	0.0663725425	0.8477127134	0.0859147441
0	0.0049294116	0.0168015079	0.9782690806
0	0.0018457717	0.0535837030	0.9445705254
0	0.0016265352	0.0225807910	0.9757926738
0	0.9999953094	0.0000041010	0.0000005895
0	0.1062684901	0.1801516932	0.7135798167
0	0.4905455039	0.2988832061	0.2105712900
0	0.0002034190	0.9540522926	0.0457442883
0	0.4556637966	0.5145358743	0.0298003292
0	0.9829801658	0.0028148463	0.0142049879
0	0.0041846315	0.1418276281	0.8539877403
0	0.5256317810	0.0151386912	0.4592295279
0	0.0376405030	0.3299535069	0.6324059902
0	0.0294924694	0.7846221775	0.1858853531
0	0.0003114374	0.1146866233	0.8850019394
0	0.8042306941	0.1701465937	0.0256227122
0	0.0000020375	0.9999949221	0.0000030404
0	0.1700177573	0.7891286805	0.0408535623
0	0.6694442058	0.2281205166	0.1024352776
1	0.0000000000	0.6971528516	0.3028471484
0	0.0188089073	0.0592364538	0.9219546389
0	0.0085831241	0.9912847563	0.0001321196
0	0.5076083929	0.0049673533	0.4874242538
0	0.7613786553	0.2114842820	0.0271370627
1	0.0158650713	0.0854797697	0.8986551589
0	0.5699391360	0.2866460980	0.1434147660
0	0.5953514219	0.1837738112	0.2208747669
0	0.5972096127	0.2617828034	0.1410075839
0	0.1615868826	0.0411917538	0.7972213637
0	0.3000572376	0.0498847587	0.6500580037
0	0.6340124121	0.1691204865	0.1968671014
1	0.0000000000	0.9924768188	0.0075231812
0	0.0073496584	0.5882573926	0.4043929490
0	0.0271283050	0.9637238180	0.0091478770
0	0.5386429333	0.0552122782	0.4061447885
1	0.0051213624	0.9723157215	0.0225629160
0	0.0000811184	0.6980042973	0.3019145843
1	0.0000000000	0.1665393296	0.8334606704
0	0.9671084148	0.0009304261	0.0319611590
0	0.5742030503	0.4109488176	0.0148481322
0	0.0002955721	0.0030143294	0.9966900985
0	0.0100398089	0.0867503514	0.9032098397
0	0.0014174887	0.9034141680	0.0951683433
0	0.8526386959	0.1457558858	0.0016054183
0	0.2270837796	0.0000000530	0.7729161674
0	0.4013932597	0.5820058736	0.0166008667
0	0.9911284482	0.0088706131	0.0000009387
0	0.2571756949	0.4816488968	0.2611754082
0	0.0550556611	0.9224969746	0.0224473643
0	0.4083999855	0.2327087299	0.3588912846
0	0.0000000000	0.2261636129	0.7738363871
2	0.0000001279	0.8978235453	0.1021763268
0	0.0366062933	0.0411877008	0.9222060059
0	0.0194253884	0.2301524620	0.7504221496
1	0.0000000002	0.7022051627	0.2977948371
0	0.2167421469	0.0077789849	0.7754788682
0	0.8708044891	0.0454985626	0.0836969483
0	0.0415827811	0.0005674411	0.9578497778
0	0.7883351144	0.0024283388	0.2092365468
1	0.0436638446	0.9220373796	0.0342987758
0	0.0731404052	0.0018403988	0.9250191959
0	0.0001021271	0.9498800701	0.0500178027
0	0.0918574059	0.8414614112	0.0666811829
0	0.0330167848	0.9631134606	0.0038697546
0	0.8014332562	0.1968014826	0.0017652612
0	0.0031582551	0.0320144010	0.9648273438
0	0.0000000000	0.0378075428	0.9621924572
0	0.0757196838	0.9138813586	0.0103989576
0	0.5551541291	0.0037364706	0.4411094003
0	0.0000000000	0.4444730414	0.5555269586
0	0.4515432296	0.5471628541	0.0012939163
0	0.0796689612	0.5240700996	0.3962609392
0	0.0397836578	0.3904663552	0.5697499870
0	0.8925272330	0.0531073549	0.0543654121
0	0.0658671217	0.7065227929	0.2276100855
0	0.1862124196	0.7688024834	0.0449850970
0	0.0234797868	0.1875439375	0.7889762756
0	0.2041158688	0.7889834480	0.0069006832
0	0.0000006059	0.2043778764	0.7956215176
0	0.1336963560	0.0000001580	0.8663034860
0	0.0620543466	0.7807761000	0.1571695534
0	0.0000000000	0.0000002767	0.9999997233
0	0.9319682396	0.0680314446	0.0000003158
0	0.0000690936	0.3610836351	0.6388472714
0	0.3703164931	0.5976194423	0.0320640646
0	0.7788884217	0.0020149040	0.2190966743
1	0.4541812341	0.0087688385	0.5370499274
0	0.5777150267	0.1957510135	0.2265339598
0	0.9949935646	0.0000837597	0.0049226757
0	0.6658728875	0.0558875912	0.2782395214
0	0.2227460385	0.7772389306	0.0000150310
0	0.4988471533	0.1325762107	0.3685766360
0	0.0000002821	0.1237177530	0.8762819649
0	0.9002624269	0.0503201009	0.0494174723
0	0.0001253704	0.0996751805	0.9001994491
0	0.4423341912	0.0011873163	0.5564784924
0	0.3489791675	0.5695833218	0.0814375107
0	0.0006995195	0.0188349220	0.9804655585
0	0.0074128522	0.8250156019	0.1675715459
0	0.1029124033	0.8760782539	0.0210093428
0	0.4852784574	0.5134609718	0.0012605708
0	0.6732975079	0.2067128605	0.1199896316
0	0.0088615494	0.0128890159	0.9782494347
0	0.1991862110	0.8008045376	0.0000092514
0	0.2821307896	0.6926011790	0.0252680314
0	0.2536889000	0.7463091535	0.0000019464
1	0.7938107824	0.0231563011	0.1830329165
0	0.3613123163	0.0069762008	0.6317114830
1	0.6539301082	0.3428136796	0.0032562122
1	0.0000000000	0.6666489128	0.3333510872
0	0.1381585604	0.0652135036	0.7966279361
0	0.8078923258	0.0627678255	0.1293398487
0	0.2853601930	0.0429150164	0.6717247906
0	0.1710929021	0.7144725826	0.1144345152
0	0.7021307708	0.2978362959	0.0000329333
0	0.0610135584	0.0329539519	0.9060324898
0	0.0000000118	0.9619387170	0.0380612712
0	0.3048457534	0.2698867667	0.4252674799
0	0.2670833158	0.7166220989	0.0162945853
0	0.4418220678	0.5571582509	0.0010196812
0	0.7485084825	0.2450791441	0.0064123735
0	0.1713906405	0.2704130666	0.5581962929
0	0.0007724045	0.7882396429	0.2109879526
0	0.0129252127	0.9780165152	0.0090582721
0	0.7518030237	0.2455204213	0.0026765550
0	0.0662942313	0.2999178971	0.6337878716
0	0.0001311866	0.5202600261	0.4796087873
0	0.9707797433	0.0256929379	0.0035273188
0	0.1458823556	0.0701076819	0.7840099625
0	0.5167538677	0.3224373591	0.1608087732
0	0.0405318672	0.1087283254	0.8507398074
0	0.0000496924	0.0000000108	0.9999502968
0	0.0332205999	0.9044656227	0.0623137775
0	0.7386220716	0.2593006298	0.0020772986
0	0.8796286071	0.0960062626	0.0243651303
0	0.9146743785	0.0853256215	0.0000000000
0	0.0791652551	0.0000042503	0.9208304947
0	0.0004979018	0.1397071482	0.8597949500
1	0.0023132451	0.9761099772	0.0215767777
0	0.1639746628	0.8360253325	0.0000000047
0	0.0000000000	0.4492491644	0.5507508356
0	0.3404405834	0.6417219101	0.0178375065
0	0.1000791409	0.8280194111	0.0719014480
0	0.1139622871	0.1035655975	0.7824721154
0	0.6783792202	0.0134094526	0.3082113273
0	0.0051483399	0.8127445780	0.1821070821
0	0.0514921057	0.0012676413	0.9472402530
0	0.1885685282	0.2265455663	0.5848859055
0	0.9999999463	0.0000000537	0.0000000000
1	0.0025315887	0.9829412494	0.0145271619
0	0.9677178867	0.0195791931	0.0127029202
0	0.0031498723	0.8425476027	0.1543025249
0	0.2496918726	0.7078896274	0.0424185000
0	0.0068764913	0.6145513465	0.3785721622
0	0.0441901873	0.1891148648	0.7666949478
0	0.1520631448	0.0000285385	0.8479083168
0	0.1674277982	0.8324252934	0.0001469084
0	0.0263682708	0.4048663939	0.5687653353
0	0.0045858707	0.5391590070	0.4562551223
0	0.0364579246	0.8887595299	0.0747825454
0	0.0556355731	0.0354952641	0.9088691628
0	0.1288278528	0.0000009843	0.8711711628
0	0.0484362725	0.0014525809	0.9501111466
0	0.0527604689	0.2180469305	0.7291926006
0	0.0067932005	0.9687109409	0.0244958586
0	0.1950910578	0.0685997314	0.7363092108
0	0.0006296286	0.9324549372	0.0669154342
0	0.1195733314	0.2653481625	0.6150785061
0	0.0543522909	0.0555934669	0.8900542422
0	0.8741314111	0.0002350157	0.1256335732
0	0.0147192199	0.6650178876	0.3202628925
0	0.2129788346	0.7443567217	0.0426644437
0	0.9665757274	0.0251139931	0.0083102795
0	0.3200949438	0.1993519044	0.4805531519
0	0.6876273712	0.3094147654	0.0029578634
0	0.1607872368	0.2658789668	0.5733337964
0	0.0210062642	0.7377980558	0.2411956800
0	0.0181106235	0.1740669110	0.8078224654
0	0.0493869446	0.9220277579	0.0285852975
0	0.0039375267	0.6942627973	0.3017996760
0	0.0196046870	0.2598709590	0.7205243541
0	0.8318445713	0.1679248952	0.0002305335
0	0.0696226559	0.6945220627	0.2358552814
0	0.0011596128	0.8661219736	0.1327184137
0	0.1045007236	0.1083389675	0.7871603089
0	0.1429392339	0.8318412940	0.0252194721
0	0.3800043405	0.4590902692	0.1609053903
0	0.0094917589	0.5165437244	0.4739645167
0	0.3973748977	0.0011213388	0.6015037635
0	0.0817492257	0.0002171601	0.9180336142
1	0.0000145391	0.3853040942	0.6146813668
0	0.0061691576	0.0385560319	0.9552748105
0	0.0025079102	0.0570034489	0.9404886409
0	0.0571323982	0.2984686168	0.6443989851
0	0.0002251975	0.9456625566	0.0541122459
0	0.0068167143	0.0240595538	0.9691237319
0	0.0011091798	0.4220068218	0.5768839984
0	0.0148563642	0.0521083830	0.9330352528
0	0.1165271004	0.1346375354	0.7488353641
1	0.0000000000	0.8038967546	0.1961032454
0	0.6310576283	0.1829558119	0.1859865598
0	0.0004291684	0.8326443042	0.1669265274
0	0.0081237047	0.9341396650	0.0577366303
0	0.9999999997	0.0000000000	0.0000000003
1	0.0443679598	0.2413291491	0.7143028910
0	0.0017277918	0.0214474705	0.9768247377
0	0.6056830200	0.3924165068	0.0019004732
0	0.6638475587	0.1292629547	0.2068894866
0	0.2380047782	0.3843363580	0.3776588638
0	0.0000837510	0.7917721640	0.2081440850
0	0.7534728726	0.2326484841	0.0138786433
0	0.0000204055	0.2823122992	0.7176672953
0	0.0000069487	0.9594782148	0.0405148364
0	0.0001770797	0.9975019972	0.0023209231
0	0.4456852299	0.5409823475	0.0133324225
0	0.0022591105	0.3504111455	0.6473297440
0	0.0195009753	0.1013032982	0.8791957265
0	0.0006268623	0.6682086759	0.3311644618
0	0.0000000000	0.7171545981	0.2828454019
0	0.0094847755	0.0003197941	0.9901954303
0	0.6236481348	0.0468818297	0.3294700355
0	0.4089296879	0.0001486909	0.5909216211
0	0.4494816773	0.0431707645	0.5073475582
0	0.7479918333	0.1416588224	0.1103493443
1	0.0000000000	0.9846725586	0.0153274414
0	0.0392486776	0.9582917336	0.0024595888
0	0.9913182290	0.0002154271	0.0084663439
0	0.0553390320	0.0559086947	0.8887522733
0	0.0034301713	0.9570814331	0.0394883956
0	0.0932149827	0.9067843129	0.0000007044
0	0.0375215717	0.5901882936	0.3722901346
0	0.2143272638	0.3158983184	0.4697744178
0	0.4122215029	0.5597057734	0.0280727237
0	0.0740260252	0.4937350626	0.4322389122
0	0.8692498855	0.1268894085	0.0038607061
0	0.0090379154	0.5309065396	0.4600555450
0	0.2209655799	0.7456317030	0.0334027171
0	0.0000603179	0.0631501294	0.9367895528
0	0.0172471840	0.0089159483	0.9738368677
0	0.0000000131	0.1179127956	0.8820871913
0	0.6350212819	0.0007510620	0.3642276560
