0	0.9004141923	0.0428152800	0.0567705277
0	0.7991099107	0.0000005270	0.2008895623
0	0.0009019756	0.0068662565	0.9922317678
0	0.3358007352	0.4552615217	0.2089377430
0	0.1529061072	0.7314475913	0.1156463015
0	0.6065071543	0.2495304894	0.1439623563
0	0.6007012959	0.0509410547	0.3483576494
0	0.0001369962	0.9601244765	0.0397385273
0	0.0220601795	0.9779398205	0.0000000000
0	0.2125555666	0.7874444334	0.0000000000
0	0.1917041924	0.7411203533	0.0671754543
0	0.6221372644	0.3416367238	0.0362260118
0	0.3779224741	0.4897090801	0.1323684458
0	0.1053910891	0.0049166185	0.8896922924
2	0.9738750590	0.0000011311	0.0261238099
0	0.0495750584	0.0313900471	0.9190348945
0	0.3015575856	0.6984415211	0.0000008933
0	0.9847352797	0.0018502220	0.0134144982
0	0.0347480930	0.1592212915	0.8060306155
0	0.0830621253	0.8489657350	0.0679721397
1	0.2538403740	0.7420287632	0.0041308628
0	0.2573139134	0.4466020660	0.2960840206
0	0.5480426129	0.0001695526	0.4517878345
0	0.3036664112	0.4329628442	0.2633707445
0	0.0127139833	0.5931220316	0.3941639851
1	0.0017641330	0.0654169515	0.9328189155
0	0.0286017461	0.4776732873	0.4937249666
0	0.0856347937	0.8725010227	0.0418641836
0	0.5127150279	0.2585505529	0.2287344192
0	0.8182061961	0.1306862303	0.0511075735
0	0.7815912828	0.0283660704	0.1900426468
0	0.4886585117	0.4436000138	0.0677414746
0	0.0159292692	0.9774808044	0.0065899264
0	0.3324737912	0.6675259593	0.0000002495
1	0.0035691208	0.9525493408	0.0438815384
0	0.1220431311	0.8776850168	0.0002718520
0	0.3471005964	0.6502822390	0.0026171646
0	0.0469357116	0.0000028255	0.9530614629
0	0.0365839513	0.9633655099	0.0000505388
0	0.9512699304	0.0251271946	0.0236028750
0	0.9263046922	0.0736764825	0.0000188253
0	0.9990684099	0.0000000000	0.0009315901
0	0.2858116272	0.2880791394	0.4261092334
0	0.0975330661	0.3548189140	0.5476480199
0	0.9863676664	0.0108880550	0.0027442786
0	0.2346540958	0.2702996887	0.4950462155
1	0.0024002637	0.6725383874	0.3250613489
0	0.2861289765	0.5491350977	0.1647359258
0	0.1141434488	0.0313932722	0.8544632790
0	0.0000000044	0.4144602643	0.5855397313
0	0.8262094265	0.0000000000	0.1737905735
0	0.6702055584	0.3270332595	0.0027611820
0	0.0340926132	0.0268052807	0.9391021061
0	0.9838724152	0.0000000000	0.0161275848
0	0.1757325856	0.0000005399	0.8242668745
0	0.1379170114	0.3573593185	0.5047236701
0	0.1473623385	0.1422578459	0.7103798156
0	0.0308050543	0.8493012859	0.1198936599
0	0.0039534695	0.5493276558	0.4467188746
0	0.0352537717	0.9647462282	0.0000000000
0	0.0006253195	0.1923184959	0.8070561847
0	0.0000000000	0.9999264856	0.0000735144
0	0.0024401503	0.0000000000	0.9975598497
0	0.8867686797	0.0405591726	0.0726721476
0	0.0000394637	0.8124659388	0.1874945975
0	0.0001603397	0.8979214925	0.1019181678
0	0.0014134237	0.9962918899	0.0022946864
0	0.4826819311	0.3689157043	0.1484023646
0	0.7089200604	0.0000000000	0.2910799396
0	0.0321128358	0.0134601837	0.9544269805
0	0.1203152630	0.4905490811	0.3891356559
0	0.3462069920	0.6531612322	0.0006317758
0	0.0292536864	0.7547406100	0.2160057036
0	0.0063856890	0.8253248975	0.1682894135
0	0.5842624394	0.0502411348	0.3654964257
0	0.7176446220	0.2823553702	0.0000000078
0	0.2192390967	0.0197456376	0.7610152657
0	0.7979258022	0.1974962160	0.0045779818
0	0.7363557672	0.2636442322	0.0000000007
0	0.9368431041	0.0170018576	0.0461550383
0	0.0006260880	0.0740672504	0.9253066616
0	0.0584614419	0.0023722569	0.9391663011
0	0.0144373149	0.9618071423	0.0237555428
1	0.0001279383	0.0113441366	0.9885279251
0	0.4724164317	0.3615786848	0.1660048835
0	0.1093511370	0.4987316531	0.3919172099
0	0.8671360412	0.1328593078	0.0000046509
0	0.1118158418	0.6394601398	0.2487240184
0	0.0036114512	0.8156807417	0.1807078071
0	0.9339178493	0.0660721655	0.0000099852
0	0.6362814545	0.3621639222	0.0015546233
0	0.0005199078	0.3207509680	0.6787291243
0	0.0085290021	0.9560094978	0.0354615001
0	0.0437603199	0.0962076465	0.8600320336
0	0.3713969439	0.6220115910	0.0065914652
1	0.0005785559	0.9923011627	0.0071202813
0	0.0332173367	0.2419501122	0.7248325511
0	0.3332127517	0.4996430058	0.1671442425
0	0.0001325733	0.9121236799	0.0877437468
0	0.1627748162	0.6754761534	0.1617490304
