0	0.9890847244	0.0097462127	0.0011690629
1	0.9557116699	0.0107609887	0.0335273414
0	0.0006322769	0.8099144433	0.1894532798
0	0.0363091382	0.9611020522	0.0025888096
1	0.0004495920	0.7443132518	0.2552371562
0	0.2988905157	0.6554025137	0.0457069706
0	0.0327272720	0.0116168971	0.9556558309
0	0.0372003387	0.0000000422	0.9627996191
0	0.4076664355	0.1722321568	0.4201014077
0	0.3888902347	0.4762809795	0.1348287858
0	0.8751987018	0.0459842552	0.0788170431
0	0.7288384590	0.0039990562	0.2671624848
0	0.3739575695	0.0084722933	0.6175701372
0	0.4675700479	0.3598140837	0.1726158685
0	0.9499861751	0.0288637061	0.0211501189
0	0.9459174634	0.0000019615	0.0540805751
0	0.9617033433	0.0000112249	0.0382854317
0	0.0043366630	0.8119799020	0.1836834350
0	0.2691824227	0.1635354164	0.5672821609
0	0.0000000000	0.8640566731	0.1359433269
1	0.3477093336	0.0556380477	0.5966526187
1	0.6894318461	0.3101182978	0.0004498561
0	0.0105205329	0.4402933565	0.5491861106
0	0.0352577949	0.9647421979	0.0000000072
0	0.0003137942	0.8629517504	0.1367344554
0	0.0000000000	0.8304940517	0.1695059483
0	0.0625846777	0.3387511709	0.5986641514
0	0.0019416625	0.0000000000	0.9980583375
0	0.0444097285	0.0000000000	0.9555902715
0	0.7169084234	0.0398342411	0.2432573354
0	0.8410713797	0.0457392432	0.1131893771
0	0.9554317452	0.0092794629	0.0352887919
0	0.1816523191	0.8182615381	0.0000861429
0	0.0036366151	0.0000011566	0.9963622283
0	0.9964165378	0.0000006449	0.0035828173
0	0.3967488947	0.6032511053	0.0000000000
0	0.0924290940	0.6913108634	0.2162600426
0	0.7433508985	0.2037848104	0.0528642911
0	0.0000001868	0.2762900166	0.7237097967
0	0.3166014790	0.0373602922	0.6460382288
0	0.0000033696	0.0596375557	0.9403590747
0	0.0936647429	0.2742147375	0.6321205197
0	0.5717101526	0.1712159111	0.2570739363
0	0.1902689523	0.0000003536	0.8097306941
0	0.0243518889	0.0014099425	0.9742381685
0	0.0010806214	0.9442225714	0.0546968072
1	0.0000000000	0.2763444772	0.7236555228
0	0.5842342291	0.3333650554	0.0824007155
1	0.0001395273	0.1025802489	0.8972802238
0	0.9859900280	0.0129627968	0.0010471752
0	0.4910291281	0.0000000490	0.5089708229
0	0.2637779617	0.0028987205	0.7333233178
0	0.6190557693	0.3774763643	0.0034678665
0	0.0001249530	0.0170800209	0.9827950261
1	0.6116147048	0.2231004054	0.1652848898
0	0.1650578936	0.8255707178	0.0093713886
0	0.2852854198	0.0549446498	0.6597699304
2	0.7036479338	0.0319563851	0.2643956811
0	0.7110585179	0.0002220245	0.2887194576
0	0.7292792771	0.2003667605	0.0703539624
0	0.1945505037	0.0000000012	0.8054494951
0	0.8127988050	0.1871714987	0.0000296962
0	0.0000273834	0.4473602491	0.5526123675
0	0.6606768078	0.0086782737	0.3306449186
0	0.9958014222	0.0036048079	0.0005937699
0	0.5454366943	0.4152428232	0.0393204825
0	0.0274143395	0.6826064938	0.2899791667
0	0.4754155091	0.0015830803	0.5230014105
0	0.0148183186	0.3645344790	0.6206472024
0	0.0011195984	0.9826394193	0.0162409823
1	0.0371877104	0.1081434578	0.8546688318
0	0.0526904560	0.9470768093	0.0002327348
0	0.0002454347	0.7171589145	0.2825956508
0	0.2651809690	0.7246813741	0.0101376568
0	0.1357057715	0.6873133045	0.1769809240
0	0.0122975984	0.0354916644	0.9522107371
0	0.5419843345	0.4550827230	0.0029329426
0	0.0539581019	0.1286762435	0.8173656546
0	0.2333002268	0.6232231340	0.1434766393
0	0.7982407724	0.1688008219	0.0329584057
0	0.0434373800	0.9524443703	0.0041182497
1	0.9403909056	0.0066052274	0.0530038670
1	0.0149704512	0.0138112782	0.9712182707
0	0.4130424973	0.5869575027	0.0000000000
0	0.3216756082	0.4132305698	0.2650938220
0	0.0227558493	0.1736398148	0.8036043359
0	0.0000008904	0.9825920748	0.0174070348
1	0.6090525744	0.3909472636	0.0000001620
0	0.0673636995	0.0043782729	0.9282580275
1	0.0018720633	0.9599929566	0.0381349801
0	0.0241855793	0.0075712985	0.9682431222
0	0.1166216078	0.1424528389	0.7409255533
0	0.0991561145	0.9007878345	0.0000560510
0	0.9941904400	0.0000861490	0.0057234110
0	0.3359680930	0.0721872657	0.5918446413
0	0.0296278232	0.0863500097	0.8840221671
0	0.0177121612	0.0000014836	0.9822863553
0	0.7937804332	0.1984414191	0.0077781477
1	0.8470249245	0.1497542036	0.0032208719
0	0.5297814158	0.0754208764	0.3947977078
