0	0.9341901777	0.0453534024	0.0204564198
0	0.0003300199	0.0237358270	0.9759341531
0	0.0468772085	0.2524558779	0.7006669136
0	0.1175391807	0.7428719419	0.1395888774
0	0.0000003227	0.5624454193	0.4375542580
0	0.0000000000	0.0695122487	0.9304877513
0	0.2661317569	0.1080513512	0.6258168919
0	0.2312576041	0.1280245331	0.6407178629
0	0.0000725359	0.0041918652	0.9957355989
0	0.0000162601	0.7235963899	0.2763873499
0	0.9611933191	0.0061710464	0.0326356345
0	0.2650376093	0.3326619839	0.4023004068
2	0.5668708726	0.0027954730	0.4303336544
0	0.0307773392	0.0000527561	0.9691699047
0	0.9151757740	0.0469198836	0.0379043424
0	0.0439176382	0.1938657579	0.7622166040
0	0.0037724670	0.4296698030	0.5665577299
0	0.1006173812	0.4387727284	0.4606098903
0	0.5971976527	0.1207340101	0.2820683372
0	0.0363499030	0.0020553373	0.9615947597
1	0.0018470612	0.0475286336	0.9506243052
0	0.8461226014	0.0000120400	0.1538653586
0	0.3211055792	0.6512990579	0.0275953629
0	0.9761817156	0.0237315168	0.0000867676
0	0.9158176315	0.0807744084	0.0034079601
0	0.5842391039	0.4153973173	0.0003635788
0	0.0040279413	0.0810273433	0.9149447154
0	0.6103534841	0.0442052654	0.3454412505
0	0.1086464421	0.0033228069	0.8880307509
0	0.9999999741	0.0000000259	0.0000000000
0	0.3265119087	0.0000000000	0.6734880913
0	0.1629202197	0.0649402987	0.7721394816
0	0.9783533780	0.0079246773	0.0137219447
0	0.2806162071	0.3155095218	0.4038742711
0	0.0305198840	0.4656451091	0.5038350069
0	0.7067110210	0.0360722683	0.2572167107
0	0.1306613525	0.6337172077	0.2356214398
0	0.0000000450	0.9999749058	0.0000250492
0	0.0000308056	0.1905801631	0.8093890312
0	0.0000002319	0.8918692576	0.1081305105
0	0.3203759760	0.6068924683	0.0727315558
0	0.9861193211	0.0000000001	0.0138806788
0	0.3006323170	0.6486009208	0.0507667621
0	0.5099854729	0.4622498338	0.0277646934
0	0.0000003168	0.0185385454	0.9814611379
0	0.0171390282	0.3625196594	0.6203413124
0	0.4720156645	0.3631395499	0.1648447856
0	0.0979019856	0.9020980144	0.0000000000
0	0.5852085310	0.1619903213	0.2528011477
0	0.6536289718	0.0092093690	0.3371616593
0	0.0000003121	0.4858744383	0.5141252496
0	0.0558802344	0.0226427948	0.9214769708
0	0.0197325945	0.8745764137	0.1056909918
0	0.0086903561	0.9878664841	0.0034431597
0	0.4933808978	0.0005576425	0.5060614597
0	0.2823124691	0.6711258748	0.0465616561
0	0.9176751573	0.0657311232	0.0165937195
0	0.2249607338	0.5573654554	0.2176738108
0	0.0205262403	0.0908961158	0.8885776439
0	0.0428027277	0.0071721915	0.9500250809
0	0.9768415099	0.0008537251	0.0223047651
0	0.0225048864	0.7599130719	0.2175820416
0	0.7573031753	0.0009259402	0.2417708846
0	0.6178806292	0.2289456276	0.1531737432
0	0.0005959395	0.0608331318	0.9385709286
0	0.0262982431	0.8935566756	0.0801450813
0	0.0346109208	0.5039105606	0.4614785187
0	0.2785738098	0.7158439370	0.0055822532
0	0.0000000000	0.3566522057	0.6433477943
0	0.9823936974	0.0175420497	0.0000642529
0	0.0000627243	0.0000010630	0.9999362128
0	0.9951452956	0.0046643130	0.0001903915
1	0.3096009379	0.0000000000	0.6903990621
0	0.0052074598	0.0278445271	0.9669480132
0	0.1075839653	0.2504264656	0.6419895692
0	0.0500255625	0.0936551253	0.8563193121
0	0.0019610295	0.0137251943	0.9843137762
0	0.0000938419	0.0096874506	0.9902187075
0	0.0278265513	0.0003118056	0.9718616431
1	0.0000000000	0.3918726090	0.6081273910
0	0.3367307935	0.1628274007	0.5004418057
0	0.2717361699	0.7282638294	0.0000000008
0	0.9926175690	0.0000000000	0.0073824310
0	0.5437852333	0.0128984970	0.4433162697
0	0.1250219393	0.6151806119	0.2597974489
0	0.5395805505	0.4603904146	0.0000290349
0	0.9032084962	0.0928247293	0.0039667746
0	0.9155891116	0.0000044413	0.0844064471
0	0.0163516047	0.3886860506	0.5949623447
0	0.4332447868	0.2453044971	0.3214507162
0	0.2606223213	0.0056095850	0.7337680937
1	0.2960972911	0.5014915638	0.2024111451
0	0.8605171419	0.1394828581	0.0000000000
0	0.0000000003	0.2950395855	0.7049604142
0	0.0011461020	0.0086321289	0.9902217691
0	0.0018177376	0.9971678825	0.0010143799
0	0.4019354173	0.0000646752	0.5979999075
0	0.8462936048	0.0122675331	0.1414388621
0	0.9852479819	0.0089035869	0.0058484312
0	0.3549041203	0.6450958797	0.0000000000
