0	0.4761435043	0.5188920902	0.0049644055
0	0.8538889829	0.1414855756	0.0046254415
0	0.9601280519	0.0070349977	0.0328369504
0	0.0000004701	0.9228381703	0.0771613596
0	0.0348062068	0.0492367797	0.9159570135
0	0.2356907949	0.7002260101	0.0640831950
0	0.0365592072	0.9632128967	0.0002278960
0	0.0110967079	0.0207860623	0.9681172298
0	0.0000000000	0.3636750900	0.6363249100
0	0.0702856734	0.4369350986	0.4927792280
0	0.0066940527	0.0956057567	0.8977001907
0	0.2601663743	0.7241002390	0.0157333867
0	0.6035145817	0.0741395587	0.3223458596
0	0.7995325019	0.2004370769	0.0000304212
0	0.5218600589	0.4724755576	0.0056643835
0	0.4152982999	0.5026990988	0.0820026013
0	0.6893103974	0.0000000000	0.3106896026
0	0.0659717584	0.0987900926	0.8352381489
0	0.0612492167	0.7779383883	0.1608123950
0	0.0021123987	0.0001589978	0.9977286036
0	0.1141383107	0.0130076112	0.8728540780
0	0.2459367964	0.6958032220	0.0582599817
0	0.0021467886	0.0762053778	0.9216478336
0	0.0312300927	0.2738646652	0.6949052421
0	0.2917994370	0.1232915539	0.5849090091
0	0.4577733336	0.5171782356	0.0250484308
0	0.5739626054	0.3563403098	0.0696970848
0	0.4920543067	0.4497189073	0.0582267860
0	0.0000425501	0.3364055245	0.6635519254
0	0.5472027921	0.4527971519	0.0000000559
0	0.4702945895	0.3003015221	0.2294038884
0	0.3539777884	0.0635602265	0.5824619852
0	0.0323870999	0.9103422437	0.0572706564
0	0.1669859919	0.0624259835	0.7705880245
0	0.1172363568	0.0062598502	0.8765037930
0	0.1084293849	0.0795329728	0.8120376423
0	0.0003637752	0.9996345681	0.0000016567
0	0.3852008173	0.0000000000	0.6147991827
0	0.0001799740	0.6757842400	0.3240357861
0	0.1658978888	0.0806250428	0.7534770683
0	0.0216901541	0.7301115028	0.2481983431
0	0.5398829241	0.1708067583	0.2893103176
0	0.0000000000	0.9999999973	0.0000000027
0	0.0805660573	0.0401670963	0.8792668464
0	0.0201938864	0.0725998367	0.9072062769
0	0.0006558724	0.6596140397	0.3397300878
0	0.8088423274	0.0522485986	0.1389090740
0	0.0000550360	0.4432223826	0.5567225814
0	0.3721218064	0.4000325942	0.2278455994
0	0.0216747622	0.9783252378	0.0000000000
0	0.1429551878	0.4084359713	0.4486088409
0	0.8221107061	0.1615359324	0.0163533616
0	0.2751646667	0.3918333456	0.3330019877
0	0.6656332025	0.0836457571	0.2507210404
0	0.0209910732	0.1047875268	0.8742214000
0	0.0678001697	0.0575820448	0.8746177855
0	0.0000316059	0.0219313454	0.9780370486
0	0.3305706164	0.5120057609	0.1574236227
0	0.2730784002	0.5208672924	0.2060543073
0	0.1501626674	0.0022943215	0.8475430111
1	0.2633911926	0.2861082074	0.4505006000
0	0.8641212838	0.0138625384	0.1220161778
0	0.6690849862	0.2619569860	0.0689580278
2	0.0000083582	0.0068694896	0.9931221521
0	0.3189356906	0.3839807176	0.2970835918
1	0.2161958934	0.2447193471	0.5390847595
0	0.5177624987	0.1120748302	0.3701626711
0	0.4070009097	0.4009575003	0.1920415900
0	0.0468978060	0.9480671163	0.0050350777
0	0.0000000000	0.0083483586	0.9916516414
0	0.1851207574	0.6594315707	0.1554476720
0	0.9227878663	0.0103272507	0.0668848830
0	0.0118290819	0.0166689247	0.9715019933
0	0.2072433147	0.7927566764	0.0000000089
0	0.0008043569	0.2821713895	0.7170242535
1	0.9501740049	0.0497038897	0.0001221055
0	0.5114113300	0.3325806165	0.1560080536
0	0.5384656030	0.1118571466	0.3496772504
0	0.0002524717	0.4232054013	0.5765421270
1	0.9934376417	0.0042769835	0.0022853748
0	0.5827344376	0.0650969958	0.3521685666
0	0.7822210983	0.0362456312	0.1815332705
0	0.2239588138	0.0000000037	0.7760411825
0	0.0421575151	0.9060121438	0.0518303411
0	0.8673940315	0.0109576846	0.1216482839
0	0.0000001437	0.9999905691	0.0000092872
0	0.5018868489	0.1364306679	0.3616824832
0	0.5519975470	0.0000000007	0.4480024523
0	0.0000019905	0.0000237235	0.9999742860
0	0.3243004731	0.0024728789	0.6732266479
0	0.0855433598	0.8944596227	0.0199970175
0	0.5642857775	0.4341600691	0.0015541534
1	0.4675880044	0.0451967938	0.4872152018
0	0.0276080601	0.9690782780	0.0033136619
0	0.0000000221	0.6249736830	0.3750262950
0	0.0706590043	0.8057233182	0.1236176775
0	0.4823900959	0.2031033638	0.3145065403
0	0.1917716411	0.2880692499	0.5201591090
0	0.8301547252	0.0395909907	0.1302542841
0	0.6154377542	0.0074560732	0.3771061726
