1	0.0978296082	0.3312373010	0.5709330907
0	0.7633797293	0.0003071272	0.2363131436
0	0.2073878652	0.0848729163	0.7077392185
1	0.3695669143	0.1036211087	0.5268119770
0	0.6071414486	0.0574043145	0.3354542369
0	0.0014852846	0.9985147151	0.0000000003
0	0.0125654791	0.4879788649	0.4994556560
0	0.0410451718	0.0219550436	0.9369997846
0	0.1149908969	0.1985247713	0.6864843318
0	0.0649493217	0.8915893915	0.0434612869
1	0.8643584494	0.0455951506	0.0900464000
0	0.0526985738	0.3351580351	0.6121433910
0	0.0001631855	0.4252246741	0.5746121405
0	0.0771863323	0.9227769900	0.0000366777
0	0.1411404552	0.8588594817	0.0000000631
0	0.0033277039	0.7627083567	0.2339639394
0	0.2004414409	0.7995585591	0.0000000000
0	0.9499017504	0.0456487318	0.0044495178
0	0.4663487878	0.4178827603	0.1157684519
0	0.0000000000	0.6397344144	0.3602655856
0	0.0015397271	0.0765309024	0.9219293705
0	0.0000560760	0.5932027709	0.4067411531
0	0.7059315949	0.0000006815	0.2940677236
0	0.0000135756	0.0541510230	0.9458354014
2	0.0485342356	0.8857916483	0.0656741161
0	0.0020810480	0.7763315447	0.2215874073
0	0.1835570643	0.0291710298	0.7872719059
0	0.0003684111	0.0051032071	0.9945283819
0	0.0442315209	0.0999307536	0.8558377255
0	0.9808234006	0.0059355200	0.0132410794
0	0.1112945626	0.8887054345	0.0000000029
0	0.1186081756	0.0089946377	0.8723971867
0	0.3602777402	0.2834282706	0.3562939892
1	0.7360243922	0.0071843007	0.2567913071
0	0.0000000003	0.5664880704	0.4335119293
0	0.8862218548	0.1135796938	0.0001984513
0	0.6616852107	0.0597063022	0.2786084872
0	0.5378125290	0.0517424750	0.4104449960
1	0.9999999810	0.0000000176	0.0000000014
0	0.3029678241	0.6968561339	0.0001760421
0	0.8963675372	0.0299277004	0.0737047624
0	0.8932686652	0.1067119957	0.0000193391
0	0.3607969459	0.2915893694	0.3476136848
0	0.2669676172	0.3408053899	0.3922269930
0	0.9134847905	0.0858151569	0.0007000526
0	0.9577264241	0.0185518295	0.0237217464
0	0.5185719190	0.0001895101	0.4812385709
1	0.0376871978	0.0693515812	0.8929612210
0	0.0001437404	0.0010332929	0.9988229668
0	0.8482874282	0.0055160302	0.1461965415
0	0.4217083713	0.3487713592	0.2295202695
0	0.0032297319	0.8209926437	0.1757776244
0	0.9995695281	0.0004278163	0.0000026556
0	0.0000000143	0.2278582706	0.7721417150
0	0.3887550398	0.6008788123	0.0103661478
0	0.0020871117	0.9966624652	0.0012504231
0	0.0000020659	0.9720263082	0.0279716260
0	0.4105145502	0.0000041007	0.5894813491
0	0.0000477998	0.7974668580	0.2024853423
0	0.0298089669	0.9701910331	0.0000000000
0	0.0000015601	0.0676739622	0.9323244777
0	0.0004103655	0.0000000004	0.9995896341
0	0.2386887729	0.1143702883	0.6469409388
0	0.6448654492	0.3544083950	0.0007261558
1	0.0000000001	0.0941304084	0.9058695915
0	0.4275547869	0.5349436268	0.0375015864
0	0.8907103320	0.0091523378	0.1001373302
0	0.0000000769	0.7624776889	0.2375222342
0	0.0037301352	0.3168856663	0.6793841984
0	0.0011692492	0.7234471148	0.2753836360
0	0.6124814984	0.1075305514	0.2799879502
0	0.0000000000	0.9999997597	0.0000002403
0	0.8211694781	0.0756523355	0.1031781864
0	0.0004412920	0.0290480877	0.9705106203
0	0.0104219136	0.0086772538	0.9809008326
0	0.8476768043	0.0021912169	0.1501319788
0	0.9996220850	0.0000010784	0.0003768366
0	0.9809550818	0.0000000000	0.0190449182
0	0.0984714864	0.8997211324	0.0018073811
0	0.9848314814	0.0014804144	0.0136881042
0	0.0131904166	0.5864661441	0.4003434393
0	0.0426523891	0.6159903598	0.3413572511
0	0.0598518202	0.5835189158	0.3566292640
0	0.3195436516	0.0887941307	0.5916622177
0	0.0004340791	0.9977164141	0.0018495068
0	0.0061162321	0.0004730044	0.9934107635
0	0.0735416360	0.1737164231	0.7527419409
0	0.4264255895	0.5268311666	0.0467432439
0	0.0000739954	0.9554485998	0.0444774048
0	0.0001498671	0.8578135930	0.1420365399
1	0.8367908302	0.1573729219	0.0058362478
0	0.0432002090	0.0029211325	0.9538786585
0	0.1099988217	0.0000000554	0.8900011229
0	0.2439827926	0.0274240375	0.7285931699
0	0.0174397479	0.9661248836	0.0164353685
0	0.0757955148	0.0000000000	0.9242044852
0	0.1029049768	0.8970950232	0.0000000000
0	0.9049388376	0.0758211341	0.0192400283
0	0.9512615142	0.0414378286	0.0073006572
1	0.0229536622	0.4558844143	0.5211619235
