0	0.7471958544	0.0414112814	0.2113928642
0	0.0439325682	0.0608520681	0.8952153637
0	0.5391794795	0.4608153790	0.0000051415
0	0.0550558785	0.6478826224	0.2970614991
0	0.9167151986	0.0036753795	0.0796094219
0	0.7814212687	0.0311188150	0.1874599163
1	0.0949605345	0.8718646941	0.0331747715
0	0.6557494163	0.3442489511	0.0000016326
1	0.1194172322	0.8805827678	0.0000000000
0	0.6070687014	0.0126579161	0.3802733824
0	0.0000026932	0.1603180195	0.8396792873
0	0.9984562680	0.0015437320	0.0000000000
0	0.0121447589	0.9878532147	0.0000020264
0	0.2148325615	0.5163218092	0.2688456293
0	0.3212306958	0.3157082132	0.3630610910
0	0.0000357075	0.0207401725	0.9792241200
1	0.1010800931	0.3456776372	0.5532422697
0	0.0000395037	0.1291379730	0.8708225232
0	0.5696367507	0.4303632054	0.0000000439
0	0.0182931611	0.7861309662	0.1955758727
0	0.5113658025	0.4885581038	0.0000760937
0	0.5502471291	0.0000001351	0.4497527358
0	0.0348803768	0.9579760182	0.0071436050
2	0.0004759084	0.9335616178	0.0659624739
1	0.9471983117	0.0484212558	0.0043804324
0	0.0130858453	0.6846913913	0.3022227634
1	0.4259221173	0.3382356912	0.2358421915
1	0.7259007431	0.2740991883	0.0000000686
0	0.9924363155	0.0075611967	0.0000024877
0	0.1518556664	0.8422937104	0.0058506232
0	0.8173876702	0.1174245598	0.0651877700
0	0.9330430238	0.0000574191	0.0668995571
0	0.0593501691	0.8247189689	0.1159308620
0	0.0028294580	0.2657571784	0.7314133636
0	0.3904456412	0.2272187128	0.3823356460
0	0.6772255217	0.2689201781	0.0538543002
0	0.8688456159	0.0038060203	0.1273483638
0	0.0649931668	0.0005341318	0.9344727015
0	0.0009245874	0.8341261904	0.1649492222
0	0.2432823672	0.7083085911	0.0484090417
0	0.4585162923	0.0064947628	0.5349889449
0	0.0034488927	0.5528194408	0.4437316666
0	0.0000141818	0.8359141118	0.1640717065
0	0.5856529178	0.4143470822	0.0000000000
0	0.6405911384	0.3246249043	0.0347839574
1	0.1015757783	0.0321908853	0.8662333364
0	0.9939263494	0.0060730776	0.0000005730
0	0.2005896042	0.0413600540	0.7580503418
1	0.0915616659	0.1252632808	0.7831750534
1	0.0005818876	0.9947723671	0.0046457453
0	0.2582715426	0.5816697821	0.1600586753
1	0.2149067300	0.7810840106	0.0040092594
0	0.5015451533	0.2199589286	0.2784959181
0	0.0054122330	0.7460208235	0.2485669435
0	0.2750873469	0.4875539104	0.2373587427
0	0.0038512442	0.9934132525	0.0027355033
0	0.1681475495	0.8318524183	0.0000000322
0	0.0090748613	0.2729359909	0.7179891478
0	0.2585525452	0.3482714832	0.3931759717
0	0.0000000018	0.9999487191	0.0000512791
0	0.9341912734	0.0278400236	0.0379687030
0	0.4002608732	0.3825938194	0.2171453073
0	0.9999999998	0.0000000002	0.0000000000
1	0.0000000472	0.8444166036	0.1555833493
0	0.4339690990	0.0025815031	0.5634493979
0	0.0000005257	0.1590779429	0.8409215314
0	0.6639661328	0.3342764354	0.0017574318
0	0.2576799248	0.4873682086	0.2549518666
0	0.2063727441	0.4402628876	0.3533643683
0	0.1613782090	0.4058713468	0.4327504442
0	0.0690933597	0.9309066403	0.0000000000
0	0.0715385654	0.9269266193	0.0015348152
0	0.0115508496	0.3225819784	0.6658671719
0	0.3982746717	0.5035458855	0.0981794429
0	0.4227141479	0.5610337065	0.0162521457
0	0.0005500913	0.7978520830	0.2015978257
0	0.2377764403	0.1440882354	0.6181353243
0	0.0947462221	0.7463585149	0.1588952631
0	0.7438700864	0.0000000198	0.2561298939
0	0.9991471821	0.0000001720	0.0008526459
0	0.5630722399	0.1764948002	0.2604329599
0	0.2799511281	0.0256943492	0.6943545227
1	0.3251547004	0.6097973140	0.0650479856
0	0.0045904402	0.1208905767	0.8745189830
0	0.6651821326	0.3186708192	0.0161470482
1	0.7618759458	0.1377472678	0.1003767864
0	0.0000010684	0.1569714976	0.8430274340
0	0.0494860967	0.8596683907	0.0908455126
0	0.9599848617	0.0105284652	0.0294866731
0	0.0000027325	0.1294587853	0.8705384822
0	0.0000000388	0.9999999481	0.0000000131
0	0.9916659424	0.0083329503	0.0000011073
1	0.0327599368	0.6729406492	0.2942994140
0	0.6693979617	0.3306005773	0.0000014610
0	0.9785887106	0.0210707087	0.0003405807
0	0.7149315099	0.2850684899	0.0000000002
0	0.8446048697	0.1095964899	0.0457986404
0	0.8408755517	0.1332776947	0.0258467536
0	0.9855630799	0.0144261484	0.0000107717
0	0.0369659482	0.3006099956	0.6624240563
