0	0.0702989268	0.9295988343	0.0001022390
0	0.0177398575	0.5193110474	0.4629490951
0	0.7202502412	0.2796410866	0.0001086723
0	0.0861468194	0.1121924797	0.8016607009
0	0.9398071496	0.0005210190	0.0596718314
0	0.3825652163	0.0015493667	0.6158854170
0	0.0555901203	0.8899597696	0.0544501101
0	0.8101562658	0.0000000095	0.1898437247
0	0.4452706425	0.0475204936	0.5072088640
0	0.7272476946	0.1330172261	0.1397350793
0	0.0010148893	0.6671553110	0.3318297997
0	0.0001677425	0.6209386760	0.3788935815
0	0.0000000004	0.2455741022	0.7544258974
0	0.1704054743	0.4906201659	0.3389743598
0	0.0000000000	0.9419324770	0.0580675230
1	0.0033423898	0.0043338897	0.9923237205
0	0.4575987756	0.3960196362	0.1463815883
0	0.0064102912	0.3092754573	0.6843142515
1	0.5986912076	0.1264151108	0.2748936816
0	0.1349351285	0.4474484636	0.4176164080
0	0.4076101590	0.0369817844	0.5554080566
0	0.4206288522	0.5156562819	0.0637148659
0	0.0228546391	0.0013462288	0.9757991321
0	0.4885118725	0.5114876319	0.0000004956
0	0.0000000854	0.9508421722	0.0491577425
0	0.7800677649	0.2199312107	0.0000010245
0	0.4531902046	0.5234098003	0.0233999951
0	0.0000000000	0.2293674384	0.7706325616
0	0.9982515130	0.0000000000	0.0017484870
1	0.8358997282	0.1634013712	0.0006989006
0	0.8591950003	0.1370446181	0.0037603816
0	0.0298127766	0.8386381449	0.1315490784
0	0.0000018716	0.3405332211	0.6594649073
0	0.3307524161	0.0000000061	0.6692475778
0	0.9877648493	0.0000178903	0.0122172603
0	0.9734187011	0.0000971728	0.0264841261
0	0.9360113406	0.0188525977	0.0451360617
0	0.0000000002	0.9073614994	0.0926385004
0	0.3580261288	0.6415931471	0.0003807241
0	0.0734826033	0.4255950373	0.5009223595
0	0.8484296810	0.1515702426	0.0000000764
0	0.4078290495	0.0144337033	0.5777372472
0	0.4119822886	0.0087935828	0.5792241286
0	0.2954670681	0.0011837540	0.7033491779
1	0.9342027905	0.0045601843	0.0612370253
0	0.3247614399	0.5567554622	0.1184830979
0	0.0194238600	0.1673202897	0.8132558503
2	0.1678329182	0.8314098293	0.0007572525
0	0.3815044149	0.6057740104	0.0127215746
0	0.9917300038	0.0000000190	0.0082699772
0	0.1530286773	0.8349188654	0.0120524573
0	0.0875542914	0.2007764999	0.7116692087
0	0.9910836000	0.0027922946	0.0061241054
1	0.7040250279	0.2275518150	0.0684231571
0	0.1772637802	0.2137291387	0.6090070811
0	0.6880668697	0.0117788733	0.3001542570
0	0.4318337321	0.0007225507	0.5674437172
0	0.3320147770	0.0001597765	0.6678254464
0	0.5931814251	0.1308350439	0.2759835311
0	0.0677520744	0.0130850906	0.9191628350
0	0.5350630358	0.4284272671	0.0365096970
0	0.0000000001	0.2178517128	0.7821482871
0	0.0033676350	0.0300429065	0.9665894585
1	0.0450627672	0.1525916190	0.8023456138
0	0.6120348397	0.0017703558	0.3861948046
1	0.9795272029	0.0204727971	0.0000000000
0	0.1662486853	0.8246767621	0.0090745526
0	0.2909890318	0.6764105179	0.0326004503
0	0.8455896578	0.0257443884	0.1286659538
0	0.0524177195	0.0548208949	0.8927613856
0	0.2461316030	0.7536199716	0.0002484255
0	0.0000000000	1.0000000000	0.0000000000
0	0.0103996910	0.0455358093	0.9440644997
0	0.0000000000	0.4689418655	0.5310581345
0	0.2177321801	0.0610450449	0.7212227749
1	0.1708888917	0.8284328521	0.0006782562
0	0.0000027310	0.4484916799	0.5515055891
0	0.0009880902	0.9990107970	0.0000011128
0	0.1324856483	0.8674655179	0.0000488338
0	0.0122412669	0.9873798478	0.0003788853
0	0.1473284453	0.8498933334	0.0027782213
0	0.2951866330	0.6133517561	0.0914616109
0	0.2455919726	0.6548740886	0.0995339388
0	0.0973063871	0.9026936129	0.0000000000
0	0.8405696991	0.1307775646	0.0286527364
0	0.0318245799	0.9680566072	0.0001188129
0	0.8642319251	0.0000000000	0.1357680749
0	0.9515025912	0.0358570410	0.0126403678
0	0.0068332936	0.4888517461	0.5043149604
0	0.0567581327	0.9429708165	0.0002710508
0	0.7654039709	0.0348161203	0.1997799087
0	0.6981013097	0.0000010872	0.3018976031
0	0.1179966975	0.2122936538	0.6697096487
0	0.5776325835	0.1028739163	0.3194935002
0	0.1003553434	0.5883336735	0.3113109832
0	0.1887178703	0.6759726101	0.1353095196
0	0.0534811641	0.7596746683	0.1868441676
0	0.0006646757	0.0000050236	0.9993303006
0	0.0009011964	0.9990988036	0.0000000000
0	0.0207981850	0.6875994635	0.2916023516
