0	0.5940900726	0.1534198706	0.2524900568
1	0.1288834921	0.8649396053	0.0061769026
0	0.0207440684	0.1704055126	0.8088504190
0	0.9012279040	0.0049260509	0.0938460450
2	0.1853078745	0.0872493406	0.7274427849
0	0.3258228078	0.6693475822	0.0048296100
0	0.3994428928	0.1891332951	0.4114238121
0	0.0443721534	0.1407693176	0.8148585290
0	0.3144802747	0.6539160331	0.0316036923
0	0.0123990875	0.0484801423	0.9391207702
0	0.0000404092	0.3369912307	0.6629683600
0	0.0000129732	0.8883894511	0.1115975757
0	0.0131159879	0.0044112085	0.9824728036
0	0.2611418926	0.0395643838	0.6992937236
0	0.8493613785	0.1410947540	0.0095438675
0	0.0156633733	0.1802496028	0.8040870239
0	0.7746738432	0.1404045965	0.0849215602
0	0.3682114948	0.5627914576	0.0689970476
0	0.4339274722	0.0000244875	0.5660480403
0	0.0075748161	0.9924182658	0.0000069182
0	0.1439778287	0.0445731246	0.8114490467
0	0.0705073449	0.0465603796	0.8829322756
0	0.6286717570	0.2131455459	0.1581826971
0	0.2493895488	0.7175475987	0.0330628524
0	0.2925620518	0.1176200865	0.5898178617
0	0.0034213490	0.9957821594	0.0007964915
0	0.3232668977	0.6763015606	0.0004315417
0	0.3068969151	0.0005371895	0.6925658955
0	0.1290330005	0.0005307597	0.8704362398
0	0.5674872995	0.2068342413	0.2256784592
0	0.8658086901	0.1046261185	0.0295651914
0	0.3352217343	0.1503995094	0.5143787563
0	0.0003068808	0.0000865630	0.9996065562
0	0.4018999055	0.1864844296	0.4116156649
0	0.0571954839	0.9378518839	0.0049526322
0	0.3822712581	0.0001582693	0.6175704726
0	0.0087025137	0.0332069916	0.9580904947
0	0.1139401987	0.0637309545	0.8223288468
0	0.0127962502	0.0018518481	0.9853519018
0	0.3885659580	0.4130334127	0.1984006293
1	0.8756514108	0.1216931086	0.0026554806
1	0.0000374812	0.9377476711	0.0622148477
0	0.0809125337	0.7856402928	0.1334471735
1	0.4616104221	0.3121560737	0.2262335041
0	0.0857721597	0.7631124440	0.1511153963
0	0.0000502601	0.9943355145	0.0056142254
0	0.8275407426	0.0254954071	0.1469638503
0	0.9241072973	0.0004120967	0.0754806061
1	0.4669156087	0.5290778068	0.0040065846
0	0.3125944284	0.5419344699	0.1454711017
0	0.7115236592	0.1113890805	0.1770872603
0	0.1539724718	0.0004375752	0.8455899530
0	0.0972568092	0.6796770042	0.2230661866
1	0.1517121445	0.1291608880	0.7191269674
0	0.0252799417	0.0000243216	0.9746957367
0	0.6320392297	0.0049355846	0.3630251857
1	0.1250126444	0.5880788805	0.2869084751
0	0.8881464942	0.0077981115	0.1040553944
0	0.1647137993	0.4421521539	0.3931340468
0	0.0000371608	0.0178352047	0.9821276345
0	0.3596657004	0.0044431862	0.6358911134
0	0.0000000000	0.0078580800	0.9921419200
0	0.3935639706	0.0025281212	0.6039079082
0	0.3372583397	0.6520559551	0.0106857052
0	0.2971842313	0.4241517584	0.2786640102
0	0.1385149279	0.6956965179	0.1657885543
0	0.6481207079	0.3518783849	0.0000009072
1	0.0000000000	0.9978720334	0.0021279666
0	0.0000000000	0.3170800106	0.6829199893
0	0.0131115152	0.9834651600	0.0034233249
0	0.6719413330	0.0000063257	0.3280523412
0	0.0074150087	0.6656421134	0.3269428779
1	0.9627343156	0.0000000000	0.0372656844
1	0.0997295869	0.8918345118	0.0084359013
0	0.0977181358	0.5126147186	0.3896671456
0	0.1843654908	0.0009036722	0.8147308370
0	0.5162292030	0.3886123973	0.0951583997
0	0.2210113483	0.0819127565	0.6970758952
0	0.0850394347	0.8373740337	0.0775865316
0	0.0012010543	0.5971205100	0.4016784356
0	0.5413084899	0.0431796925	0.4155118176
0	0.1329162166	0.0001312860	0.8669524974
0	0.0000000594	0.0089664903	0.9910334504
0	0.0338844758	0.3284668890	0.6376486351
0	0.3199203749	0.5963207786	0.0837588465
0	0.0162438911	0.3186275041	0.6651286048
0	0.0789141526	0.4049441508	0.5161416966
0	0.8883137684	0.0024426279	0.1092436036
0	0.2013061992	0.5239760227	0.2747177781
0	0.6486687180	0.3513280342	0.0000032478
0	0.0056926891	0.7218053411	0.2725019698
0	0.9786745435	0.0113872584	0.0099381980
0	0.0000178437	0.0524635836	0.9475185728
1	0.8282305422	0.0327408445	0.1390286134
0	0.0405860535	0.0417289072	0.9176850394
0	0.6436553877	0.1220628810	0.2342817314
1	0.0147829001	0.2640385172	0.7211785828
0	0.0000000000	0.8627893350	0.1372106650
0	0.0000000000	0.0062438825	0.9937561175
0	0.0000178405	0.9999746390	0.0000075205
