0	0.2773003102	0.0992874790	0.0000103475	0.0909846416	0.5324172218
0	0.0265720944	0.7215557055	0.1748379789	0.0753040184	0.0017302027
0	0.8890646648	0.0711385281	0.0000000000	0.0007475525	0.0390492546
0	0.7923259520	0.0494655330	0.0000000000	0.0705068701	0.0877016448
0	0.0001731274	0.0137276267	0.0055548063	0.0222401153	0.9583043242
1	0.2108035141	0.4865844868	0.0644889456	0.2381072907	0.0000157628
0	0.0749749461	0.1002580094	0.8217282354	0.0025805735	0.0004582356
0	0.1078771157	0.0000014548	0.0717751043	0.6414388492	0.1789074760
0	0.0612570273	0.0295031447	0.4054945744	0.4493249079	0.0544203457
0	0.1474094880	0.4441123973	0.1297159807	0.1864762266	0.0922859074
0	0.2766025213	0.0008060870	0.1041427674	0.5342820931	0.0841665312
0	0.1595518210	0.0334660041	0.2226209837	0.0000000025	0.5843611887
0	0.3202852207	0.0590397691	0.4748723635	0.0287414343	0.1170612123
0	0.0001714235	0.4298248257	0.0006998628	0.0009711941	0.5683326939
0	0.3951655739	0.0484788510	0.0096765713	0.0676665997	0.4790124041
0	0.0124270637	0.3235846372	0.5093529292	0.0000000000	0.1546353699
0	0.4789175070	0.4107378414	0.0002074706	0.0000064155	0.1101307655
0	0.6981121640	0.0059978589	0.0691670959	0.0289955637	0.1977273177
0	0.6282936367	0.2536854101	0.0010110239	0.0366486128	0.0803613166
2	0.0131199305	0.0583200728	0.7214085925	0.0001246779	0.2070267263
0	0.0656568151	0.3376608690	0.1062193560	0.0000000015	0.4904629583
0	0.0201357213	0.0000000000	0.1578701351	0.7974028961	0.0245912475
0	0.0081110302	0.8800336759	0.0006754191	0.1104352111	0.0007446637
0	0.1767085654	0.6827102484	0.0559167527	0.0619666071	0.0226978264
0	0.0356639443	0.5832775049	0.0977390795	0.0483822258	0.2349372455
0	0.3127269460	0.0074226495	0.0086947938	0.0356403168	0.6355152938
0	0.3928582199	0.0080858740	0.0104640568	0.5885881912	0.0000036581
0	0.0449966392	0.6367530816	0.0000821041	0.0002448296	0.3179233455
0	0.3428549762	0.0000078978	0.0024446966	0.3747781095	0.2799143198
0	0.5131576427	0.4223551405	0.0173659000	0.0174037067	0.0297176102
0	0.1292782212	0.6084702798	0.0074922966	0.0786727893	0.1760864131
0	0.1079024816	0.2616950143	0.0000052499	0.6212789429	0.0091183114
1	0.0020435043	0.0011793591	0.0261461809	0.0058258858	0.9648050700
0	0.0422601026	0.9121853527	0.0000000073	0.0455485451	0.0000059924
0	0.7723303769	0.0000000011	0.0203962280	0.2034224816	0.0038509125
0	0.0384933906	0.8517457537	0.0600955004	0.0161129282	0.0335524272
0	0.0031691882	0.0000292739	0.3893725010	0.0001942974	0.6072347394
0	0.3570326307	0.0773254733	0.5656411360	0.0000007600	0.0000000000
0	0.0005162865	0.0853655745	0.2509200829	0.5101323205	0.1530657356
0	0.3356308838	0.0028278170	0.0310774946	0.3306030310	0.2998607736
0	0.2497644310	0.1032755354	0.5067658428	0.0431258468	0.0970683440
0	0.7789299682	0.2097495434	0.0000014544	0.0099716175	0.0013474164
0	0.4909325271	0.5077955500	0.0000068232	0.0003490859	0.0009160138
0	0.0167114921	0.0111019868	0.9688844221	0.0001245059	0.0031775931
1	0.1597409974	0.0170330779	0.0064614851	0.2395990527	0.5771653869
1	0.0087573089	0.0469094167	0.1065717562	0.0726902898	0.7650712284
0	0.2633625912	0.0046817259	0.1830928674	0.5488628148	0.0000000007
0	0.0174161897	0.1553880783	0.0026091211	0.8245694887	0.0000171222
0	0.1195389071	0.3274005123	0.4332627071	0.1104078162	0.0093900574
0	0.6871356044	0.1809216080	0.1236783299	0.0070876663	0.0011767914
0	0.0000020816	0.5038133441	0.0601307864	0.4229544318	0.0130993560
0	0.0007042896	0.2808146408	0.2449730751	0.4282728993	0.0452350951
0	0.0060630631	0.0032795075	0.0258386837	0.5138907203	0.4509280254
0	0.0043561632	0.0191092382	0.5010128869	0.3441597083	0.1313620035
0	0.2636298008	0.1003182264	0.0000231866	0.1578343057	0.4781944805
0	0.0010028677	0.6517602906	0.0033711587	0.2247799729	0.1190857102
0	0.1956085019	0.6158892877	0.0034568697	0.0530854267	0.1319599140
0	0.0587707872	0.3357671858	0.3791189314	0.0869697648	0.1393733307
0	0.0501743938	0.1135923649	0.6821080969	0.0674678439	0.0866573005
0	0.0808940540	0.0186882191	0.4923637205	0.3086901217	0.0993638846
0	0.0420686869	0.0762989068	0.1076087823	0.4760484132	0.2979752107
0	0.0727001424	0.0443448940	0.0194185759	0.8635363870	0.0000000007
0	0.3357237473	0.2968449253	0.3654192735	0.0020120431	0.0000000109
0	0.0930600364	0.0831894538	0.3192852891	0.3361472344	0.1683179863
0	0.0249918405	0.5260526444	0.3876464393	0.0613090758	0.0000000000
0	0.0995517254	0.0160231443	0.1451767259	0.6852248875	0.0540235169
0	0.0002778347	0.6728613488	0.2378939648	0.0889645899	0.0000022618
0	0.0000000000	0.0047742598	0.2789359458	0.0650962030	0.6511935914
0	0.0058476013	0.9729609181	0.0010482529	0.0059113715	0.0142318563
0	0.2363513630	0.1907711660	0.0779478550	0.1142794403	0.3806501756
0	0.0000911536	0.0885216541	0.3540986737	0.4788070371	0.0784814814
1	0.1234290585	0.0000000000	0.2860997664	0.4034517680	0.1870194070
0	0.3209911814	0.2599646865	0.2297640916	0.0010261213	0.1882539192
0	0.4279961309	0.1531119684	0.0081687917	0.3575329492	0.0531901597
1	0.1417387191	0.0081360220	0.1107796203	0.3379830089	0.4013626299
0	0.0000000001	0.0005761124	0.9526283899	0.0000052837	0.0467902139
0	0.2757670199	0.0000003168	0.6490332512	0.0423473135	0.0328520987
1	0.2341864138	0.3147984944	0.0472973497	0.3722456670	0.0314720751
0	0.1972839048	0.0512760991	0.0007187832	0.1528417427	0.5978794702
1	0.0000561628	0.9922165971	0.0074100342	0.0000003842	0.0003168217
0	0.0967639252	0.0059857691	0.7920035645	0.0922408907	0.0130058505
0	0.0724034600	0.0261719070	0.1276612570	0.4527977523	0.3209656238
0	0.0180721754	0.1811990803	0.0000031694	0.3853503530	0.4153752219
0	0.0000000000	0.0085986021	0.0001744131	0.0001750668	0.9910519180
0	0.0632364049	0.4185507531	0.4664857539	0.0517270495	0.0000000386
0	0.3497144745	0.0443743130	0.5987904969	0.0071117184	0.0000089973
0	0.0886701969	0.2216372453	0.1943124819	0.2862086764	0.2091713996
0	0.6499566979	0.0055751806	0.1348430636	0.2087520137	0.0008730442
1	0.1340898102	0.0692848790	0.7276585607	0.0688522953	0.0001144548
0	0.0000000000	0.0485252668	0.1727371675	0.1902338545	0.5885037112
0	0.4465362245	0.4544673562	0.0486693665	0.0328648576	0.0174621951
0	0.0438687943	0.2490713900	0.0042371579	0.0802739543	0.6225487036
0	0.2010575785	0.0223661341	0.0173845939	0.6324872750	0.1267044186
0	0.6430288362	0.1944318592	0.0000001556	0.0194785042	0.1430606448
0	0.0206969840	0.0031101392	0.6106083428	0.3612371825	0.0043473515
2	0.0018074737	0.4765899527	0.3247078664	0.1968947067	0.0000000005
0	0.1934435186	0.1051876743	0.1940335726	0.4382944936	0.0690407409
0	0.0506654277	0.7761241167	0.1158450775	0.0543810948	0.0029842834
1	0.6770182972	0.0000122067	0.0672647796	0.0000743619	0.2556303547
1	0.3050273501	0.0549341111	0.2428879746	0.2351968666	0.1619536975
