0	0.0000030870	0.1803103073	0.0545195714	0.2050486467	0.5601183875
1	0.0275996674	0.0401097018	0.3172889762	0.6143438375	0.0006578170
0	0.1070555585	0.0401254174	0.0613620473	0.3579326061	0.4335243706
0	0.0020660117	0.3203529169	0.0060014355	0.1141124779	0.5574671580
0	0.7772924988	0.0052567898	0.0182052890	0.0064081958	0.1928372267
0	0.3218189003	0.0000178966	0.0059658229	0.6353779964	0.0368193838
0	0.0330583794	0.0097603839	0.5338445105	0.0793090879	0.3440276383
0	0.3533397027	0.5548937746	0.0840024687	0.0000230751	0.0077409790
0	0.2527173400	0.0000155159	0.6697867697	0.0010018752	0.0764784991
0	0.0003365024	0.0000535591	0.8434499531	0.0000159732	0.1561440122
0	0.0469363388	0.0223850763	0.2755633506	0.1546387531	0.5004764812
0	0.0622902612	0.0090608293	0.0467535584	0.7483508240	0.1335445271
0	0.5339201003	0.0060067452	0.4600711745	0.0000019800	0.0000000000
0	0.0056974385	0.0321739444	0.3999522366	0.3990332686	0.1631431118
0	0.0305869300	0.1250862244	0.2399786612	0.5820809773	0.0222672071
0	0.4399608335	0.1508051296	0.3875913389	0.0001033074	0.0215393906
0	0.0216744835	0.4923762323	0.0617470511	0.3704780971	0.0537241360
0	0.0390200467	0.7667006938	0.1783633215	0.0008454626	0.0150704754
1	0.0558178081	0.0142931232	0.0016403099	0.8796525962	0.0485961626
0	0.0014745381	0.0000032569	0.6737701801	0.0168586884	0.3078933365
0	0.0729599652	0.0682174975	0.7531321885	0.0296631028	0.0760272460
0	0.0023298238	0.1592593942	0.7309157042	0.0527176768	0.0547774010
0	0.2109376687	0.3607307872	0.0805549678	0.0057414982	0.3420350781
1	0.0564362008	0.0029501463	0.6554219633	0.2849603760	0.0002313136
0	0.0000006008	0.8414296468	0.0000594279	0.1548327890	0.0036775356
0	0.4414768358	0.0029194318	0.0197316617	0.2224204301	0.3134516405
0	0.0447948901	0.0448925109	0.0070884977	0.0582917384	0.8449323628
0	0.7774446188	0.0006073200	0.0000000995	0.0886583528	0.1332896088
0	0.0095340346	0.0014767866	0.0351310875	0.4429187475	0.5109393440
0	0.0316237567	0.0173143882	0.2282361867	0.4766053761	0.2462202923
0	0.0351865072	0.0110335805	0.6485098598	0.2054625356	0.0998075168
0	0.0059949975	0.2915047969	0.0404753605	0.6397362906	0.0222885546
0	0.3311521133	0.0000004665	0.2077583833	0.0000000778	0.4610889592
0	0.0377328163	0.1292326455	0.0055822859	0.8049268649	0.0225253873
1	0.0058461043	0.0046790208	0.0000000000	0.3432917585	0.6461831164
0	0.3350610099	0.0643538831	0.2958642879	0.2873515007	0.0173693183
0	0.0014288303	0.3071395167	0.5108071325	0.1296151807	0.0510093398
0	0.1529573030	0.0000000044	0.0052433065	0.3077638492	0.5340355371
0	0.0179056841	0.3355313438	0.0648029168	0.5795750079	0.0021850474
0	0.1723111895	0.2190417349	0.3789562069	0.0687463149	0.1609445538
0	0.0035166258	0.0656907431	0.6179532478	0.3036833405	0.0091560428
0	0.0014215834	0.0000098909	0.0069503736	0.9914321113	0.0001860408
0	0.0670864013	0.8411040197	0.0375873302	0.0541528680	0.0000693808
1	0.2401280619	0.1687436129	0.0061930898	0.0000358002	0.5848994352
0	0.0036272991	0.1815315955	0.4529150624	0.3593387261	0.0025873169
0	0.1536268523	0.1013170016	0.1889273226	0.2028338735	0.3532949499
0	0.2322480089	0.0510355671	0.1155051159	0.0002930734	0.6009182347
2	0.0306174922	0.5504377600	0.3212002615	0.0623413014	0.0354031850
0	0.2196142215	0.1993195829	0.0898830509	0.3106429358	0.1805402088
1	0.0000738059	0.0444746843	0.4034717844	0.1675796024	0.3844001229
0	0.0071844495	0.0034889538	0.0170847321	0.9257736490	0.0464682156
0	0.3561275214	0.0136400811	0.2753134508	0.3128712816	0.0420476651
0	0.4466371898	0.0254471518	0.0689470439	0.4589017964	0.0000668181
0	0.0056905401	0.0539718791	0.4223106735	0.0070326037	0.5109943035
0	0.0017377109	0.0000156477	0.0000171772	0.0200314549	0.9781980093
0	0.6401265655	0.0007415760	0.2134480891	0.0543846666	0.0912991029
0	0.0528485948	0.1445859692	0.6265214369	0.0139835425	0.1620604566
0	0.1933284736	0.6433216193	0.0584250053	0.0422288577	0.0626960441
0	0.0015307563	0.0036604843	0.0065049457	0.6671586899	0.3211451237
0	0.0000803933	0.2915447221	0.0024843985	0.6064650232	0.0994254629
0	0.1181170584	0.2874653076	0.0830017160	0.1819987313	0.3294171868
0	0.0084394912	0.4376955950	0.0280471498	0.5230978831	0.0027198809
0	0.0000469910	0.5023126969	0.4933174032	0.0006550045	0.0036679044
0	0.0500865515	0.6933726906	0.1021791619	0.1217790470	0.0325825489
0	0.0080569748	0.0232784577	0.0476725750	0.2986778953	0.6223140972
0	0.0432720330	0.0018544320	0.0000601298	0.0001374974	0.9546759078
0	0.3277016661	0.0000000000	0.2916774666	0.0434474299	0.3371734374
0	0.0000016231	0.4212884020	0.3743221310	0.1886490694	0.0157387745
0	0.2537554682	0.4721383336	0.1373569225	0.1367369244	0.0000123512
0	0.0731237130	0.6220398978	0.0011974259	0.0000000000	0.3036389633
0	0.0092462083	0.0000000001	0.3506643266	0.6187493261	0.0213401390
1	0.0132996949	0.4274128992	0.5524901583	0.0001106079	0.0066866397
0	0.0429673129	0.3797945319	0.1813025394	0.3155475515	0.0803880643
0	0.0208201974	0.1023216540	0.0814379328	0.6838311915	0.1115890243
0	0.1051060121	0.0189566480	0.3941614736	0.0000051550	0.4817707114
1	0.0712545990	0.0065426533	0.0036912650	0.2520204082	0.6664910745
0	0.2639015864	0.0418342826	0.1418828071	0.5250892373	0.0272920866
0	0.3119766180	0.0000000000	0.0288648639	0.6591276437	0.0000308744
0	0.0792003179	0.4731857232	0.1293986797	0.0057502452	0.3124650341
0	0.3707429330	0.2394433849	0.0648732784	0.2310376753	0.0939027284
0	0.2883932708	0.0000003054	0.0009024839	0.6987862985	0.0119176414
0	0.1990495078	0.0004465025	0.0843154487	0.7161885358	0.0000000051
0	0.4871063050	0.1232461026	0.0204728015	0.3644435515	0.0047312394
0	0.7043746048	0.1214178200	0.0202295634	0.1534458906	0.0005321212
0	0.5893201520	0.0265443937	0.3209333860	0.0000000001	0.0632020682
0	0.3279496103	0.0000000001	0.4843967767	0.1291646888	0.0584889241
0	0.4888569352	0.0000048853	0.0000082100	0.2550114647	0.2561185048
1	0.2465768753	0.3227133014	0.0083871614	0.0000000000	0.4223226619
0	0.3354003797	0.6268487894	0.0005927382	0.0361388542	0.0010192384
0	0.0959502280	0.1766696795	0.0003323384	0.5285023318	0.1985454222
0	0.0009438538	0.0000000000	0.0077709373	0.0945665597	0.8967186492
0	0.0000502401	0.0678573613	0.0702076445	0.0833985727	0.7784861814
0	0.1866716678	0.7176368853	0.0000000000	0.0120053120	0.0836861349
0	0.0419420346	0.0170540849	0.0000000125	0.9410038679	0.0000000000
0	0.0000034027	0.3171465975	0.4037666918	0.2032332607	0.0758500473
0	0.5882877162	0.3700993024	0.0000000138	0.0409185188	0.0006944488
0	0.0649877576	0.0236454655	0.1873901445	0.6856144102	0.0383622221
0	0.2628370358	0.5000433510	0.0012662898	0.0326495414	0.2032037820
0	0.0111671983	0.0009614454	0.9643635747	0.0215990161	0.0019087655
0	0.7627855261	0.0523136681	0.0055282519	0.1003359870	0.0790365670
