0	0.7943585676	0.0000000000	0.1203243021	0.0000914124	0.0852257179
0	0.0000000124	0.5841191827	0.0000748808	0.4096767201	0.0061292041
0	0.0000031059	0.9030329665	0.0959898572	0.0008582318	0.0001158386
0	0.0000000000	0.0007788294	0.0950668820	0.8390786874	0.0650756012
1	0.0045439457	0.0762859095	0.0000026694	0.2708251220	0.6483423534
0	0.8700838967	0.0248021446	0.0279758670	0.0025612772	0.0745768145
0	0.6518283621	0.0897366060	0.0178687300	0.2021645262	0.0384017756
0	0.0006728301	0.1774496891	0.0300688780	0.0081225526	0.7836860502
1	0.0089173656	0.0004002211	0.0000000000	0.7145132650	0.2761691483
0	0.1441977888	0.0062750887	0.0000002051	0.1146908715	0.7348360459
0	0.0115523986	0.5765327548	0.4002535776	0.0000277261	0.0116335429
0	0.0041956009	0.8573628286	0.1287172412	0.0002238764	0.0095004529
0	0.0494139026	0.1456450406	0.0000000000	0.4626678556	0.3422732012
0	0.0301679537	0.8813755056	0.0022416293	0.0862149114	0.0000000000
0	0.0028458859	0.0911299377	0.2761581719	0.0793166856	0.5505493189
0	0.0006969970	0.0265338399	0.9015431615	0.0000515447	0.0711744569
0	0.0737320435	0.0053018178	0.7185477841	0.1199455517	0.0824728029
0	0.0006231737	0.4815345582	0.0922302044	0.3867169825	0.0388950812
0	0.0000492379	0.0213935801	0.0003223496	0.8442577121	0.1339771202
0	0.0276691042	0.0713885686	0.0227189419	0.0006843034	0.8775390819
0	0.8911269461	0.1023460503	0.0000000001	0.0023199545	0.0042070490
0	0.0846560138	0.0136880182	0.2738035828	0.0132719440	0.6145804412
0	0.1027241913	0.2052409385	0.0000000000	0.1944510103	0.4975838598
0	0.0000032577	0.9082597462	0.0031958042	0.0864705179	0.0020706739
0	0.0018434512	0.1870944412	0.5879175068	0.1723721408	0.0507724599
0	0.0000068468	0.4483775364	0.2163003172	0.1687297502	0.1665855494
0	0.0175940093	0.0052605703	0.8623431932	0.0006203823	0.1141818449
0	0.0135757381	0.0000890649	0.9862816189	0.0000247713	0.0000288068
0	0.0629044581	0.0584049124	0.0000000000	0.0007593747	0.8779312547
0	0.0468504262	0.0069627026	0.0487548609	0.8974319875	0.0000000229
0	0.0032851367	0.1089423841	0.7088278966	0.0876495596	0.0912950231
0	0.0123309368	0.2278283010	0.1726284357	0.5534568386	0.0337554878
0	0.3654037063	0.2577448749	0.0953889303	0.1445320708	0.1369304178
0	0.0000000040	0.0548991653	0.1950913124	0.7500095183	0.0000000000
0	0.7480372072	0.2334822991	0.0069538794	0.0094989635	0.0020276509
0	0.1104445666	0.6514411813	0.0003673745	0.2240796919	0.0136671857
0	0.0275780139	0.4098143420	0.0477363095	0.1979246566	0.3169466780
0	0.1126348031	0.0595828513	0.0178111364	0.7862257816	0.0237454277
0	0.0820915242	0.5378921004	0.2541993944	0.0464253907	0.0793915903
1	0.1409237249	0.0001917233	0.4778614901	0.0802672051	0.3007558566
0	0.4031292218	0.0522452033	0.1747585220	0.2101107203	0.1597563326
0	0.5591716373	0.0136610967	0.0009704725	0.0929812532	0.3332155403
0	0.5419082016	0.1071032803	0.0479319428	0.2054772635	0.0975793118
0	0.5525758794	0.0000002596	0.4340734586	0.0043121271	0.0090382753
0	0.0071435550	0.1174645084	0.1787800780	0.1517483893	0.5448634693
0	0.6890796346	0.0739699280	0.0001589605	0.0824836676	0.1543078093
0	0.4163653889	0.0403350192	0.4896546027	0.0483740241	0.0052709651
0	0.0452057874	0.7257489391	0.0911791692	0.1340499995	0.0038161048
0	0.0533363433	0.5891411596	0.3351097130	0.0220411823	0.0003716019
0	0.0011920788	0.0020868183	0.5489074642	0.4438136487	0.0039999900
2	0.0000000002	0.0519227335	0.3737635165	0.4033290461	0.1709847037
0	0.1023304074	0.5334638813	0.1933666685	0.1705511140	0.0002879288
0	0.3581360435	0.0769958719	0.4459771102	0.0314609819	0.0874299925
0	0.6292605317	0.1158310240	0.0001262171	0.1464631814	0.1083190457
0	0.7722655048	0.1366515831	0.0001336794	0.0800592155	0.0108900172
0	0.5236748717	0.0000039428	0.0000000667	0.4568842223	0.0194368965
0	0.0291976079	0.0615459400	0.8228834058	0.0018234075	0.0845496387
0	0.0676196500	0.0102570539	0.6636674122	0.2103929332	0.0480629508
0	0.1085351710	0.6970249249	0.0487927642	0.0127350534	0.1329120865
0	0.0228461369	0.0002527061	0.0004501936	0.2864765226	0.6899744408
0	0.8059465179	0.0025697065	0.0003451600	0.0626346831	0.1285039325
0	0.0000074234	0.0275747614	0.0333747482	0.0018171542	0.9372259128
0	0.0000130454	0.9836614409	0.0159640086	0.0003266922	0.0000348130
0	0.0337426992	0.0003075965	0.8243413941	0.1415097638	0.0000985464
0	0.0564854905	0.4594505226	0.0480982330	0.1648466867	0.2711190671
0	0.6206543365	0.0036179764	0.1212534187	0.2111063726	0.0433678958
0	0.0130089745	0.0009335288	0.0000206283	0.8412828128	0.1447540556
0	0.1204504382	0.4966255230	0.1660621203	0.0450345264	0.1718273921
0	0.0430959920	0.5052750171	0.1463067392	0.0000001283	0.3053221233
0	0.4894586415	0.0461825851	0.0010995040	0.3221498441	0.1411094254
0	0.1082572350	0.0000000000	0.2860426175	0.3949231127	0.2107770348
0	0.0894757760	0.1511241823	0.0716211055	0.3574040795	0.3303748567
0	0.0262353754	0.0349648949	0.6640034032	0.0090642623	0.2657320641
0	0.0724862135	0.4419578108	0.0055505026	0.0107305458	0.4692749273
0	0.0181117447	0.0399222111	0.7384393219	0.0073046099	0.1962221123
0	0.3062767757	0.5330560189	0.0000202256	0.1231736442	0.0374733356
0	0.0000086192	0.7633907885	0.0253000291	0.0142331112	0.1970674521
0	0.0120696053	0.1985036660	0.0048902368	0.0019424786	0.7825940133
0	0.0034212188	0.1363629659	0.1735737547	0.6717110335	0.0149310271
0	0.5196063142	0.1173964069	0.0617592746	0.2422087208	0.0590292834
0	0.0312770327	0.0112223637	0.0023468461	0.9551334463	0.0000203112
0	0.0373183794	0.3038947709	0.0009134222	0.6444474397	0.0134259879
0	0.0265863487	0.0376614517	0.4751462478	0.0948538628	0.3657520889
0	0.1609258926	0.2916967994	0.1529263873	0.3924610097	0.0019899109
0	0.1105435058	0.2276616009	0.4932892361	0.0689842812	0.0995213759
1	0.2865359140	0.4584803127	0.0001590017	0.1053000081	0.1495247635
0	0.0670085741	0.0416969641	0.0000366903	0.5822067193	0.3090510522
0	0.0872138982	0.7228083892	0.0894465868	0.0029147858	0.0976163401
1	0.4117712500	0.0335627845	0.0099913789	0.0992032980	0.4454712886
0	0.3149868708	0.0358715165	0.0556343097	0.0000000000	0.5935073031
0	0.1608268116	0.0070027185	0.5410214335	0.2856056720	0.0055433644
0	0.7836423156	0.1582666192	0.0000542034	0.0236400903	0.0343967715
0	0.0738601374	0.0292336820	0.1025414579	0.5273793252	0.2669853974
0	0.0427487351	0.2542197945	0.1008471891	0.4391063709	0.1630779103
0	0.0980747652	0.2234953404	0.2011260394	0.4440479799	0.0332558751
0	0.3203021236	0.6076522635	0.0246273589	0.0000002530	0.0474180011
0	0.0076985372	0.0037406629	0.0541466429	0.1264153718	0.8079987851
0	0.5040614886	0.0000683797	0.1482345211	0.2935871484	0.0540484622
0	0.6098607789	0.0279818739	0.0857936203	0.2754153600	0.0009483668
1	0.0448750054	0.3374279527	0.4681900097	0.1246081947	0.0248988374
