1	0.1106230974	0.0384720765	0.1442219463	0.6054973415	0.1011855383
0	0.5517085593	0.0000000523	0.2558436931	0.0178957915	0.1745519037
0	0.0098368886	0.1042631663	0.4113562473	0.0147166459	0.4598270519
0	0.1104057140	0.6652836948	0.0388949485	0.1492994881	0.0361161547
1	0.1369689423	0.0772261634	0.2015726543	0.5564533027	0.0277789373
1	0.4437547056	0.3414527475	0.2141564565	0.0005229558	0.0001131346
0	0.1250763045	0.1676628526	0.0574251520	0.4108944934	0.2389411975
0	0.0136995950	0.8331761592	0.1185827373	0.0000000000	0.0345415085
0	0.0109800454	0.0102528841	0.9405574538	0.0036350937	0.0345745230
0	0.0018928542	0.0010328492	0.5796289999	0.0001235624	0.4173217343
1	0.8586932737	0.0003993022	0.0634697637	0.0313407063	0.0460969541
0	0.0001291986	0.0017023911	0.0012056365	0.7881695964	0.2087931774
0	0.0263755912	0.5384226522	0.1408505922	0.0000176424	0.2943335220
0	0.0000000000	0.1712517275	0.0790271467	0.6198962039	0.1298249218
0	0.0000000000	0.9481685128	0.0000056685	0.0212256906	0.0306001281
0	0.0003486357	0.0102379935	0.1684539602	0.2209355643	0.6000238462
0	0.0056063457	0.3380888347	0.2212693844	0.3485205022	0.0865149330
0	0.0081880903	0.0000000000	0.5371881850	0.4113315572	0.0432921675
1	0.3824822539	0.0589387304	0.0175093619	0.0000037054	0.5410659484
0	0.4883567137	0.0634749380	0.0430281230	0.0771285681	0.3280116571
0	0.0313392948	0.1943645801	0.7695843560	0.0042969768	0.0004147922
0	0.6562629522	0.0899434119	0.1649573915	0.0000013527	0.0888348918
0	0.8068737560	0.0363475464	0.1514683335	0.0000835139	0.0052268501
0	0.2105555904	0.0392085911	0.0003014695	0.2875812030	0.4623531461
0	0.0278538798	0.2083028829	0.3162644629	0.3025399864	0.1450387879
1	0.0037881003	0.2344971858	0.0503721122	0.6012330980	0.1101095037
0	0.2563526484	0.0138882622	0.7142298646	0.0155292248	0.0000000000
0	0.0048704995	0.0803283535	0.0072210190	0.8947969715	0.0127831564
0	0.0060214156	0.0000000000	0.4622591161	0.5317193537	0.0000001146
0	0.2107909430	0.1957327064	0.0443023869	0.0610927780	0.4880811858
0	0.0156416379	0.0003544851	0.7825821818	0.2014216865	0.0000000087
0	0.0037857924	0.3291705784	0.0164674385	0.2097270731	0.4408491176
1	0.0000000334	0.2067800587	0.2603583913	0.3894677053	0.1433938113
0	0.5855564920	0.3350694211	0.0477610761	0.0010940202	0.0305189907
0	0.5041784222	0.0239834116	0.2408238182	0.2115879794	0.0194263687
0	0.0593401972	0.1719592140	0.2312705785	0.5374300103	0.0000000000
0	0.9570603005	0.0097009923	0.0133300787	0.0056035680	0.0143050605
0	0.0486824106	0.7608531058	0.0468794627	0.1330350782	0.0105499427
0	0.1483004524	0.8424989778	0.0000318865	0.0091683467	0.0000003366
0	0.2088806964	0.2269000277	0.3672848864	0.0000000000	0.1969343895
0	0.2051526151	0.0135614171	0.4530936962	0.2794620152	0.0487302564
0	0.0557797142	0.1241122173	0.3133920557	0.5067014111	0.0000146016
0	0.0001401860	0.1186198927	0.6637216145	0.1102819396	0.1072363672
0	0.0028951060	0.3092802006	0.1220259386	0.5551591638	0.0106395910
0	0.2664079148	0.0005011021	0.3248798860	0.3315544718	0.0766566252
1	0.3971016760	0.0424829412	0.0336655453	0.3041645809	0.2225852567
0	0.2617149883	0.5023639109	0.0017358796	0.1568756424	0.0773095788
0	0.6407121648	0.0744300089	0.0830739827	0.0801781557	0.1216056879
0	0.4728137183	0.0077864553	0.0121541708	0.2308301995	0.2764154562
0	0.0146894103	0.4498376276	0.0044435219	0.1971330679	0.3338963723
0	0.0000076411	0.3447197398	0.0239085962	0.5370389945	0.0943250285
0	0.2241429479	0.0051613651	0.0005424249	0.0286766754	0.7414765868
0	0.2737902581	0.2207459445	0.0476295132	0.1256179634	0.3322163209
1	0.7103065092	0.2896929213	0.0000005395	0.0000000299	0.0000000000
0	0.0056861226	0.0092636689	0.8545871087	0.1215911673	0.0088719325
0	0.1053025081	0.0000000000	0.3904860443	0.0129865490	0.4912248987
0	0.0000183169	0.0394841642	0.0590427696	0.1960828374	0.7053719119
0	0.0001354692	0.9639504589	0.0000000000	0.0347370515	0.0011770204
0	0.0875206598	0.0391952028	0.6082027199	0.0029288608	0.2621525567
0	0.8256665636	0.0003420614	0.0001146703	0.0384002767	0.1354764279
0	0.6676662361	0.1306838330	0.1182558380	0.0037359453	0.0796581477
0	0.0013829166	0.0338798805	0.2254298688	0.0467681319	0.6925392022
0	0.0245179182	0.0204156538	0.0113261468	0.6687370101	0.2750032711
0	0.0600503517	0.0116967098	0.8764292142	0.0011458723	0.0506778519
0	0.0013594404	0.0448595196	0.5380366915	0.0040348156	0.4117095329
0	0.1035268243	0.4677250088	0.0000000000	0.4107089742	0.0180391927
0	0.6792906462	0.0000080748	0.0000007980	0.2525929523	0.0681075287
1	0.1852283366	0.5320457727	0.1791844046	0.0991894867	0.0043519993
1	0.9526568018	0.0000000000	0.0011625780	0.0052202297	0.0409603904
0	0.0000000013	0.0929445502	0.1040177091	0.7486677849	0.0543699546
0	0.0942169793	0.4848267328	0.0956313418	0.1307616820	0.1945632641
1	0.1963528294	0.5673456026	0.2239761614	0.0032614655	0.0090639411
0	0.0006298976	0.0367208346	0.6164145356	0.1091592697	0.2370754625
0	0.3941313899	0.0901291286	0.2736529126	0.0000000000	0.2420865689
0	0.0350044243	0.4633759984	0.2363308118	0.0628476723	0.2024410931
0	0.0199569467	0.0000000127	0.1747698972	0.8004689821	0.0048041612
0	0.0000062327	0.0232767991	0.0000541304	0.4598745070	0.5167883308
0	0.0443819996	0.3297816169	0.0121723196	0.1613888509	0.4522752130
0	0.4341303391	0.0000041168	0.2945832858	0.2711420048	0.0001402534
0	0.0550881976	0.0032747652	0.1783516570	0.7140364367	0.0492489435
2	0.0000000004	0.5127614461	0.0390761505	0.3078517679	0.1403106350
0	0.4396914049	0.4273368072	0.0025980580	0.1168867247	0.0134870051
0	0.1322955816	0.1635297881	0.0658644954	0.6249946405	0.0133154945
0	0.0076905204	0.0112057149	0.0039832398	0.0004199288	0.9767005962
0	0.2542943761	0.3047468295	0.2728576490	0.0229884223	0.1451127231
0	0.0081158958	0.3818621112	0.0025981321	0.2519742122	0.3554496487
0	0.3028963513	0.6184944703	0.0005929315	0.0123478248	0.0656684221
0	0.2572383188	0.4427511887	0.0000576199	0.0558069468	0.2441459259
0	0.0000000026	0.0118181014	0.0322863259	0.5147548240	0.4411407461
0	0.0447313185	0.0418447389	0.1966956604	0.3655885266	0.3511397557
0	0.2812494670	0.5107861872	0.0810641096	0.1140547770	0.0128454592
0	0.1570269692	0.0327840981	0.7657877436	0.0099550860	0.0344461031
0	0.4971034742	0.4372714241	0.0652654661	0.0000067434	0.0003528922
0	0.0000000000	0.5089756465	0.3706773646	0.1124271705	0.0079198183
0	0.3806366999	0.0348981175	0.0066836241	0.5573763819	0.0204051766
0	0.0617964461	0.0002945777	0.0136025683	0.9227611221	0.0015452858
0	0.2166316151	0.1248773391	0.1182685192	0.5246947041	0.0155278226
0	0.1467323099	0.5943392616	0.1521979813	0.1058778329	0.0008526143
0	0.0063975731	0.0006302981	0.2959250064	0.4779594214	0.2190877010
0	0.4817331026	0.2883067740	0.0000000000	0.2092821968	0.0206779266
