0	0.0044340273	0.1014975428	0.5496519614	0.0273300540	0.3170864145
0	0.2360623197	0.6206442962	0.1404303011	0.0000391498	0.0028239334
0	0.0018989814	0.3900929433	0.6070145546	0.0007627816	0.0002307391
1	0.0000000000	0.3105184223	0.5210952337	0.1230405671	0.0453457769
1	0.0032708325	0.0611760686	0.9048181856	0.0263236188	0.0044112944
1	0.0615815067	0.0467039111	0.0006733985	0.0328906667	0.8581505170
0	0.0000038967	0.1582096418	0.0289723118	0.2331238774	0.5796902724
0	0.2459276063	0.2926764759	0.3822631362	0.0791069381	0.0000258435
0	0.3886863739	0.1925544452	0.0000010284	0.0001315592	0.4186265933
0	0.4842607255	0.0000815466	0.4189975820	0.0261733459	0.0704868000
0	0.5757634571	0.0006621518	0.2088683824	0.1823809793	0.0323250295
0	0.3525269166	0.0452675663	0.5090998012	0.0929511791	0.0001545368
0	0.0003488633	0.0018928342	0.3078792045	0.0094457103	0.6804333877
0	0.0001078831	0.4077444424	0.0009737120	0.0187166349	0.5724573276
0	0.1805753298	0.0014654060	0.8100362113	0.0056908968	0.0022321561
0	0.1445085933	0.0000043430	0.1927105798	0.0000000278	0.6627764561
0	0.0299075354	0.0287351755	0.9376551858	0.0000000001	0.0037021032
0	0.0000000000	0.0590850743	0.1637955261	0.7771182758	0.0000011237
0	0.0011827864	0.7584669673	0.1687260409	0.0313144126	0.0403097928
0	0.3702638604	0.5919380040	0.0000020812	0.0377960544	0.0000000000
0	0.3367562445	0.1190814822	0.5021654281	0.0025087629	0.0394880822
0	0.1060208944	0.0936500476	0.1881740856	0.5656554838	0.0464994887
0	0.9841186096	0.0069625640	0.0016476990	0.0072711274	0.0000000000
0	0.3036323624	0.0304720130	0.0522931746	0.6044688181	0.0091336319
0	0.4421136008	0.4663633140	0.0029312118	0.0270671698	0.0615247036
0	0.5944336119	0.0000000267	0.0387233238	0.0552421847	0.3116008528
0	0.1121916201	0.0330043753	0.3369041778	0.4243879812	0.0935118456
1	0.0146506074	0.1776160628	0.2114430637	0.3935681860	0.2027220802
0	0.3668816083	0.2555935379	0.0001947903	0.1863236382	0.1910064253
0	0.0620213095	0.2025550045	0.3129905212	0.3855299722	0.0369031926
0	0.4980336371	0.0000000018	0.0000000000	0.2652128125	0.2367535486
0	0.0014214253	0.0403887628	0.0000011357	0.0008651774	0.9573234987
0	0.7949683066	0.0589143414	0.0146792556	0.0458732301	0.0855648663
0	0.0555550241	0.3435364757	0.2978409155	0.0508559669	0.2522116177
0	0.0972965346	0.0206360194	0.8468404825	0.0351464770	0.0000804864
0	0.9457525249	0.0349713374	0.0032314690	0.0003072733	0.0157373954
0	0.0000000018	0.2346716104	0.5117459675	0.2250004329	0.0285819874
0	0.0797815861	0.0674086813	0.8402200237	0.0078915443	0.0046981646
1	0.8447342157	0.0383522084	0.0395086122	0.0535593775	0.0238455863
0	0.3469604363	0.0015565836	0.1853588284	0.3363137801	0.1298103715
0	0.0008080046	0.0033976561	0.0208228412	0.6977860369	0.2771854612
0	0.5442222450	0.0162731186	0.0002034033	0.0743658160	0.3649354172
0	0.0000000268	0.9489764180	0.0003572680	0.0000000000	0.0506662872
0	0.0458336781	0.1280422888	0.5821415401	0.0709684967	0.1730139964
1	0.0018470509	0.0096954400	0.0329024170	0.7220619398	0.2334931522
0	0.0671638117	0.0136143467	0.8658125901	0.0000000000	0.0534092516
0	0.0176272007	0.7367040197	0.0000012665	0.0579783784	0.1876891347
0	0.0006136710	0.7092917487	0.2665114356	0.0000000000	0.0235831446
0	0.1504541349	0.0804084139	0.2298272456	0.5062574821	0.0330527235
0	0.1607160404	0.6322541717	0.0086553605	0.0296030701	0.1687713573
0	0.5017257475	0.0000175124	0.2869087534	0.0764790523	0.1348689343
0	0.2832738501	0.5716110777	0.0000000169	0.0988186641	0.0462963912
2	0.0000596550	0.0000716726	0.0006312597	0.1501796450	0.8490577677
0	0.1099871703	0.7195929907	0.0562078227	0.1131575685	0.0010544478
1	0.4677195132	0.2140547004	0.0073005986	0.2948048529	0.0161203349
0	0.0637971766	0.0008738501	0.0164837324	0.0556001081	0.8632451328
0	0.0221917605	0.2128248636	0.0249587200	0.0130080026	0.7270166533
0	0.1112306819	0.0000000000	0.0000001612	0.0066360062	0.8821331506
0	0.7192069221	0.1486768991	0.1320611125	0.0000540159	0.0000010504
0	0.1505381026	0.0051259082	0.0286956926	0.3092323745	0.5064079221
0	0.4150061224	0.4548629349	0.0227079584	0.1074229843	0.0000000000
0	0.1299655990	0.0008525487	0.7445908447	0.0465578916	0.0780331160
1	0.3315536324	0.0115162640	0.0071210726	0.2453853151	0.4044237158
1	0.0194787497	0.0088422785	0.7694713431	0.0000000304	0.2022075982
0	0.0011351927	0.0942229411	0.0759472319	0.2447406688	0.5839539654
0	0.0001381870	0.3533876605	0.3225486351	0.0001481845	0.3237773329
0	0.1431167308	0.7553743666	0.0971806354	0.0041948347	0.0001334325
0	0.0425197152	0.2756242392	0.6782600273	0.0000619250	0.0035340933
0	0.0000001080	0.4032231546	0.3051968871	0.0005147403	0.2910651100
0	0.0146992710	0.0000000009	0.4526550901	0.4721961145	0.0604495235
0	0.1455026336	0.0005917597	0.1367657192	0.5757308876	0.1414089999
0	0.0000469771	0.4675259277	0.5324028185	0.0000111344	0.0000131424
0	0.0366290358	0.0001323738	0.1441165838	0.8083232865	0.0107987201
0	0.0000000000	0.3693220538	0.0658905191	0.5647830039	0.0000044231
0	0.6357155748	0.0009942432	0.0000000000	0.3632901819	0.0000000000
0	0.0478926590	0.7876658507	0.0000792148	0.1399243367	0.0244379387
0	0.0133511872	0.0238066966	0.8576939683	0.0637119263	0.0414362217
0	0.2114514328	0.0215840750	0.0508391352	0.6315539113	0.0845714457
0	0.0490781942	0.1564519352	0.6795200646	0.1131383992	0.0018114069
0	0.0343477901	0.8307268269	0.1014221424	0.0325537399	0.0009495007
0	0.1355418525	0.1623909422	0.0402762315	0.4813048183	0.1804861555
0	0.1158130284	0.4964519993	0.0373492847	0.1897203665	0.1606653211
0	0.6332753015	0.0743711417	0.0000000000	0.0046921039	0.2876614529
1	0.7397318766	0.1563693726	0.1038987508	0.0000000000	0.0000000000
0	0.3178625692	0.4327174150	0.0009784928	0.2177145545	0.0307269685
0	0.3889720901	0.4426121341	0.0000000000	0.0207531161	0.1476626597
0	0.0456755084	0.1891457928	0.0000003262	0.7651783726	0.0000000000
0	0.0048348995	0.1586581215	0.0042583627	0.0600426232	0.7722059931
0	0.7571228062	0.0478809363	0.0002504877	0.1486942097	0.0460515602
0	0.0044465264	0.7650377445	0.1740791825	0.0000000026	0.0564365439
0	0.0118724572	0.3976058153	0.0643164314	0.5257585031	0.0004467929
0	0.1998391516	0.0017783079	0.1347591579	0.4863082962	0.1773150864
0	0.0006089969	0.0101895617	0.9546292491	0.0340669458	0.0005052465
0	0.0196703308	0.1640391076	0.1817664329	0.0289933937	0.6055307350
0	0.0032810981	0.5702460524	0.1904959763	0.1745992228	0.0613776504
0	0.0178770935	0.0041791054	0.1011223314	0.7891243676	0.0876971021
0	0.0841658379	0.0000000567	0.6257364676	0.0001658431	0.2899317946
0	0.3051547827	0.6586556647	0.0066490386	0.0008884761	0.0286520380
0	0.0517932095	0.1979237160	0.0779138160	0.6723692580	0.0000000005
0	0.7052270933	0.1816369169	0.1021604603	0.0021694877	0.0088060418
