1	0.1585956289	0.0873399030	0.0320346078	0.5328837329	0.1891461273
0	0.0795161735	0.0341244623	0.2803496591	0.3732980792	0.2327116260
0	0.0000003592	0.0000000000	0.4473648789	0.4666115096	0.0860232523
0	0.1534804203	0.7378327900	0.0154289312	0.0572327973	0.0360250613
0	0.0479634495	0.0689716192	0.1115278040	0.6137427483	0.1577943790
0	0.0463417085	0.0018480254	0.0000000006	0.0747270373	0.8770832283
0	0.1180744873	0.6528374781	0.0743161849	0.0011079196	0.1536639301
0	0.1646295731	0.1020660425	0.2500605275	0.2269037983	0.2563400586
1	0.0457476206	0.0151561824	0.0000000103	0.8142935332	0.1248026534
0	0.0019832974	0.4820847377	0.4333038326	0.0104441525	0.0721839798
0	0.1240382612	0.3046272016	0.3089034328	0.0963110811	0.1661200232
0	0.0027946966	0.0067255368	0.9853036025	0.0051751645	0.0000009996
0	0.1336031535	0.2836681593	0.4627120545	0.0020476311	0.1179690016
1	0.8117461657	0.0000000020	0.0984991795	0.0000749356	0.0896797172
0	0.1301594046	0.4464825501	0.3018878010	0.0000000000	0.1214702443
0	0.0021344677	0.0113474265	0.2768998777	0.0959331208	0.6136851072
0	0.0134108901	0.0355150867	0.0012675302	0.8420977413	0.1077087517
0	0.5011836351	0.0418099016	0.0067829811	0.1187623570	0.3314611253
1	0.0859065775	0.1516617927	0.0771245188	0.6738073433	0.0114997677
0	0.0214076596	0.5503869980	0.1995580961	0.2170776224	0.0115696240
1	0.8016739452	0.0022990087	0.1959637037	0.0000003084	0.0000630340
0	0.0113929369	0.6817413960	0.0293203355	0.2708099554	0.0067353763
0	0.9021334615	0.0000562350	0.0646171011	0.0001126517	0.0330805507
0	0.2476598597	0.4647619539	0.0055337426	0.1652983948	0.1167460489
0	0.3766805718	0.0147950749	0.4135722372	0.1949504583	0.0000016578
0	0.0876965662	0.7357647294	0.0000276072	0.0000045745	0.1765065228
0	0.0000000610	0.4316295872	0.3247557108	0.2419063843	0.0017082566
0	0.2011511110	0.1012592789	0.0386241955	0.0028058254	0.6561595892
0	0.0447428841	0.0000000000	0.9427441868	0.0113899514	0.0011229777
1	0.0249755459	0.0314891201	0.4130635768	0.2410540051	0.2894177522
0	0.8154988565	0.0001378718	0.0801929158	0.0987442071	0.0054261488
0	0.1001027221	0.1303705514	0.0000000004	0.7276582412	0.0418684848
1	0.2533800308	0.0477909168	0.5566205836	0.1053616813	0.0368467875
0	0.0010163626	0.0424756618	0.0310729501	0.0107145898	0.9147204357
0	0.0139350481	0.6022017773	0.0212722081	0.3467794187	0.0158115477
0	0.4849762616	0.1309899924	0.0188873777	0.0043374970	0.3608088712
0	0.0668610694	0.4782920966	0.0008180297	0.2111035634	0.2429252409
1	0.2876094150	0.2012782709	0.0000000012	0.0000000833	0.5111122296
0	0.6244531580	0.0767905383	0.2181685025	0.0804512047	0.0001365965
0	0.0004999802	0.4867645677	0.4003078350	0.1032600657	0.0091675514
0	0.1871799453	0.0000244723	0.4605665690	0.0518883557	0.3003406577
0	0.0344507370	0.5965046233	0.3538973085	0.0000000000	0.0151473312
0	0.4600689622	0.0013435916	0.2549146929	0.0403420078	0.2433307456
0	0.0851694076	0.6787753089	0.1125172364	0.1221253438	0.0014127034
0	0.2280192264	0.2266094215	0.0001595006	0.5450284401	0.0001834113
0	0.0073302348	0.0006132009	0.9713211440	0.0000000988	0.0207353216
0	0.6171830647	0.0195133191	0.2339109393	0.1293919014	0.0000007755
0	0.0650329659	0.0000000000	0.7468935133	0.1437424406	0.0443310802
0	0.0211460790	0.0004899416	0.8527911429	0.1082216338	0.0173512027
0	0.0165791127	0.7125050230	0.2212391873	0.0496719364	0.0000047406
0	0.1768158870	0.7945021283	0.0285413403	0.0000475839	0.0000930605
0	0.0630198040	0.0240153438	0.0641727111	0.7602162561	0.0885758851
0	0.0156426108	0.0153088453	0.8074822870	0.0000000000	0.1615662569
0	0.2249225632	0.2073711898	0.0499551588	0.1259836943	0.3917673940
0	0.4902737856	0.0085352937	0.4853249893	0.0158659307	0.0000000006
0	0.5346464847	0.0102378088	0.2856226685	0.0062672584	0.1632257796
0	0.0000000017	0.1794258632	0.4558885059	0.2328743677	0.1318112615
0	0.1893878063	0.1049940663	0.5512226543	0.0006126318	0.1537828413
0	0.1168168354	0.0355491722	0.0119222845	0.1880233818	0.6476883261
0	0.8033209849	0.0000000000	0.0591477283	0.1243869702	0.0131443166
0	0.0923167108	0.8503741786	0.0000328663	0.0008213726	0.0564548716
0	0.0290214883	0.0000788727	0.0626255013	0.9054735726	0.0028005650
0	0.0000001237	0.8406439367	0.0382020932	0.1207864213	0.0003674251
0	0.0003850359	0.0174535143	0.2008632776	0.7798356297	0.0014625425
1	0.0971003209	0.0516092797	0.1339598192	0.2283782055	0.4889523746
0	0.1354047568	0.0000000000	0.5432234762	0.2062193945	0.1151523725
0	0.0420307868	0.5980158068	0.0920657006	0.2502099058	0.0176778001
0	0.1404443575	0.0101204316	0.6992651986	0.0094110499	0.1407589624
0	0.4855339951	0.0000000000	0.3194177037	0.0000769104	0.1949713908
0	0.2254126589	0.4508494932	0.2098774443	0.0094283999	0.1044320037
0	0.9771142715	0.0186174089	0.0000000343	0.0042682726	0.0000000128
0	0.3666606705	0.5469576053	0.0000007092	0.0863810150	0.0000000000
0	0.0052367824	0.0163828749	0.0116857460	0.9645748019	0.0021197949
0	0.5644111155	0.4236443753	0.0064357793	0.0054605855	0.0000481444
0	0.0000005491	0.9054189639	0.0005263221	0.0078514298	0.0862027351
0	0.0143585251	0.7911298031	0.0048658930	0.0015897970	0.1880559818
0	0.1604676119	0.2999854309	0.1275814005	0.0000007869	0.4119647698
0	0.0061151165	0.0466493437	0.1221706047	0.2944068177	0.5306581174
0	0.0139897349	0.0023359068	0.0475018477	0.0659765735	0.8701959371
0	0.2144741215	0.4150603185	0.0000000000	0.3561841730	0.0142813870
2	0.0489714906	0.1663879242	0.0459617848	0.7288307421	0.0098480583
0	0.1720338243	0.3985014366	0.0719999162	0.2125007812	0.1449640417
0	0.0006882557	0.5128402883	0.0318613518	0.0006756549	0.4539344492
1	0.0064493721	0.0010356367	0.0023785788	0.8670955386	0.1230408738
0	0.0000026300	0.8288961107	0.0432844198	0.0812921592	0.0465246803
0	0.0085819354	0.0000046463	0.0914900596	0.1467154504	0.7532079082
0	0.0692179887	0.0958708868	0.0013112708	0.5392337273	0.2943661264
0	0.4129454344	0.0248243110	0.0234558610	0.5317993702	0.0069750235
0	0.4704773732	0.0289478369	0.4111987501	0.0006317643	0.0887442755
0	0.5894437792	0.0020817384	0.0000032770	0.1632318325	0.2452393729
0	0.0991191063	0.0348733265	0.8582658875	0.0009367352	0.0068049445
0	0.0382563384	0.5681782827	0.3874488721	0.0059960863	0.0001204205
0	0.0067629730	0.0213417553	0.1195485325	0.8455978108	0.0067489284
0	0.4961007188	0.0385791628	0.0001005581	0.1823121093	0.2829074512
0	0.0004452770	0.3553960048	0.3907053204	0.0803041095	0.1731492883
0	0.5114116958	0.0000002222	0.0366605409	0.4147674091	0.0371601320
0	0.0000641342	0.7622496686	0.0006462275	0.0025809342	0.2344590354
0	0.1666263111	0.1278723172	0.3748306629	0.0775797006	0.2530910081
0	0.4785590450	0.0335565725	0.1768634635	0.1111001779	0.1999207410
0	0.0537490284	0.2790040648	0.0627860193	0.5551538990	0.0493069885
