0	0.4828650914	0.1051274825	0.0388435170	0.0381401571	0.3350237520
0	0.1071664205	0.2896976613	0.0000000209	0.1189138226	0.4842220748
0	0.6493106386	0.0110051849	0.0215248417	0.2701028684	0.0480564664
0	0.5919929485	0.0005610020	0.0000404517	0.3707717543	0.0366338434
1	0.0030094967	0.8235892752	0.1119961993	0.0553389476	0.0060660812
2	0.0506938725	0.9487228573	0.0000481021	0.0002862243	0.0002489437
0	0.0048764664	0.1347496013	0.1774044539	0.0144737463	0.6684957322
0	0.9234442849	0.0257155111	0.0005199372	0.0503201599	0.0000001068
0	0.0709096823	0.3095347099	0.1663362119	0.0000000026	0.4532193932
1	0.0178412446	0.0450981436	0.0248328359	0.9031548351	0.0090729408
