0	0.6389363551	0.0132699039	0.0560852098	0.2187808366	0.0729276947
2	0.1618401393	0.7315018925	0.0086359857	0.0882548394	0.0097671431
1	0.0055643693	0.1278938842	0.0000121467	0.0446375682	0.8218920316
0	0.0277734014	0.1181851631	0.0814009555	0.0084565828	0.7641838972
0	0.1692905585	0.0000000005	0.1026044290	0.4383399387	0.2897650733
0	0.5183662526	0.2206372379	0.0046726324	0.0266970705	0.2296268065
0	0.1052567055	0.8642001891	0.0304066848	0.0001222858	0.0000141347
0	0.2068796798	0.6155025785	0.0311862475	0.0417232405	0.1047082537
0	0.8153298356	0.0508281525	0.1111962753	0.0225028867	0.0001428498
0	0.3734526995	0.0757977975	0.2393065292	0.0085435868	0.3028993870
