0	0.0201760486	0.1142638009	0.0189438734	0.1641633280	0.6824529491
0	0.1387274595	0.6173531450	0.2420198132	0.0014359915	0.0004635908
0	0.0695959956	0.1143012399	0.1888121330	0.5905492741	0.0367413573
2	0.1632825939	0.1152815956	0.0000044587	0.5090383386	0.2123930132
0	0.3511759406	0.4711836124	0.0708327386	0.0012197358	0.1055879727
0	0.2980754788	0.0977518102	0.0380755880	0.4901008683	0.0759962547
1	0.5282210810	0.0010629976	0.0263237743	0.4405001181	0.0038920289
0	0.0000000000	0.0039901261	0.8469231832	0.0047505748	0.1443361159
0	0.7111650461	0.0297095664	0.1661129177	0.0115020616	0.0815104082
0	0.2467031416	0.6548474675	0.0001886883	0.0205557459	0.0777049567
