0	0.4775822219	0.1675024715	0.0001544654	0.3547605238	0.0000003174
0	0.3735880792	0.3002106961	0.1057493215	0.0071211657	0.2133307376
0	0.1229501126	0.4448863671	0.0682413054	0.0005878630	0.3633343519
0	0.0017798768	0.0006583971	0.0004672802	0.0008289802	0.9962654657
0	0.8904219872	0.0688833292	0.0019393657	0.0032397424	0.0355155756
0	0.2319134793	0.6143648023	0.1399633937	0.0000037047	0.0137546200
1	0.0086582883	0.7794207183	0.0355717551	0.1706745716	0.0056746667
0	0.6970863811	0.2198906543	0.0388102136	0.0249354041	0.0192773468
2	0.0122151347	0.0061547895	0.0395281571	0.0000000043	0.9421019143
1	0.0874355087	0.8502385138	0.0000646525	0.0523293770	0.0099319480
