0	0.1039580610	0.7780806812	0.0000000000	0.0802807647	0.0376804931
0	0.1084832455	0.0362564214	0.0026579647	0.8485422731	0.0040600954
2	0.0932203097	0.2955332456	0.0000000001	0.4163537115	0.1948927331
0	0.4109881588	0.3832069909	0.0759254246	0.1297739401	0.0001054856
0	0.6302592574	0.0398708860	0.1826421267	0.1416973895	0.0055303404
0	0.3030594956	0.1545071990	0.0076080664	0.0116254918	0.5231997472
0	0.1856073462	0.0242421046	0.6623030766	0.1270709922	0.0007764802
0	0.0394702540	0.1016115357	0.0972558998	0.5966873663	0.1649749443
0	0.0537211382	0.7175158292	0.0372359939	0.1730318919	0.0184951468
1	0.4999683999	0.4954805128	0.0034237848	0.0008123651	0.0003149373
