0	0.0585330622	0.0094723788	0.0987196115	0.8153563670	0.0179185805
2	0.7129719985	0.0092288610	0.0002564252	0.1092717324	0.1682709829
0	0.0286703203	0.3237515380	0.0086297770	0.0000000000	0.6389483647
0	0.2394855516	0.2258151247	0.0319151403	0.0298064086	0.4729777747
0	0.7528390700	0.0346491780	0.0076904261	0.1652246752	0.0395966507
0	0.1267000924	0.2395847180	0.0001453017	0.0326230462	0.6009468416
1	0.0010813406	0.1898787639	0.7788720247	0.0250862235	0.0050816474
0	0.7475623123	0.0263865760	0.0894796028	0.1189644635	0.0176070454
0	0.5122016592	0.2384919270	0.1039431531	0.1453546022	0.0000086585
0	0.2484795928	0.6998048650	0.0000000000	0.0517155422	0.0000000000
