0	0.1899944115	0.3843013193	0.1967492719	0.0308142059	0.1981407914
1	0.1698208651	0.5352688153	0.0560384363	0.0003635098	0.2385083734
0	0.1914288401	0.0007398402	0.3148826622	0.4929484327	0.0000002247
0	0.1510968975	0.2018628016	0.0680879268	0.5682729883	0.0106793858
0	0.6526823507	0.2455688158	0.0952275020	0.0000002096	0.0065211219
0	0.1746693800	0.6271897761	0.0000000001	0.1684819014	0.0296589424
0	0.0100317183	0.0078044496	0.0331489835	0.0000413722	0.9489734764
2	0.0937288298	0.0002791938	0.0000000000	0.8499051455	0.0560868309
0	0.3369135543	0.1176939892	0.0575043405	0.0026110816	0.4852770343
0	0.7557515057	0.1107430420	0.0399051255	0.0873656956	0.0062346313
