0	0.3730653883	0.3934131152	0.1621380501	0.0691229318	0.0022605146
0	0.0391404368	0.2531354646	0.6584382119	0.0344063789	0.0148795078
0	0.2001532718	0.0008989639	0.7786380170	0.0038480107	0.0164617366
0	0.2128676925	0.2720270252	0.1740272365	0.1430368046	0.1980412413
0	0.1241941220	0.3825464481	0.0095267226	0.3427484577	0.1409842497
1	0.1359813211	0.0747737457	0.1503532386	0.4210240463	0.2178676484
0	0.2944163790	0.1295999867	0.0832421973	0.0256339407	0.4671074963
0	0.4427122882	0.1312048693	0.0023060672	0.0102244424	0.4135523329
0	0.1248435974	0.0379923081	0.0065229226	0.3810600940	0.4495810779
2	0.1658126949	0.6602497657	0.0168950515	0.0002901069	0.1567523810
