0	0.1868528401	0.4033856029	0.0245263495	0.1801658319	0.2050693757
1	0.0020285063	0.0000000000	0.0044422654	0.9910643664	0.0024648619
0	0.7134054870	0.0250680491	0.0051679045	0.2052857340	0.0510728254
0	0.1817730307	0.6396004375	0.0000000000	0.1764349097	0.0021916220
0	0.0059603757	0.9049111521	0.0821439676	0.0069845007	0.0000000040
0	0.0521069229	0.5420513505	0.0090021459	0.0344953767	0.3623442039
0	0.0063384879	0.3857370709	0.0000003039	0.0000183273	0.6079058099
0	0.0000071064	0.8675999635	0.0293470284	0.0001532529	0.1028926489
2	0.3143527213	0.5233809886	0.0378146845	0.1049211907	0.0195304150
0	0.3706049282	0.0032661281	0.0151679961	0.6109543666	0.0000065809
