0	0.3446899584	0.5984532224	0.0421848406	0.0000022150	0.0146697636
0	0.2814898594	0.7143850676	0.0010126290	0.0000203062	0.0030921378
0	0.4355726191	0.0618141650	0.0309605509	0.4059590841	0.0656935809
0	0.0664316163	0.0127816688	0.0455849738	0.8586855699	0.0165161713
1	0.1199153102	0.1178312218	0.0000000000	0.7376274505	0.0246260175
0	0.1480427260	0.1494969129	0.0062552856	0.3245278198	0.3716772557
0	0.6632855919	0.3142099471	0.0038337540	0.0012117370	0.0174589699
0	0.0013032350	0.1196900708	0.3963779966	0.0000766298	0.4825520678
2	0.1379502602	0.2687867894	0.4584306493	0.0638779213	0.0709543798
1	0.0295844283	0.4210584062	0.0047121853	0.3750207884	0.1696241918
