0	0.3016796934	0.0055362346	0.0322987144	0.6579925867	0.0024927709
0	0.3710841475	0.0671433105	0.0038174729	0.4852295459	0.0727255231
1	0.4786531009	0.0064104472	0.0625202920	0.4522378132	0.0001783467
1	0.0057303606	0.0424045532	0.0023588989	0.9492410082	0.0002651790
1	0.0000466600	0.6516359436	0.0026763112	0.3455755986	0.0000654866
0	0.4213258869	0.5171168895	0.0003455020	0.0573563015	0.0038554200
0	0.0015915854	0.1244719657	0.7945629360	0.0268160989	0.0525574140
0	0.1973460872	0.2723652083	0.0211504315	0.3172043486	0.1919339244
2	0.0000533523	0.4724763891	0.0454420056	0.3249587133	0.1570695397
0	0.3788902145	0.0160308173	0.0000002092	0.6049894864	0.0000892725
