0	0.6469062331	0.2473324091	0.0991869977	0.0063852303	0.0001891298
0	0.2501458929	0.7433681523	0.0000000000	0.0004254400	0.0060605148
0	0.0433711844	0.3129950265	0.4247200145	0.0027451919	0.2161685827
0	0.1866519601	0.7927067332	0.0103744901	0.0000000001	0.0102668165
0	0.2035706923	0.0194672321	0.0085605139	0.1390281339	0.6293734278
1	0.0250611610	0.3106102399	0.3127325305	0.1326158449	0.2189802237
2	0.0631303686	0.6534458154	0.2599094390	0.0173837340	0.0061306430
0	0.2093187836	0.0625536938	0.0297805071	0.1222892853	0.5760577302
0	0.0608446232	0.0608845295	0.0841796027	0.6116922896	0.1823989550
0	0.0000000000	0.5930076417	0.0853604753	0.0411539552	0.2804779278
