0	0.0124953550	0.5958552381	0.0109339891	0.0587075543	0.3220078634
0	0.0722102987	0.0192971418	0.0116325245	0.8370027118	0.0598573233
0	0.6218758784	0.0004996162	0.0198445811	0.2168091516	0.1409707727
0	0.2023676189	0.0051665726	0.0000021618	0.0088390901	0.7836245566
0	0.1133199992	0.1282249236	0.3398988144	0.2126613276	0.2058949352
0	0.3073505760	0.6291428852	0.0347501024	0.0001681992	0.0285882371
0	0.4221661609	0.5535271890	0.0202684220	0.0000000000	0.0040382281
0	0.0010048286	0.0685060259	0.0027172455	0.0464984397	0.8812734603
2	0.4455763490	0.5145909798	0.0004726780	0.0393599932	0.0000000000
1	0.0000078589	0.0028827025	0.0762692633	0.7096423429	0.2111978324
