1	0.0148658490	0.0492973033	0.4146516740	0.4149731391	0.1062120347
0	0.0086716016	0.6910876582	0.2155551409	0.0845887535	0.0000968457
0	0.4383613566	0.4110702704	0.1204507428	0.0188739016	0.0112437286
0	0.0136362429	0.3552417651	0.5965506258	0.0000001008	0.0345712654
0	0.1884603735	0.0000001657	0.0394422386	0.0624020915	0.7096951307
0	0.0000004679	0.0738172195	0.0221063085	0.8473920737	0.0566839305
1	0.0000960237	0.7166232467	0.2768796211	0.0064011065	0.0000000020
0	0.0531340592	0.0962215458	0.0836477438	0.1364183535	0.6305782977
1	0.0147907050	0.0117674762	0.0206216395	0.9192247624	0.0335954169
0	0.4652889584	0.0147506374	0.0495450254	0.3679385329	0.1024768459
0	0.0000000014	0.0998031805	0.7627618160	0.0834627441	0.0539722580
0	0.2096955141	0.0959936679	0.0487087182	0.6432344352	0.0023676646
1	0.0028674695	0.7669642959	0.1896279234	0.0073683968	0.0331719144
0	0.0000000000	0.4207658419	0.5588661747	0.0199449188	0.0004230646
0	0.0024544657	0.4286804303	0.2075437712	0.2514059637	0.1099153692
0	0.0001369896	0.0184137772	0.4957732726	0.2701384417	0.2155375189
1	0.0025918124	0.4062712002	0.3637667582	0.0012073544	0.2261628749
0	0.0935312431	0.1310784084	0.0000291883	0.2218460594	0.5535151009
1	0.0000000001	0.1479280535	0.7227178189	0.1293541267	0.0000000008
1	0.0030387943	0.0313773215	0.0043358732	0.9610205344	0.0002274765
2	0.0370955830	0.0833396664	0.1201654523	0.7593957462	0.0000035521
1	0.0892156600	0.6192497912	0.1863404734	0.0091654658	0.0960286095
0	0.0123644815	0.9500629727	0.0325079712	0.0012796008	0.0037849737
0	0.1154374791	0.5232732262	0.0965497758	0.0106335267	0.2541059921
1	0.0000000000	0.0718282597	0.6076628945	0.2089838978	0.1115249481
1	0.0000000000	0.0468549901	0.7038944755	0.2461659709	0.0030845635
0	0.0044369843	0.6327629942	0.0039164916	0.0690383598	0.2898451702
0	0.2085890931	0.1127204479	0.4308256133	0.2212272476	0.0266375981
0	0.7211363853	0.2691228252	0.0005726339	0.0091681556	0.0000000000
0	0.0002390826	0.5341885762	0.0000575146	0.0716978311	0.3938169955
0	0.4871810573	0.1441996807	0.0719810316	0.1488156201	0.1478226102
0	0.0000820149	0.1791042735	0.0188212658	0.0433880751	0.7586043706
0	0.0236473138	0.4272330097	0.5291493977	0.0199702788	0.0000000000
0	0.0001121570	0.1992808198	0.3641257067	0.3922915975	0.0441897190
1	0.0000387666	0.1551310947	0.6569140918	0.1879160469	0.0000000000
0	0.0984862938	0.5249023319	0.0043030599	0.3406983426	0.0316099719
1	0.0000000001	0.2216152343	0.2137171810	0.5646644824	0.0000031023
0	0.0000000255	0.6732092328	0.0005367408	0.0006522915	0.3256017094
1	0.0750807586	0.3863960377	0.0142188432	0.5185719418	0.0057324186
1	0.4072494690	0.0000000000	0.0803897717	0.5123606700	0.0000000893
0	0.1511246210	0.0592988088	0.0300816269	0.7594933958	0.0000015476
0	0.0976132640	0.0002297028	0.0000000000	0.1668850139	0.7352720194
0	0.3645054497	0.0515398881	0.0565372423	0.3673223422	0.1600950775
0	0.1498023142	0.7549061006	0.0000000000	0.0309080735	0.0643835117
1	0.0002601259	0.8648468096	0.0043915089	0.0629692024	0.0675323532
1	0.0296519303	0.6114618769	0.1809064473	0.0376652206	0.1403145249
0	0.0132533456	0.7801406311	0.0563355030	0.1502704846	0.0000000357
1	0.0055840155	0.5925793424	0.3441805190	0.0309785030	0.0266776202
1	0.0289941832	0.0624476741	0.0339354328	0.4752544529	0.3993682570
0	0.0052058096	0.9004421111	0.0032584536	0.0154905836	0.0756030422
0	0.0306408880	0.5229330681	0.4233687241	0.0040869853	0.0189703345
0	0.3542566589	0.0052283974	0.0464456595	0.2112704276	0.3827988566
0	0.0004916427	0.1104722597	0.0017824313	0.4577379140	0.4295157523
0	0.0016892283	0.0166671805	0.0335458567	0.9275124130	0.0205853215
0	0.1376145803	0.2204353742	0.2331792885	0.0092028819	0.3995678751
0	0.0772934216	0.2752077986	0.6219445102	0.0000000000	0.0255542696
0	0.7077952150	0.0880597444	0.0924177890	0.0045442189	0.1071830327
0	0.0613832426	0.1456981487	0.0195959320	0.0000000000	0.7733226767
0	0.1794217976	0.0039670955	0.0999379651	0.6264334403	0.0902397015
1	0.0000000143	0.0022820367	0.0820577582	0.1510479467	0.7646122441
1	0.0000000000	0.0002218173	0.7818977880	0.0087784684	0.2091019263
0	0.0265693883	0.6404326524	0.0773044859	0.2517875085	0.0039059648
1	0.2290882745	0.0036733791	0.3151830106	0.4361493971	0.0159059386
2	0.0064801391	0.0196775634	0.8305797341	0.0017272373	0.1415353262
0	0.0044797849	0.0000000000	0.7705209544	0.0040388750	0.2209603856
0	0.0000000671	0.0610276659	0.2344748517	0.7044973518	0.0000000635
1	0.1224091295	0.0209218475	0.4560930061	0.3345786141	0.0659974028
0	0.0094977844	0.9341454937	0.0220563925	0.0000000433	0.0343002861
1	0.0015621534	0.0000167998	0.8413116690	0.1571036058	0.0000057720
0	0.0005806354	0.9934908548	0.0025865830	0.0000000000	0.0033419268
1	0.0983029459	0.3255076385	0.4953662721	0.0799883017	0.0008348417
0	0.0033432557	0.0239081225	0.0003074746	0.9658976162	0.0065435311
0	0.0001738912	0.6002195718	0.3542710866	0.0237546517	0.0215807987
0	0.2486633545	0.0653637826	0.0015711843	0.1635878519	0.5208138268
0	0.0140424005	0.2724115756	0.0204094191	0.6930628073	0.0000737975
0	0.0088463648	0.0930094653	0.0012841482	0.8957727576	0.0010872641
0	0.1822079585	0.2805534007	0.0003223919	0.4752533095	0.0616629395
0	0.0737606459	0.4479512928	0.1767355151	0.2998817586	0.0016707877
1	0.0587902672	0.4502619592	0.3038553266	0.1644524223	0.0226400247
1	0.0000005234	0.6148043485	0.2650442775	0.0448531865	0.0752976640
0	0.0000000005	0.0003413145	0.6669228900	0.3080995623	0.0246362327
1	0.0417769508	0.2788526401	0.0487741968	0.6005247114	0.0300715009
1	0.0000824679	0.3599799688	0.0098207850	0.1747416847	0.4553750936
1	0.2129037011	0.2986459660	0.1714849035	0.3160392696	0.0009261598
1	0.0061592104	0.9086132642	0.0000007577	0.0851612878	0.0000654798
0	0.1236717321	0.0876884805	0.7886386310	0.0000011563	0.0000000000
0	0.0261005233	0.6421802464	0.1610497282	0.1264727385	0.0441967636
0	0.1863519187	0.0956204982	0.2839944761	0.3918253321	0.0422077749
1	0.3085007807	0.5147636126	0.0092515035	0.1673382871	0.0001458161
0	0.3615665505	0.2462663286	0.2108184740	0.0455336039	0.1358150429
1	0.0010707401	0.0000221974	0.1738766419	0.0750384158	0.7499920047
0	0.4396130502	0.0182849845	0.0392194301	0.0562575604	0.4466249747
1	0.0000000050	0.1385312609	0.0000445700	0.8614241535	0.0000000106
1	0.0000000000	0.0037914343	0.5000709741	0.0760598076	0.4200777839
0	0.0007732721	0.7338754535	0.0456988801	0.1763875779	0.0432648165
0	0.0060582442	0.4370586221	0.1146907987	0.0744615529	0.3677307821
0	0.0000022458	0.3130597577	0.0209930256	0.5295166087	0.1364283621
1	0.6798190576	0.2196028615	0.0000026071	0.0962261884	0.0043492852
0	0.1573813967	0.0307543558	0.6913236268	0.0637869371	0.0567536836
0	0.1938947422	0.0678004758	0.0000080553	0.7382967245	0.0000000021
