2	0.1497930055	0.0000000000	0.0120994081	0.7988973586	0.0392102278
1	0.0802387110	0.5166892900	0.0003589064	0.3133752196	0.0893378729
0	0.1609639537	0.3497024706	0.0522132507	0.4193650956	0.0177552294
1	0.0020408412	0.0991763088	0.8980742157	0.0003919082	0.0003167261
0	0.0004721100	0.4743917560	0.0391602552	0.4859750090	0.0000008698
0	0.0298509714	0.0000032778	0.4932054783	0.3177469056	0.1591933668
0	0.0286123470	0.0176974442	0.8678637711	0.0470532779	0.0387731598
1	0.0000001905	0.0171811512	0.1014132595	0.7079403390	0.1734650598
1	0.0000000030	0.4061908513	0.2060745352	0.2589971982	0.1287374124
1	0.0248394548	0.6645113102	0.0696430660	0.0004887245	0.2405174446
0	0.0000377778	0.1628967716	0.7179681444	0.0523044286	0.0667928777
1	0.0000551287	0.9119028560	0.0000385881	0.0788303504	0.0091730768
1	0.2157378635	0.7203202188	0.0096461987	0.0542957191	0.0000000000
0	0.1733666048	0.3614276827	0.4361287664	0.0005880687	0.0284888774
0	0.0005956812	0.0000000000	0.0271090069	0.2594577617	0.7128375502
1	0.0639198917	0.7789737650	0.0376775793	0.0175918633	0.1018369007
0	0.1946147822	0.0421771147	0.0001742404	0.5898367154	0.1731971473
0	0.1054035288	0.7816365762	0.0992682536	0.0136831618	0.0000084795
1	0.0321535089	0.0126851894	0.0029541472	0.9037193109	0.0484878436
0	0.2599783282	0.2114408939	0.0057009570	0.4575402650	0.0653395559
0	0.1564801017	0.1250102544	0.1064976404	0.4341393359	0.1778726676
1	0.0372912774	0.9626173031	0.0000000001	0.0000000000	0.0000914193
0	0.2516415324	0.3283360436	0.0000002302	0.4200221937	0.0000000000
0	0.0954489818	0.0051371520	0.8961088188	0.0000079071	0.0032971404
0	0.0825237124	0.0000698135	0.9136858312	0.0004121901	0.0033084527
1	0.0000394420	0.0798073565	0.7919376591	0.0327683369	0.0954472056
0	0.4455389608	0.1485596241	0.3476151461	0.0538704443	0.0044158248
0	0.0000000000	0.0024181979	0.8947339854	0.1026558324	0.0001919843
1	0.0688107197	0.1980633159	0.7230308001	0.0000002080	0.0100949562
2	0.0315399072	0.8433259821	0.0110290939	0.1141050167	0.0000000000
0	0.0050869972	0.5836318078	0.2453153077	0.1066373109	0.0593285764
1	0.0000859339	0.7097770322	0.0034360491	0.2853440339	0.0013569509
2	0.0000004290	0.0953025786	0.3947330417	0.5093275535	0.0006363973
0	0.0060130103	0.1703218903	0.4458372818	0.3432973001	0.0345305175
0	0.6958507018	0.0000014567	0.3033450371	0.0000000000	0.0008028044
1	0.0091394875	0.1898733325	0.7984242729	0.0025628980	0.0000000091
0	0.0097465425	0.6589491951	0.3044882731	0.0227636348	0.0040523546
0	0.0101315244	0.6714906393	0.0000094965	0.3183683398	0.0000000000
0	0.0387822083	0.0390856235	0.0000000000	0.0925053388	0.8296268294
0	0.2914874238	0.1655020428	0.0708525621	0.0394272367	0.4327307346
0	0.0430214826	0.0123633377	0.2746908255	0.6699243542	0.0000000000
0	0.0000000000	0.6638820074	0.1450110480	0.0006588258	0.1904481188
0	0.7310275675	0.0480587126	0.1503735161	0.0613067055	0.0092334983
0	0.0139359191	0.6824587038	0.0006876502	0.3028812525	0.0000364744
2	0.0339719598	0.6787704511	0.2305790042	0.0564679625	0.0002106222
1	0.2849748976	0.5106372846	0.1643069848	0.0000000000	0.0400808329
0	0.0130546851	0.0312018455	0.0000363389	0.0008392505	0.9548678800
0	0.1658325056	0.2969833039	0.5004206097	0.0358650313	0.0008985496
0	0.0067651655	0.0172211739	0.1909149027	0.5253384826	0.2597602754
1	0.7274385293	0.0500351157	0.1551097270	0.0000019982	0.0674146298
1	0.0032634102	0.6054977854	0.1146804181	0.2765583862	0.0000000000
1	0.0000008480	0.1101572825	0.3192609212	0.5191398936	0.0514410547
0	0.0100769409	0.9148168313	0.0041637480	0.0548906816	0.0160517982
1	0.2646566574	0.0440863214	0.4608122812	0.2096032218	0.0208415183
0	0.0417418848	0.2463049118	0.1507279938	0.3929114473	0.1683137624
1	0.0000202244	0.8527818023	0.0061256490	0.1138129665	0.0272593577
0	0.0575210940	0.1172469165	0.8208914099	0.0043405795	0.0000000000
1	0.0491071853	0.0361372308	0.0002450230	0.4276791551	0.4868314058
1	0.2694709976	0.0002511443	0.0039841879	0.3098459501	0.4164477201
0	0.0000000000	0.4168907179	0.5831087862	0.0000004933	0.0000000026
0	0.3459937717	0.4557659647	0.0597709983	0.1348461198	0.0036231455
0	0.1051248008	0.0134104812	0.0226471175	0.3134321990	0.5453854016
0	0.0463976647	0.3550176010	0.4209489654	0.0061341332	0.1715016358
0	0.0000000058	0.0000009058	0.0000001397	0.9999978654	0.0000010833
0	0.2727017120	0.0000000000	0.2103697360	0.1535258139	0.3634027380
0	0.0011877522	0.8658277285	0.0223546951	0.0007130826	0.1099167416
0	0.0030936273	0.2204447081	0.1696672295	0.4203541744	0.1864402607
0	0.8680114029	0.0989945594	0.0312527432	0.0000021690	0.0017391255
0	0.0121175848	0.0092268336	0.3150835324	0.6494556140	0.0141164352
0	0.0355504434	0.0699650342	0.2729933708	0.3533676941	0.2681234576
0	0.5697831337	0.2413499084	0.1022991429	0.0030508628	0.0835169522
0	0.2788303081	0.0839136098	0.5686134763	0.0682053090	0.0004372969
0	0.1148988339	0.0147476643	0.0000082687	0.0529444697	0.8174007634
0	0.0000860743	0.7117193618	0.0592369724	0.1035749073	0.1253826842
0	0.0000000000	0.0000000000	0.0000441326	0.9198757469	0.0800801205
1	0.0000014781	0.2788157122	0.0195539915	0.6551412402	0.0464875781
1	0.4660085916	0.0000700968	0.4578356569	0.0325074010	0.0435782537
1	0.4368754663	0.0448173331	0.0005644773	0.4475090559	0.0702336673
0	0.0000039125	0.5960402917	0.2705063172	0.0000000000	0.1334494786
1	0.2093888059	0.1694174871	0.1033602747	0.0062626543	0.5115707779
0	0.0007613854	0.0000105291	0.2579315363	0.7290744122	0.0122221369
1	0.2458038838	0.0020807522	0.5967506528	0.1553647111	0.0000000000
0	0.0363072682	0.4933584872	0.3827675750	0.0000719758	0.0874946938
0	0.0004372396	0.9911576021	0.0041983248	0.0009751996	0.0032316340
0	0.2903021981	0.0676652297	0.0210647968	0.6209455825	0.0000221929
2	0.3428394057	0.0274678103	0.4488482489	0.1808445350	0.0000000002
0	0.0147197859	0.0909612705	0.0003728780	0.0000000000	0.8939460655
0	0.0178530481	0.0712866842	0.6153282377	0.2954490407	0.0000829893
0	0.0463962250	0.0504338396	0.0600959138	0.5407120885	0.3023619330
1	0.1575633672	0.4186417473	0.1720634232	0.1738820316	0.0778494307
0	0.0339413891	0.9634103204	0.0000013674	0.0026469232	0.0000000000
0	0.0309538438	0.3362315477	0.0105960296	0.0259386375	0.5962799414
0	0.0087279957	0.0806871501	0.0185213972	0.8920634566	0.0000000003
0	0.1960136400	0.6856783140	0.0386373313	0.0761737221	0.0034969927
2	0.0003233791	0.2671800886	0.5469850471	0.1599146112	0.0255968739
0	0.0949426266	0.7437613358	0.0055701528	0.0000126632	0.1557132216
0	0.7503442635	0.0946823501	0.0655214959	0.0894518905	0.0000000000
2	0.0014832117	0.9602582355	0.0380476186	0.0000000148	0.0002109194
1	0.0000000000	0.0000312151	0.1107299971	0.7718445392	0.1173942487
0	0.3779797639	0.4898813481	0.1163219130	0.0144750357	0.0013419393
