0	0.4543821682	0.0421209492	0.2436140739	0.2598512484	0.0000315603
0	0.0918323808	0.3305028914	0.0682132558	0.5093288697	0.0001226023
0	0.0001770144	0.0000000000	0.0000000000	0.0429067276	0.9569162580
1	0.0009037697	0.9990875277	0.0000086693	0.0000000333	0.0000000000
1	0.0000000102	0.7060033851	0.1811644974	0.0828905090	0.0299415984
0	0.0003653476	0.2741681071	0.0604970637	0.6649694815	0.0000000000
0	0.0186765807	0.8480239429	0.0869868811	0.0447327942	0.0015798011
1	0.0000127123	0.5241253367	0.2744646085	0.0092878447	0.1921094978
1	0.0034918348	0.0795046006	0.6568318088	0.1620777191	0.0980940367
0	0.0000000219	0.4208639938	0.2284081155	0.3507278688	0.0000000000
0	0.0016354181	0.0554740372	0.3409046042	0.5849927993	0.0169931412
0	0.0695436974	0.6384272299	0.0824660942	0.1286201068	0.0809428718
0	0.0000578189	0.1217972115	0.1080933840	0.7604433415	0.0096082441
0	0.0224179455	0.2758562828	0.5955523658	0.0852883944	0.0208850115
0	0.0001243904	0.5986096432	0.2327237444	0.1595103272	0.0090318948
0	0.0256107716	0.8174178514	0.0000752659	0.0162308140	0.1406652971
1	0.0004096500	0.0905185107	0.0525282881	0.8418252934	0.0147182577
1	0.9536625809	0.0310453421	0.0131644928	0.0021236455	0.0000039387
0	0.5335949185	0.1403102316	0.0000005402	0.3260638724	0.0000304372
0	0.0000030180	0.1069594626	0.0686661039	0.5377732438	0.2865981716
0	0.0002127927	0.0252206778	0.0000116252	0.9127407784	0.0618141260
0	0.0066465687	0.0065335463	0.0999558919	0.8076494699	0.0792145232
1	0.0000110483	0.0001582382	0.2246015368	0.7752291767	0.0000000000
0	0.0085940496	0.0032645209	0.3413214367	0.2764306051	0.3703893878
0	0.0945545709	0.8779159251	0.0238362585	0.0036932455	0.0000000000
0	0.0008294729	0.1535564315	0.0045587990	0.5589962122	0.2820590845
0	0.0707517333	0.4091970191	0.0000410023	0.5182221647	0.0017880806
0	0.1976014056	0.7703664678	0.0045932889	0.0000000000	0.0274388377
0	0.0000000141	0.0710258300	0.8222922792	0.1066818765	0.0000000002
0	0.0000000037	0.7445334795	0.0012912193	0.1570369588	0.0971383386
0	0.0090623948	0.5087388740	0.4760735686	0.0009313051	0.0051938575
0	0.1584673829	0.3100321656	0.3901758500	0.0901480139	0.0511765877
1	0.0000000000	0.1190141930	0.1183348056	0.1196988661	0.6429521353
1	0.2076541873	0.0005711141	0.7782430749	0.0135315799	0.0000000439
0	0.0461343930	0.0000000126	0.0000000000	0.0000000000	0.9538655944
0	0.0357838593	0.1904618070	0.3671752533	0.1822066169	0.2243724635
0	0.0642541392	0.1645677417	0.4417551528	0.1654560264	0.1639669398
0	0.0623258129	0.1384573996	0.1640608856	0.4908593006	0.1442966013
0	0.2396182628	0.4502168802	0.0053036753	0.2836084879	0.0212526939
0	0.0657665040	0.3926305845	0.3266806988	0.0004425540	0.2144796587
0	0.0193888740	0.3948521327	0.5661021999	0.0195979765	0.0000588169
1	0.2237397172	0.6310584453	0.0130141666	0.1309106291	0.0012770418
0	0.0000000019	0.9444514955	0.0006049479	0.0481520137	0.0067915410
1	0.1855661684	0.6969072041	0.0797938417	0.0168052413	0.0209275444
0	0.0484415773	0.4419164975	0.0587193402	0.4508734554	0.0000491295
0	0.0000000317	0.4263664153	0.4050732714	0.1685602651	0.0000000165
0	0.8275207876	0.0233750419	0.0367914014	0.0393069972	0.0730057721
0	0.0000000088	0.7260930816	0.2563003324	0.0035114746	0.0140951027
1	0.0204528420	0.0709627859	0.5055140771	0.1223956333	0.2806746617
0	0.2911967660	0.0471288311	0.0082939257	0.0047911139	0.6485893633
0	0.0053793662	0.0000000000	0.1451740880	0.8480505056	0.0013960402
1	0.0350093714	0.0000000000	0.0765048999	0.8884835928	0.0000021359
2	0.3940209384	0.3890258116	0.0090575427	0.2078957074	0.0000000000
2	0.0000044779	0.3678103144	0.1379016601	0.4511017473	0.0431818003
0	0.0048039723	0.0588534366	0.0150017387	0.3951898553	0.5261509971
0	0.0000212358	0.1500960717	0.0924509303	0.7574305815	0.0000011807
0	0.0000328480	0.0000389310	0.0210198836	0.9774031576	0.0015051798
1	0.0000007195	0.5665339300	0.0037184219	0.4297469285	0.0000000000
1	0.3684484320	0.0042738727	0.1033244177	0.1748848468	0.3490684308
1	0.0468738840	0.8784922781	0.0460654681	0.0000000000	0.0285683699
0	0.2918212865	0.2881423065	0.0000000000	0.3518249267	0.0682114802
0	0.0168840637	0.3289318939	0.0860393178	0.0831021531	0.4850425715
1	0.0217498173	0.1236797233	0.3735780010	0.4809007624	0.0000916960
0	0.0200940213	0.1196525300	0.8002826601	0.0595474212	0.0004233674
1	0.0000797829	0.5876279721	0.3380104812	0.0742814448	0.0000003190
0	0.0735124494	0.3350626976	0.0007981634	0.5806077107	0.0100189790
1	0.0265401485	0.0669715704	0.0348009799	0.8706376030	0.0010496982
1	0.1564828215	0.3078421300	0.0037229183	0.4271565938	0.1047955364
0	0.0043282190	0.9241071864	0.0656218401	0.0059426584	0.0000000961
0	0.0214073038	0.0139404520	0.7278782114	0.2364676259	0.0003064069
0	0.0000017510	0.0397769225	0.5908637573	0.3663607957	0.0029967736
0	0.3064236461	0.2908140879	0.0969687041	0.0034307141	0.3023628478
0	0.0000000000	0.0043750030	0.0812002845	0.2916963796	0.6227283328
1	0.2436112333	0.0412060551	0.0000124071	0.0953573445	0.6198129600
1	0.0000000000	0.7118474835	0.0562306268	0.1766102010	0.0553116887
0	0.0000000081	0.4216141953	0.2444117726	0.1331249504	0.2008490737
1	0.0000000007	0.6347292784	0.2103077585	0.1549251982	0.0000377642
0	0.0000970808	0.2332720340	0.6056137755	0.0993754535	0.0616416562
0	0.0448282835	0.0948939048	0.7468355416	0.1134406054	0.0000016647
0	0.6733890693	0.0000000000	0.0362311693	0.2840712575	0.0063085038
0	0.2734510857	0.0115335342	0.3898344500	0.2071776802	0.1180032499
1	0.0000000000	0.0224370505	0.1197388169	0.8578241326	0.0000000000
0	0.1125838127	0.0358132084	0.7565864260	0.0470253724	0.0479911805
0	0.0557169793	0.0306512303	0.0117480200	0.0164150758	0.8854686946
0	0.6818869187	0.0013644503	0.3153758827	0.0013727483	0.0000000000
0	0.1152420372	0.4873273537	0.0066731489	0.0420955711	0.3486618890
1	0.0386719619	0.1982152706	0.0000000000	0.1303603418	0.6327524257
1	0.0000000000	0.8453564116	0.0939219297	0.0021150803	0.0586065784
0	0.6559014618	0.0613097495	0.2578928505	0.0000006418	0.0248952964
1	0.4249854798	0.5382576053	0.0290434947	0.0076012324	0.0001121879
0	0.0023539997	0.4035124843	0.5439194036	0.0500199672	0.0001941452
1	0.0288284097	0.0561808489	0.7886157378	0.1263750035	0.0000000000
0	0.0612427104	0.0053625556	0.0066514045	0.8059207459	0.1208225836
1	0.1347463315	0.6321269345	0.0093260018	0.1577893427	0.0660113895
0	0.5666844959	0.1007248633	0.3262712770	0.0058220415	0.0004973222
1	0.0000000000	0.0002355524	0.0170960066	0.9824829761	0.0001854649
0	0.0023592077	0.8704803829	0.0449175194	0.0585748741	0.0236680159
1	0.0001336340	0.4302116865	0.2632327377	0.3064207407	0.0000012011
0	0.0000458068	0.8745785532	0.1056990855	0.0106506991	0.0090258553
0	0.0185035627	0.4648274843	0.2130317417	0.2966411959	0.0069960154
