2	0.0792389716	0.7110311338	0.0129757434	0.0413337300	0.1554204213
0	0.3256699388	0.5000536254	0.1261969111	0.0375287192	0.0105508056
1	0.0205234149	0.3465979354	0.0000000013	0.2236206067	0.4092580417
1	0.1005409485	0.0046863225	0.1654842053	0.6905551133	0.0387334103
0	0.0000000000	0.4153502198	0.4544259887	0.0836179305	0.0466058610
0	0.0591400370	0.0244504751	0.0853305451	0.8310352048	0.0000437379
1	0.0347401108	0.7567190660	0.0728944777	0.1113285802	0.0243177653
1	0.0480648442	0.0089535034	0.4917190290	0.4512612499	0.0000013734
1	0.0000000000	0.8444985385	0.1526174181	0.0028840432	0.0000000002
0	0.0000000000	0.4090991810	0.2278597095	0.3562250992	0.0068160104
0	0.3760887570	0.1673853824	0.0277343425	0.4287889897	0.0000025285
1	0.4206005362	0.0000010409	0.0003160973	0.0386766400	0.5404056855
2	0.0000000000	0.9404266278	0.0000024053	0.0108052888	0.0487656782
0	0.0005777682	0.0000000000	0.5475865678	0.4518356352	0.0000000287
0	0.0753534241	0.0168315174	0.7664951718	0.1359661382	0.0053537485
1	0.0811761813	0.2196266856	0.6311409613	0.0487235672	0.0193326046
0	0.0125500087	0.0871482572	0.8822365134	0.0180651755	0.0000000452
1	0.1329538790	0.0003912359	0.0135389711	0.7950757997	0.0580401143
0	0.8831685726	0.0357700219	0.0073495973	0.0737117746	0.0000000336
0	0.2010777953	0.5513024700	0.0088786630	0.2387410536	0.0000000180
0	0.0078840277	0.0067438846	0.5420662511	0.4431498025	0.0001560341
0	0.0000009700	0.0000000000	0.1690196111	0.0359315243	0.7950478945
2	0.0551768101	0.0318600065	0.0036412233	0.8725872861	0.0367346739
0	0.0262751414	0.1151335440	0.2049027817	0.0000097121	0.6536788208
2	0.1585140032	0.0003200601	0.7967528118	0.0404105333	0.0040025915
0	0.3342348641	0.3435676931	0.0205230619	0.0065410069	0.2951333739
0	0.0955286880	0.5436233748	0.1114111382	0.2462878702	0.0031489288
0	0.0000248681	0.4262632517	0.1848049332	0.3576305063	0.0312764408
0	0.0000183710	0.0223750336	0.5710712048	0.3971111393	0.0094242513
0	0.0001623574	0.6977980525	0.0734782666	0.1036585185	0.1249028049
0	0.0004887108	0.0076573222	0.6218778976	0.0028159576	0.3671601118
1	0.0002547886	0.7048219499	0.1576053575	0.1373172609	0.0000006431
0	0.2446369150	0.0231927314	0.0387839836	0.4910786810	0.2023076890
0	0.0239031470	0.3577050405	0.0654609934	0.5380073848	0.0149234342
2	0.0000827607	0.4862154409	0.0083698399	0.4570720689	0.0482598895
0	0.0004595079	0.1085875185	0.0563930474	0.6693776819	0.1651822443
1	0.0018699359	0.3148936908	0.0581893317	0.6250469872	0.0000000545
1	0.0016517424	0.6778753366	0.0763044474	0.2441684736	0.0000000000
0	0.0032750484	0.1886962389	0.0766226374	0.3607217517	0.3706843236
0	0.1792480694	0.2633504574	0.1787890096	0.2737532387	0.1048592249
1	0.8272064005	0.1284481617	0.0075383480	0.0363999700	0.0004071198
0	0.1235735412	0.0263020893	0.3238236596	0.3271347523	0.1991659576
0	0.0000018670	0.0364814563	0.9471646831	0.0160210593	0.0003309344
0	0.0000978937	0.2452259413	0.0649084477	0.6897677172	0.0000000001
1	0.0006273273	0.3352226807	0.1847857155	0.4793639908	0.0000002856
1	0.3299868579	0.1165750493	0.5238678219	0.0031202959	0.0264499750
0	0.0456000713	0.7777811172	0.0000000003	0.0459854527	0.1306333584
0	0.0007623487	0.4926392864	0.4307346769	0.0758636880	0.0000000000
0	0.0036931257	0.1512443663	0.3298688306	0.4906092145	0.0245844629
0	0.0000000000	0.8816803099	0.0755833065	0.0177143088	0.0250220748
0	0.0000012706	0.3996854227	0.3067498999	0.2798267384	0.0137366684
0	0.2149243787	0.0721968520	0.0989326148	0.2933499986	0.3205961559
0	0.0440557607	0.7392051422	0.0000311159	0.1548672556	0.0618407255
0	0.0000000672	0.1448154244	0.6060133828	0.2491711256	0.0000000000
0	0.0029108823	0.7955685834	0.0468805117	0.0088422352	0.1457977874
0	0.8926071111	0.0007560736	0.0006652061	0.0063629817	0.0996086274
2	0.0000000000	0.0529633263	0.1515194755	0.7955168581	0.0000003402
1	0.4128237939	0.0113829141	0.1415998899	0.4341934022	0.0000000000
0	0.6638964073	0.0086644861	0.0024206756	0.0633460435	0.2616723874
0	0.3955034383	0.0308272346	0.0059625821	0.3125508790	0.2551558659
2	0.0000000000	0.9810079245	0.0013776766	0.0176097415	0.0000046575
1	0.0418017647	0.8917920212	0.0326786891	0.0271294405	0.0065980845
1	0.0000014782	0.3456950074	0.0883159632	0.4064190106	0.1595685406
0	0.0049563240	0.7796267098	0.0000898232	0.1975411613	0.0177859816
1	0.2140309507	0.1938522740	0.0000012606	0.4236417594	0.1684737553
0	0.0000343984	0.6668809919	0.3317360221	0.0013485875	0.0000000000
0	0.0283443272	0.0022456178	0.1844463042	0.3432750267	0.4416887241
0	0.0101581949	0.0929689362	0.8923306981	0.0044604062	0.0000817646
2	0.5915550116	0.0011831174	0.2828198169	0.0000326723	0.1244093818
0	0.0265882977	0.1925929039	0.1620821117	0.6187366867	0.0000000000
1	0.0000125492	0.0008848542	0.8807992390	0.0656701628	0.0526331948
0	0.1200752489	0.0848814228	0.7507742393	0.0442690890	0.0000000000
1	0.0000414411	0.2577248296	0.3487801000	0.3880005162	0.0054531131
0	0.0000025595	0.0070901867	0.7408738188	0.0000000000	0.2520334350
2	0.0000000000	0.1746707518	0.7829590681	0.0411573094	0.0012128707
0	0.0254649167	0.4349795308	0.0000000002	0.5395552758	0.0000002765
0	0.0004177146	0.6158630130	0.3419720749	0.0417471333	0.0000000642
1	0.0039209763	0.2163381206	0.2445724611	0.5049191521	0.0302492899
1	0.1391749796	0.3265923308	0.0000000000	0.0161800905	0.5180525991
0	0.0004561214	0.0017224213	0.0629027954	0.7922404106	0.1426782513
0	0.0000000000	0.1996149296	0.1933568359	0.6070282345	0.0000000000
0	0.2264682533	0.1659734915	0.4683077254	0.0738880438	0.0653624859
0	0.7990036400	0.0000078124	0.0021557388	0.1987992143	0.0000335945
0	0.0000095393	0.8859662377	0.0243718898	0.0638784326	0.0257739007
0	0.0000000000	0.8980044410	0.0003415280	0.0360135996	0.0656404315
0	0.0684154153	0.0000071126	0.0068998560	0.8715080336	0.0531695825
1	0.1639409762	0.0002543023	0.8335710262	0.0000005934	0.0022331020
0	0.2396823345	0.0000016011	0.7528617477	0.0074539550	0.0000003618
0	0.0477272255	0.0638907084	0.1084748681	0.0761210859	0.7037861121
1	0.9052377753	0.0090142189	0.0002161003	0.0000002475	0.0855316580
0	0.0073859027	0.0000004688	0.9924368114	0.0000001762	0.0001766409
1	0.0000748553	0.6612044108	0.0734902767	0.1110862873	0.1541441700
1	0.0000000000	0.7783493190	0.2188273007	0.0028233752	0.0000000050
0	0.0011086129	0.6006238816	0.3536066466	0.0209936734	0.0236671854
0	0.0000000250	0.2144723533	0.7135584382	0.0003445312	0.0716246524
0	0.0585841522	0.0032488875	0.0000005898	0.8506672400	0.0874991305
0	0.1508833577	0.2171543582	0.3918510502	0.2283336443	0.0117775897
0	0.6014472922	0.0006102200	0.0842118902	0.3137073185	0.0000232792
0	0.0002696424	0.6306446503	0.2237067166	0.1283811827	0.0169978080
0	0.0603580116	0.0506552175	0.0038137057	0.8000148154	0.0851582498
