0	0.0000000000	0.3072121434	0.2368157762	0.4465770263	0.0093950541
0	0.2738518884	0.3222019964	0.0000000000	0.0717424030	0.3322037123
1	0.0057815921	0.0739078953	0.8646691677	0.0000001257	0.0556412193
0	0.0790963092	0.1879289638	0.6660772379	0.0112320769	0.0556654122
0	0.0105872542	0.0047364608	0.0611479278	0.9186663615	0.0048619957
1	0.0002784326	0.6589513165	0.0059678306	0.0000000000	0.3348024202
0	0.0035795851	0.8236704792	0.0450218189	0.1277281168	0.0000000000
1	0.0503088691	0.8571254022	0.0146735878	0.0778921409	0.0000000000
1	0.0017890022	0.1706024926	0.1383399076	0.6892685975	0.0000000001
1	0.0000000000	0.4850128222	0.5142495217	0.0000000366	0.0007376196
0	0.0065503666	0.1413012537	0.0151199744	0.2345173221	0.6025110832
0	0.0075446685	0.6430290150	0.0665678127	0.0002041627	0.2826543411
1	0.0198023506	0.0012118473	0.0040808280	0.5781079629	0.3967970112
1	0.0347184689	0.0073766649	0.0227975688	0.9174552328	0.0176520646
0	0.0617132850	0.0271704295	0.2938513799	0.6051416798	0.0121232258
2	0.1538744587	0.0348278251	0.4166189712	0.3874036001	0.0072751448
1	0.5253125844	0.1595659634	0.0500385412	0.1277428929	0.1373400182
0	0.0868017986	0.0860332588	0.3111876054	0.5041785694	0.0117987679
1	0.1655883184	0.0085714261	0.0168420208	0.0842805683	0.7247176664
1	0.1243346612	0.3675144343	0.0429626320	0.4649461813	0.0002420912
0	0.0000000089	0.1023233266	0.6194234858	0.2624866406	0.0157665380
0	0.0161627022	0.0912172402	0.8850871193	0.0074915561	0.0000413822
0	0.0176460236	0.5009255177	0.0792236952	0.4018664014	0.0003383622
0	0.0122551708	0.2239850168	0.2344554948	0.0858778599	0.4434264576
1	0.0000000000	0.3161187604	0.1919677669	0.4919134669	0.0000000058
0	0.6033552656	0.0079288898	0.0000000007	0.3125043944	0.0762114496
1	0.0000002113	0.1025272373	0.5083267671	0.3871385061	0.0020072781
0	0.0000000631	0.0046708939	0.0093024547	0.9851950115	0.0008315767
0	0.0000000000	0.5448913240	0.0000000000	0.4550844215	0.0000242546
1	0.0000142196	0.4693227377	0.1319252358	0.3987201823	0.0000176246
0	0.0483577668	0.6583240583	0.0931759563	0.1979934029	0.0021488158
0	0.0003481757	0.0136309662	0.0038244805	0.8881193117	0.0940770659
0	0.0000589285	0.0001014237	0.5181836114	0.0437666314	0.4378894051
2	0.0000000000	0.4669832686	0.4232480541	0.0963567801	0.0134118972
1	0.0096244532	0.0817356661	0.0730885050	0.7336191659	0.1019322098
0	0.0220183079	0.5015110563	0.3741932981	0.0000049855	0.1022723523
1	0.4210685300	0.2736635821	0.0380653570	0.2660728536	0.0011296773
0	0.0000569740	0.7748004434	0.2025966266	0.0225456995	0.0000002565
0	0.0555515224	0.3019743147	0.3517982282	0.2457751653	0.0449007695
0	0.0010786777	0.0001288513	0.3248230431	0.1159348341	0.5580345938
1	0.0000001889	0.0012103127	0.0080255007	0.9907639976	0.0000000000
0	0.0133706129	0.0543398586	0.8799563036	0.0515760355	0.0007571894
0	0.0240491423	0.4876562873	0.0442813383	0.3765262101	0.0674870220
0	0.0006046876	0.1013282052	0.8917855180	0.0000002154	0.0062813738
1	0.0000000044	0.8734933699	0.0000000000	0.1265037231	0.0000029027
0	0.1046003524	0.5210572940	0.0143927586	0.3431719936	0.0167776013
1	0.6074812876	0.1567687508	0.1611729773	0.0745769842	0.0000000000
0	0.0720086631	0.0552583214	0.5224579662	0.1853828603	0.1648921890
0	0.0000000571	0.7407869097	0.0981434304	0.1499201359	0.0111494669
0	0.2694692833	0.3938310466	0.2657586742	0.0259189536	0.0450220424
0	0.0696224277	0.5459361166	0.1724864600	0.2119097601	0.0000452355
0	0.0240777722	0.9620432057	0.0001189590	0.0132945867	0.0004654764
1	0.0837646949	0.6222650286	0.0210874528	0.1237837841	0.1490990396
2	0.3303691271	0.4228554088	0.0814722378	0.0544191676	0.1108840587
1	0.0011982402	0.0001752387	0.1617865362	0.8368397328	0.0000002521
0	0.0000033510	0.0210569457	0.6986892415	0.2802504618	0.0000000000
0	0.0033369125	0.9598625581	0.0000003473	0.0175060113	0.0192941708
1	0.0269959800	0.4218062396	0.3053559898	0.1024616839	0.1433801068
0	0.0390953538	0.1394908025	0.1463794971	0.0000000000	0.6750343465
0	0.3154187882	0.0424597841	0.1029835376	0.5391127615	0.0000251286
0	0.0727899327	0.0349875441	0.0747967417	0.0132316953	0.8041940862
0	0.2844862096	0.0408463278	0.0000782710	0.6745891916	0.0000000000
0	0.0475748687	0.1255774713	0.4566569785	0.3684047339	0.0017859475
0	0.0000000023	0.9749785370	0.0248924153	0.0001278917	0.0000011536
1	0.1674287890	0.0642233302	0.1271337186	0.6320964497	0.0091177126
1	0.1874902183	0.1750022622	0.0054749636	0.3764598469	0.2555727090
0	0.0000000000	0.6551248481	0.2569732246	0.0626565182	0.0252454091
0	0.0841444033	0.1997107038	0.2846951601	0.3262140674	0.1052356654
0	0.0135240858	0.2296106400	0.0806997010	0.5019061654	0.1742594078
0	0.0000000000	0.0000415561	0.0000000000	0.9650759189	0.0348825250
0	0.0002127841	0.9945423435	0.0043041996	0.0001261490	0.0008145238
0	0.0000000000	0.9759717876	0.0001347054	0.0238912153	0.0000022917
0	0.1415314686	0.2467927891	0.0046105965	0.6024208749	0.0046442708
0	0.0000027433	0.2894235425	0.4111973520	0.2993657619	0.0000106002
1	0.0221823582	0.4638598688	0.1646619495	0.0030521378	0.3462436857
1	0.5316719809	0.0839476417	0.1885071110	0.0543126741	0.1415605924
0	0.0000000000	0.0000000146	0.1236277243	0.8579561120	0.0184161491
0	0.0000000000	0.2965413029	0.0378039212	0.6654372989	0.0002174771
0	0.0013589411	0.0095782558	0.0897579480	0.8993045592	0.0000002959
0	0.0000138899	0.0308254669	0.5038348343	0.4653258076	0.0000000014
2	0.6564914764	0.1608284473	0.0008816690	0.0024390169	0.1793593904
0	0.0000941932	0.0011128567	0.7469276162	0.2518653339	0.0000000000
0	0.0000007140	0.2631045903	0.0356278142	0.5907228647	0.1105440167
1	0.1328612998	0.8147904972	0.0138934212	0.0222276634	0.0162271184
1	0.0661387172	0.0000000000	0.1659310623	0.7679302089	0.0000000115
0	0.0526824361	0.5276147491	0.0347748265	0.3849279883	0.0000000000
1	0.3570160893	0.4640095532	0.0008418552	0.0115395663	0.1665929361
2	0.0028542952	0.0003112525	0.0254852654	0.8792185616	0.0921306253
1	0.4528522915	0.5034612634	0.0000019716	0.0155635862	0.0281208874
1	0.1663689992	0.3598512876	0.4275820924	0.0364996091	0.0096980116
1	0.0177584165	0.2974591760	0.4872664446	0.1633599555	0.0341560073
2	0.0000000000	0.3999255688	0.1024810902	0.3330591643	0.1645341767
1	0.3189579985	0.0095880070	0.1548405868	0.2748212618	0.2417921459
2	0.0000000007	0.9642326099	0.0000000000	0.0357673894	0.0000000000
0	0.0387727742	0.0000006352	0.1702768861	0.0003126476	0.7906370570
0	0.0067425578	0.0033028399	0.9899102473	0.0000437359	0.0000006191
2	0.0031708706	0.0072538301	0.9502030204	0.0131884213	0.0261838577
1	0.0000214047	0.0706946267	0.7359679684	0.1356896050	0.0576263952
0	0.1261391862	0.4981823555	0.2247175256	0.1508940998	0.0000668328
0	0.0269619117	0.7996565968	0.0974383267	0.0758348919	0.0001082729
