0	0.0000000350	0.0073537343	0.8926457963	0.0741281511	0.0258722833
0	0.0336159959	0.9282858861	0.0121779018	0.0181936777	0.0077265386
0	0.1371043405	0.1264002345	0.7226491149	0.0126101594	0.0012361507
0	0.0000043101	0.1715563261	0.6238244598	0.1309718479	0.0736430561
1	0.0108610864	0.3398609987	0.1903830009	0.4423961711	0.0164987428
1	0.0694489727	0.0976165487	0.1082475117	0.6203806573	0.1043063095
0	0.0984169804	0.7062948859	0.0029893156	0.1756854319	0.0166133861
0	0.0000000000	0.9470884232	0.0457226386	0.0044975957	0.0026913426
1	0.0233281078	0.9628461854	0.0000139211	0.0137965099	0.0000152758
0	0.0000262901	0.0013188290	0.5117466474	0.4869082308	0.0000000028
1	0.6150026986	0.1592008886	0.1953085462	0.0001880532	0.0302998134
0	0.2374037650	0.1389658240	0.2074919405	0.4032801787	0.0128582917
0	0.0787524205	0.8016659295	0.0388855341	0.0000000000	0.0806961159
0	0.3154272444	0.4222116660	0.0148274098	0.2242275619	0.0233061179
0	0.0364115883	0.2884600590	0.1877737426	0.4873533492	0.0000012610
0	0.0087811010	0.8439183547	0.1471081265	0.0000002486	0.0001921692
0	0.0127341481	0.0380284134	0.3332183820	0.6143427555	0.0016763011
0	0.0000619072	0.6149584529	0.0844201389	0.0000000001	0.3005595009
2	0.0000000000	0.8184522650	0.0000136534	0.0705751606	0.1109589210
0	0.1298612404	0.1663730135	0.6024057630	0.0001261768	0.1012338064
1	0.0026966187	0.0696700963	0.0411453798	0.8864802563	0.0000076488
0	0.0008214818	0.7539501657	0.0103043934	0.1207634514	0.1141605076
0	0.6342246734	0.1754500647	0.1384746812	0.0505416327	0.0013089480
1	0.3495960581	0.6425971177	0.0007339680	0.0031530321	0.0039198241
0	0.0017436878	0.3545275145	0.6400536137	0.0036750960	0.0000000880
1	0.9026568344	0.0219858452	0.0033617772	0.0000000591	0.0719954841
1	0.0090253987	0.3254394207	0.6655351806	0.0000000000	0.0000000000
2	0.0000000000	0.2970695187	0.0165776624	0.2292172208	0.4571355981
0	0.0000221497	0.5831536551	0.1276226427	0.0070522301	0.2821493224
0	0.0002692249	0.0571722531	0.0318491508	0.8809067129	0.0298026582
1	0.0120923351	0.0071969026	0.2554829977	0.4459190534	0.2793087111
0	0.0000000000	0.0216980998	0.6236945987	0.1620439210	0.1925633805
0	0.0000838023	0.2102770349	0.0032320253	0.6944596573	0.0919474802
0	0.6884718580	0.2393353607	0.0721927811	0.0000000000	0.0000000002
0	0.4024240978	0.0025385060	0.0001308478	0.5946043812	0.0003021672
1	0.0000001532	0.4467858710	0.0529547582	0.2309796767	0.2692795410
0	0.3266374329	0.0040984290	0.1530526469	0.5073814153	0.0088300758
0	0.3290015969	0.0153687066	0.0399897066	0.5066603424	0.1089796475
0	0.0290722047	0.8319408116	0.0003221076	0.1370669981	0.0015978779
1	0.0244089637	0.1091187260	0.0066642956	0.3658803584	0.4939276562
0	0.0613273422	0.0004100625	0.0789470823	0.0806822785	0.7786332345
0	0.0055721352	0.8995945886	0.0012650380	0.0878486831	0.0057195550
0	0.0550561845	0.8948066615	0.0500801629	0.0000011957	0.0000557954
1	0.1368357776	0.0000000046	0.0000000574	0.4793638084	0.3838003520
1	0.2539767794	0.2788060445	0.2195147982	0.2335959274	0.0141064504
0	0.1582784743	0.5384571505	0.2185080977	0.0802327334	0.0045235441
0	0.0000000000	0.5673645866	0.1417639792	0.2908713528	0.0000000814
0	0.3827111774	0.5913572268	0.0149764849	0.0000000000	0.0109551109
1	0.0014299437	0.0656385490	0.9322868072	0.0006447000	0.0000000000
0	0.0002348918	0.7051472997	0.1565210413	0.1274804375	0.0106163298
0	0.0015769505	0.1682475340	0.4892184069	0.1995144678	0.1414426408
0	0.0355120985	0.8529655234	0.0094241499	0.1020982282	0.0000000000
0	0.4780864121	0.0759533067	0.0256435334	0.4200218516	0.0002948961
1	0.7569434370	0.0836960654	0.1388265128	0.0199417339	0.0005922509
0	0.0328363174	0.0140823888	0.2141558508	0.4292824483	0.3096429946
1	0.0005742007	0.3015787182	0.0327485597	0.3110802880	0.3540182333
1	0.8323779393	0.0649687341	0.0362862669	0.0619613887	0.0044056709
0	0.0174366138	0.3453757264	0.4193465970	0.1565366792	0.0613043836
0	0.0212306894	0.0960470636	0.8013058891	0.0814163574	0.0000000005
1	0.0000738071	0.3364899218	0.6518828883	0.0114367681	0.0001166148
1	0.0348394373	0.5477913892	0.0751657463	0.3420840715	0.0001193557
0	0.1640718253	0.8167459402	0.0015390176	0.0176432169	0.0000000000
0	0.1490501961	0.1563760251	0.0025679840	0.2211421560	0.4708636388
0	0.0000137599	0.2609438907	0.5653116419	0.1620230787	0.0117076287
0	0.1821354314	0.0164091304	0.5967262630	0.0115630442	0.1931661310
0	0.2254172060	0.4810094216	0.0000008563	0.2935725162	0.0000000000
1	0.3446746734	0.2672753877	0.2116250646	0.0819455163	0.0944793581
0	0.0469895982	0.1385095096	0.7373239357	0.0771769565	0.0000000000
1	0.0152769579	0.0406864891	0.0929836131	0.8508387866	0.0002141532
0	0.0000602232	0.4189136122	0.0000000000	0.4902762003	0.0907499643
0	0.0225525904	0.1021724154	0.7485370055	0.1225854461	0.0041525426
0	0.2789910631	0.0001543382	0.0125682260	0.7081019459	0.0001844268
0	0.0000079448	0.6136406515	0.0355757913	0.2501015986	0.1006740137
0	0.0000461149	0.0312172790	0.0000000000	0.5942597768	0.3744768293
0	0.2006162726	0.5888214490	0.1939590775	0.0155825580	0.0010206429
0	0.0040781523	0.0638108013	0.2161258959	0.6893400888	0.0266450617
0	0.6602557619	0.3375967110	0.0020035211	0.0001440036	0.0000000023
0	0.2588201880	0.6133943155	0.1263595728	0.0012918489	0.0001340749
0	0.0002289433	0.0020385657	0.7466761043	0.2510563867	0.0000000000
0	0.0000727076	0.9577100407	0.0088527425	0.0299951444	0.0033693648
2	0.0006062034	0.1916062742	0.2859947765	0.5217890375	0.0000037083
0	0.0004534251	0.5585247109	0.0162668071	0.0689023191	0.3558527378
1	0.0000000000	0.4075697687	0.5439196450	0.0091829420	0.0393276443
0	0.0000068732	0.6230806394	0.0059357199	0.0069340316	0.3640427359
0	0.0675626487	0.8653543084	0.0172540139	0.0238480891	0.0259809399
0	0.0162499658	0.0049697368	0.8310557112	0.1341869882	0.0135375980
0	0.0111669164	0.7246483387	0.0000000038	0.2088085352	0.0553762058
1	0.0000000000	0.9668186465	0.0000000000	0.0331813496	0.0000000039
0	0.0476465958	0.0520080427	0.3075761012	0.4975908807	0.0951783796
0	0.0105826275	0.2579536019	0.5126594683	0.2188043021	0.0000000002
0	0.0289811708	0.0041804468	0.5416403706	0.4251980117	0.0000000000
0	0.0000000000	0.4750430700	0.0069606697	0.4991152523	0.0188810080
1	0.0000000000	0.0053956737	0.9788360654	0.0069425672	0.0088256936
1	0.0666616916	0.0266862719	0.8420059454	0.0277109153	0.0369351758
1	0.0033196523	0.0270560163	0.9565862565	0.0086689977	0.0043690771
2	0.0000000000	0.8788467070	0.1090372414	0.0120912467	0.0000248048
1	0.0049689380	0.2470496679	0.0000001501	0.7477988337	0.0001824104
1	0.9996601178	0.0000000156	0.0000000000	0.0000301650	0.0003097016
0	0.0317417741	0.0555601392	0.3638496827	0.5277248845	0.0211235195
0	0.5492388784	0.3717269868	0.0720631228	0.0062432138	0.0007277982
