2	0.7659656125	0.0000000943	0.0196070310	0.2144272622	0.0000000000
1	0.0002043425	0.0000793514	0.0353652752	0.9643505455	0.0000004855
0	0.2901777823	0.1033953508	0.1296317046	0.0554943621	0.4213008001
0	0.0021856895	0.8904895379	0.0162554476	0.0014836071	0.0895857178
1	0.0000011606	0.1545516007	0.0104243291	0.8350229095	0.0000000000
0	0.0586337431	0.2870189296	0.4382574689	0.2159551026	0.0001347557
0	0.0006584793	0.0005886139	0.3055794449	0.4294049160	0.2637685458
1	0.1079106169	0.7814282965	0.0018677264	0.1075416009	0.0012517594
0	0.0482726259	0.0537227657	0.0000000000	0.7768555002	0.1211491082
0	0.0000000000	0.7515456306	0.0116585703	0.1388166443	0.0979791548
0	0.0070633828	0.3800843019	0.3309571022	0.2759975930	0.0058976202
1	0.0019862081	0.2930164714	0.0721839847	0.1353515649	0.4974617709
1	0.0000000161	0.5194987239	0.0003737826	0.4800699130	0.0000575644
1	0.0104425706	0.0420890293	0.9215315059	0.0079089922	0.0180279020
0	0.0005526848	0.6877930956	0.2707113123	0.0398008810	0.0011420263
1	0.3145397036	0.3651922103	0.1183776498	0.1866097790	0.0152806572
1	0.0562027987	0.1876609899	0.3548394790	0.0331903529	0.3681063795
0	0.3439461223	0.1156700099	0.3037606490	0.0542493870	0.1823738318
0	0.2868376093	0.5010270419	0.0004442341	0.2116906158	0.0000004989
0	0.0337192121	0.4974031712	0.4688320853	0.0000000000	0.0000455314
1	0.0121202611	0.2285924386	0.6201487840	0.0004001151	0.1387384012
0	0.0184873475	0.7816549127	0.0391493599	0.0672984321	0.0934099477
0	0.1950443367	0.1053715616	0.6025244534	0.0006149710	0.0964446772
0	0.0877069751	0.0092376081	0.4104742646	0.1060229362	0.3865582160
0	0.2549744585	0.0877417692	0.2353346751	0.3101707115	0.1117783856
0	0.2485151547	0.6127530951	0.0000414340	0.1360911558	0.0025991604
1	0.0658181645	0.3556892160	0.0419166265	0.4028749200	0.1337010731
0	0.0962503433	0.0095518459	0.5253020181	0.2073177163	0.1615780763
0	0.1156579947	0.0911389306	0.4404349317	0.3428474374	0.0099207056
1	0.0000000071	0.0215437816	0.7744011231	0.2040528917	0.0000021965
1	0.0052024288	0.0393936313	0.6465367950	0.0604028314	0.2484643134
0	0.0000000003	0.1315289008	0.1921983658	0.0005171685	0.6757555645
0	0.0005676081	0.2125115021	0.1141007759	0.6715171328	0.0013029811
0	0.0000000166	0.9661505782	0.0224242068	0.0114251983	0.0000000000
0	0.0086721526	0.0011993727	0.5165528643	0.3256381431	0.1479374671
0	0.0000000017	0.3147128306	0.6270892315	0.0577746520	0.0004232842
0	0.1280391801	0.8673271279	0.0000474174	0.0015549599	0.0030313147
0	0.0202619278	0.7540776163	0.1795720384	0.0024184526	0.0436699650
0	0.0006511762	0.1853651193	0.2631168690	0.0398901963	0.5109766392
1	0.0803727273	0.8011337093	0.0013483470	0.1161058861	0.0010393303
0	0.2090185431	0.0425785596	0.1928539094	0.5437491911	0.0117997969
1	0.0000000000	0.2570034563	0.0369053701	0.0019348087	0.7041563649
0	0.3068025844	0.3243420935	0.1555383807	0.1417886409	0.0715283005
0	0.1746700581	0.6054022775	0.1485828701	0.0582995818	0.0130452125
2	0.0002406403	0.0325782276	0.9637400386	0.0034410906	0.0000000029
1	0.0013513300	0.0147153034	0.6920535334	0.1918486257	0.1000312075
0	0.0694651433	0.3563305453	0.2245405640	0.2619262184	0.0877375289
0	0.0000013729	0.1469410556	0.8512075589	0.0018429981	0.0000070145
0	0.0010787820	0.6250666656	0.1680450746	0.2004135537	0.0053959242
1	0.1613676006	0.0021758163	0.0646658409	0.2017356403	0.5700551019
0	0.3190180267	0.1274688688	0.4223043728	0.1312087251	0.0000000065
1	0.1724753224	0.0881354492	0.3918171381	0.2561134975	0.0914585927
1	0.2622857729	0.2858051376	0.0000005746	0.1030942909	0.3488142240
0	0.0331647543	0.1309980917	0.0262125932	0.8093914411	0.0002331198
0	0.0002113849	0.1205064087	0.8792620249	0.0000201815	0.0000000000
0	0.0002533252	0.0104061050	0.1130762481	0.8757537008	0.0005106209
1	0.0003186121	0.1917729435	0.0042692702	0.0032942977	0.8003448765
0	0.0004528505	0.6154462746	0.1113849705	0.2697004965	0.0030154079
1	0.0019547892	0.0000303875	0.2496428132	0.6162905847	0.1320814254
0	0.0000000000	0.4087987344	0.0077077045	0.3657899244	0.2177036366
1	0.1098487681	0.8515326150	0.0155599417	0.0083004424	0.0147582328
0	0.0000003404	0.5661800444	0.2268566532	0.2069629619	0.0000000000
1	0.0000135011	0.4161100376	0.5120564568	0.0512303619	0.0205896425
0	0.0313713116	0.0154536324	0.4084379161	0.3872915281	0.1574456119
1	0.4103253198	0.0295693456	0.0292608425	0.0027128538	0.5281316383
1	0.0128567632	0.5222215580	0.0706522341	0.2152728201	0.1789966247
1	0.1875870452	0.5919043043	0.0000000790	0.0430718296	0.1774367418
0	0.6146056127	0.0799930099	0.1661968582	0.0111800987	0.1280244206
0	0.0254426307	0.1911434177	0.0205175330	0.5574562958	0.2054401228
0	0.0002029089	0.8198512201	0.0361085138	0.1344556261	0.0093817310
0	0.0000000000	0.5300386560	0.4643702170	0.0043822456	0.0012088814
0	0.0017709896	0.3014127818	0.6269175877	0.0634384553	0.0064601856
0	0.3900277743	0.3157926229	0.0013776209	0.2548904039	0.0379115781
0	0.1103988235	0.1653392525	0.1976535382	0.5265872339	0.0000211520
0	0.1249161357	0.0004433270	0.0131249975	0.8020720934	0.0594434463
0	0.1699300635	0.0409857888	0.7631783913	0.0062719585	0.0196337978
0	0.0010121048	0.5479109502	0.1319537747	0.3191227270	0.0000004432
0	0.0002728004	0.1049098435	0.8743636998	0.0204536563	0.0000000000
0	0.0913041674	0.0576352541	0.2700381045	0.5204634983	0.0605589758
0	0.0153328282	0.1789207892	0.0000121737	0.8057342089	0.0000000000
0	0.0176993065	0.4821419339	0.0870994235	0.3605295704	0.0525297657
0	0.0000193509	0.2886942493	0.4857081422	0.0718180841	0.1537601735
0	0.0000391510	0.0000721447	0.0000016398	0.7029504805	0.2969365841
0	0.0001369842	0.0453703545	0.0592324578	0.0392091547	0.8560510488
1	0.9503684542	0.0168160971	0.0290545003	0.0035549055	0.0002060429
0	0.0000000015	0.4678221153	0.5019262170	0.0000000113	0.0302516549
0	0.1012933308	0.2867934896	0.6117718654	0.0000707611	0.0000705531
1	0.0836004308	0.0145223139	0.0067543521	0.8937348534	0.0013880498
2	0.2531382558	0.0001378204	0.1830199383	0.1275133319	0.4361906536
0	0.0042103827	0.1979890941	0.4092555066	0.2730125631	0.1155324534
1	0.0791748212	0.5334432978	0.0861807717	0.0626131121	0.2385879972
0	0.0280994188	0.2825759934	0.3779015242	0.1267689761	0.1846540876
0	0.4005471152	0.2860482268	0.2505561420	0.0415323328	0.0213161832
1	0.0008323158	0.0053386099	0.1514352117	0.8423938609	0.0000000016
0	0.0000000000	0.4760858220	0.0228737995	0.0745169961	0.4265233822
2	0.5736851973	0.0216370529	0.0538168645	0.1050096354	0.2458512500
1	0.7698089704	0.0137968983	0.0640804075	0.1244259732	0.0278877506
0	0.0559256166	0.0194379896	0.9232879512	0.0001700143	0.0011784283
1	0.0257962191	0.5165121972	0.1132274338	0.0091605707	0.3353035792
0	0.0000000248	0.5765000060	0.3126971252	0.0096392388	0.1011636052
