1	0.0254200068	0.7286798697	0.1664556424	0.0740495038	0.0053949775
1	0.5612711253	0.0000568286	0.0278757457	0.3157541609	0.0950421395
0	0.1603831954	0.5841816403	0.0064837518	0.2489490509	0.0000023616
0	0.0000000000	0.1452097413	0.8517585809	0.0004097096	0.0026219681
0	0.0000203407	0.9800245019	0.0193783229	0.0005482850	0.0000285495
1	0.0375575118	0.0221700021	0.9031330664	0.0293238584	0.0078155613
0	0.1466665011	0.4366331855	0.1736091438	0.2430911696	0.0000000000
2	0.2531914016	0.1244433486	0.4588099549	0.0516572218	0.1118980731
0	0.2105055422	0.0846393479	0.0030343094	0.4357995488	0.2660212517
0	0.0049489850	0.2683459240	0.6553604281	0.0300991157	0.0412455472
1	0.0023011460	0.0484810554	0.0507758110	0.8970635995	0.0013783881
1	0.5244320288	0.4452483992	0.0000000007	0.0278511765	0.0024683949
1	0.0004639240	0.0005082994	0.3138436861	0.5164024879	0.1687816025
0	0.0589423720	0.9130945454	0.0097923884	0.0179151340	0.0002555602
0	0.5265732276	0.0902093672	0.0000002751	0.3830364620	0.0001806681
0	0.0000000000	0.5796143169	0.0284224945	0.3918953513	0.0000678373
1	0.0518037749	0.4810226158	0.0009571923	0.4658273105	0.0003891065
1	0.0379810667	0.8572405081	0.0291668836	0.0756115417	0.0000000000
1	0.0000000000	0.3261088184	0.2856408479	0.2604548367	0.1277954970
1	0.0211924682	0.1970585252	0.0627454279	0.4511681939	0.2678353848
0	0.0038090958	0.4021543344	0.4440312257	0.0000041460	0.1500011981
1	0.0495622038	0.1087643307	0.0952865353	0.7281591072	0.0182278229
0	0.0000000055	0.3773765630	0.3108240684	0.3014309442	0.0103684189
1	0.1088043656	0.8473186852	0.0252136640	0.0151771086	0.0034861766
0	0.0430552633	0.1465925836	0.1447532833	0.1435082358	0.5220906340
0	0.0000786054	0.0031051795	0.9472286285	0.0190721211	0.0305154654
1	0.0000888705	0.2538835638	0.7327821333	0.0131895969	0.0000558355
1	0.6388478825	0.1210106063	0.1896697909	0.0495891484	0.0008825720
1	0.0938016161	0.2181466372	0.1203857878	0.3966856371	0.1709803218
1	0.2222682801	0.2086191880	0.3554108119	0.2137017200	0.0000000000
0	0.0010767094	0.1391124796	0.0258399379	0.4025589426	0.4314119305
0	0.1359528730	0.3613297181	0.1566290817	0.3460323783	0.0000559490
0	0.0156868323	0.0128054027	0.2305101396	0.7409976254	0.0000000000
1	0.0593465442	0.1826336780	0.1170572115	0.6407754724	0.0001870940
0	0.0261308720	0.0000000000	0.2298315354	0.4236087949	0.3204287978
0	0.3420618646	0.5770162530	0.0691845153	0.0069084535	0.0048289135
0	0.1190661013	0.3078418917	0.0442647897	0.5272367769	0.0015904404
0	0.0640082459	0.0727266416	0.5388460724	0.0279057324	0.2965133077
0	0.0000000065	0.0037281514	0.2205008597	0.7726435355	0.0031274469
0	0.0419035715	0.3932257706	0.1018945190	0.2116344253	0.2513417136
0	0.0684847398	0.0752215849	0.0001445280	0.6711547283	0.1849944190
0	0.0673855688	0.5090803059	0.0404943258	0.0006495529	0.3823902467
1	0.1099888617	0.5602759539	0.1116788176	0.1936478372	0.0244085296
1	0.0000039712	0.9389746826	0.0000000821	0.0604552218	0.0005660423
0	0.2002112638	0.6794369178	0.0055242994	0.0000009173	0.1148266017
0	0.0000000095	0.2258854753	0.1801784608	0.5939357366	0.0000003177
0	0.0229521506	0.0007373518	0.2690613123	0.7053820852	0.0018671001
0	0.0000000000	0.9519439884	0.0018043494	0.0462516622	0.0000000000
0	0.0000000067	0.9571236803	0.0428755844	0.0000007286	0.0000000000
1	0.0000000000	0.5595952499	0.1346454457	0.3020330993	0.0037262051
0	0.0907625703	0.2830587570	0.0152262944	0.0661290530	0.5448233253
1	0.0000024223	0.0344919748	0.0001206428	0.7873876404	0.1779973198
1	0.0027143415	0.0000317844	0.9972209249	0.0000329213	0.0000000279
1	0.0006335106	0.5640206466	0.1509935642	0.0810356749	0.2033166036
0	0.0139368218	0.8189854653	0.0608047214	0.1062399660	0.0000330255
1	0.0004362114	0.6021641294	0.3642817444	0.0285996686	0.0045182461
0	0.0000057979	0.0111642865	0.5213186871	0.4674851264	0.0000261021
0	0.0000546116	0.0329154762	0.0000030316	0.9670242690	0.0000026115
0	0.0715056024	0.1439243776	0.0000000000	0.7842958482	0.0002741718
0	0.0000000000	0.1269027813	0.3456271669	0.2792125102	0.2482575416
1	0.0000591829	0.0539980954	0.4379641381	0.3998321529	0.1081464307
0	0.3161816039	0.4367434097	0.0156972796	0.0086648028	0.2227129040
2	0.3163997166	0.4224447900	0.1683993779	0.0002565196	0.0924995959
1	0.0000000014	0.5106446138	0.1583501289	0.0035431342	0.3274621217
1	0.0000671025	0.2258294177	0.4391525166	0.3214982596	0.0134527036
0	0.1655236120	0.5217129739	0.0011696938	0.0125632121	0.2990305082
1	0.1073517400	0.0165821733	0.0471202701	0.8260288141	0.0029170025
0	0.4733528515	0.0000022494	0.3900356055	0.1103703077	0.0262389858
0	0.0222305023	0.0140356944	0.5813527012	0.3699099152	0.0124711869
0	0.0248035011	0.7443304441	0.1395676353	0.0775181391	0.0137802803
0	0.5020300732	0.2481961734	0.1274693530	0.1223044003	0.0000000000
1	0.4940318125	0.0003468179	0.3065338401	0.0998845740	0.0992029554
0	0.0474253022	0.0002499359	0.0998696511	0.8116202328	0.0408348781
1	0.0307917773	0.0000000085	0.6514235772	0.2850065841	0.0327780529
2	0.0000000000	0.1121092798	0.0023240635	0.8855283797	0.0000382770
0	0.0012458616	0.1984351232	0.1158400921	0.6814525262	0.0030263970
0	0.0000000136	0.0518166876	0.1287332805	0.7793577266	0.0400922917
0	0.0036124969	0.8649753070	0.0105970257	0.1208151704	0.0000000000
0	0.0003469369	0.5507664030	0.3044754189	0.0008004513	0.1436107898
0	0.0247314877	0.6290177725	0.0026804354	0.3406125077	0.0029577968
1	0.0000000000	0.0098368226	0.3228963057	0.6451444828	0.0221223889
0	0.0483673910	0.6485858806	0.0002183835	0.0250537074	0.2777746376
0	0.0560598520	0.1819293311	0.0009022995	0.3104605621	0.4506479553
0	0.0051901466	0.0187413854	0.5632943431	0.4114520802	0.0013220448
2	0.0303513936	0.4653485486	0.1652574992	0.3340213054	0.0050212532
0	0.3258610947	0.3683835784	0.0245996643	0.2811545258	0.0000011368
1	0.0000008537	0.1765317622	0.0688118085	0.6637179275	0.0909376481
0	0.0000100657	0.1855547261	0.7286803967	0.0651795700	0.0205752416
1	0.2369685686	0.1372017028	0.5593470605	0.0004946556	0.0659880124
0	0.0000000025	0.0022793411	0.1929931980	0.3670618493	0.4376656092
1	0.0381388719	0.0667136859	0.8702433908	0.0248973908	0.0000066606
1	0.1895961274	0.0877165894	0.6594087037	0.0082403904	0.0550381891
1	0.0047632845	0.1658873401	0.2899861648	0.0000031996	0.5393600111
0	0.0055616737	0.0048912570	0.9328390582	0.0565959229	0.0001120882
0	0.0886350174	0.0616536322	0.0000719827	0.8496393677	0.0000000000
0	0.0000006557	0.1032295216	0.6877383244	0.0215792159	0.1874522823
0	0.0326950723	0.1032882563	0.0000002536	0.0076667645	0.8563496532
1	0.0533421752	0.0123846543	0.4302668892	0.0976655127	0.4063407686
0	0.4110747550	0.4708150124	0.0311087798	0.0870014528	0.0000000000
0	0.0132104922	0.4592548759	0.1411563698	0.0186814882	0.3676967739
