1	0.0000028962	0.6468017525	0.2537608275	0.0372413774	0.0621931463
0	0.6741037087	0.0314321922	0.0506667631	0.1493582231	0.0944391129
0	0.5884998471	0.2041524869	0.1066584250	0.1006738805	0.0000153605
0	0.0093519343	0.0439928004	0.0000070129	0.6178529564	0.3287952960
0	0.6263541826	0.0000009240	0.0482592470	0.3235893497	0.0017962966
2	0.0000000000	0.0087189796	0.0011270539	0.0010495505	0.9891044161
0	0.0001329437	0.7814590062	0.0270451261	0.1587153492	0.0326475747
0	0.0058258493	0.0309484896	0.0002414887	0.9613133355	0.0016708368
0	0.9083254389	0.0066768896	0.0379887953	0.0454156405	0.0015932358
0	0.1197640432	0.4715666278	0.2598707562	0.1377660061	0.0110325667
0	0.1004144378	0.0592455332	0.5160667107	0.0000470179	0.3242263004
0	0.0707174153	0.5065502270	0.0019639921	0.4018195086	0.0189488569
0	0.0179185103	0.5499227592	0.0653628863	0.3667955614	0.0000002828
0	0.1545094826	0.5153216929	0.2075858912	0.1225829148	0.0000000186
1	0.2509131942	0.0825497456	0.0167553160	0.6444531341	0.0053286101
0	0.0000175987	0.0477606013	0.0299063725	0.9199784875	0.0023369400
0	0.0800688664	0.0066414252	0.9120418430	0.0012478654	0.0000000000
1	0.0000990253	0.2415732547	0.0923672712	0.2631488361	0.4028116127
0	0.3018832323	0.6411853000	0.0360488004	0.0019152219	0.0189674453
1	0.0000000000	0.5985124115	0.0326565356	0.3472407918	0.0215902611
0	0.7817869524	0.0778341714	0.0179429662	0.0472654860	0.0751704239
0	0.0698567527	0.3680207967	0.3274198063	0.0000000000	0.2347026443
0	0.7320832281	0.0456043285	0.1390781061	0.0122748496	0.0709594877
0	0.0000000000	0.5558950822	0.0000000000	0.0029163700	0.4411885478
0	0.0000314516	0.0856899581	0.8575279303	0.0000011416	0.0567495185
1	0.0000000000	0.0081791922	0.1054087942	0.4306347299	0.4557772837
0	0.0196956362	0.9619322676	0.0000000000	0.0183720961	0.0000000000
1	0.0000000000	0.0025591996	0.9490454334	0.0010000651	0.0473953019
1	0.0070961487	0.0738959528	0.2891156855	0.6228966889	0.0069955241
1	0.0000000000	0.7104007303	0.0028492728	0.0397608086	0.2469891882
1	0.0793184996	0.1337614099	0.6723974690	0.0007524897	0.1137701318
2	0.0000089872	0.2612869983	0.0006947457	0.6444689869	0.0935402818
1	0.0525012538	0.6137795142	0.0609950066	0.2699320408	0.0027921847
0	0.0071493757	0.0466581853	0.0000000004	0.0857816782	0.8604107604
1	0.0000000000	0.6975486201	0.2987580918	0.0021513488	0.0015419393
1	0.0018774960	0.0000000000	0.0394587673	0.4579596172	0.5007041196
0	0.0000000000	0.0188712440	0.0397831473	0.9252712529	0.0160743557
0	0.0000000000	0.0424587861	0.0390573118	0.9129428519	0.0055410502
0	0.6285617594	0.2448604011	0.0000096168	0.1202359272	0.0063322955
1	0.0000000010	0.9502975079	0.0008154187	0.0488870724	0.0000000000
0	0.1243864952	0.0261459018	0.4757209821	0.3080928783	0.0656537425
0	0.6376514063	0.1877315921	0.0147191189	0.0365625221	0.1233353605
0	0.0058990719	0.1069035010	0.8684099198	0.0141738326	0.0046136747
0	0.0096485565	0.1344077535	0.8558937332	0.0000134418	0.0000365151
0	0.0000073000	0.9923894313	0.0029425985	0.0010650159	0.0035956544
0	0.0007529646	0.0000113462	0.2084700120	0.1887292404	0.6020364368
0	0.5872701804	0.1517861665	0.0212873935	0.2160745806	0.0235816791
1	0.0000000003	0.4550037506	0.0000000002	0.4871908021	0.0578054467
0	0.7731765124	0.0167704023	0.2050436947	0.0050093905	0.0000000001
0	0.0244096095	0.9515173538	0.0000000000	0.0113513596	0.0127216772
1	0.0000642986	0.7007194150	0.0086402413	0.0668305742	0.2237454709
1	0.0000000011	0.9374616351	0.0059486032	0.0001944459	0.0563953146
0	0.2755656131	0.0040287668	0.0556124673	0.6511565139	0.0136366389
1	0.0000000000	0.9984304966	0.0002241991	0.0005188138	0.0008264905
0	0.0137530078	0.5603557468	0.0453569162	0.3669437526	0.0135905767
1	0.0000000000	0.1057142976	0.3190796389	0.5752060635	0.0000000000
1	0.0000000022	0.6165584033	0.0000000359	0.1525413139	0.2309002447
0	0.0000070409	0.9715308354	0.0000098606	0.0269106222	0.0015416409
0	0.3934553370	0.0364267108	0.1108186490	0.2667074804	0.1925918228
1	0.0000000000	0.0419782231	0.3699998727	0.0020218362	0.5860000681
0	0.0188144622	0.6922885574	0.2226751833	0.0654979969	0.0007238001
0	0.0000000000	0.9993702411	0.0005917991	0.0000379598	0.0000000000
0	0.0000009332	0.6867511324	0.2673087879	0.0339247286	0.0120144180
0	0.0638151705	0.7907800262	0.1220163088	0.0233884945	0.0000000000
0	0.0000123801	0.2656000277	0.3212836366	0.2437055443	0.1693984113
0	0.0058462658	0.1399026424	0.4719211008	0.3576254133	0.0247045776
1	0.0000000000	0.0307888848	0.3886621219	0.4848870264	0.0956619669
0	0.4060081223	0.1130564999	0.4241745796	0.0567607982	0.0000000000
0	0.1422196255	0.1071109337	0.4377047398	0.0000000705	0.3129646304
0	0.0000003310	0.1558441490	0.0011104017	0.8245658680	0.0184792503
1	0.0000000000	0.0277563460	0.0100650120	0.9543463119	0.0078323301
1	0.0552825842	0.7491555473	0.1719134481	0.0163026539	0.0073457666
1	0.0000000000	0.8703468946	0.1027859441	0.0268331875	0.0000339738
0	0.3706014798	0.0530547255	0.0306761884	0.5456676063	0.0000000000
0	0.0020413279	0.4329966056	0.5014869478	0.0606322040	0.0028429147
0	0.0000000000	0.0795773526	0.9203696977	0.0000529490	0.0000000007
0	0.0020797072	0.8400875658	0.0959048479	0.0619228118	0.0000050673
0	0.0137685861	0.4832447277	0.1167174545	0.2487603745	0.1375088572
0	0.0451286862	0.7542458734	0.1745336214	0.0260918178	0.0000000013
0	0.0000000000	0.0001425054	0.6889458145	0.0372855217	0.2736261585
0	0.4614385603	0.5090905063	0.0171269759	0.0001926239	0.0121513337
0	0.6125586046	0.0008128323	0.0789188874	0.3042304809	0.0034791948
1	0.0000008766	0.5401257353	0.0530552843	0.2804880840	0.1263300198
0	0.0000006756	0.7004389319	0.1612027589	0.0860876389	0.0522699947
0	0.0000000007	0.9375664375	0.0244841731	0.0222365860	0.0157128026
0	0.0000064172	0.3334133940	0.3002115855	0.0001464158	0.3662221875
0	0.0027148367	0.3883078656	0.0188899985	0.2553612954	0.3347260038
0	0.8869654332	0.0394317771	0.0606711701	0.0000008059	0.0129308137
0	0.0345123868	0.6323585631	0.0173263668	0.3158026833	0.0000000000
0	0.0000630607	0.7542280277	0.0495798513	0.0000091649	0.1961198954
0	0.0914060119	0.5640268135	0.2578853995	0.0829387524	0.0037430226
1	0.0000000000	0.0941524037	0.3116132681	0.0124010842	0.5818332440
0	0.0000000000	0.9777460447	0.0173141542	0.0049398011	0.0000000000
0	0.0161844359	0.4876606865	0.2262227917	0.2678312668	0.0021008191
0	0.0019539645	0.2664179060	0.1474720972	0.5748101002	0.0093459320
0	0.0523695057	0.8478641528	0.0124711904	0.0179171932	0.0693779579
0	0.0167560906	0.0078938250	0.0099398209	0.6950609490	0.2703493146
1	0.0000000000	0.4786218169	0.3164260102	0.0485767343	0.1563754386
0	0.5935936392	0.0799690821	0.1555034354	0.0023821139	0.1685517295
0	0.0022575586	0.6790364316	0.2996290445	0.0001123223	0.0189646429
