1	0.0000000000	0.4348565587	0.4349049249	0.0386379589	0.0916005576
1	0.0000000000	0.0548934986	0.1210288705	0.8240776285	0.0000000024
0	0.5257762080	0.0378039788	0.0152872311	0.4210083102	0.0001242719
0	0.0038275878	0.4131607264	0.0166919018	0.5605268817	0.0057929022
0	0.8380401732	0.1617657066	0.0000000000	0.0000733851	0.0001207351
1	0.0185917386	0.4666539097	0.0170378101	0.4972731455	0.0004433960
1	0.0000006607	0.5820148208	0.0025680047	0.2797762653	0.1356402485
0	0.0000157209	0.3374284089	0.2081418837	0.0345669214	0.4198470651
0	0.0000000000	0.2198745071	0.6433177724	0.1345024204	0.0023053001
0	0.0191441131	0.3881928886	0.5906567623	0.0010650650	0.0009411711
1	0.0000000000	0.0124849855	0.5265113242	0.2684343350	0.1925693553
0	0.1397743290	0.2742229014	0.0001014614	0.5753585230	0.0105427854
0	0.0637334094	0.5380897842	0.2150335537	0.1831432512	0.0000000015
0	0.1035852799	0.1344536111	0.0151006153	0.0000000000	0.7468604937
0	0.0002477089	0.0066358901	0.9931163988	0.0000000000	0.0000000023
1	0.0013031234	0.1913204834	0.0395335567	0.0088922419	0.7589505946
0	0.0133640506	0.1773278333	0.2312054726	0.5602070090	0.0178956346
1	0.0000110587	0.8920264786	0.0726321884	0.0092131152	0.0261171591
0	0.5537655505	0.1779094532	0.0013116906	0.1464282094	0.1205850963
0	0.0016261682	0.0101278164	0.0100431798	0.3206280349	0.6575748007
0	0.0070991467	0.4672645261	0.5173332557	0.0028740451	0.0054290264
1	0.0000000000	0.7118533563	0.1875889217	0.0734534874	0.0271042346
2	0.0000001814	0.0564659107	0.0008961187	0.4256981563	0.5169396330
0	0.0026837323	0.8483397737	0.0027031726	0.0915685339	0.0547047874
0	0.2044568947	0.4830720278	0.0764223229	0.1097713726	0.1262773820
1	0.0563725163	0.4113922899	0.0076475904	0.4183765018	0.1062111016
1	0.0000000000	0.8378254955	0.0737257924	0.0852802382	0.0031684740
0	0.4482428967	0.4100484593	0.0000000393	0.0000004289	0.1417081758
1	0.1218090731	0.8763899412	0.0002066567	0.0000679727	0.0015263562
0	0.1669369109	0.4426780914	0.1044317517	0.0000000891	0.2859531569
0	0.0000006170	0.0003445895	0.0021664618	0.8172054146	0.1802829173
0	0.0199003452	0.7574336333	0.0200052191	0.0401466971	0.1625141053
1	0.0000000028	0.5074713892	0.0288308457	0.4254358005	0.0382619617
1	0.0014576657	0.5257681570	0.0008845312	0.4668302591	0.0050593871
0	0.0047072941	0.2637678109	0.6414605627	0.0900643323	0.0000000000
0	0.0036470031	0.0655971726	0.8841272408	0.0392992006	0.0073293829
1	0.0000000000	0.4328029267	0.0803171952	0.1365015944	0.3503782837
1	0.0054525826	0.7150626909	0.0090203346	0.0001578820	0.2703065100
0	0.0003702573	0.0926729568	0.4681522405	0.1249104680	0.3138940774
2	0.0140656071	0.0151302490	0.9028325351	0.0442448112	0.0237267977
0	0.2709497301	0.2145737583	0.0008768126	0.5133264514	0.0002732476
0	0.3310179725	0.5519487639	0.0003642937	0.1159832050	0.0006857648
0	0.0486553976	0.0433613634	0.0807723651	0.0221585635	0.8050523104
0	0.0824853116	0.0090361935	0.4658443292	0.1983220315	0.2443121341
1	0.0000003877	0.1629415772	0.0267651884	0.8102928455	0.0000000012
0	0.0004010574	0.1991660055	0.3824860094	0.0379112052	0.3800357225
1	0.0000000000	0.0295041398	0.0024152812	0.8803490310	0.0877315480
0	0.1901996141	0.3913876735	0.0009174486	0.4075900628	0.0099052011
0	0.1093857967	0.6525133408	0.0752178580	0.0280278228	0.1348551817
0	0.0030126188	0.2728353794	0.1919667937	0.0000006526	0.5321845554
1	0.0000002794	0.9549228917	0.0035694721	0.0018314712	0.0396758856
0	0.3722055817	0.4676959711	0.0470989925	0.1125430529	0.0004564018
1	0.0024654386	0.4152138086	0.1447235889	0.4272058554	0.0103913086
0	0.0563153653	0.0034179348	0.0054047934	0.6573243114	0.2775375952
1	0.0000000000	0.1649998500	0.2471386649	0.4227519593	0.1651095258
0	0.0000000000	0.5833370851	0.0927367012	0.0426390690	0.2812871447
0	0.1570339001	0.3410752625	0.0022052799	0.3001388662	0.1995466913
0	0.0788458201	0.0000000000	0.0059675583	0.3821697353	0.5330168863
0	0.0000000000	0.9898337519	0.0000000630	0.0015863617	0.0085798234
0	0.0000000268	0.7241414082	0.0109031214	0.0168341773	0.2481212662
0	0.0019765411	0.3713364669	0.0000459443	0.2352589231	0.3913821246
1	0.0000000000	0.1364838530	0.1820658033	0.0509206899	0.6305296539
0	0.0510562098	0.8287816024	0.0639808881	0.0530546854	0.0031266143
0	0.4228199399	0.5277771645	0.0455804205	0.0023722672	0.0014502079
0	0.0037910742	0.0000042886	0.4767392255	0.1035006969	0.4159647147
1	0.0000157673	0.4732000587	0.1199794597	0.4067635958	0.0000411185
0	0.3827151052	0.3106624249	0.3066224010	0.0000000003	0.0000000685
0	0.0000000006	0.6981797672	0.0000001338	0.0000000203	0.3018200782
0	0.0864328650	0.7087923738	0.0224261504	0.1823486108	0.0000000000
1	0.0028300777	0.1948544554	0.1636887288	0.0116558516	0.6269708864
1	0.0000000000	0.8496845562	0.0475975958	0.1027118724	0.0000059755
0	0.3736448044	0.4157708719	0.1892832934	0.0205106081	0.0007904223
0	0.0000002335	0.8880587107	0.0039074491	0.0072791230	0.1007544836
0	0.1040111425	0.4906896444	0.3858705043	0.0194287087	0.0000000000
0	0.0012573081	0.6796312826	0.2493115400	0.0692378064	0.0005620629
0	0.0010031338	0.0013638676	0.0000023392	0.9955792225	0.0020514369
0	0.0514225617	0.2454787583	0.0177450210	0.6840721013	0.0012815577
0	0.0420493935	0.0738758508	0.8730388990	0.0110056474	0.0000302093
1	0.0002536387	0.0594037488	0.0645143079	0.3306957365	0.5451325682
1	0.0020408065	0.0061024049	0.4966840105	0.0940222047	0.4011505733
0	0.0012128516	0.0069855436	0.8912222815	0.0161445694	0.0844347538
0	0.0041650246	0.3022328851	0.4995458226	0.1940562676	0.0000000000
0	0.0310816842	0.0349103880	0.0000315295	0.9289330447	0.0050433536
1	0.0000000000	0.2484789715	0.2157230781	0.4703979074	0.0654000430
0	0.0303657682	0.0136923967	0.4974493411	0.4545496168	0.0039428771
1	0.0000000001	0.0093947489	0.2716518109	0.4820838630	0.2368695771
1	0.0758731861	0.3285673885	0.0006442493	0.3443188868	0.2505962894
1	0.0000000000	0.0080374875	0.5194263338	0.0267795196	0.4457566591
0	0.0005646863	0.5168344822	0.0170867166	0.2083324783	0.2571816365
0	0.0030206094	0.0065929052	0.0724748807	0.0001010826	0.9178105221
0	0.0000026224	0.8239158068	0.1744389163	0.0004718107	0.0011708438
1	0.0000000000	0.4237023294	0.0308926406	0.2411253578	0.3042796722
1	0.0000000000	0.2322443552	0.0020572501	0.0431264576	0.7225719372
0	0.0710367059	0.8212542360	0.0931130729	0.0041734821	0.0104225032
0	0.0058468893	0.1749711090	0.2117357432	0.0000000000	0.6074462585
1	0.0000000000	0.2630477629	0.1950946536	0.1700115798	0.3718460037
1	0.0000000000	0.0355574143	0.0397231372	0.4015404608	0.5231789877
0	0.0015440809	0.3977465716	0.5987972022	0.0015455047	0.0003666405
0	0.0230831134	0.0800964141	0.0810460400	0.7218751095	0.0938993230
0	0.0303373592	0.0003788688	0.4901283101	0.4791554619	0.0000000000
