0	0.0197053475	0.7074718230	0.0098413525	0.2629654836	0.0000159934
1	0.0000000000	0.0624745868	0.7058068746	0.0113562426	0.2203622960
1	0.0339824327	0.1355338753	0.0875364256	0.7429465498	0.0000007167
0	0.0917462306	0.8366634333	0.0425986734	0.0177719742	0.0112196886
0	0.0000016032	0.2407456737	0.0131029641	0.6749260996	0.0712236593
1	0.0007986818	0.1482239028	0.0000791806	0.7226900722	0.1282081626
0	0.0077262476	0.9686822123	0.0032185319	0.0203709882	0.0000020200
0	0.0013047273	0.8083876378	0.0105939664	0.0380391734	0.1416744951
0	0.0302835678	0.5706672257	0.0051999453	0.0747303761	0.3191188851
1	0.0009516875	0.0497010257	0.0021499894	0.1238189130	0.8233783844
1	0.0000000000	0.0161279331	0.3276318479	0.0039571100	0.6522831090
0	0.0768710872	0.0253255663	0.5476251806	0.3300546152	0.0201235507
1	0.0000000000	0.6560203748	0.0431172933	0.2473716043	0.0534907275
0	0.0868535599	0.3075740667	0.2345958263	0.3344483084	0.0365282386
0	0.0389743675	0.0261055508	0.0098919434	0.9249514154	0.0000767230
0	0.0000000000	0.8094995074	0.0000000039	0.1658699524	0.0246305362
0	0.0141602001	0.0056597609	0.0293870680	0.0613533514	0.8894396195
1	0.0000005662	0.8587960969	0.0273010748	0.0529867214	0.0609155407
0	0.0098146024	0.6947615263	0.1792153810	0.0917628065	0.0244456838
0	0.0000000000	0.0398175109	0.0001596663	0.4691657141	0.4908571088
1	0.0000000000	0.0701853329	0.0000033987	0.0143585259	0.9154527425
0	0.0102079570	0.3908919600	0.2766820864	0.3222179965	0.0000000000
0	0.0968864134	0.3872369310	0.0017991770	0.5134832124	0.0005942663
0	0.0000000117	0.0250344594	0.9479127530	0.0270527759	0.0000000000
1	0.0000000000	0.6610468014	0.2172670633	0.0170344117	0.1046517237
1	0.0000723501	0.2308058595	0.0666372287	0.7021377695	0.0003467922
0	0.0009687341	0.0000004729	0.7634070484	0.1287884134	0.1068353312
0	0.0258642585	0.5408417610	0.0825157436	0.3483565293	0.0024217076
1	0.0018205324	0.9286887667	0.0148123384	0.0544251559	0.0002532066
1	0.0000013886	0.5624466745	0.2332759754	0.1902464953	0.0140294662
0	0.0097189375	0.0016916422	0.3749773970	0.4671890239	0.1464229994
0	0.0000000000	0.0001968923	0.5255713311	0.1028482142	0.3713835625
0	0.0167708624	0.0190569532	0.0000000109	0.9579591474	0.0062130261
2	0.0000000000	0.8483002875	0.0953365830	0.0031313788	0.0532317507
1	0.0000000867	0.6469172496	0.1595566972	0.1660992563	0.0274267102
2	0.0000000000	0.3780470592	0.0366507112	0.4798014213	0.1055008083
0	0.1201823213	0.2006056832	0.1713260139	0.0871039285	0.4207820531
0	0.0178399339	0.5105435446	0.0002063107	0.4701129842	0.0012972266
0	0.0000461826	0.2047524507	0.3827261796	0.4113849042	0.0010902829
0	0.0000012924	0.9228533496	0.0433780898	0.0104871666	0.0232801014
0	0.0533097772	0.0104994458	0.6870378941	0.1994215975	0.0497312854
2	0.0000000000	0.0571181663	0.0257646807	0.6897387318	0.2273784211
0	0.0000028222	0.0507144445	0.0031945712	0.9460691608	0.0000190013
1	0.0000000000	0.1625406325	0.0728718185	0.6462983553	0.1182891937
1	0.0000000926	0.0001709034	0.1866782149	0.3475474096	0.4656033796
2	0.0000000000	0.3604908467	0.2175337613	0.4219750089	0.0000003830
0	0.0000000000	0.0113117425	0.8298361252	0.1586001735	0.0002519588
0	0.0209943803	0.0015683055	0.2686380135	0.7082816546	0.0005176461
0	0.1541661100	0.4328667257	0.4082866423	0.0000000105	0.0046805115
0	0.0018727867	0.0266410749	0.0242057937	0.0737770602	0.8735032844
0	0.0006406596	0.4670301051	0.1398250462	0.2973471610	0.0951570281
0	0.0024678106	0.4398743421	0.1329011606	0.4245640985	0.0001925882
0	0.0300353933	0.0948550346	0.6710039267	0.1807990206	0.0233066248
1	0.0163301451	0.4864737050	0.2140820777	0.0519280570	0.2311860151
0	0.0192871408	0.5031648692	0.2270708179	0.2504763393	0.0000008327
1	0.1142375271	0.0000331796	0.0003672491	0.8625692049	0.0227928393
0	0.0689776387	0.0952415987	0.4887229644	0.0852931466	0.2617646516
0	0.0186155226	0.1513138234	0.0729900463	0.5780990520	0.1789815557
0	0.0046741148	0.0041050387	0.1154327110	0.8754730640	0.0003150715
1	0.0000000022	0.3881446560	0.0000016675	0.6084308040	0.0034228703
1	0.0000000000	0.4537317639	0.0177059391	0.3052203184	0.2233419786
0	0.1227676395	0.3633525305	0.3910613513	0.1228084446	0.0000100341
0	0.0366694484	0.2128167031	0.5009068852	0.0705791884	0.1790277750
1	0.0755528212	0.1601724548	0.0374567813	0.3692000107	0.3576179321
1	0.0000000000	0.8148523611	0.0007588934	0.1586700488	0.0257186967
0	0.0032805951	0.7840240696	0.0042826892	0.1144299576	0.0939826885
0	0.0011138377	0.0016075665	0.9972220624	0.0000565331	0.0000000003
0	0.0000001559	0.1394257619	0.0627821109	0.7977919713	0.0000000000
1	0.0000813970	0.6963772642	0.0064411341	0.2827610535	0.0143391512
0	0.0463728090	0.0660054438	0.0333954550	0.1510660656	0.7031602266
1	0.0014241463	0.7556315712	0.0260285450	0.0763105174	0.1406052200
1	0.0000542879	0.6851220535	0.2315185366	0.0766636367	0.0066414854
1	0.0000051094	0.7708550279	0.0451144833	0.1350192891	0.0490060903
1	0.0000000000	0.0000000000	0.1228902521	0.8771097479	0.0000000000
2	0.0000000000	0.8208848426	0.0323343981	0.1104974027	0.0362833566
1	0.2406739914	0.1040152914	0.0000007369	0.6553099803	0.0000000000
0	0.6042420601	0.0792923326	0.0418049484	0.2262300043	0.0484306546
0	0.0907979553	0.0009931583	0.0434471351	0.7831172830	0.0816444683
0	0.0000000002	0.0126852970	0.8276374316	0.1191485995	0.0405286718
0	0.1259527944	0.0210081186	0.0556623091	0.7883817971	0.0089949808
0	0.1090049658	0.2295086921	0.3445423945	0.3169439421	0.0000000055
1	0.3073532500	0.2436106684	0.1493479486	0.1444303336	0.1552577994
0	0.0436156503	0.1885062184	0.3571326132	0.4107451480	0.0000003701
0	0.0883091311	0.0010906102	0.0985173547	0.6620695137	0.1500133902
1	0.0043541724	0.4459482429	0.1890650031	0.3606325815	0.0000000000
1	0.0000746186	0.0323071474	0.3637950995	0.0000000000	0.6038231345
0	0.2791808966	0.0002219148	0.2635122730	0.4385437082	0.0185412074
1	0.0000431999	0.7532751973	0.0003501518	0.0107113785	0.2356200724
0	0.0135709060	0.8348181693	0.1083227536	0.0432881711	0.0000000000
0	0.0451461201	0.3958875150	0.0633487106	0.4943522034	0.0012654509
1	0.0000000000	0.8821296655	0.0057355328	0.1057553348	0.0063794668
0	0.0461558011	0.0015557080	0.0000014140	0.2284867097	0.7238003673
1	0.0000000000	0.1492498530	0.4256005645	0.0016588716	0.4234907108
1	0.0000000000	0.3414674233	0.1652302745	0.0431511510	0.4501511512
0	0.1381546347	0.6507894044	0.0053645003	0.1788304954	0.0268609652
0	0.0310960497	0.5322192977	0.0464878791	0.1497329624	0.2404638110
0	0.0045689223	0.0000000580	0.0469213268	0.8831283754	0.0653813176
2	0.0000000000	0.0000000018	0.6537976869	0.1313501814	0.2148521299
0	0.0029771353	0.6516160132	0.0000055033	0.1909209727	0.1544803755
0	0.0862806105	0.1972033778	0.5300088493	0.1179952793	0.0685118830
