0	0.0435883450	0.6858436794	0.0165445789	0.2320056341	0.0220177626
0	0.2988359433	0.0350529447	0.0278505327	0.6382321423	0.0000284369
0	0.0068782426	0.1833574763	0.5382404187	0.2062511761	0.0652726863
1	0.0000000000	0.7102184592	0.0893269456	0.1994337847	0.0010208105
1	0.0000000000	0.9336077645	0.0555247556	0.0070891097	0.0037783702
0	0.0099193590	0.0903074677	0.8789574971	0.0175779459	0.0032377303
0	0.0000713543	0.0937505006	0.0295791330	0.8721126403	0.0044863719
0	0.0679416800	0.5880549188	0.2223066040	0.0259166300	0.0957801673
0	0.0000000000	0.0251542595	0.1044795877	0.8703661100	0.0000000428
1	0.0000000000	0.7844444279	0.0035078320	0.1932304074	0.0188173327
0	0.0289518783	0.4445857241	0.0577780888	0.4686843088	0.0000000000
1	0.0236747236	0.0580681367	0.0066870726	0.9115700669	0.0000000003
0	0.0000000000	0.8189323522	0.0568358651	0.1149772226	0.0092545601
0	0.0015794038	0.0619395711	0.0000000000	0.9364803532	0.0000006719
1	0.0000000359	0.9100827354	0.0001928112	0.0013858666	0.0883385510
0	0.0000000000	0.9784857809	0.0000013578	0.0197564258	0.0017564355
1	0.0000000000	0.7525953633	0.0515314829	0.1282133635	0.0676597904
1	0.0050153465	0.9722253000	0.0164383947	0.0027425057	0.0035784531
1	0.0000000000	0.1079513713	0.1457274567	0.6443944304	0.1019267416
0	0.0124256200	0.2077034740	0.0000000002	0.7794288809	0.0004420248
0	0.0923280018	0.1307917048	0.0414145149	0.0000146618	0.7354511168
0	0.0310269201	0.8433268974	0.0720615359	0.0060304875	0.0475541591
1	0.0000000000	0.0314707594	0.1485522918	0.3081111711	0.5118657777
0	0.0023099124	0.4774404637	0.0475524962	0.4708632105	0.0018339172
1	0.0303083470	0.1624516542	0.0648495978	0.5188661713	0.2235242296
0	0.0000000186	0.7943708790	0.1574320860	0.0307534754	0.0174435410
0	0.0761455916	0.5610992905	0.0923855433	0.2611755325	0.0091940421
0	0.0038264135	0.0578897553	0.0022669672	0.9358729438	0.0001439202
0	0.0000000715	0.4981831990	0.3224844541	0.0000146208	0.1793176544
1	0.0000001067	0.0014532612	0.0023154690	0.9877995744	0.0084315887
1	0.0198230303	0.4476561008	0.3028481729	0.1501800226	0.0794926734
0	0.1095239633	0.4946544212	0.0041385633	0.3622115007	0.0294715514
0	0.0007176357	0.2671221285	0.6202855952	0.1109993712	0.0008752694
1	0.0000000000	0.4674620424	0.0109692276	0.0000000478	0.5215686823
0	0.0114170311	0.9798408916	0.0000276263	0.0009069468	0.0078075043
0	0.0000000000	0.4531768188	0.1472678047	0.0027659252	0.3967894513
0	0.3030205111	0.0412208948	0.0000039808	0.0446582572	0.6110963562
0	0.0793575741	0.7865099650	0.0000000000	0.1330138355	0.0011186255
0	0.0448276833	0.6607257082	0.0067251965	0.2662520872	0.0214693247
0	0.0000000000	0.4013122745	0.0250225923	0.5734819101	0.0001832231
0	0.0366508746	0.0141272680	0.0086750352	0.9395042169	0.0010426054
0	0.7213995788	0.1756169175	0.0476095383	0.0023768428	0.0529971226
0	0.0302489929	0.0561077487	0.0925606374	0.8207471243	0.0003354967
0	0.1758188922	0.5111415838	0.1083979362	0.1538243511	0.0508172367
0	0.1427889246	0.3847988700	0.0153223043	0.2204248864	0.2366650147
1	0.0000023933	0.3314103937	0.1029561719	0.1434472869	0.4221837543
2	0.0000000000	0.0284619778	0.0012736163	0.0541793024	0.9160851036
0	0.0000369014	0.0002825329	0.0019358741	0.8846615065	0.1130831851
0	0.0000000000	0.8068672442	0.0005096408	0.1923623955	0.0002607196
0	0.2103244052	0.1002404490	0.1449510651	0.5444454306	0.0000386500
0	0.0268568226	0.0117518757	0.7862281003	0.1479783879	0.0271848135
1	0.0000000590	0.8488621534	0.0850998338	0.0509011488	0.0151368050
1	0.0020179783	0.0379096249	0.0686922135	0.0156509174	0.8757292660
1	0.0000000000	0.1284641504	0.3334004096	0.2445729646	0.2935624755
0	0.0020670857	0.8976713478	0.0279937210	0.0508491704	0.0214186751
0	0.1147882326	0.8852075461	0.0000025889	0.0000000185	0.0000016138
0	0.0000068523	0.1967398791	0.7739909693	0.0145952959	0.0146670035
0	0.1896647098	0.0074697029	0.1607444302	0.4995016386	0.1426195185
0	0.0000242124	0.3283162963	0.3977987815	0.2738607097	0.0000000001
0	0.1622429513	0.3243532400	0.1895092301	0.2127848664	0.1111097122
1	0.0000000720	0.4805124445	0.0665519114	0.4447913031	0.0081442691
0	0.0000000003	0.8990193727	0.0240139148	0.0765112167	0.0004554954
0	0.6021193155	0.0000000143	0.1339613602	0.2639186044	0.0000007056
1	0.0110731443	0.3669491961	0.3501851660	0.0069960045	0.2647964891
0	0.1178904004	0.0136280002	0.7134705302	0.1550110129	0.0000000563
1	0.0001422377	0.0548051228	0.0532161095	0.8907669816	0.0010695484
1	0.0076891846	0.5196180571	0.0122313173	0.4604229042	0.0000385369
0	0.0000018373	0.1089546697	0.5822249103	0.3087727649	0.0000458178
1	0.0000057620	0.1497805869	0.1506333596	0.3789468668	0.3206334248
0	0.0000000009	0.1008879566	0.4346742881	0.4644377544	0.0000000000
0	0.1627632089	0.0076472168	0.0983714465	0.0403509722	0.6908671556
1	0.0000000847	0.4701598626	0.0000002415	0.1478863976	0.3819534136
1	0.0000000000	0.1471968092	0.3620039719	0.4907992098	0.0000000091
0	0.0000002478	0.0690603254	0.0135139969	0.9174254269	0.0000000030
1	0.0000000000	0.0001028000	0.0006392818	0.1239999233	0.8752579949
0	0.0792122972	0.8317851462	0.0567927724	0.0046023257	0.0276074584
0	0.0396231845	0.5861858658	0.0003583219	0.0306033425	0.3432292853
0	0.0542477379	0.1312398904	0.0463568559	0.7603642378	0.0077912780
1	0.0000000000	0.1668850531	0.4277857258	0.1666571401	0.2386720809
0	0.0001429173	0.1675079566	0.0360220654	0.7895832682	0.0067437924
2	0.0000000000	0.6410921497	0.0753985908	0.2642974542	0.0192118053
2	0.0000000000	0.8758891827	0.0000000000	0.0652880827	0.0588227346
0	0.0185802283	0.0769857008	0.7938836858	0.1095357077	0.0010146773
2	0.0000002109	0.0050252872	0.0000080663	0.1838450065	0.8111214292
0	0.6545631216	0.2918459526	0.0064004806	0.0402307070	0.0069597382
1	0.0000733275	0.5036030393	0.0000000000	0.2867753614	0.2095482718
0	0.0000286178	0.0000258519	0.0344415402	0.9655039901	0.0000000000
1	0.0106854635	0.3658587215	0.2188168141	0.1949578560	0.2096811448
0	0.0001950376	0.7038398266	0.0346458040	0.2612517686	0.0000675632
0	0.0176803417	0.0455915929	0.6680490727	0.1520385329	0.1166404598
0	0.0000000001	0.6842901420	0.0000003754	0.3156736462	0.0000358363
0	0.4852183531	0.3146821715	0.1993239636	0.0005827720	0.0001927398
0	0.1408683195	0.0276868805	0.4719643135	0.2918994294	0.0675810571
1	0.0000000000	0.6077716981	0.1985161738	0.0129294231	0.1807827050
1	0.0000000000	0.0268306568	0.0355423924	0.0134877870	0.9241391637
1	0.0000000000	0.1980684263	0.6050442384	0.0000000609	0.1968872744
1	0.0000000000	0.1945182644	0.7985857702	0.0031979537	0.0036980117
1	0.0002278989	0.3022444073	0.4621436983	0.2332377939	0.0021462016
1	0.0000000003	0.2086203127	0.2603935576	0.5309861295	0.0000000000
0	0.0290760893	0.0834053826	0.0035969700	0.8642406390	0.0196809191
