0	0.1619920053	0.5421408403	0.0329632206	0.0953072355	0.1675966983
0	0.4165211091	0.0614579038	0.4935312027	0.0123376965	0.0161520878
2	0.0000000000	0.6991880162	0.0554734077	0.1515193223	0.0938192537
0	0.0671977427	0.2592890262	0.0094409605	0.3706858002	0.2933864704
1	0.0297255638	0.4645372321	0.0057435096	0.4999936026	0.0000000918
0	0.2283827579	0.0179905341	0.7514357983	0.0021487435	0.0000421661
0	0.0000000000	0.0562642237	0.2502577479	0.6931821488	0.0002958797
0	0.0368719155	0.5255607067	0.0259731638	0.3828637120	0.0287305020
0	0.0000000004	0.0020419168	0.9127460053	0.0844097075	0.0008023699
1	0.0000005852	0.2067225808	0.5485983841	0.2130219094	0.0316565404
1	0.0001006190	0.8372075777	0.1538615567	0.0017788258	0.0070514208
0	0.1976750882	0.0206865540	0.0001971112	0.2235259501	0.5579152965
1	0.0000000000	0.0614505450	0.9341556364	0.0043936443	0.0000001743
1	0.0000012254	0.4848983932	0.1614442356	0.3536560848	0.0000000610
0	0.4875019768	0.2788475150	0.0851876063	0.0002335709	0.1482293310
0	0.1069366155	0.0509644455	0.0099095303	0.3918835702	0.4403058386
1	0.0000000000	0.5578802794	0.0217647893	0.3175300061	0.1028249252
0	0.0000000000	0.8218481491	0.0752623336	0.0004327592	0.1024567581
0	0.1414089112	0.3784900544	0.2427044530	0.2252277461	0.0121688354
1	0.0018646422	0.5153232393	0.0043948852	0.4784161309	0.0000011025
2	0.0000000000	0.5988219649	0.3517037403	0.0082550303	0.0412192645
0	0.8936248946	0.0507658817	0.0344539192	0.0200224419	0.0011328626
0	0.0180408850	0.1294050970	0.0151002970	0.1785834744	0.6588702465
2	0.0000000000	0.8017444718	0.1378816869	0.0003309346	0.0600429066
1	0.0000000000	0.1169107270	0.5529768730	0.2344819477	0.0956304522
0	0.0000000435	0.3151862985	0.0476706320	0.5770091952	0.0601338307
0	0.0003481155	0.6298967907	0.0950186537	0.2336902539	0.0410461863
1	0.0000000000	0.6670246047	0.0642796029	0.1807160059	0.0879797865
1	0.0000007705	0.8888016560	0.0012156530	0.0765614118	0.0334205087
2	0.0000000000	0.0556228620	0.0000000000	0.0001035769	0.9442735611
0	0.0103678301	0.0000135873	0.9734997879	0.0136359692	0.0024828255
1	0.0000000343	0.5753916880	0.1159727287	0.3019093464	0.0067262026
0	0.0029788375	0.0427183553	0.4053050028	0.0285414779	0.5204563265
0	0.1698264905	0.0000193965	0.0000883809	0.8295768367	0.0004888954
1	0.0039447905	0.0077511694	0.0823516854	0.8942875284	0.0116648263
0	0.0003113185	0.4474794236	0.3706933635	0.1815158944	0.0000000000
0	0.0000000000	0.4324952645	0.2500712460	0.1356434675	0.1817900220
0	0.4772982002	0.1052153665	0.0933953246	0.2199528507	0.1041382580
0	0.1470790083	0.0617593270	0.0768068132	0.6830213706	0.0313334809
1	0.0000000000	0.0609019188	0.0527019013	0.8518838102	0.0345123697
2	0.0000000000	0.5125955202	0.0528852215	0.1232455627	0.3112736956
0	0.0000010652	0.2188024056	0.4349232814	0.1409552248	0.2053180230
1	0.0000000000	0.4275268199	0.4442643599	0.0073139334	0.1208948868
0	0.0340805212	0.0000336863	0.0603464564	0.8248540712	0.0806852650
0	0.0000724881	0.0000050288	0.3697619335	0.6301589346	0.0000016150
0	0.0000000000	0.9613628997	0.0073955422	0.0299352512	0.0013063069
0	0.0000000010	0.0693768427	0.0219049184	0.9087110914	0.0000071464
1	0.0000000000	0.7795955275	0.0000939897	0.2144551176	0.0058553652
1	0.0000000012	0.9819345510	0.0145250402	0.0000000069	0.0035404008
1	0.0000006343	0.9583412618	0.0042694920	0.0204021780	0.0169864340
0	0.3815750371	0.0040808723	0.4138523374	0.1897506784	0.0107410747
0	0.0056189288	0.3248483632	0.2954887068	0.3740440012	0.0000000000
0	0.3225174767	0.1802648894	0.0000000392	0.0016552165	0.4955623783
1	0.0000000000	0.3877118257	0.3172931564	0.2734726515	0.0215223664
0	0.0000000000	0.0123141573	0.4762846050	0.1823378325	0.3290634052
0	0.0007012623	0.6434793754	0.0431645371	0.2053469290	0.1073078962
1	0.0001258708	0.0491782324	0.0046540292	0.6854595355	0.2605823322
0	0.0000006018	0.0121303258	0.1594432544	0.8194183523	0.0090074657
0	0.0031817693	0.0001397087	0.0000275983	0.1409637416	0.8556871821
0	0.0227527268	0.9339466284	0.0051296379	0.0055219082	0.0326490987
0	0.0998135205	0.0005270145	0.6112010057	0.2884578393	0.0000006200
0	0.0054457434	0.2673166627	0.0313729242	0.6958646675	0.0000000022
0	0.0004765832	0.8659112571	0.0575303928	0.0299511309	0.0461306360
0	0.0664623687	0.4235527271	0.3169189803	0.1929760515	0.0000898724
0	0.0336068634	0.1882924279	0.0007194042	0.7682635803	0.0091177242
0	0.0007849213	0.0453024161	0.1517660015	0.7387637283	0.0633829328
1	0.0001027800	0.1611276720	0.0019415017	0.4453747144	0.3914533320
1	0.0292253622	0.0037648202	0.0093678486	0.9533938308	0.0042481382
0	0.0000000569	0.1490013417	0.0078307788	0.8420322566	0.0011355660
1	0.0000000000	0.1606259853	0.0005219956	0.8158090533	0.0230429657
1	0.0004871046	0.8212234043	0.1352363350	0.0430438784	0.0000092778
0	0.0122547447	0.1851461668	0.3487310858	0.3643879057	0.0894800969
1	0.0000000000	0.5542637924	0.0844399467	0.0350556269	0.3262406340
0	0.0754672210	0.2698316165	0.0000001143	0.6547010482	0.0000000000
1	0.0000000000	0.1477485996	0.1298382185	0.6253536925	0.0970594894
0	0.0010888281	0.1295196147	0.0000020038	0.0000000000	0.8693895535
0	0.0979439951	0.0065280889	0.0149182571	0.4954274176	0.3851822413
0	0.0000000000	0.2402215077	0.2946596376	0.1407900155	0.3243288391
0	0.2015420855	0.1586343138	0.0050016331	0.2971273626	0.3376946050
0	0.5660260590	0.0360836475	0.3701941401	0.0000970344	0.0275991189
1	0.0046339312	0.0419796765	0.3568928249	0.2790622990	0.3174312683
0	0.9179250067	0.0309886072	0.0224978032	0.0285885738	0.0000000090
0	0.0876194960	0.3725051015	0.3211333338	0.2021181744	0.0166238943
0	0.4632478090	0.1727506806	0.1135529991	0.2292725042	0.0211760072
1	0.0000000000	0.5944009755	0.1154056229	0.2650390762	0.0251543254
1	0.0000000000	0.0668671913	0.0658850536	0.8180723527	0.0491754024
0	0.2878281153	0.3127507346	0.2175769658	0.1789868490	0.0028573353
2	0.0000000000	0.2310710331	0.0003147670	0.4112506081	0.3573635918
1	0.0819728801	0.2179510173	0.1213878079	0.5124608135	0.0662274813
0	0.0002717153	0.1151503860	0.6619875000	0.2119311126	0.0106592862
1	0.0000000000	0.2343833521	0.0683787517	0.5301690646	0.1670688316
1	0.0000000000	0.2017500657	0.0702057056	0.0000002710	0.7280439577
0	0.0007305886	0.0915509650	0.0000067414	0.8517985041	0.0559132009
0	0.1763824175	0.0181302258	0.7368641263	0.0000000000	0.0686232304
1	0.0005717334	0.0584616784	0.0000076183	0.2865053163	0.6544536536
0	0.0017479228	0.0000000002	0.5226135012	0.0000009402	0.4756376357
1	0.0000000000	0.1249395617	0.0000006992	0.4011000156	0.4739597235
0	0.0035028151	0.0482307499	0.8910149941	0.0567306966	0.0005207443
0	0.0039991560	0.1037183946	0.0140944249	0.2354857215	0.6427023031
1	0.0000000000	0.2190413396	0.6704185926	0.1049871841	0.0055528837
