1	0.0100306046	0.0088034493	0.5917766642	0.2860368063	0.1033524756
0	0.4750157558	0.0000000002	0.0221595770	0.0000451104	0.5027795566
0	0.0687121523	0.2448788030	0.0031765846	0.1800841318	0.5031483282
1	0.1649971566	0.0000246358	0.5481020386	0.0757776474	0.2110985216
0	0.0063252384	0.0151748928	0.5150964900	0.1070935543	0.3563098244
0	0.8718746582	0.0503207124	0.0579872293	0.0000530742	0.0197643258
0	0.1038550883	0.0000000000	0.0001284488	0.7024470704	0.1935693925
2	0.1547157372	0.0599547977	0.0696684306	0.0530970925	0.6625639420
0	0.8012402256	0.1617517074	0.0068627856	0.0237604875	0.0063847939
0	0.1445378915	0.0458803252	0.3510235023	0.0013486316	0.4572096494
