1	0.7974903246	0.0410296369	0.0513121257	0.1036648593	0.0065030535
1	0.0000013754	0.0037535432	0.0130496342	0.9734583159	0.0097371312
1	0.2642748286	0.0006742939	0.1521129353	0.1161952592	0.4667426830
0	0.0047713796	0.0117178317	0.7089299452	0.0046134444	0.2699673991
0	0.1275806870	0.1323513786	0.0900620351	0.5556405452	0.0943653540
0	0.9144335508	0.0000000269	0.0261345682	0.0168738137	0.0425580403
2	0.0804634462	0.3075571333	0.0261498627	0.0029379647	0.5828915931
0	0.0079628085	0.0004362457	0.9429218246	0.0000097445	0.0486693767
0	0.5681612028	0.1643002735	0.1802438128	0.0265356584	0.0607590525
0	0.2585208802	0.0502304694	0.5757009115	0.0000885810	0.1154591578
