1	0.0010873773	0.1728967938	0.5551482212	0.1621847622	0.1086828455
0	0.9745736464	0.0183632577	0.0062491661	0.0008114800	0.0000024498
1	0.0000000000	0.0291462934	0.9680710598	0.0000000000	0.0027826468
2	0.0000263298	0.9469049440	0.0000599077	0.0071747116	0.0458341070
0	0.8362956293	0.1230734913	0.0392164803	0.0013032579	0.0001111412
1	0.1300429632	0.1003153937	0.0159286245	0.7451986925	0.0085143261
0	0.0050172515	0.5625893222	0.3117576567	0.0630778324	0.0575579373
1	0.4051884129	0.3269673735	0.2678378779	0.0000063356	0.0000000000
2	0.0111962508	0.5229044554	0.0068141500	0.2857270543	0.1733580895
0	0.2372088874	0.3966621589	0.2480701461	0.0216288645	0.0964299432
