1	0.0013762679	0.4680154459	0.1342698407	0.1910963867	0.2052420588
0	0.4687876184	0.3535709140	0.1730022086	0.0046392590	0.0000000000
0	0.5029240760	0.0011850950	0.4140345322	0.0818263761	0.0000299206
0	0.6637558617	0.0356897913	0.2363503219	0.0635490546	0.0006549705
0	0.1325535687	0.0306648836	0.2014196080	0.6326234247	0.0027385150
0	0.0000007941	0.6326545319	0.2706107535	0.0502937216	0.0464401990
0	0.1116694601	0.0016113737	0.7053747288	0.1184646037	0.0628798337
2	0.0021350081	0.1085366905	0.1442811820	0.7261110397	0.0189360797
0	0.0228620848	0.0239139476	0.2233335957	0.3951546840	0.3347356879
0	0.3347159050	0.0160948612	0.2725588094	0.3462114344	0.0304189901
