1	0.0053761542	0.0311887983	0.0133834649	0.9067588810	0.0432927016
0	0.1862253679	0.6099633925	0.1348397069	0.0256136709	0.0433578619
1	0.7124146778	0.0115247646	0.0001434423	0.2759171152	0.0000000000
0	0.3983297220	0.3522746700	0.0214599393	0.2248963234	0.0030393454
0	0.1848818612	0.1503818378	0.0016348020	0.3714041653	0.2916973338
2	0.0627888864	0.2470877984	0.5340458140	0.1224055364	0.0336719648
0	0.0197036974	0.0227507815	0.4189245250	0.5126388031	0.0259821930
0	0.0000003918	0.0150788188	0.5427821074	0.1395974239	0.3025412582
1	0.0672887453	0.0383532024	0.1327026498	0.7548718863	0.0067835163
0	0.5210249343	0.0472856198	0.0662571795	0.3654322664	0.0000000000
