0	0.2909655032	0.0591072688	0.1215711051	0.4926474123	0.0357087106
0	0.5790619668	0.0960292650	0.0332249641	0.1830042653	0.1086795388
0	0.1153176718	0.0036022951	0.4654911516	0.2685352098	0.1470536716
2	0.0636833690	0.4351393265	0.1121748732	0.3353492227	0.0536532087
0	0.0000000001	0.8057197260	0.1109586395	0.0833216115	0.0000000228
1	0.3010675976	0.0055866408	0.0038387484	0.2273600490	0.4621469642
2	0.0982219707	0.0705050410	0.0048051761	0.0359428636	0.7905249487
0	0.0064835681	0.0280331138	0.1701304408	0.5937666474	0.2015862299
0	0.5964543805	0.0110357469	0.3359636402	0.0264883168	0.0300579156
1	0.6101889453	0.0583064330	0.0615065574	0.0000003866	0.2699976778
