0	0.1334585066	0.2461886242	0.2717808475	0.3472917291	0.0012802927
0	0.7454928833	0.0265246145	0.0111348082	0.1330250970	0.0838225970
0	0.6839342259	0.2036202930	0.0011244657	0.0580077525	0.0533132629
0	0.3546834255	0.0422287645	0.0228472285	0.0084601296	0.5717804519
1	0.0315111082	0.0105205504	0.1013137694	0.8512502617	0.0054043103
2	0.6632157457	0.2273649322	0.0062522980	0.0715497127	0.0316173113
0	0.3214960891	0.1881740249	0.0119697270	0.2604861522	0.2178740068
1	0.0071875846	0.0712065103	0.0221825478	0.0020746957	0.8973486615
1	0.0243248205	0.5687589675	0.2308044422	0.0003974241	0.1757143457
0	0.0247133013	0.0032069265	0.9310215283	0.0102339791	0.0308242648
