2	0.0000010389	0.1028039976	0.0130738777	0.0085522933	0.8755687925
0	0.2477745336	0.6667176790	0.0247792758	0.0254095354	0.0353189762
0	0.2757583800	0.0246351157	0.5388800281	0.0032673845	0.1574590917
1	0.3368098976	0.6484796038	0.0018085957	0.0126196700	0.0002822329
0	0.0383978337	0.3011504055	0.1679573127	0.0010036511	0.4914907969
1	0.7588326202	0.1345526600	0.0013661180	0.1052482706	0.0000003311
1	0.0443440519	0.0940790833	0.7910886003	0.0232596203	0.0472286442
0	0.3604696762	0.2568698836	0.0028529393	0.3366995804	0.0431079205
1	0.6830448429	0.2835763426	0.0187555790	0.0001604331	0.0144628024
0	0.0500957401	0.0000034249	0.3008876663	0.0000000478	0.6490131208
0	0.0595653561	0.0447051120	0.6999615006	0.0663572583	0.1294107730
0	0.1642486444	0.0005435847	0.4436241997	0.3796867000	0.0118968712
1	0.0000003344	0.4309178144	0.3343569205	0.0024988807	0.2322260499
0	0.0000010321	0.0380564175	0.2168959825	0.6586932049	0.0863533631
0	0.1182972270	0.3069621623	0.3862022849	0.0038840917	0.1846542340
0	0.8854556269	0.0171684551	0.0243806860	0.0729952321	0.0000000000
0	0.0245566032	0.1748238323	0.4258130453	0.3522760675	0.0225304517
0	0.0141501710	0.0000157169	0.0000013151	0.0470674620	0.9387653351
0	0.3616504246	0.0000000000	0.0748213778	0.2597516108	0.3037765868
1	0.0000000097	0.0000000001	0.7905296754	0.2017062434	0.0077640714
0	0.6776933264	0.1295235909	0.0070664880	0.1181417088	0.0675748859
0	0.0602230871	0.1916428711	0.0000632192	0.0916443066	0.6564265161
0	0.1157468624	0.2845719186	0.0870657661	0.5126154529	0.0000000000
0	0.0000000000	0.2090560693	0.7806542851	0.0000302579	0.0102593877
0	0.5664963155	0.0156014694	0.0936506278	0.0628613997	0.2613901876
0	0.4543240688	0.4227236578	0.0000630688	0.0230861597	0.0998030450
1	0.4324786978	0.0742929725	0.0306474358	0.0548320844	0.4077488096
1	0.0114277276	0.0639500660	0.0000443496	0.1292206237	0.7953572331
0	0.1694778009	0.2922670879	0.4455753002	0.0348755901	0.0578042208
0	0.4121458026	0.3966802350	0.0136350642	0.0420747270	0.1354641712
0	0.0000970527	0.1872074412	0.6474103932	0.1641553063	0.0011298065
0	0.4701290612	0.1244460960	0.3116048464	0.0024184711	0.0914015253
0	0.0000761664	0.6604934255	0.0017798880	0.0023983211	0.3352521989
0	0.9180018385	0.0000000000	0.0590909524	0.0209846100	0.0019225992
0	0.8729945984	0.0000000000	0.0001100862	0.0322934928	0.0946018226
0	0.0664853835	0.7257537001	0.0000000000	0.0637111890	0.1440497273
0	0.6681238192	0.0000940554	0.3296363159	0.0000000000	0.0021458095
0	0.3459912813	0.0766325170	0.4032738288	0.0000000010	0.1741023720
0	0.0330481878	0.3831872748	0.4446871483	0.0279735765	0.1111038126
1	0.0566328648	0.0274427942	0.7079931162	0.0000000000	0.2079312248
1	0.0167382111	0.0963578268	0.7383941868	0.1287084381	0.0198013371
0	0.1118654752	0.3030467161	0.0049669477	0.2975511804	0.2825696807
1	0.1712057084	0.0531953777	0.0194590806	0.0135013285	0.7426385047
0	0.1940724803	0.0000000000	0.5802753049	0.0153005205	0.2103516943
0	0.5203138506	0.0789948911	0.0002791457	0.3299591901	0.0704529226
1	0.8854934320	0.0556402224	0.0561005516	0.0000187723	0.0027470216
0	0.4529383225	0.0810873283	0.3456338987	0.0108671057	0.1094733448
0	0.2967259141	0.5373549124	0.0014975892	0.0001672877	0.1642542967
1	0.2724988693	0.0934089412	0.6297514310	0.0023895397	0.0019512188
1	0.4896082951	0.2961100782	0.0000000000	0.1806555091	0.0336261175
1	0.0000661461	0.5100362824	0.1970262498	0.2292657457	0.0636055760
0	0.0083312967	0.9205084896	0.0105962226	0.0000247732	0.0605392180
0	0.0774875022	0.8045928014	0.0000205086	0.0000002798	0.1178989081
1	0.0010477377	0.6358743163	0.0000000000	0.2949968301	0.0680811158
0	0.0477752970	0.0586931479	0.4530147240	0.4190920015	0.0214248297
1	0.0006703543	0.2587457158	0.0000317634	0.7405199594	0.0000322071
0	0.1080966998	0.3658712326	0.5194182258	0.0066138366	0.0000000052
1	0.1969537837	0.0021042828	0.0000000000	0.1782810741	0.6226608593
0	0.3638978333	0.0630373170	0.1200595394	0.4490912281	0.0039140822
0	0.3561758529	0.2216326723	0.0640565927	0.0000002087	0.3581346735
1	0.0046553641	0.0762202282	0.1271936884	0.7620302540	0.0299004654
0	0.0016703107	0.5447451314	0.0963195166	0.0012336092	0.3560314320
1	0.0552103233	0.7640689951	0.0000721877	0.0220721606	0.1585763332
0	0.1604720805	0.7245808586	0.0392265146	0.0686112467	0.0071092995
1	0.0000000000	0.3266885536	0.0762997960	0.0053007164	0.5917109340
0	0.2661181103	0.2570588021	0.0021734303	0.1496161918	0.3250334656
0	0.2730163785	0.1614663895	0.0087765491	0.0843023940	0.4724382890
0	0.0797830460	0.2774938671	0.0004540928	0.6421827445	0.0000862495
0	0.0000000000	0.0309177679	0.7382615805	0.0048641912	0.2259564604
0	0.0959814188	0.0233530102	0.0863030677	0.6263308608	0.1680316425
0	0.4222511436	0.0528012720	0.2613348459	0.2120047869	0.0516079516
0	0.0001407380	0.0169803582	0.0000024934	0.9828491314	0.0000272791
0	0.0692577618	0.6642860931	0.0838906706	0.1820225106	0.0005429639
0	0.0023216837	0.7413748221	0.1612813921	0.0002374884	0.0947846137
0	0.6130452473	0.0204355135	0.0037623527	0.3439727854	0.0187841011
1	0.7959751149	0.0000001213	0.0775707015	0.1253100149	0.0011440473
0	0.4382153429	0.1824539983	0.2283912378	0.0187134397	0.1322259814
0	0.5266337638	0.0033113682	0.0931556712	0.3768991967	0.0000000000
0	0.7075522794	0.2164580398	0.0718161285	0.0041710171	0.0000025352
0	0.4334314562	0.0020001043	0.4677900683	0.0066045087	0.0901738625
0	0.8629447205	0.0311688273	0.0001203363	0.1055834781	0.0001826379
0	0.0101043182	0.3957186543	0.1442653074	0.1324046155	0.3175071045
0	0.0005454062	0.2215521039	0.0431041550	0.7347983339	0.0000000010
1	0.0068163278	0.0145627192	0.0003224650	0.0271449776	0.9511535103
0	0.4344806085	0.3596735588	0.0015682898	0.0341547296	0.1701228134
0	0.0122306391	0.0496497746	0.5031436045	0.0760558960	0.3589200858
0	0.5835723625	0.0012853710	0.2952299785	0.0000003727	0.1199119153
0	0.0000131841	0.6055585268	0.2662726909	0.0464318201	0.0817237781
0	0.4955500052	0.0281862856	0.0162923154	0.3909848597	0.0689865341
1	0.2745627779	0.4888116311	0.0005199306	0.2360308879	0.0000747725
0	0.0388608199	0.4800743805	0.0729612248	0.0528604091	0.3552431657
1	0.2015326335	0.6607406881	0.0001679964	0.0494872160	0.0880714660
0	0.0043015844	0.0000781206	0.6362152325	0.0010616192	0.3583434433
0	0.0105258470	0.0003889743	0.9312436306	0.0064300649	0.0514114832
0	0.0001489514	0.0006812077	0.5048715468	0.1252847736	0.3690135205
0	0.3852846681	0.0799258489	0.3644430280	0.1670162436	0.0033302114
0	0.2002992090	0.0108888669	0.0001401595	0.7494116257	0.0392601389
0	0.5305003076	0.1230665544	0.0960784213	0.0029304043	0.2474243125
1	0.0426410394	0.4477831554	0.4415886596	0.0670928610	0.0008942846
0	0.0044247325	0.3262891800	0.0036166076	0.6499001332	0.0157693466
