1	0.1906350250	0.0078987581	0.2028200170	0.2648849335	0.3337612664
1	0.0002463701	0.0065920021	0.9363204578	0.0000217357	0.0568194344
0	0.0171519787	0.0852952041	0.8428713935	0.0546814238	0.0000000000
1	0.0139347652	0.1574270563	0.7590598435	0.0695753174	0.0000030176
0	0.0001212711	0.0001030818	0.1922134578	0.4124210634	0.3951411259
1	0.3326454904	0.4857365701	0.0310238790	0.0780563909	0.0725376697
0	0.0006418460	0.8714572299	0.0000000012	0.1254793277	0.0024215952
1	0.1089844138	0.1361831092	0.0949107403	0.6420119933	0.0179097435
0	0.0618373729	0.2568458417	0.1816709785	0.2889333296	0.2107124773
0	0.3213446776	0.0910492375	0.2848789389	0.2919609275	0.0107662185
0	0.3426632714	0.0215672198	0.2631792691	0.2673727570	0.1052174827
0	0.3322155669	0.1164553407	0.4670605265	0.0593193301	0.0249492358
0	0.0040273021	0.1618606529	0.5190041066	0.2155277029	0.0995802355
0	0.0537009452	0.0000000000	0.4053919643	0.3155411523	0.2253659382
0	0.4229838708	0.0089347946	0.1898202580	0.0251099047	0.3531511718
0	0.9831002733	0.0025223744	0.0063390946	0.0035114829	0.0045267748
1	0.0569510165	0.6650538426	0.1093458021	0.0000004012	0.1686489376
0	0.0313420903	0.3053679754	0.0795791771	0.0637970383	0.5199137189
0	0.0036262649	0.7564314373	0.1430802768	0.0000017209	0.0968603001
0	0.7965191915	0.0315743994	0.1405369708	0.0311016693	0.0002677690
0	0.1885452370	0.0000000000	0.1625187793	0.0292482017	0.6196877820
0	0.0000230517	0.0329533152	0.1178596303	0.6630292459	0.1861347569
0	0.0117694684	0.8951641432	0.0007071876	0.0922872159	0.0000719849
1	0.1094021970	0.0191150390	0.0310372837	0.0666980762	0.7737474040
0	0.0000000483	0.5670951751	0.0542528794	0.0299595279	0.3486923694
1	0.0332333768	0.1307291487	0.2739057196	0.5599484218	0.0021833331
0	0.0145290270	0.1458350482	0.3336608291	0.4997087364	0.0062663593
1	0.5393065357	0.0439871446	0.1768021577	0.2399041620	0.0000000000
0	0.0277840676	0.1385823679	0.7538551131	0.0573643551	0.0224140963
0	0.0000036106	0.4006765945	0.0014309996	0.2628292363	0.3350595590
0	0.0485457299	0.0037772274	0.3855935576	0.3562751330	0.2058083521
2	0.3814753563	0.2489140410	0.2666749130	0.0249912521	0.0779444377
0	0.5354857990	0.0887204644	0.0026776674	0.3575367041	0.0155793651
0	0.0023274011	0.4518042600	0.1152552391	0.1539371119	0.2766759878
0	0.0028764883	0.0292500136	0.8674683209	0.0657833758	0.0346218015
0	0.2732928391	0.3260970198	0.3015372971	0.0038270015	0.0952458426
0	0.0806677523	0.0472117872	0.6031909686	0.0016231254	0.2673063665
0	0.0040891961	0.4912272256	0.0175988865	0.4402294945	0.0468551973
0	0.0428208081	0.2151418636	0.5736452943	0.0000036565	0.1683883775
0	0.7198678793	0.2492757834	0.0297647511	0.0010532305	0.0000383558
0	0.0002863451	0.0059483628	0.1873601276	0.0032794199	0.8031257446
0	0.6033981217	0.2316736456	0.0000014111	0.1621803670	0.0027464545
0	0.0603461455	0.2078746676	0.3096197785	0.2487163781	0.1734430303
0	0.0288650327	0.0028029463	0.9604367843	0.0000000042	0.0078952325
0	0.3952753218	0.3399799770	0.0942475151	0.0000000000	0.1704971861
0	0.2064816279	0.0728110083	0.1973995221	0.1042595491	0.4190482927
0	0.0000000000	0.0759001651	0.2823989367	0.6417008982	0.0000000000
1	0.8159871287	0.1263244668	0.0045063837	0.0325170628	0.0206649579
0	0.3408020830	0.0257928553	0.1400690273	0.4480130807	0.0453229538
0	0.0184796973	0.0126855855	0.9561408378	0.0049851518	0.0077087276
0	0.0131998577	0.3454748497	0.4391377640	0.0003448037	0.2018427249
1	0.7693533578	0.1545805539	0.0622701803	0.0137958960	0.0000000119
1	0.1402467961	0.0000123476	0.2082584470	0.6514824078	0.0000000015
0	0.0002061613	0.0038687248	0.0818779220	0.0166737777	0.8973734142
1	0.0041336355	0.7058194894	0.2547917589	0.0295647950	0.0056903212
0	0.0315861717	0.0002092105	0.0000000000	0.9405970176	0.0276076001
0	0.1524206175	0.0154311960	0.3380521084	0.4020207244	0.0920753537
0	0.0079950930	0.8442218369	0.0264043564	0.0114260218	0.1099526919
1	0.0078051147	0.7015272004	0.0028757342	0.1338613106	0.1539306402
0	0.4010874262	0.0479616456	0.0521690700	0.2495980824	0.2491837759
0	0.0104889711	0.0825293494	0.0325099189	0.2930127616	0.5814589989
1	0.0455132431	0.0320826347	0.0000014092	0.9174773864	0.0049253266
0	0.7789510559	0.1107304070	0.0624283191	0.0414701804	0.0064200376
0	0.0000000000	0.8178874685	0.0512773515	0.1093277834	0.0215073965
0	0.0765135281	0.0029612116	0.9190399280	0.0000001374	0.0014851949
0	0.0011946514	0.3858898789	0.2663601152	0.0005047482	0.3460506064
0	0.2656032558	0.6228057722	0.1107836532	0.0003002350	0.0005070839
0	0.0000000000	0.4412661183	0.3111546396	0.1294415546	0.1181376875
0	0.0039962412	0.0000000000	0.0070300790	0.0318734474	0.9571002325
0	0.0000000008	0.5211779580	0.3633460074	0.0148998650	0.1005761687
0	0.0846994176	0.1101253034	0.2651751119	0.2702257868	0.2697743803
0	0.4603678682	0.0001288945	0.2543425434	0.1886118987	0.0965487951
1	0.7747804308	0.0000000000	0.0168940756	0.0363616625	0.1719638310
1	0.1513755115	0.6833916945	0.0017822091	0.0669316713	0.0965189137
0	0.2897856524	0.2113864090	0.4000591175	0.0100455563	0.0887232648
0	0.0601321955	0.0441310218	0.3412333872	0.0022618324	0.5522415632
0	0.5071967046	0.1535521232	0.0091971995	0.0023624257	0.3276915471
1	0.0754695861	0.0001698184	0.5327299709	0.0000575713	0.3915730534
0	0.0022588359	0.1129995984	0.0055989576	0.0867864303	0.7923561778
0	0.0121762959	0.1398498332	0.4768597975	0.3711070153	0.0000070580
0	0.4839946176	0.2899734864	0.0216795732	0.0000567248	0.2042955981
1	0.0796725877	0.0713305690	0.1839130255	0.5905241827	0.0745596351
0	0.0008592797	0.7384946759	0.2472265164	0.0000018558	0.0134176723
0	0.2668401929	0.0132994626	0.1211093579	0.5688799111	0.0298710755
0	0.1168768397	0.2706469044	0.1642493873	0.4402108926	0.0080159760
0	0.1372106334	0.0713545214	0.1226909488	0.2446861047	0.4240577917
0	0.9402617148	0.0117348732	0.0475458206	0.0000450399	0.0004125515
1	0.3137208998	0.0181447014	0.1485565437	0.0000027960	0.5195750592
0	0.3906413938	0.0557686230	0.0050432534	0.1216375114	0.4269092184
0	0.3153150114	0.1147666806	0.0399892124	0.0943480109	0.4355810847
1	0.1564177172	0.2149879928	0.0086732981	0.3975670059	0.2223539860
1	0.0005780474	0.0000622639	0.1402962027	0.8045487305	0.0545147554
0	0.1781049022	0.6099497378	0.1964208324	0.0008807866	0.0146437410
0	0.0326254719	0.8030666372	0.0059159251	0.1515789526	0.0068130132
1	0.5023948744	0.0003378013	0.1115989599	0.2715590147	0.1141093497
0	0.1025084935	0.0000000826	0.0000000000	0.4545244445	0.4429669795
0	0.0294797826	0.0001089857	0.6086962442	0.3448820693	0.0168329183
0	0.7842383963	0.0061485725	0.0054898493	0.0089663852	0.1951567967
0	0.1000155292	0.0111894774	0.1641247885	0.7241268061	0.0005433987
0	0.0016518762	0.1008358968	0.8102824474	0.0166177795	0.0706120000
