1	0.0829056276	0.0630996572	0.1327941701	0.0582671699	0.6629333752
0	0.2215204314	0.1796096335	0.5730561534	0.0132348698	0.0125789119
0	0.6347544381	0.0067103674	0.0602585570	0.0541425217	0.2441341158
0	0.0360487411	0.0000000045	0.7278842491	0.2323275156	0.0037394898
0	0.0000086155	0.0000250014	0.0785698663	0.8434081702	0.0779883465
0	0.1074121302	0.0000955195	0.2876037494	0.2409449162	0.3639436846
0	0.5326991460	0.0000019597	0.1277913373	0.0000000002	0.3395075567
0	0.7735265698	0.2008645745	0.0111674951	0.0144376466	0.0000037141
0	0.1646906451	0.2249016428	0.6097921594	0.0000000000	0.0006155527
0	0.5830008747	0.0061270950	0.0064106586	0.1584778610	0.2459835107
0	0.0000000000	0.0025666417	0.0000000003	0.5020660892	0.4953672688
2	0.6935590835	0.0089628066	0.0594403940	0.0416459975	0.1963917184
0	0.2249438150	0.0302975519	0.2937763637	0.3878884424	0.0630938270
0	0.3203734280	0.1291156349	0.4130959401	0.0206723331	0.1167426640
0	0.8100655674	0.1323484333	0.0180484377	0.0000332560	0.0395043056
1	0.0283602081	0.0225167579	0.8203945252	0.1176832344	0.0110452744
0	0.1518976252	0.0001990624	0.3015247135	0.2288851102	0.3174934887
0	0.1128033934	0.0532788563	0.5985489374	0.0689843092	0.1663845037
2	0.0000000000	0.4559988207	0.0437834715	0.2510806179	0.2491370899
1	0.0034331511	0.0589648670	0.1824735882	0.0354168087	0.7197115851
0	0.0000000000	0.4693102160	0.4197708394	0.1108249145	0.0000940301
0	0.0021228649	0.0228231806	0.2500673134	0.4818067098	0.2431799314
0	0.0000219166	0.1591563434	0.0045383587	0.8231141069	0.0131692745
0	0.2892582727	0.1356860925	0.0000216634	0.0000000000	0.5750339714
0	0.0010786462	0.0013514010	0.7749713578	0.0160578774	0.2065407177
0	0.1108110314	0.1190315862	0.0733295302	0.4808743179	0.2159535343
0	0.0000001046	0.0000001278	0.1692275699	0.4313517912	0.3994204064
0	0.0026702025	0.3755516559	0.4610888992	0.0008818703	0.1598073721
0	0.0525281776	0.0279321271	0.6630445030	0.0683724762	0.1881227161
0	0.0822085115	0.2891295000	0.0978068395	0.3963547638	0.1345003852
0	0.1397285507	0.5956925479	0.0976350311	0.1656045946	0.0013392757
1	0.7097314191	0.0084129326	0.2324576308	0.0000003953	0.0493976222
1	0.0001135515	0.0257451621	0.8729920469	0.0000000000	0.1011492395
0	0.0000402404	0.0000012981	0.1349593094	0.8511734157	0.0138257364
0	0.2009305586	0.4459821286	0.0749863408	0.2643942459	0.0137067261
0	0.1562330535	0.5011842564	0.0073873787	0.0203932855	0.3148020260
0	0.0276512461	0.4421630296	0.1378925095	0.0492109221	0.3430822927
0	0.0001043660	0.0484633316	0.0105285128	0.9408740288	0.0000297608
0	0.6041397055	0.1418497614	0.1045991112	0.1494114218	0.0000000000
0	0.0613853029	0.6456728727	0.2781958117	0.0000000434	0.0147459693
1	0.0689180496	0.0208973390	0.4159244367	0.4942461814	0.0000139933
0	0.0000000000	0.0098124674	0.5478439507	0.0400287731	0.4023148087
0	0.0788192566	0.0798920452	0.3429810162	0.4869331805	0.0113745016
1	0.5103716867	0.0001622143	0.0000119833	0.0000438187	0.4894102970
0	0.5734024711	0.0021176498	0.3897625030	0.0000082952	0.0347090809
0	0.0000000296	0.0000398774	0.0422144301	0.2687877331	0.6889579299
0	0.0000033708	0.0010253108	0.3639810560	0.2152724935	0.4197177690
1	0.0253484774	0.0000975972	0.4540708012	0.2679885066	0.2524946176
1	0.6348846112	0.0838209088	0.0102550256	0.2694506872	0.0015887672
0	0.0203573445	0.4500659490	0.0018544755	0.3739990408	0.1537231902
0	0.7472502941	0.0555737392	0.0094809836	0.1876949831	0.0000000000
0	0.2686604119	0.2320369431	0.0001839005	0.0223178850	0.4768008595
0	0.7629755961	0.0000014060	0.0783233121	0.1188016480	0.0398980378
0	0.3845230859	0.0299726740	0.1405739994	0.4449302408	0.0000000000
1	0.0142477504	0.0001960924	0.0009212204	0.0254338845	0.9592010523
1	0.5253661508	0.0000000121	0.3391437206	0.0993982901	0.0360918264
1	0.2671554863	0.0135558397	0.4265363917	0.1857031811	0.1070491012
0	0.5001716895	0.0013863127	0.2472421007	0.0823622057	0.1688376915
0	0.0000887594	0.2030823402	0.2391355947	0.1170658849	0.4406274208
0	0.1196086795	0.5904209385	0.2115196883	0.0637680170	0.0146826766
0	0.0016634466	0.0432999576	0.3655639839	0.5873878854	0.0020847265
1	0.1168898392	0.6810928844	0.0406282417	0.0093182513	0.1520707834
0	0.0000007462	0.0145558250	0.8132448129	0.0617636689	0.1104349470
0	0.8218557247	0.0181357569	0.0555052089	0.0027445864	0.1017587231
1	0.0499063644	0.0003351988	0.4193706394	0.5303877959	0.0000000014
0	0.0389803416	0.0361247215	0.0890007502	0.0350381635	0.8008560231
0	0.0528349387	0.0550599055	0.3146080671	0.5521032310	0.0253938577
0	0.7064685994	0.0123813387	0.0001136722	0.2704694554	0.0105669344
0	0.4034386517	0.0620712932	0.1340924968	0.0668280650	0.3335694933
0	0.1517952492	0.2167459709	0.1647660823	0.1672382532	0.2994544444
0	0.2218842650	0.2754443070	0.1380530492	0.0970204333	0.2675979456
0	0.8055315939	0.0979278070	0.0939498480	0.0025907508	0.0000000002
0	0.0095557559	0.0000378333	0.0099318861	0.9524400727	0.0280344520
0	0.1308782985	0.3259999235	0.0005656587	0.5341090407	0.0084470786
0	0.1018379509	0.0000823793	0.1264958048	0.3251386721	0.4464451929
1	0.0750765937	0.0000000000	0.8257250643	0.0917529601	0.0074453819
0	0.0026393028	0.5734897209	0.0909164643	0.2750228665	0.0579316456
0	0.0000023268	0.5793077308	0.0057051896	0.0004196184	0.4145651344
0	0.2643694694	0.0034823839	0.0228887409	0.0000000000	0.7092594058
0	0.0021490725	0.0045978516	0.5725949899	0.2694145386	0.1512435473
0	0.0005282337	0.8515752886	0.0016099730	0.0985495903	0.0477369145
0	0.0000000000	0.8712737978	0.0522952240	0.0668852327	0.0095457455
1	0.6438169099	0.1111304743	0.0331935036	0.0048168012	0.2070423111
0	0.0365149317	0.0188124529	0.3778900907	0.1533182648	0.4134642599
0	0.0132707274	0.4255872690	0.5243449276	0.0191320458	0.0176650302
0	0.0829346660	0.1436895714	0.0029569509	0.7388961240	0.0315226877
1	0.0565315062	0.7032240912	0.1307590176	0.1093485893	0.0001367957
0	0.4415537192	0.3083700762	0.2500761570	0.0000000001	0.0000000475
1	0.0003949044	0.1668337981	0.6361433915	0.0902337869	0.1063941192
0	0.2938319500	0.0450477715	0.0000000372	0.2298024226	0.4313178188
0	0.2074345677	0.3532678125	0.3469106666	0.0923866533	0.0000002999
0	0.4728279460	0.3936907999	0.0000733236	0.0122180980	0.1211898325
0	0.5504720335	0.2837122193	0.0614133835	0.0944172905	0.0099850732
0	0.8412100950	0.0000450553	0.1246560123	0.0263407887	0.0077480486
0	0.0000092669	0.8258437955	0.0160911051	0.0914739851	0.0665818475
0	0.0024838889	0.1951024294	0.0148726970	0.7717265493	0.0158144353
1	0.2006523268	0.6965800747	0.0008931596	0.0650236788	0.0368507602
0	0.0732907682	0.0156527464	0.6731734382	0.0158193324	0.2220637148
0	0.0000000000	0.0041059400	0.0003598307	0.9953551344	0.0001790948
0	0.2656970621	0.0000000000	0.5779878010	0.0028279776	0.1534871593
