1	0.2809227309	0.1236202129	0.2194136069	0.0000000000	0.3760434492
0	0.2941834892	0.1072176653	0.0322086940	0.0015241665	0.5648659849
1	0.3179185286	0.0251342553	0.5483266855	0.0051745293	0.1034460012
0	0.0654974901	0.1537091892	0.4460348490	0.0000619720	0.3346964997
0	0.0000000000	0.0017277711	0.0058989742	0.7383415974	0.2540316573
0	0.0130507517	0.1441982003	0.0099755460	0.8237632487	0.0090122533
0	0.2825278446	0.0007562395	0.2085112730	0.0363618154	0.4718428275
0	0.3184323398	0.0750263026	0.0622989057	0.3089782413	0.2352642106
0	0.0001066280	0.3446280712	0.0923902103	0.4094465192	0.1534285713
0	0.0567106439	0.0603243227	0.0000007734	0.2749607237	0.6080035363
0	0.0339938721	0.0000002845	0.0000000000	0.4359102438	0.5300955997
0	0.0390946277	0.0081671391	0.0254157045	0.1847051588	0.7426173699
0	0.2834227035	0.0124148182	0.0000000000	0.3476326534	0.3565298249
0	0.3323291285	0.0029966647	0.0014653764	0.3702246061	0.2929842243
0	0.0022037367	0.8338465247	0.0630969851	0.1008527535	0.0000000000
0	0.0005555691	0.3235418273	0.4716782026	0.1662364147	0.0379879863
0	0.4240932571	0.3838582896	0.0654582334	0.0182096002	0.1083806196
0	0.3644377288	0.4682164553	0.0000000006	0.1592459108	0.0080999046
0	0.0055586699	0.0000000103	0.0912385110	0.3240373787	0.5791654300
0	0.0852169784	0.1839057892	0.5597980738	0.1710759244	0.0000032342
0	0.0000014184	0.0126853512	0.0001942479	0.0408253128	0.9462936696
0	0.0410941748	0.1011598989	0.6967416438	0.0060336125	0.1549706699
0	0.0006111286	0.0000707140	0.2043319149	0.6620889028	0.1328973397
0	0.0007377038	0.4089223256	0.1827271593	0.0035784292	0.4040343821
0	0.6209995388	0.0245610139	0.0001732453	0.1194383860	0.2348278160
0	0.0408023447	0.2242165352	0.1688227462	0.3936968536	0.1724615203
0	0.0021561615	0.8902898641	0.0389416819	0.0396723994	0.0289398931
0	0.6646904706	0.0149854910	0.2579839950	0.0042842973	0.0580557460
1	0.0033891512	0.0937958554	0.0000044385	0.2654898293	0.6373207256
0	0.0516973298	0.2898613951	0.0581673164	0.5116129389	0.0886610197
1	0.8720510168	0.0000825443	0.0000000000	0.1278664389	0.0000000000
1	0.0005057569	0.2408554729	0.1022916278	0.2301542001	0.4261929422
0	0.0177780972	0.5436669896	0.3235285796	0.0000000000	0.1150263335
0	0.1308969057	0.0255089871	0.1637360159	0.0240479948	0.6558100965
0	0.0195820368	0.0083721451	0.2645513516	0.6517956035	0.0556988630
1	0.0109110227	0.5472269924	0.0050078207	0.0000000000	0.4368541642
0	0.5596625045	0.0305456634	0.0556875730	0.2512855922	0.1028186670
0	0.3123833731	0.0121773898	0.0038450060	0.0013108036	0.6702834275
0	0.2758493829	0.0000000000	0.0276829120	0.6964677052	0.0000000000
0	0.0135737024	0.0065229574	0.0556481623	0.8400606517	0.0841945262
0	0.2173544192	0.0018896729	0.6349115123	0.0000071002	0.1458372955
0	0.1821281709	0.2855551545	0.0000995535	0.0302450447	0.5019720764
0	0.0080885766	0.0587940107	0.8762244139	0.0014944768	0.0553985219
0	0.0774468634	0.3045472777	0.0405857173	0.5770651265	0.0003550151
0	0.8137020426	0.0000000000	0.1483033588	0.0287307555	0.0092638430
0	0.0000000000	0.7732118565	0.2093777495	0.0174103940	0.0000000000
0	0.6740415105	0.0009217460	0.2868467015	0.0381335644	0.0000564776
0	0.1275442159	0.0044484930	0.4178247484	0.2698325919	0.1803499508
0	0.0134331702	0.0218006457	0.9134989796	0.0471752393	0.0040919652
0	0.1034326408	0.0099855470	0.8758161570	0.0105745766	0.0001910787
0	0.4181620255	0.2511567673	0.1303340729	0.0083668213	0.1919803129
1	0.0244636393	0.2371621303	0.0386437305	0.6788068367	0.0209236632
0	0.0002017072	0.3718637530	0.3971153750	0.2308191648	0.0000000000
0	0.0228078745	0.0055974877	0.0002478861	0.8963207970	0.0750259547
0	0.0000000001	0.9680493137	0.0037809413	0.0281697450	0.0000000000
0	0.2392316392	0.4802214473	0.0067003818	0.2260158065	0.0478307252
1	0.0221545816	0.0385106371	0.0439450386	0.7625863019	0.1328034409
0	0.1214470276	0.0092035292	0.8693494305	0.0000000127	0.0000000000
0	0.2769616645	0.0000132796	0.6045508070	0.0367034317	0.0817708172
0	0.0098529126	0.9348431260	0.0012166004	0.0540873610	0.0000000001
0	0.0000010400	0.0034971224	0.9474852108	0.0257134209	0.0233032058
0	0.4795449712	0.0812431348	0.0000826101	0.2144339778	0.2246953061
0	0.4756608951	0.1380632708	0.0076324971	0.2925272701	0.0861160669
0	0.2008283035	0.3327396885	0.0000000732	0.1318357927	0.3345961422
1	0.2786226641	0.2061595116	0.0003860218	0.0019891678	0.5128426347
0	0.1195821173	0.4901944298	0.3871357190	0.0007697162	0.0023180177
1	0.0000000000	0.0000291333	0.0000000521	0.0445285861	0.9554422285
0	0.5733816712	0.0056730825	0.3753388686	0.0424233177	0.0031830600
2	0.1831347381	0.5689739086	0.1309826657	0.0763978049	0.0405108827
1	0.0000000000	0.1975726757	0.0133998770	0.1725510645	0.6164763828
1	0.2316032592	0.2183463985	0.0928710994	0.4571792429	0.0000000000
0	0.0080704887	0.0002645860	0.0008440488	0.6214452949	0.3693755816
0	0.0128628607	0.0023296271	0.0573175793	0.6232334895	0.3042564433
0	0.2959878788	0.0000178187	0.3603879954	0.3148961644	0.0287101427
0	0.8129406469	0.0369893078	0.0041394615	0.1330459139	0.0128846699
0	0.0742316841	0.0082671657	0.0545945911	0.0081141858	0.8547923733
2	0.0000024582	0.0441962447	0.4260544824	0.5296443898	0.0001024249
0	0.0786251452	0.0084424316	0.2430256278	0.3721598226	0.2977469728
0	0.0002045709	0.0000000050	0.0917187760	0.0926239759	0.8154526721
0	0.3181924271	0.0001436806	0.1473673742	0.2068762889	0.3274202292
0	0.1015652438	0.5918651015	0.0233849831	0.0147972029	0.2683874687
1	0.0050335758	0.0001024618	0.1302832298	0.8035587367	0.0610219959
0	0.0141094290	0.6925430047	0.0748105280	0.0000000148	0.2185370235
0	0.0000000000	0.3151109974	0.0040969417	0.0001176539	0.6806744070
0	0.0585823063	0.5867549537	0.1914416985	0.0123047286	0.1509163128
1	0.0903280534	0.2811710533	0.5662207975	0.0622795408	0.0000005551
0	0.0000858295	0.1227526795	0.0001231966	0.8622823752	0.0147559193
0	0.0536716496	0.0012335133	0.0659699884	0.5213155846	0.3578092642
0	0.0233550507	0.0018571701	0.0254105351	0.0668571845	0.8825200596
0	0.0248955781	0.0207660716	0.4505341991	0.0000000000	0.5038041512
0	0.0887518099	0.6151650952	0.0605345994	0.0000169800	0.2355315156
0	0.0061024341	0.0208989848	0.0498458725	0.8801976020	0.0429551066
1	0.0839940795	0.1300093023	0.4439502091	0.0864972231	0.2555491860
0	0.0000000000	0.1249830007	0.0021213629	0.8728370185	0.0000586178
0	0.2134072698	0.0082525109	0.2481588580	0.0000000747	0.5301812866
0	0.0152797725	0.1434539541	0.2425834222	0.5985677459	0.0001151054
0	0.0001232583	0.0591456858	0.0009034300	0.9398276258	0.0000000000
0	0.0632818795	0.0081474919	0.0000003598	0.9285699271	0.0000003416
0	0.4696015057	0.0204254486	0.1358969432	0.3740761025	0.0000000000
0	0.0138532399	0.0429445530	0.8757121651	0.0673329421	0.0001571000
