1	0.0319860595	0.1562548601	0.3789682010	0.1127759874	0.3200148920
0	0.0411090601	0.5642443136	0.2002220788	0.0084493233	0.1859752242
1	0.0020685578	0.8498439801	0.0859399537	0.0120509784	0.0500965300
0	0.5874492255	0.0013102474	0.3549210045	0.0467680656	0.0095514569
1	0.6651486381	0.1023127084	0.0231991931	0.0342093222	0.1751301383
0	0.0005654366	0.0489820284	0.0000007371	0.5098441747	0.4406076233
0	0.7145889776	0.1122367248	0.0267104901	0.0000234849	0.1464403227
0	0.1348629006	0.0013927842	0.2181126800	0.0000014599	0.6456301754
0	0.2497779745	0.0138109693	0.0000000000	0.0000728539	0.7363382023
1	0.0504355518	0.1933399442	0.7557624344	0.0001994081	0.0002626615
1	0.0005066949	0.0023044426	0.2649678096	0.4205148006	0.3117062522
0	0.0255602085	0.3529388020	0.0158855539	0.0152863620	0.5903290736
2	0.2978484272	0.5823176142	0.0000000000	0.1198339586	0.0000000000
0	0.5324244694	0.0214930742	0.2813353491	0.0000812029	0.1646659044
0	0.3525904226	0.1739763010	0.1215420356	0.0007675778	0.3511236631
0	0.1018213242	0.0046192337	0.0077054242	0.0000018519	0.8858521659
0	0.0700246395	0.0948292253	0.0000000001	0.0001663304	0.8349798047
0	0.0679717590	0.2172392931	0.0000165027	0.7147724452	0.0000000000
0	0.0001761236	0.1072233236	0.5388122214	0.3537883314	0.0000000000
1	0.4468631427	0.1803605134	0.0037504958	0.0941189545	0.2749068936
0	0.6258040884	0.0000499930	0.1803916082	0.1390804144	0.0546738960
0	0.2284693065	0.2244447793	0.2303886706	0.0348326865	0.2818645571
0	0.0157484599	0.0000001925	0.3109165010	0.6733098443	0.0000250023
1	0.0410282969	0.1901006439	0.5978040515	0.0181375830	0.1529294247
0	0.0001712492	0.0005795787	0.6429027843	0.0157739473	0.3405724406
1	0.2075346474	0.2969671757	0.0779253686	0.4175728084	0.0000000000
0	0.1089118383	0.5762647818	0.0567008994	0.0000000083	0.2581224723
0	0.0000052155	0.1808380884	0.2553449852	0.0000000001	0.5638117109
0	0.0979300494	0.0567190655	0.7128607297	0.0007983690	0.1316917864
0	0.0385856492	0.9406971851	0.0174489836	0.0000006679	0.0032675142
0	0.0071969758	0.1773306442	0.2684517197	0.3300471837	0.2169734767
0	0.2338913339	0.6872956289	0.0079365699	0.0708764674	0.0000000000
0	0.0006140688	0.9633143285	0.0044765333	0.0310380066	0.0005570628
0	0.2295623885	0.0974304140	0.6231031991	0.0184808467	0.0314231518
0	0.3506670809	0.3613621845	0.1563287947	0.0912884391	0.0403535007
1	0.1891672853	0.0289379877	0.6828494054	0.0710939243	0.0279513973
0	0.3026761382	0.0000026483	0.1279363633	0.5663403863	0.0030444639
1	0.9540523700	0.0001132675	0.0446419521	0.0011924044	0.0000000060
1	0.0058925233	0.0013494859	0.1670659673	0.0536547506	0.7720372728
0	0.1085296344	0.0001597086	0.0387642374	0.7614373012	0.0911091183
0	0.0611853388	0.1218312510	0.4985951426	0.1964351400	0.1219531277
0	0.0000000000	0.4491553764	0.0963336345	0.1350569783	0.3194540108
0	0.2081580974	0.0006052951	0.0221875376	0.1439919230	0.6250571470
0	0.0819594879	0.0000000174	0.2863426528	0.1480837196	0.4836141223
0	0.3983769656	0.0357219168	0.0636229814	0.0000178512	0.5022602850
0	0.0414433976	0.3041036412	0.3291025708	0.2007954635	0.1245549268
1	0.6411531110	0.0611922562	0.2183621888	0.0741341156	0.0051583284
0	0.1105363285	0.2901236818	0.2448103136	0.0001279219	0.3544017542
0	0.0386691776	0.7364441873	0.0054849143	0.1095174209	0.1098843000
0	0.0054678047	0.0000257673	0.1762693655	0.2223817486	0.5958553140
1	0.1541109196	0.7442324702	0.0262732307	0.0137271730	0.0616562065
1	0.1601912882	0.0469623278	0.2377940453	0.5474126096	0.0076397291
2	0.1959029231	0.0028131216	0.0000000037	0.0011112408	0.8001727107
0	0.7471236549	0.0318690225	0.2121706954	0.0088355272	0.0000011000
1	0.2992813944	0.2075167265	0.0765699412	0.2528870772	0.1637448607
0	0.1280405855	0.0591519173	0.1786964777	0.6341100524	0.0000009671
0	0.0003448806	0.7844123493	0.0000041776	0.2148171111	0.0004214813
0	0.0569946522	0.2037083791	0.6645480491	0.0102969233	0.0644519963
0	0.0000064032	0.7313649712	0.1631915458	0.0252130532	0.0802240266
0	0.0000000006	0.0243309843	0.7390449022	0.0095898264	0.2270342865
0	0.3181410945	0.1980749727	0.3371144409	0.0021979838	0.1444715081
1	0.3294452240	0.4939538175	0.0006381133	0.0771191122	0.0988437330
1	0.2437027338	0.0261000291	0.0015774233	0.0145700233	0.7140497906
0	0.0396566544	0.3018232247	0.0911881226	0.3560047717	0.2113272266
1	0.0618779639	0.4544643108	0.0547190000	0.3054261309	0.1235125943
0	0.4099047414	0.1519374025	0.0000000002	0.3858581337	0.0522997222
0	0.1288192526	0.0004969452	0.1110113375	0.6473103162	0.1123621485
0	0.0000000000	0.1981362535	0.6811676290	0.1163884272	0.0043076902
0	0.0332427372	0.0043189775	0.0336030493	0.0000000000	0.9288352360
0	0.0000002038	0.5583364396	0.0442296369	0.1413950829	0.2560386368
0	0.5520834807	0.1746458403	0.1617312942	0.0553914758	0.0561479090
0	0.0128271383	0.3475835822	0.5891349928	0.0000182509	0.0504360357
1	0.0000000000	0.0267476261	0.9703241533	0.0001038029	0.0028244178
0	0.0628290379	0.0557246525	0.3197715511	0.0000000000	0.5616747585
0	0.4759088689	0.0012632919	0.2308756396	0.0188680298	0.2730841698
0	0.0532858357	0.0252757255	0.1700972407	0.7492576849	0.0020835132
0	0.6340701107	0.1429542044	0.0070226718	0.0000000000	0.2159530131
1	0.2170588189	0.0359439186	0.0008729601	0.0944082769	0.6517160255
0	0.2103203586	0.1413235882	0.0000027180	0.2588303473	0.3895229879
0	0.0029735871	0.0026179700	0.0002061607	0.9813613373	0.0128409449
0	0.0043691971	0.1209792683	0.7363590866	0.0928187898	0.0454736581
1	0.0068424068	0.1222107649	0.7187185467	0.0400807360	0.1121475457
0	0.2732714501	0.3942420814	0.0208203409	0.2941727749	0.0174933528
0	0.1324702843	0.0192858402	0.5639992756	0.2842445860	0.0000000139
0	0.1650986245	0.2918584440	0.4101561894	0.1233035707	0.0095831714
0	0.7221507018	0.1286437264	0.0569983325	0.0307889897	0.0614182496
0	0.8317956354	0.0017451043	0.0942204488	0.0000000000	0.0722388115
0	0.0002625084	0.0000156412	0.0031811070	0.9965407434	0.0000000000
1	0.3518483737	0.6074505653	0.0179258445	0.0154328313	0.0073423852
1	0.0022905285	0.1542069614	0.0004404491	0.0000001411	0.8430619199
0	0.0091443183	0.1053023179	0.0603903277	0.1014773244	0.7236857117
1	0.0300586963	0.0537727231	0.0435455064	0.7904896330	0.0821334412
0	0.0176910438	0.5272483332	0.3282438492	0.0422232358	0.0845935380
0	0.9394867969	0.0347239330	0.0094262926	0.0001759328	0.0161870447
0	0.5391912267	0.0000401230	0.4601762835	0.0000002080	0.0005921588
0	0.0000000000	0.3961675843	0.2732847462	0.0058782372	0.3246694323
0	0.0019789120	0.5138827928	0.0441050026	0.4400332925	0.0000000000
0	0.1222029802	0.7219615663	0.0999581256	0.0111988916	0.0446784364
0	0.6846034976	0.0885751245	0.0361693938	0.0000671920	0.1905847921
0	0.0428514230	0.3734913737	0.5836336282	0.0000001589	0.0000234162
