0	0.0498056626	0.0851763044	0.7090102401	0.0525941898	0.1034136031
0	0.1516147045	0.0254547528	0.0008239787	0.8215770899	0.0005294740
0	0.0000187414	0.9966243187	0.0003313211	0.0000077446	0.0030178743
0	0.1471134144	0.1424466670	0.6942737040	0.0161662145	0.0000000000
1	0.0031562103	0.9022182390	0.0116220736	0.0629580117	0.0200454654
0	0.7256236961	0.0001713925	0.0430676454	0.0276936770	0.2034435890
0	0.0131726318	0.3298137885	0.1266422761	0.5191062917	0.0112650119
0	0.0611190339	0.3110351934	0.0559016000	0.3304542428	0.2414899298
1	0.0453897655	0.2611585537	0.5188228244	0.0084944030	0.1661344534
0	0.0250873428	0.0059986475	0.0002369499	0.8868849839	0.0817920758
1	0.0000082636	0.3261442075	0.0100153537	0.6638321131	0.0000000621
0	0.2711121805	0.3492379098	0.0909213776	0.0994387541	0.1892897780
0	0.2185962449	0.0100476801	0.0264417979	0.0851322930	0.6597819841
0	0.0755201090	0.0466925849	0.3870272473	0.0000000047	0.4907600541
1	0.0030564481	0.3317411939	0.5513954408	0.0794776153	0.0343293019
0	0.5857402964	0.0000004478	0.1154589268	0.1758189298	0.1229813991
0	0.5680993575	0.1361945978	0.0322257492	0.2485671267	0.0149131689
0	0.1874386794	0.2073983714	0.1238335943	0.3679016007	0.1134277542
0	0.0063016534	0.0196357081	0.7370712993	0.0000064568	0.2369848825
0	0.6435882229	0.0244386971	0.0905920421	0.2254591919	0.0159218460
2	0.2330160469	0.1274797762	0.4022686404	0.0717986462	0.1654368903
0	0.0002300050	0.3072427886	0.0589227323	0.0639024976	0.5697019766
0	0.3400334373	0.4716823604	0.0600029290	0.0027164400	0.1255648334
0	0.0000001020	0.2366832322	0.0356132880	0.3712591422	0.3564442357
1	0.5887819030	0.2811715203	0.0732930940	0.0477804935	0.0089729892
0	0.3477886068	0.0038658981	0.0000546241	0.0338307654	0.6144601056
0	0.0000000017	0.0033756089	0.0002170552	0.9955934535	0.0008138808
0	0.3044470340	0.6709350518	0.0142245513	0.0000000000	0.0103933629
0	0.5002517716	0.2207688856	0.1850608639	0.0000000006	0.0939184784
0	0.3975692533	0.0265856865	0.3904884308	0.0773072570	0.1080493724
0	0.6351899900	0.0017260142	0.0001951542	0.3628888416	0.0000000000
0	0.0031064830	0.9104379107	0.0558653433	0.0000016008	0.0305886623
0	0.2023897377	0.1391897467	0.5802461890	0.0779684257	0.0002059009
0	0.0008392618	0.0676192627	0.1288987665	0.5432867295	0.2593559795
1	0.0048840639	0.0002382642	0.4341056204	0.5545801699	0.0061918816
0	0.0000000000	0.0000053387	0.0949481839	0.0162250112	0.8888214662
0	0.1657862742	0.4033944697	0.0021211902	0.4286980659	0.0000000000
0	0.0015381896	0.0640296223	0.0975651900	0.2988988518	0.5379681463
1	0.2119011255	0.5925787023	0.1951100327	0.0004100019	0.0000001375
0	0.0024197286	0.0337432945	0.5259675654	0.2739712666	0.1638981449
1	0.2393316485	0.0832894228	0.5960794421	0.0734407468	0.0078587398
0	0.0005704917	0.0014522813	0.4935988567	0.0367306362	0.4676477341
0	0.0617884977	0.0034350793	0.2881155568	0.0045718251	0.6420890411
1	0.0009013032	0.4262008258	0.0416688901	0.5312289808	0.0000000000
0	0.2850387406	0.5430441519	0.0322162104	0.1224966302	0.0172042668
0	0.0000006037	0.8505239292	0.1190578237	0.0293393552	0.0010782882
0	0.1856534601	0.0691360222	0.7298577497	0.0153497353	0.0000030328
1	0.1630006646	0.0000000000	0.2592493231	0.1079066370	0.4698433753
0	0.1160741302	0.0105040680	0.1008113730	0.7726103939	0.0000000349
0	0.9064207598	0.0080627495	0.0115215965	0.0019614984	0.0720333958
0	0.0477294650	0.0017762099	0.0085616986	0.0061713890	0.9357612374
0	0.1276818725	0.4273969842	0.4149937779	0.0250725182	0.0048548472
0	0.0532757371	0.0367861919	0.1073895124	0.6732852360	0.1292633226
0	0.0570206033	0.1446458583	0.0479704982	0.1092982378	0.6410648024
1	0.0156302883	0.2541394626	0.1396449808	0.5899146226	0.0006706457
0	0.0009472129	0.2535942058	0.4534746887	0.2575865011	0.0343973914
0	0.6770618078	0.0644557100	0.0002247228	0.2582308328	0.0000269267
0	0.0555323680	0.0089176376	0.1829235396	0.4391934682	0.3134329867
0	0.3310863342	0.2121207165	0.2728502814	0.1839426676	0.0000000003
1	0.0041525789	0.8334748876	0.0000011099	0.0000000000	0.1623714237
0	0.1323264905	0.2001520675	0.0000000731	0.4398928253	0.2276285437
0	0.5438287195	0.0077167616	0.0029484265	0.0288118516	0.4166942407
1	0.2876154005	0.4733004569	0.1900372236	0.0065537283	0.0424931907
2	0.0000078997	0.8500865472	0.0892813682	0.0000000821	0.0606241028
0	0.0687614066	0.2320678830	0.0000161885	0.3550718378	0.3440826841
0	0.4647875408	0.0388982324	0.0128871578	0.4682513205	0.0151757485
0	0.0385077606	0.2616564847	0.4633382710	0.0080447036	0.2284527801
0	0.0007373995	0.9814200101	0.0011195443	0.0021934874	0.0145295588
1	0.1237902490	0.0085268307	0.8501484333	0.0131285389	0.0044059482
0	0.5153595556	0.2301063456	0.0311111023	0.0360555226	0.1873674739
0	0.0029429111	0.0519446444	0.0348849663	0.5945193926	0.3157080855
0	0.7326199453	0.2226966300	0.0048445827	0.0000584797	0.0397803624
0	0.3196735596	0.2240703658	0.1776526569	0.1901702146	0.0884332030
0	0.0115377584	0.0727277069	0.7124924432	0.1897150569	0.0135270345
0	0.3736162548	0.4925807860	0.0181204109	0.0005903748	0.1150921734
0	0.0030683038	0.0024921782	0.4088679497	0.5855715682	0.0000000000
1	0.8944496501	0.0938340501	0.0058674033	0.0016518748	0.0041970217
0	0.0000000000	0.0000000003	0.0144717420	0.9837734163	0.0017548414
0	0.2178589605	0.0026743439	0.6317887190	0.0259671469	0.1217108296
0	0.5229755657	0.0000009373	0.2628236371	0.0904079274	0.1237919324
0	0.5281628967	0.0044809840	0.1716569216	0.2884720591	0.0072271385
0	0.0039284140	0.9327336878	0.0061187368	0.0570335166	0.0001856447
0	0.2392495538	0.0213838483	0.0302982201	0.1231571643	0.5859112136
0	0.0431170071	0.8645593468	0.0003751655	0.0000000941	0.0919483865
0	0.0000000000	0.3246633308	0.6530115419	0.0002832892	0.0220418381
0	0.2845099249	0.1855991514	0.0000009576	0.4341318004	0.0957581657
0	0.0406163358	0.2149373190	0.3592627255	0.0251902996	0.3599933202
0	0.1231333633	0.0290352694	0.0554927508	0.7533967194	0.0389418972
0	0.7488110053	0.0445722412	0.0000000000	0.1624544796	0.0441622739
1	0.0410567947	0.3131520250	0.3120717510	0.0310110165	0.3027084129
0	0.4941125453	0.0000000000	0.0039413682	0.3815817292	0.1203643573
0	0.7745033908	0.0000000004	0.1020055849	0.0000506001	0.1234404239
0	0.2532780394	0.0056148988	0.2328899179	0.2781403872	0.2300767566
1	0.0000530782	0.3692821538	0.3600839418	0.1728889796	0.0976918466
1	0.0350342535	0.0433650501	0.0153512760	0.0009476068	0.9053018137
0	0.0016649357	0.0724097137	0.2752814321	0.5294984224	0.1211454962
0	0.6252622701	0.0216359860	0.1418935945	0.1809051207	0.0303030287
0	0.0000013222	0.1365242885	0.3402664679	0.0091497809	0.5140581405
0	0.0067444945	0.0208739366	0.1737237423	0.2836736927	0.5149841339
1	0.8537650009	0.0251093989	0.0001086192	0.0813779959	0.0396389851
