0	0.5600718128	0.1339478975	0.3009509000	0.0049802609	0.0000491288
0	0.0305644416	0.0374538806	0.3428505334	0.5891273682	0.0000037761
0	0.0239195606	0.3800976442	0.1371227610	0.2129839334	0.2458761008
0	0.1995535795	0.0988701244	0.3521364011	0.0000000000	0.3494398951
0	0.0027021532	0.0890440604	0.2474126774	0.3710050963	0.2898360127
0	0.0015886486	0.1963967648	0.2736144817	0.1562376501	0.3721624549
0	0.3955719307	0.1731721900	0.0275922904	0.4014122383	0.0022513507
1	0.0527838108	0.2750084968	0.4935299769	0.0540842370	0.1245934785
0	0.8585143060	0.0104914022	0.0017146655	0.1249616987	0.0043179275
0	0.0657704717	0.0000000001	0.0050454514	0.4233976329	0.5057864439
0	0.0001552553	0.2981394357	0.0021618910	0.1632463682	0.5362970499
0	0.0049255416	0.0034550602	0.1987823258	0.7917976574	0.0010394149
0	0.2293013804	0.3771227794	0.0872152494	0.2051627270	0.1011978638
0	0.2679434910	0.0034067585	0.2153681163	0.4651144434	0.0481671908
1	0.3271320088	0.0000093305	0.3757563660	0.2968086129	0.0002936818
0	0.0804269480	0.1323289342	0.6222487413	0.0001038807	0.1648914958
0	0.0398720088	0.0003513383	0.0389324314	0.8710120737	0.0498321477
0	0.0007502196	0.0037542238	0.0664499917	0.1038337336	0.8252118312
1	0.0063329485	0.2065610877	0.5092202730	0.1119698800	0.1659158108
0	0.1557479401	0.1528117188	0.5472417666	0.0367267315	0.1074718430
1	0.0489803226	0.0000007351	0.1476977917	0.1501376754	0.6531834751
0	0.8471296620	0.0488346958	0.0962296333	0.0078049270	0.0000010819
0	0.1508260508	0.0164128847	0.0290414370	0.0544084901	0.7493111374
0	0.0139192698	0.0623026498	0.0130202805	0.6885716853	0.2221861146
0	0.0176298519	0.9199843492	0.0397493191	0.0226364779	0.0000000020
0	0.0015806175	0.0000000000	0.3271534862	0.1238482880	0.5474176083
0	0.0000017546	0.0009895126	0.9639900680	0.0342325537	0.0007861112
0	0.2456424063	0.0006439739	0.2503018742	0.3519350901	0.1514766555
0	0.0191304534	0.0015202701	0.8916124284	0.0877108361	0.0000260120
0	0.1979756202	0.0355409289	0.4883261809	0.0000027521	0.2781545179
0	0.6393766542	0.1430668313	0.0016020089	0.1285001285	0.0874543772
1	0.0017697870	0.2557731511	0.0000021469	0.7249004839	0.0175544310
0	0.1870208297	0.1496491559	0.2567469317	0.0101854488	0.3963976339
1	0.5468109889	0.0028507823	0.1453298447	0.2824851725	0.0225232116
0	0.9013125967	0.0392954015	0.0433190604	0.0047830610	0.0112898803
0	0.1013267904	0.4371187296	0.1087688832	0.0132985208	0.3394870760
0	0.0095478312	0.0083744906	0.9820659093	0.0000000000	0.0000117689
0	0.2076175271	0.0000035227	0.0248790567	0.2295886199	0.5379112736
1	0.0575595706	0.0052356135	0.7767266128	0.0019670179	0.1585111852
1	0.2538129643	0.3972447522	0.0049263315	0.0000000000	0.3440159521
1	0.1079202479	0.4338780125	0.0910629890	0.0000000000	0.3671387507
0	0.0804145023	0.0032089417	0.0614358157	0.7757239947	0.0792167457
0	0.7773059279	0.0081092848	0.1485139557	0.0656455539	0.0004252777
0	0.5743741972	0.0025712606	0.1934414602	0.1647698502	0.0648432317
1	0.0122130179	0.0004374707	0.0645137844	0.1047292447	0.8181064823
0	0.0101938237	0.0169672439	0.0107036318	0.8464228699	0.1157124307
0	0.0454533530	0.9148646974	0.0042199828	0.0143275960	0.0211343708
0	0.0000000000	0.0000000127	0.5565724211	0.4387963875	0.0046311787
0	0.0595132854	0.0258193512	0.1229638030	0.7209566557	0.0707469048
1	0.0000000000	0.2887564819	0.0000577985	0.7106235819	0.0005621377
0	0.2293060124	0.1698938244	0.4002812677	0.2005187621	0.0000001334
0	0.3935481554	0.0010237689	0.0225101048	0.0248877255	0.5580302454
0	0.7817666836	0.1757825364	0.0000003745	0.0023469715	0.0401034340
0	0.7546231720	0.0104350227	0.2145705701	0.0000093069	0.0203619284
0	0.1340307780	0.4882572310	0.0419513888	0.0254103494	0.3103502527
0	0.0010156381	0.3776945453	0.0076839153	0.0555370725	0.5580688287
0	0.0113417242	0.0071699034	0.0023952388	0.0017853574	0.9773077762
0	0.0007126584	0.0070768771	0.4316686562	0.1720121314	0.3885296769
0	0.0000664636	0.7885307370	0.1918278356	0.0000001475	0.0195748163
0	0.0147640479	0.1303723826	0.3691828115	0.4441404745	0.0415402834
1	0.0003032254	0.0009066447	0.2006159453	0.0000000002	0.7981741843
0	0.2866264131	0.0855480076	0.0000001325	0.6134841054	0.0143413415
0	0.0000000000	0.9172888405	0.0575905318	0.0007208824	0.0243997453
0	0.0691368487	0.0070276316	0.5281739396	0.1987213012	0.1969402788
0	0.1142077045	0.3070164790	0.0788992531	0.4802255618	0.0196510016
1	0.0072609346	0.7536951584	0.1991218786	0.0032914063	0.0366306221
0	0.4559851662	0.3602826247	0.0824196882	0.0395324062	0.0617801147
0	0.0000015129	0.0009740973	0.0000000562	0.8936603630	0.1053639707
1	0.0188976514	0.7383963656	0.0127379513	0.0050839359	0.2248840959
0	0.2009254883	0.1202685616	0.6649188512	0.0070141999	0.0068728990
0	0.0174026496	0.0000250700	0.8072677777	0.1143879865	0.0609165162
0	0.0814639688	0.0242008533	0.0204794675	0.3401224896	0.5337332209
1	0.5923504560	0.1201837321	0.0000019383	0.2089848669	0.0784790067
1	0.0758919136	0.0000164609	0.1937564554	0.3703074891	0.3600276810
1	0.1751525535	0.0535504475	0.3784744066	0.3429659887	0.0498566037
0	0.8918385921	0.0000000223	0.0000000002	0.0074690165	0.1006923691
0	0.1233421751	0.0661121277	0.2610051018	0.4024860479	0.1470545474
1	0.2319079225	0.5556783433	0.0376329574	0.0597674385	0.1150133384
1	0.0365337225	0.0997138708	0.2498962407	0.1159033925	0.4979527734
0	0.0255455666	0.3474345256	0.3708603917	0.1199266262	0.1362328898
0	0.4871518085	0.0000000001	0.3624425765	0.1210983536	0.0293072612
0	0.0007944868	0.0685903610	0.0014210633	0.0926563092	0.8365377797
1	0.0474604845	0.5277953005	0.1486887770	0.2709763480	0.0050790900
0	0.0556080223	0.6465652599	0.1289348343	0.0879001140	0.0809917695
0	0.4173448497	0.0657000444	0.4587478190	0.0000202356	0.0581870513
0	0.0693349144	0.0439507151	0.1701526612	0.4039473810	0.3126143283
0	0.3563479006	0.5484610411	0.0004691324	0.0937338504	0.0009880754
0	0.0203007551	0.9453334972	0.0009223107	0.0109295568	0.0225138802
0	0.0893302893	0.2177489487	0.6523309374	0.0397511253	0.0008386994
0	0.2728441008	0.0453603558	0.0355953799	0.6292970824	0.0169030811
0	0.6222238248	0.0369132639	0.2934957491	0.0012769572	0.0460902050
0	0.0119619230	0.0000361735	0.0492787915	0.9146558380	0.0240672739
0	0.8090181122	0.0039936664	0.1701481517	0.0003515920	0.0164884777
2	0.0051932097	0.7119422317	0.2641557476	0.0000000000	0.0187088109
0	0.0005797667	0.0554671559	0.9434379757	0.0003888726	0.0001262290
0	0.0405961641	0.6470626187	0.0602309276	0.0000000000	0.2521102896
0	0.1616680058	0.5477504672	0.1299420186	0.1012735193	0.0593659891
0	0.0642728133	0.0586042578	0.0016379465	0.1266088436	0.7488761388
0	0.5123039909	0.0007096056	0.4363959738	0.0481267501	0.0024636795
0	0.0285781142	0.6459940387	0.0329365185	0.1263087157	0.1661826130
