1	0.2331827284	0.0249097290	0.2970428728	0.1661135937	0.2787510762
0	0.2473141871	0.0530045076	0.3270033824	0.0006231895	0.3720547335
0	0.0000000000	0.1941499307	0.0000000000	0.7984863209	0.0073637484
0	0.1558173553	0.6143150150	0.1515723637	0.0001215702	0.0781736958
1	0.1777792320	0.0026662869	0.7050306111	0.0532131358	0.0613107343
1	0.2584439971	0.0225725024	0.4332454146	0.1105786976	0.1751593884
0	0.1849337697	0.4603406696	0.1816802613	0.0584948627	0.1145504367
1	0.1135797060	0.0000001392	0.6567014547	0.0596819101	0.1700367900
0	0.0554151690	0.0211531613	0.3330279315	0.0683128701	0.5220908680
0	0.0535973549	0.6085105994	0.0414966043	0.2835150562	0.0128803853
0	0.0102796510	0.7821986714	0.0181749245	0.1761864320	0.0131603212
1	0.0475957897	0.7324180106	0.0737372774	0.0212393271	0.1250095952
0	0.0189585391	0.1165948359	0.0231449765	0.8172197661	0.0240818824
0	0.0000047931	0.0316509584	0.0945223557	0.0290042090	0.8448176837
0	0.0070522075	0.0011243403	0.0000027122	0.4113376590	0.5804830810
0	0.1417561538	0.0026097563	0.0318276405	0.0401153317	0.7836911177
1	0.1551880116	0.0000812496	0.3033942558	0.1421382157	0.3991982674
0	0.0537165386	0.8442361801	0.0465356266	0.0517066056	0.0038050491
0	0.2164080215	0.0078485807	0.1981052303	0.4709289107	0.1067092567
0	0.2337018285	0.0854366043	0.2476474209	0.0580938672	0.3751202791
0	0.0005652334	0.9426861427	0.0059408102	0.0203178254	0.0304899883
0	0.0082413381	0.5091726128	0.0564633167	0.0008031555	0.4253195769
1	0.0936985272	0.0450850336	0.0376546652	0.0003246428	0.8232371312
0	0.2270728795	0.0864197036	0.0098793950	0.3211311083	0.3554969135
0	0.0006566566	0.1483377812	0.2109971071	0.6349624161	0.0050460390
0	0.1279989392	0.0020198517	0.0272510340	0.5541761728	0.2885540023
0	0.1305754654	0.0615370879	0.1716467141	0.4607775232	0.1754632094
1	0.3452020945	0.2492811655	0.0367203063	0.3684955540	0.0003008797
1	0.1976574258	0.0339847585	0.4297089074	0.0001888801	0.3384600282
0	0.0000000000	0.0176635901	0.3008712137	0.6814651961	0.0000000001
1	0.5926247637	0.0200616189	0.0164187493	0.1088783007	0.2620165674
0	0.0051957198	0.3447693229	0.2461433834	0.0000076087	0.4038839653
0	0.0305652968	0.7347765515	0.0018595075	0.0381921893	0.1946064548
1	0.3268157880	0.4470452193	0.0344356515	0.0260353473	0.1656679938
0	0.1062601698	0.3587201644	0.4081080783	0.0996580975	0.0272534901
0	0.0001847234	0.0243743925	0.2539560320	0.5327058280	0.1887790241
0	0.3857151220	0.0214890434	0.1856650993	0.4047241337	0.0024066016
0	0.0094392484	0.0001217715	0.3451022988	0.6171623522	0.0281743291
0	0.7323458587	0.0623300938	0.1571537599	0.0261727201	0.0219975675
1	0.1873181873	0.0000000000	0.0000000001	0.8069713410	0.0057104716
0	0.0016380024	0.9968425525	0.0005931099	0.0000109826	0.0009153526
1	0.1155384875	0.7854763901	0.0016087482	0.0770122078	0.0203641663
0	0.3125042228	0.1490254157	0.3341612267	0.1075105255	0.0967986093
0	0.0000701080	0.5719257211	0.0000991588	0.3124303350	0.1154746771
2	0.0639732758	0.1071659478	0.8267781958	0.0000000004	0.0020825802
0	0.0057560152	0.9772087846	0.0125287019	0.0026399673	0.0018665310
0	0.5692675308	0.3467787459	0.0494409507	0.0000000000	0.0345127726
0	0.8879974279	0.0945737688	0.0037288877	0.0001958271	0.0135040885
0	0.9217592690	0.0106646340	0.0000000000	0.0673038642	0.0002722328
0	0.1396628004	0.0453648748	0.6458960926	0.0232103999	0.1458658323
0	0.1649740927	0.2585288805	0.0832233511	0.4211152047	0.0721584709
0	0.7165479920	0.0120814295	0.0287229188	0.0166296602	0.2260179995
1	0.1002162930	0.8881408358	0.0017619250	0.0000059334	0.0098750128
0	0.2343832708	0.0079787674	0.7544391292	0.0000463936	0.0031524390
0	0.7375859900	0.0674013087	0.0000000000	0.1630338368	0.0319788645
1	0.2158080365	0.1921825138	0.0016908299	0.4514780061	0.1388406137
0	0.2411102598	0.0000000000	0.3025555728	0.0000000000	0.4563341674
0	0.3353132572	0.5754663893	0.0000000000	0.0000011159	0.0892192376
0	0.0000000000	0.0062226851	0.8894969859	0.0196712777	0.0846090513
1	0.3196698201	0.0064863584	0.1480867151	0.4939143655	0.0318427409
0	0.0589874578	0.5207617378	0.0380979736	0.0745840384	0.3075687925
2	0.7310941944	0.0025971961	0.0262590651	0.1557038621	0.0843456823
0	0.6950186374	0.0871839128	0.1947945671	0.0000000000	0.0230028826
0	0.0164441076	0.0000004717	0.0101346537	0.5549617796	0.4184589874
0	0.1160358135	0.5491280450	0.0000300043	0.0385747755	0.2962313618
0	0.0036448113	0.0689754837	0.0028399240	0.0090214355	0.9155183455
0	0.0811767393	0.0238819437	0.0000742640	0.3583864298	0.5364806232
0	0.8179759212	0.0772587411	0.0170881857	0.0854059941	0.0022711579
0	0.0007490117	0.0845467132	0.0043072575	0.9031796194	0.0072173981
0	0.4591411914	0.0032366985	0.0836267315	0.4536840160	0.0003113625
0	0.0001671996	0.0480050853	0.1266794968	0.3056080538	0.5195401646
0	0.0002643845	0.0005771697	0.0000000000	0.9921399376	0.0070185082
0	0.0000000013	0.0441067340	0.1000133819	0.7397880824	0.1160918003
1	0.0009692808	0.4179839170	0.1571391689	0.0000250515	0.4238825818
0	0.1567318097	0.0442928717	0.0664164315	0.3179561193	0.4146027677
0	0.7790556397	0.2191467524	0.0000353752	0.0016970838	0.0000651490
0	0.1872678856	0.6073957095	0.1417401097	0.0616538148	0.0019424804
0	0.0598046966	0.1632016494	0.4398305081	0.0000000120	0.3371631339
0	0.4366777442	0.0807199381	0.1104491179	0.2389665203	0.1331866794
0	0.0003917797	0.1851041843	0.6519862864	0.0229584203	0.1395593295
0	0.3221826438	0.0889175580	0.3533530692	0.0690315669	0.1665151620
1	0.1231102370	0.0000332385	0.1991155422	0.3150396366	0.3627013458
1	0.0005974758	0.0000214989	0.4486049276	0.0036066322	0.5471694655
0	0.0181731868	0.3371859030	0.1041875677	0.0017276328	0.5387257097
1	0.8506991882	0.0336202204	0.0081740149	0.0333383896	0.0741681868
0	0.0009829112	0.8872026721	0.0413718847	0.0000271762	0.0704153558
0	0.4714129715	0.0145571864	0.4064784443	0.0487705026	0.0587808952
0	0.3884156260	0.3421940320	0.1677320404	0.1016275589	0.0000307428
0	0.3200746316	0.0051323562	0.0371881791	0.6299485456	0.0076562874
0	0.0522474553	0.1290692612	0.0190348913	0.6142987471	0.1853496450
0	0.1298287600	0.2560604469	0.0000013667	0.6141086659	0.0000007606
0	0.0000019399	0.0018462919	0.0358222626	0.5660111368	0.3963183688
0	0.0209550154	0.1358502952	0.3942408492	0.2628640604	0.1860897798
0	0.0452434563	0.0739184108	0.0035559409	0.8764172591	0.0008649329
1	0.5131105492	0.0129625012	0.4220354350	0.0518914966	0.0000000180
0	0.1569817888	0.0096362778	0.0581795720	0.1042671812	0.6709351803
0	0.0144689699	0.2464831440	0.0001133950	0.1380038697	0.6009306213
0	0.0717145119	0.8723657061	0.0000631910	0.0558565910	0.0000000000
0	0.0000000000	0.0187797765	0.2812673594	0.0304727272	0.6694801370
1	0.0009239946	0.8948877126	0.0165240542	0.0058826914	0.0817815472
