0	0.0813288031	0.8338181244	0.0129657744	0.0000007991	0.0718864990
0	0.7155281654	0.0274548633	0.0059148689	0.0010248828	0.2500772196
0	0.2126424516	0.0057713205	0.0375356402	0.7440266060	0.0000239817
1	0.1128507312	0.0000101375	0.2012043397	0.0078740663	0.6780607252
0	0.0435061616	0.0001010152	0.0347856484	0.9214869960	0.0001201789
0	0.0562274080	0.0605854930	0.5111654311	0.3443689514	0.0276527164
0	0.1147960522	0.0000000000	0.7614333263	0.1237706186	0.0000000030
0	0.2110619602	0.0000000000	0.0723199906	0.6996000602	0.0170179890
0	0.0223306983	0.0000285074	0.1783994959	0.0159251401	0.7833161582
0	0.1934028318	0.0060375002	0.0353075658	0.5987733200	0.1664787822
0	0.0252667111	0.8798385848	0.0006971647	0.0881033626	0.0060941768
0	0.0038600955	0.4657274114	0.4776757328	0.0527366878	0.0000000725
0	0.1052619251	0.0309697697	0.0869301715	0.6011740813	0.1756640524
0	0.2168646259	0.0153487180	0.0000000000	0.7174291710	0.0503574850
0	0.0221785348	0.0920262616	0.5928981993	0.0000267363	0.2928702681
0	0.0918969625	0.2835587062	0.0182080579	0.5895828514	0.0167534220
0	0.0082217310	0.6947561500	0.0090835170	0.0571012298	0.2308373722
0	0.0194200026	0.7358727107	0.0000002985	0.2434332406	0.0012737476
0	0.0162264670	0.3949483593	0.5694422733	0.0113478310	0.0080350693
1	0.2520821875	0.1456661022	0.4168603936	0.1413761877	0.0440151289
0	0.0032034834	0.0538622896	0.0008824237	0.0329211079	0.9091306954
0	0.9285272012	0.0000000000	0.0386432531	0.0059467998	0.0268827459
0	0.0703303509	0.0000601344	0.0508457600	0.8105443348	0.0682194198
0	0.0172121898	0.3414422163	0.0160944634	0.2455185555	0.3797325750
0	0.4532232340	0.0464244918	0.1409292738	0.2089053787	0.1505176218
0	0.0032385960	0.0592793711	0.0001749970	0.1224285445	0.8148784913
0	0.2540740857	0.0248953364	0.0000000000	0.0047559163	0.7162746617
0	0.0874500498	0.2952262029	0.3929833220	0.0000000000	0.2243404253
1	0.0003637641	0.1060579238	0.3647364889	0.1103606423	0.4184811809
1	0.3890818957	0.1342253983	0.1413844378	0.0792017422	0.2561065259
0	0.1876678068	0.0212518960	0.4902905452	0.0000532402	0.3007365118
1	0.0000000000	0.1470035967	0.5467532166	0.2932591525	0.0129840342
0	0.2038267277	0.0310946822	0.0000000000	0.0451998822	0.7198787079
1	0.1073499332	0.0845931133	0.1444129714	0.2043478607	0.4592961214
0	0.0228117145	0.4699800648	0.4633800943	0.0235873278	0.0202407986
1	0.0414070631	0.2200426323	0.0023422653	0.1968032724	0.5394047669
0	0.1394507070	0.0352342326	0.4085863139	0.1754270870	0.2413016594
0	0.1055827257	0.2321818071	0.0818404861	0.5798373649	0.0005576162
0	0.0029676719	0.3376565276	0.4501151481	0.1562546697	0.0530059827
0	0.0004353418	0.0952817488	0.5097985849	0.0436607339	0.3508235906
0	0.2224999953	0.0044952515	0.0232428053	0.6909506609	0.0588112869
0	0.0000000015	0.0000300184	0.5769313493	0.0661610864	0.3568775444
0	0.0989412659	0.1110585456	0.0605575613	0.0065805130	0.7228621142
0	0.2192003175	0.1641670503	0.0000012332	0.6166312833	0.0000001157
0	0.6592315971	0.1450092119	0.1632111055	0.0024186536	0.0301294319
1	0.6832662771	0.0130813069	0.0043435859	0.0777883841	0.2215204460
0	0.0086671282	0.5355236067	0.1762583620	0.0000000000	0.2795509031
0	0.0319137682	0.0264369072	0.7741099301	0.0010969486	0.1664424459
0	0.0000000000	0.6820077943	0.0686274029	0.0059332992	0.2434315036
0	0.1196375063	0.0277169167	0.0034878171	0.8415285524	0.0076292075
0	0.0000002407	0.5350187858	0.0190195655	0.2520423589	0.1939190490
0	0.0552968076	0.6060330238	0.1722153058	0.0055652235	0.1608896394
0	0.0644498244	0.0025240102	0.8759722723	0.0341691297	0.0228847634
0	0.3597572499	0.0003029220	0.5772142035	0.0377766386	0.0249489859
0	0.0000004286	0.1354158939	0.7301444759	0.0700972949	0.0643419066
0	0.0493112980	0.2499990970	0.0009890364	0.0931930907	0.6065074778
0	0.0000558457	0.3112361643	0.2101545397	0.4785533792	0.0000000711
0	0.0000101636	0.5665832803	0.0000021734	0.3172547993	0.1161495835
0	0.4431641389	0.0134744500	0.2143942291	0.0056159245	0.3233512575
0	0.4009099974	0.2438992825	0.0000020197	0.3551887003	0.0000000000
0	0.0011176556	0.0049909276	0.9327777878	0.0491658745	0.0119477546
0	0.0003347401	0.3403614179	0.0222776328	0.0752675752	0.5617586339
0	0.1481383459	0.0042743877	0.2825452455	0.2221759553	0.3428660656
0	0.5304953896	0.0804246900	0.0087798556	0.2362114395	0.1440886253
0	0.0000324691	0.7681628644	0.0860044501	0.0346083808	0.1111918356
0	0.5067763804	0.0133158128	0.1103404687	0.0687245010	0.3008428372
0	0.6028692876	0.1088850063	0.0000711160	0.0354186037	0.2527559863
0	0.0207241700	0.1891292675	0.0244225615	0.4179255653	0.3477984358
0	0.0320982256	0.4166172491	0.0272375888	0.4155772974	0.1084696392
0	0.0168452919	0.0005928471	0.0320964297	0.9504653890	0.0000000422
0	0.0696047934	0.0000000000	0.2782578303	0.0928925783	0.5592447980
0	0.1414107942	0.3340544699	0.0233226917	0.4649120019	0.0363000423
0	0.5440614997	0.2491077576	0.0497520173	0.1520716003	0.0050071250
0	0.0661750346	0.0002024319	0.1162514478	0.8059394678	0.0114316179
0	0.2084318512	0.2701633218	0.2295066108	0.0786988691	0.2131993471
0	0.1466921542	0.3179515436	0.0118082973	0.1331696887	0.3903783162
1	0.0000544476	0.2895343678	0.5845723113	0.1257729792	0.0000658941
0	0.0243587554	0.0047196235	0.0051121957	0.2460484915	0.7197609339
1	0.0000000000	0.0005895320	0.3843024956	0.5282459264	0.0868620461
1	0.0116865928	0.0000000000	0.0937369285	0.7996423882	0.0949340905
0	0.2183818489	0.3035448297	0.0284401799	0.1056644741	0.3439686675
0	0.0394534336	0.0377611834	0.3972816244	0.5214524484	0.0040513103
0	0.0463157953	0.0079231816	0.5041502828	0.3334547043	0.1081560360
0	0.0004012842	0.0008310312	0.0156218288	0.0242867173	0.9588591385
1	0.1674803192	0.5777174947	0.2519548094	0.0028473766	0.0000000000
0	0.0120875075	0.2516891660	0.1387896113	0.3023466461	0.2950870690
2	0.3544240915	0.2655616292	0.0432259007	0.1590660653	0.1777223133
0	0.1645986688	0.2452300406	0.0276169361	0.2923499246	0.2702044300
0	0.0932312035	0.3409018602	0.3166122192	0.1040978819	0.1451568352
0	0.3708511546	0.4494001076	0.0064027787	0.1191762394	0.0541697197
0	0.1822968263	0.0000054747	0.7602656859	0.0107885947	0.0466434185
0	0.0000015404	0.0000000000	0.5906448382	0.3046950532	0.1046585683
1	0.3799516324	0.1582896529	0.1206521612	0.1176445565	0.2234619969
0	0.0089540904	0.1218431771	0.6269986217	0.2421224288	0.0000816820
0	0.0000000007	0.1589516846	0.5954302772	0.2365112201	0.0091068174
0	0.0000944361	0.0195858189	0.9392856524	0.0157261341	0.0253079586
2	0.8263614225	0.1187183677	0.0006145768	0.0512599476	0.0030456854
0	0.0092405228	0.0386335343	0.0973320631	0.8375570854	0.0172367944
0	0.0717947920	0.0105072558	0.2051724608	0.7124875589	0.0000379325
2	0.0185245420	0.1704135600	0.0920772405	0.4454263899	0.2735582675
