1	0.0000000000	0.7241196412	0.0000173650	0.0044174607	0.2714455332
0	0.4875375325	0.0638208815	0.4055339498	0.0000000049	0.0431076312
0	0.2307937714	0.0019738962	0.0408139487	0.0000000000	0.7264183836
0	0.0529336837	0.0690001198	0.3531000834	0.0519443711	0.4730217419
0	0.0749608251	0.0000000021	0.0550425092	0.0746204655	0.7953761981
1	0.0058177903	0.9495325594	0.0026927506	0.0000000000	0.0419568996
0	0.1684238614	0.3935699908	0.4379734762	0.0000326454	0.0000000263
0	0.0594260676	0.0000000000	0.0020983675	0.9310195653	0.0074559997
0	0.0066609594	0.0042836015	0.0000473954	0.1188517682	0.8701562754
0	0.3236356176	0.0065006922	0.0844562449	0.5843090555	0.0010983898
1	0.0136927618	0.4525586387	0.1288886800	0.0053255967	0.3995343228
1	0.0001782024	0.0832228820	0.3892139382	0.2259172848	0.3014676926
1	0.0102011925	0.3561355693	0.0124352096	0.1375662324	0.4836617961
1	0.0561398818	0.1207340773	0.6992341998	0.1085065113	0.0153853298
0	0.0000006059	0.8877616822	0.0639743502	0.0173234061	0.0309399555
0	0.5638245287	0.1572843821	0.0886084647	0.0036807975	0.1866018272
0	0.0184875724	0.1031877420	0.7129427416	0.1197134423	0.0456685017
0	0.0471728023	0.5782231714	0.0235555268	0.0509169978	0.3001315017
0	0.5939746740	0.0000000000	0.3366216725	0.0689767094	0.0004269441
0	0.6593214416	0.0793595081	0.0108432323	0.1957472290	0.0547285890
2	0.0706174130	0.0092654050	0.2408821867	0.0388185431	0.6404164522
1	0.1844143848	0.0718712063	0.0011249194	0.5941635659	0.1484259235
0	0.1538163600	0.6859740724	0.0628526077	0.0003803167	0.0969766432
0	0.2283291754	0.4036432852	0.2447764557	0.0233287623	0.0999223214
0	0.0206045499	0.0244880866	0.0000893731	0.0404198998	0.9143980905
0	0.0000016076	0.0000000360	0.8889790448	0.0000572615	0.1109620501
1	0.0760208561	0.3034154302	0.0303773707	0.0496395614	0.5405467815
1	0.9310577548	0.0409293695	0.0265823837	0.0014304920	0.0000000000
0	0.2438016563	0.5709712327	0.0219360908	0.0015778610	0.1617131592
0	0.0000081973	0.1019647019	0.0049123751	0.0003670850	0.8927476407
0	0.3649855176	0.0010062182	0.0324594582	0.2779221811	0.3236266249
1	0.0000000000	0.0690579999	0.7516916788	0.1790330016	0.0002173198
0	0.0056749046	0.0000273295	0.9679406050	0.0227642936	0.0035928674
0	0.1602156835	0.3877495038	0.3735278511	0.0055815466	0.0729254150
0	0.9063616301	0.0385827717	0.0502436015	0.0018240926	0.0029879041
0	0.1167729567	0.1990671733	0.1381788775	0.5425291051	0.0034518874
0	0.0392680703	0.0007654601	0.0000000001	0.9461162669	0.0138502026
0	0.0015928381	0.0064415300	0.0050141604	0.1031488814	0.8838025901
2	0.0000000000	0.0001226683	0.0002525194	0.3883342861	0.6112905262
0	0.0156616659	0.4404222815	0.4301600738	0.0833937109	0.0303622679
0	0.1330710676	0.1471382066	0.2517828512	0.2950973809	0.1729104937
0	0.0412662785	0.8575441678	0.0239850301	0.0521060362	0.0250984874
1	0.0922819586	0.0622283230	0.5246224091	0.2726483068	0.0482190024
0	0.2522482609	0.6523729919	0.0442396246	0.0385384727	0.0126006499
0	0.0002947908	0.9374140524	0.0267697471	0.0313153952	0.0042060144
0	0.5296790384	0.1799960051	0.0222556845	0.0010098658	0.2670594061
0	0.0798478982	0.5804436876	0.2353473471	0.1016220183	0.0027390488
0	0.0143755487	0.0962653806	0.0004897018	0.6433437161	0.2455256529
0	0.5107761346	0.0000084302	0.0973468910	0.2110559303	0.1808126138
0	0.0084156626	0.1146555751	0.0327484464	0.7791620225	0.0650182933
0	0.0247342003	0.3981046372	0.0182046566	0.5487349660	0.0102215399
0	0.0166475160	0.6235353627	0.0571017796	0.1076578713	0.1950574705
0	0.0004113849	0.0023692212	0.0286023803	0.9567432457	0.0118737678
0	0.0113343266	0.0306915385	0.0000540493	0.9406350358	0.0172850497
0	0.0090805657	0.1012776363	0.2590479586	0.2080460888	0.4225477506
0	0.5139658874	0.1824304694	0.0978117814	0.0793969437	0.1263949182
0	0.1172283892	0.1152801666	0.0078176502	0.0006684215	0.7590053726
1	0.0810982488	0.0029470483	0.0420129111	0.3581004876	0.5158413042
0	0.0782473554	0.0670662157	0.1283261422	0.0251846252	0.7011756615
0	0.0083316954	0.0034001790	0.2147355443	0.7735325772	0.0000000040
0	0.0790105824	0.3163727962	0.2452593432	0.1472405172	0.2121167611
0	0.7126301303	0.0499729438	0.1588812877	0.0777341651	0.0007814731
0	0.0000000000	0.9980672114	0.0000000000	0.0019149190	0.0000178696
0	0.0000000000	0.0944950765	0.7234267592	0.0008751798	0.1812029845
1	0.0000000040	0.6357130617	0.0012547447	0.3630292470	0.0000029426
0	0.0005185284	0.0993200225	0.0868028060	0.5367800187	0.2765786244
0	0.2576888634	0.1884714516	0.0000012648	0.4798469207	0.0739914995
0	0.0029798722	0.4253711318	0.0000000000	0.2779358715	0.2937131245
0	0.5840624600	0.1170042942	0.1346178676	0.0106039732	0.1537114050
0	0.0000000000	0.2696073924	0.0000145471	0.6855121782	0.0448658823
0	0.1852613956	0.5831990707	0.2144355558	0.0168865151	0.0002174627
0	0.0883915908	0.0307745997	0.0301237884	0.0961537527	0.7545562685
1	0.0887716722	0.0134855593	0.2771657716	0.5823275886	0.0382494082
0	0.5659508969	0.0302818653	0.1371815967	0.1423521859	0.1242334552
1	0.0296135942	0.0009261141	0.8436645266	0.0046429809	0.1211527841
1	0.0012529964	0.0004575963	0.0042898871	0.0227156116	0.9712839087
0	0.0452575198	0.4081962189	0.0344038108	0.0000096442	0.5121328062
0	0.0067480784	0.0000810407	0.0629140260	0.0006855652	0.9295712896
0	0.2677894468	0.2721787294	0.4315885813	0.0278596232	0.0005836193
0	0.0953834122	0.1331011420	0.0000000000	0.0199537276	0.7515617182
0	0.1778369195	0.2344086488	0.0002222707	0.4843389881	0.1031931729
0	0.0265821583	0.0614961241	0.2478041969	0.6319026958	0.0322148250
0	0.1266693788	0.8048654492	0.0000011092	0.0060733876	0.0623906752
0	0.5889865459	0.0035887645	0.1753944285	0.2310331290	0.0009971321
0	0.0661730896	0.0285595464	0.3608258494	0.1420183259	0.4024231888
0	0.8457022053	0.0000000271	0.0207019625	0.0000058190	0.1335899861
0	0.2874523908	0.0955181886	0.0000001088	0.1460526965	0.4709766152
1	0.0000110853	0.6298056685	0.2191475176	0.0006449794	0.1503907492
0	0.4437283819	0.0514513022	0.3811220183	0.0135327964	0.1101655012
1	0.0010561349	0.2106475347	0.4226863874	0.0030619098	0.3625480332
0	0.6902688415	0.0033035822	0.1765790376	0.0969961279	0.0328524109
2	0.0331838678	0.0188317324	0.0236163873	0.5750271620	0.3493408505
0	0.4503593687	0.4715655048	0.0046668432	0.0000171347	0.0733911485
0	0.0595686500	0.0000085704	0.0228206943	0.8704410261	0.0471610592
0	0.0004088803	0.0628604856	0.7750002804	0.0119945848	0.1497357690
1	0.0939426809	0.2890202992	0.0040809894	0.2590999758	0.3538560547
0	0.0012240377	0.0100100294	0.0570940966	0.0143919404	0.9172798958
0	0.0152369464	0.7872012915	0.0020236059	0.0983518533	0.0971863030
0	0.1159699614	0.3945291552	0.1107181915	0.3738329920	0.0049496998
0	0.1270292387	0.7782953718	0.0042137853	0.0901725478	0.0002890564
