1	0.1830026871	0.0209509754	0.2618376314	0.3369410363	0.1972676698
0	0.0000107150	0.5737368470	0.2717104699	0.0063442140	0.1481977541
0	0.3989327333	0.4134866949	0.0550643061	0.1178510182	0.0146652475
0	0.4088175481	0.0337377325	0.0000000013	0.0002445623	0.5572001557
1	0.0418613129	0.3494493034	0.2044429179	0.0801120364	0.3241344295
0	0.0000011798	0.0537580910	0.1639101378	0.3204978732	0.4618327182
0	0.0000000018	0.1937240842	0.0120838195	0.2518070661	0.5423850285
0	0.3527024117	0.5922007228	0.0016336990	0.0477115670	0.0057515994
0	0.0741029887	0.0573585591	0.8670303464	0.0000003757	0.0015077302
1	0.4542054820	0.0368166070	0.0880450647	0.2392240667	0.1817087796
0	0.2444261769	0.5481868041	0.0000265825	0.2068101396	0.0005502970
1	0.0882169697	0.7068924202	0.0591300971	0.1447700697	0.0009904433
0	0.0112398757	0.0013187872	0.0000056301	0.9276658310	0.0597698760
0	0.5952578370	0.0000030552	0.3597298444	0.0016687050	0.0433405584
0	0.2120651936	0.0176069849	0.1255825450	0.0256840145	0.6190612621
0	0.1347647845	0.0023146000	0.8533054477	0.0096145458	0.0000006221
1	0.6814762915	0.2243753753	0.0065890177	0.0866835714	0.0008757441
1	0.3140515569	0.5839481101	0.0896201671	0.0123801601	0.0000000057
0	0.0102975034	0.0451471060	0.0213634149	0.8881212486	0.0350707271
0	0.2903992308	0.0000000131	0.0174449046	0.4384494877	0.2537063638
1	0.8553937315	0.0000001289	0.1332124314	0.0109964610	0.0003972472
0	0.5770221862	0.0001013907	0.0543320045	0.0000000085	0.3685444101
0	0.1584592972	0.0000525297	0.1847189541	0.0190445801	0.6377246389
1	0.9327376096	0.0000470947	0.0306958503	0.0335551583	0.0029642871
0	0.3577529338	0.5744979465	0.0000000437	0.0664830929	0.0012659831
0	0.1913428831	0.4961664464	0.0443197218	0.1170291613	0.1511417873
1	0.0445507954	0.0150979445	0.6431718090	0.0042560414	0.2929234097
0	0.4738522616	0.1227401139	0.0035493105	0.2900177277	0.1098405864
0	0.4097905387	0.2207416894	0.0735651565	0.0085362083	0.2873664071
0	0.2997700014	0.0020867352	0.0401657174	0.0003043643	0.6576731817
0	0.0000002652	0.0000000012	0.1309869859	0.8686645031	0.0003482447
0	0.2805231164	0.0327573694	0.0046287356	0.0635675202	0.6185232584
0	0.7197310603	0.0240898644	0.0365803054	0.0732958500	0.1463029199
0	0.2194410644	0.5021644954	0.0369009888	0.0001134760	0.2413799754
0	0.3326268148	0.0256021698	0.0189351709	0.3552281776	0.2676076668
0	0.0000026182	0.5084676312	0.1535142480	0.1023338019	0.2356817006
0	0.6470933323	0.1362237144	0.0715660802	0.0000000005	0.1451168726
1	0.2446968235	0.6557215462	0.0209574374	0.0738352716	0.0047889213
0	0.0771296007	0.0023328114	0.8331784672	0.0000022432	0.0873568774
0	0.4291848093	0.0005007487	0.0025557279	0.4715997056	0.0961590085
0	0.8984777719	0.0039039880	0.0017024887	0.0209636750	0.0749520764
0	0.0180478520	0.4774803406	0.0154717691	0.2719526082	0.2170474301
0	0.0999210830	0.0048215380	0.8569162901	0.0332512711	0.0050898177
1	0.2162687369	0.6130468291	0.1699312504	0.0000000018	0.0007531818
0	0.0393569854	0.0054119714	0.0191751733	0.9115912530	0.0244646169
0	0.3584446631	0.0000605685	0.3624418034	0.1317855457	0.1472674193
0	0.0240140312	0.8935652279	0.0777681681	0.0046525728	0.0000000000
0	0.0126113210	0.0172932903	0.0078574114	0.4241075019	0.5381304754
0	0.0000000000	0.0866177301	0.0119912529	0.0651511538	0.8362398632
0	0.2602904592	0.0481419874	0.1550614536	0.4944958664	0.0420102334
0	0.6588203366	0.1281038874	0.0686547783	0.0161553890	0.1282656087
0	0.0626642665	0.0041316223	0.0052967749	0.0907345067	0.8371728297
0	0.0187194850	0.1148238606	0.2878344187	0.2300568675	0.3485653682
0	0.3321814883	0.0035101421	0.3320612187	0.1009792069	0.2312679441
0	0.7267422948	0.0069016442	0.2645012032	0.0000031143	0.0018517434
0	0.3582532980	0.0037258856	0.4545715072	0.1832062540	0.0002430552
0	0.1037076954	0.0534849593	0.2908049465	0.4339889979	0.1180134009
0	0.1617805438	0.0002146031	0.4196175275	0.0408761991	0.3775111265
1	0.3930119431	0.0074386368	0.2980820322	0.2221183517	0.0793490361
0	0.0648054894	0.2755933113	0.3030793918	0.0766552470	0.2798665605
0	0.0399674654	0.5433825025	0.3423790729	0.0044444921	0.0698264672
0	0.5679712787	0.0220434158	0.3775759321	0.0000723397	0.0323370336
0	0.0243593684	0.0000000000	0.0031380580	0.9554363058	0.0170662677
0	0.0627400555	0.1810894154	0.1518038199	0.3557447308	0.2486219783
1	0.1677003723	0.0125707719	0.0005897459	0.5483318329	0.2708072770
0	0.0382331726	0.1605042782	0.2739517120	0.0294807989	0.4978300383
1	0.0066429635	0.3096870820	0.4899335028	0.1074681924	0.0862682593
0	0.6698899886	0.0270092637	0.0000000000	0.0266665359	0.2764342118
0	0.4083898295	0.4790498772	0.0403003110	0.0422442998	0.0300156825
0	0.4142134152	0.0190248552	0.0678968462	0.0421240038	0.4567408795
1	0.2445355535	0.0712227828	0.0020992499	0.2968936361	0.3852487777
0	0.3082835149	0.0000000000	0.1342012115	0.1331631969	0.4243520767
0	0.4796397086	0.0018760970	0.1068984739	0.3114418461	0.1001438744
1	0.7293325053	0.1283870737	0.1026235462	0.0316494026	0.0080074722
0	0.0002155353	0.0814536115	0.6853854268	0.1393840184	0.0935614081
0	0.1682319759	0.0939753342	0.6898199393	0.0458884720	0.0020842786
0	0.4401022758	0.3251184246	0.0498280472	0.0038636477	0.1810876047
0	0.0509443939	0.0397266808	0.0003585167	0.8135270364	0.0954433722
0	0.4757297806	0.0687776862	0.0052173942	0.4502472668	0.0000278722
0	0.9819955740	0.0000011514	0.0001586969	0.0000470424	0.0177975353
1	0.0000006945	0.6973187282	0.0011652660	0.0078069395	0.2937083718
1	0.0352653497	0.0607114448	0.0059867083	0.0675626434	0.8304738537
2	0.0124689183	0.6037941284	0.1245128813	0.0005485805	0.2586754914
0	0.0116830974	0.0000034216	0.2640663667	0.7242469119	0.0000002025
2	0.1319747000	0.0058526531	0.7763282915	0.0000010599	0.0858432955
0	0.0888480726	0.4876748288	0.1241705854	0.2888373111	0.0104692021
0	0.7371515810	0.0000368058	0.1915717208	0.0712284194	0.0000114730
0	0.1883206827	0.3024542368	0.2273571836	0.2817804844	0.0000874124
0	0.7715751090	0.0129524404	0.0891165512	0.0866592437	0.0396966557
0	0.0000017032	0.2284458700	0.1214925561	0.0728713016	0.5771885692
0	0.2214217289	0.1054787854	0.5256280485	0.0629335384	0.0845378988
0	0.9519059827	0.0394982369	0.0000000000	0.0085957803	0.0000000000
0	0.4698231919	0.1919453796	0.3249090296	0.0132356498	0.0000867491
0	0.0606293522	0.2243022782	0.3930595383	0.0257677270	0.2962411043
0	0.0136338122	0.3806905469	0.2383286242	0.0083657458	0.3589812709
0	0.0275392145	0.0168587802	0.9085834405	0.0447098306	0.0023087342
0	0.1056188194	0.0047363680	0.5214474293	0.1889772538	0.1792201295
0	0.9802626296	0.0000000282	0.0000029175	0.0130765538	0.0066578709
0	0.0719072955	0.0067891017	0.0197364572	0.8424342540	0.0591328916
0	0.0620957865	0.2508987819	0.2006934777	0.0225949851	0.4637169688
