0	0.5878112824	0.0053726424	0.0001514580	0.1877674721	0.2188971450
1	0.3608302859	0.5114062518	0.0049045449	0.0146149516	0.1082439657
0	0.9887489816	0.0109413778	0.0001422932	0.0000025532	0.0001647942
0	0.0000000000	0.2861148248	0.5501375218	0.0000000000	0.1637476533
1	0.3994321468	0.2546711494	0.2387874163	0.0000737409	0.1070355466
0	0.2568452247	0.0291149888	0.6960942959	0.0178564685	0.0000890220
0	0.8716272855	0.0116466137	0.0000920500	0.0100606415	0.1065734092
0	0.4549663408	0.0000050663	0.5441913594	0.0000082440	0.0008289895
1	0.0575266484	0.8181990176	0.0000000000	0.1242743231	0.0000000109
1	0.0000008401	0.0000000000	0.9945019168	0.0000061507	0.0054910923
0	0.2312080455	0.5486154660	0.0047590879	0.2128288449	0.0025885557
0	0.0000000000	0.0011206921	0.9985720481	0.0000184909	0.0002887689
0	0.1018566613	0.2095085844	0.0054672161	0.1053650305	0.5778025077
0	0.1236342991	0.0002996913	0.6071750969	0.1817981924	0.0870927203
0	0.1457478928	0.6024962038	0.0623729278	0.1883316104	0.0010513651
0	0.0994745694	0.0262846123	0.2025872154	0.0992333564	0.5724202465
0	0.0000635384	0.4580313075	0.4563550094	0.0713489486	0.0142011961
0	0.0257541056	0.3190317204	0.3263956507	0.0779002828	0.2509182406
0	0.0003215425	0.0048034350	0.3746876949	0.5268832858	0.0933040418
0	0.5756155943	0.0064166405	0.0196460798	0.0991686313	0.2991530541
0	0.0013032478	0.2323055885	0.0499951737	0.1440711826	0.5723248075
0	0.4008605767	0.3239896141	0.2055131918	0.0000000035	0.0696366139
0	0.2955646201	0.0005050401	0.3456055204	0.0024822502	0.3558425692
0	0.3221694410	0.1175780403	0.2705415251	0.2454415514	0.0442694423
0	0.7844329271	0.0771832815	0.1346701959	0.0023439166	0.0013696789
0	0.3410226962	0.0950644459	0.0135814945	0.0000036774	0.5503276860
1	0.3034548394	0.4046837526	0.0255594435	0.2557686176	0.0105333469
0	0.1032463987	0.0617698298	0.6441961219	0.1587232491	0.0320644005
1	0.1856748340	0.1412894182	0.2083243789	0.3739089857	0.0908023832
0	0.2006036183	0.0002565606	0.0000194654	0.7989551308	0.0001652249
1	0.0727236699	0.0000000116	0.5741677158	0.1541250284	0.1989835743
0	0.0000000000	0.8113301499	0.0163566906	0.1531154848	0.0191976746
0	0.0000116348	0.0805170818	0.0031205453	0.9079400956	0.0084106424
0	0.0575416290	0.3413480748	0.2616045665	0.2865090707	0.0529966590
0	0.1851275147	0.0284301220	0.6272845258	0.0138303167	0.1453275207
0	0.8243555052	0.1443633455	0.0000000000	0.0101526144	0.0211285350
0	0.1970212317	0.0001527171	0.5805886881	0.1989036273	0.0233337358
0	0.1235952917	0.0385166266	0.7015559360	0.0517545659	0.0845775797
0	0.0786903222	0.0339859948	0.0021725795	0.0080363685	0.8771147350
0	0.0979719699	0.8145169694	0.0839184923	0.0009792212	0.0026133472
1	0.4205721619	0.4599678933	0.0114574328	0.0000000000	0.1080025120
0	0.0142719503	0.0522830944	0.6767804655	0.1105337098	0.1461307799
1	0.1957294440	0.0000000000	0.0755219996	0.5581668531	0.1705817032
0	0.0394166108	0.1590174497	0.0530320832	0.0711432393	0.6773906170
0	0.8836338694	0.0479434861	0.0083627224	0.0095165140	0.0505434081
0	0.0134229028	0.3518984277	0.0948350831	0.0000000000	0.5398435864
0	0.0067651989	0.0248707764	0.4771497749	0.2977141175	0.1935001324
2	0.0540063385	0.0732514144	0.4993453161	0.0200308037	0.3533661273
0	0.0942537152	0.2564098355	0.5738193928	0.0747974694	0.0007195871
0	0.5579298158	0.0098857069	0.3474539381	0.0770455560	0.0076849832
0	0.0529534327	0.8916940428	0.0351666978	0.0172552974	0.0029305293
0	0.0673060188	0.0099871926	0.0546753474	0.7314034797	0.1366279615
0	0.0081488980	0.1305629303	0.0000572883	0.7669491423	0.0942817412
1	0.1586681741	0.0431549852	0.6648801056	0.1199591138	0.0133376213
0	0.2006759546	0.0611930912	0.0000304921	0.1953308071	0.5427696549
0	0.0266578488	0.2085504752	0.1296544312	0.0054880657	0.6296491791
0	0.0000571438	0.3550825614	0.5947985781	0.0001117602	0.0499499564
0	0.0628462816	0.0630872239	0.0007390456	0.5208921076	0.3524353413
0	0.5731764927	0.2594150566	0.0000000000	0.0685345115	0.0988739392
1	0.0000050180	0.2946462363	0.2729234283	0.2735944091	0.1588309083
0	0.0090940467	0.0293815890	0.0060842885	0.0589806943	0.8964593815
0	0.9019293487	0.0000000000	0.0746350771	0.0000000000	0.0234355742
0	0.2303363877	0.1475763238	0.0269817534	0.0000000000	0.5951055352
0	0.0000000025	0.0000003408	0.7623138691	0.1640854584	0.0736003292
0	0.0002693158	0.0063128306	0.0662864438	0.9237651092	0.0033663007
0	0.0002086334	0.1061372355	0.1318222199	0.4227663691	0.3390655421
0	0.0075541000	0.0573738409	0.9271527017	0.0079192047	0.0000001526
0	0.7595060381	0.0193328953	0.0250158113	0.0491206705	0.1470245849
0	0.4279773485	0.0372842266	0.0000014128	0.1059597327	0.4287772793
0	0.6146451234	0.2815173787	0.0902670373	0.0135703392	0.0000001214
1	0.0113461300	0.0119481079	0.0513431234	0.1132723853	0.8120902534
0	0.3781405354	0.2293031054	0.0216163880	0.3540743151	0.0168656561
1	0.0653089031	0.0723506435	0.2190821329	0.5115993730	0.1316589475
0	0.0376758394	0.0291498337	0.3257665353	0.2205793574	0.3868284342
0	0.2100719466	0.0792233911	0.0000013207	0.7087892571	0.0019140845
0	0.1131395288	0.7172184752	0.0293363751	0.1274714929	0.0128341281
0	0.0583646266	0.6809849577	0.0000265132	0.2477845493	0.0128393533
0	0.5579500587	0.1515463232	0.0672327953	0.0635483924	0.1597224305
0	0.0466457146	0.0917251038	0.0181069636	0.0788482112	0.7646740068
0	0.1539921794	0.0101361377	0.0000000000	0.0001600296	0.8357116532
0	0.6406268054	0.3429836107	0.0155687084	0.0000000000	0.0008208755
0	0.0064078626	0.4289319559	0.0715039051	0.4838689847	0.0092872917
0	0.0004420693	0.0394649022	0.5186937822	0.0302719050	0.4111273413
0	0.0000314791	0.3403647944	0.4072836096	0.0066264238	0.2456936931
1	0.0000093922	0.4037398103	0.0688106517	0.3877759825	0.1396641633
0	0.0360021357	0.0059709729	0.4619985524	0.0031751603	0.4928531787
1	0.4631588594	0.1596487149	0.0063362993	0.2889070229	0.0819491035
0	0.0745293863	0.0000000000	0.0317015286	0.1089798798	0.7847892053
2	0.0378986619	0.4737937607	0.1817872958	0.1455300796	0.1609902020
0	0.9231864532	0.0002788722	0.0072611137	0.0306535891	0.0386199719
0	0.2668565215	0.0162750319	0.0453825797	0.6567270455	0.0147588215
0	0.0111322788	0.1670010655	0.4714713506	0.2274075891	0.1229877161
0	0.0001484323	0.4808060482	0.0668838296	0.4521572324	0.0000044575
1	0.2386970021	0.5842544247	0.0000000002	0.0813985850	0.0956499879
0	0.1618649030	0.6199035173	0.0781990963	0.0000000000	0.1400324834
0	0.2347749582	0.0000000000	0.1477141733	0.0030380224	0.6144728461
0	0.0098126128	0.0120455853	0.7620352509	0.0356509659	0.1804555851
0	0.0713927548	0.0003629563	0.0821290790	0.0487327729	0.7973824370
1	0.0120447464	0.4461711655	0.0109921288	0.0000000000	0.5307919593
0	0.0003230318	0.0090028517	0.4514815878	0.4175775364	0.1216149923
