0	0.0651591869	0.4023017815	0.1941805305	0.0002566516	0.3381018496
1	0.1114997495	0.0667677307	0.0450895260	0.6974012194	0.0792417746
1	0.0317643641	0.3204165017	0.0002116142	0.4684182026	0.1791893175
0	0.0572505902	0.0305150385	0.0000000000	0.6730764286	0.2391579426
0	0.0000000757	0.0543732103	0.9072236237	0.0263314452	0.0120716451
0	0.0574396131	0.1327227141	0.1751253752	0.6255137775	0.0091985202
0	0.0691512982	0.5596019816	0.1640823071	0.0197790324	0.1873853807
0	0.0078900431	0.2515698357	0.4645235647	0.0000062308	0.2760103257
1	0.0556975696	0.0078387256	0.9126246729	0.0238390319	0.0000000000
0	0.2090208699	0.4164155318	0.0287365358	0.3067785622	0.0390485002
1	0.0581282795	0.0655067998	0.0000000061	0.8763339017	0.0000310129
0	0.2404487638	0.0742436289	0.0364380864	0.4840394856	0.1648300353
0	0.0839855377	0.0010335534	0.0061358257	0.0001675862	0.9086774970
0	0.1294822017	0.2319001844	0.6227356938	0.0044699712	0.0114119489
0	0.0324739480	0.8276200999	0.0809442027	0.0310498929	0.0279118564
1	0.2864712891	0.1761816285	0.5276860557	0.0000000000	0.0096610266
0	0.2944579243	0.1379843242	0.2999315648	0.0522965646	0.2153296221
0	0.8335762611	0.0063189653	0.1537357939	0.0063689156	0.0000000641
0	0.2541895744	0.0000084465	0.2038067267	0.1478955815	0.3940996709
0	0.0005384653	0.7286072634	0.2692350800	0.0016083724	0.0000108188
0	0.1863612175	0.0194615447	0.0039581331	0.0000392260	0.7901798786
0	0.0123355140	0.1342708234	0.1605332639	0.3515031961	0.3413572027
0	0.0376901680	0.2139944978	0.0002020485	0.0003727670	0.7477405186
0	0.0000592229	0.8859898862	0.0287733758	0.0514484074	0.0337291079
0	0.0001770152	0.0697591638	0.0080222906	0.0000000000	0.9220415304
1	0.0054332794	0.0657660874	0.0538762730	0.8717568250	0.0031675351
0	0.1445550937	0.6032428955	0.1391450446	0.1130569662	0.0000000000
0	0.3338797219	0.0285997153	0.0111949742	0.0302659770	0.5960596117
0	0.3970959220	0.3139558057	0.0030347881	0.1789966250	0.1069168593
0	0.2217059928	0.2526550482	0.4883474932	0.0000347383	0.0372567274
0	0.0023475621	0.4051555977	0.1432992895	0.4222136572	0.0269838935
0	0.1520314673	0.0084681611	0.4604817363	0.0063371133	0.3726815219
0	0.0010531312	0.6270052276	0.0040460896	0.0145665220	0.3533290296
0	0.0320594711	0.1795070602	0.3410262873	0.2208198873	0.2265872941
0	0.5562173515	0.0711753643	0.2107431790	0.0094477595	0.1524163457
0	0.1185504677	0.0000000002	0.5088546717	0.0000000000	0.3725948604
1	0.2125332979	0.7307756211	0.0000008342	0.0109621637	0.0457280831
0	0.2739354719	0.1107357814	0.1008172342	0.0118552271	0.5026562855
1	0.0000603194	0.8752775013	0.0035330201	0.0738263391	0.0473028200
0	0.4197815888	0.0795487592	0.1007664793	0.0014371326	0.3984660401
1	0.2276960404	0.0028032755	0.1756081457	0.1220508416	0.4718416968
0	0.0268291224	0.0748555056	0.8119290913	0.0010121413	0.0853741394
0	0.0742507885	0.4896194760	0.2311348906	0.1746052364	0.0303896086
0	0.0639038214	0.7260934097	0.1689554554	0.0404759003	0.0005714131
0	0.7287944357	0.0000000003	0.0182611246	0.2509119357	0.0020325036
0	0.0605657734	0.0001552691	0.0000000570	0.0725528307	0.8667260699
0	0.0000107595	0.0412223150	0.2496865752	0.3893021746	0.3197781757
0	0.0287161419	0.0075106765	0.2732291983	0.0000047887	0.6905391947
1	0.0285245335	0.4795482476	0.3647421136	0.0000077547	0.1271773506
1	0.0042185501	0.2196134209	0.2281258770	0.0017387787	0.5463033734
0	0.2353792368	0.0001988527	0.4607699652	0.2247131555	0.0789387898
0	0.0940099294	0.0035275248	0.8215697151	0.0732605130	0.0076323177
0	0.4500684726	0.3868411295	0.0000000159	0.1146569125	0.0484334695
0	0.0113030634	0.4678182135	0.1015530335	0.4193256895	0.0000000001
0	0.0544534005	0.1135020382	0.0000000002	0.0407225429	0.7913220183
1	0.0653237415	0.0057024849	0.6385869779	0.2726304560	0.0177563397
0	0.0000190482	0.0000000267	0.2551815442	0.0405627046	0.7042366763
1	0.0026814714	0.0023102522	0.0000004450	0.9836779126	0.0113299189
0	0.0952615010	0.4229641734	0.0109096544	0.4124985037	0.0583661675
0	0.0117632223	0.0002396284	0.0006601620	0.8816466960	0.1056902914
0	0.0596754140	0.0045825643	0.0627179956	0.7107456999	0.1622783262
0	0.1933483102	0.0092895211	0.0000000000	0.7332131578	0.0641490110
0	0.0670531198	0.8492066279	0.0274426209	0.0000060623	0.0562915691
0	0.2558540381	0.0088692987	0.0334085684	0.6834807706	0.0183873242
0	0.0803977035	0.5351974771	0.1753783372	0.1459883487	0.0630381335
0	0.1549011539	0.0001186990	0.4297247847	0.0000005682	0.4152547942
0	0.0089275301	0.0019236351	0.9704658043	0.0106009759	0.0080820546
1	0.7317505190	0.0246663839	0.0438092330	0.0554817196	0.1442921445
0	0.5881255404	0.0616273876	0.0825825985	0.0000001172	0.2676643563
0	0.7179449702	0.1532099774	0.0017247317	0.0474488998	0.0796714209
0	0.0002279269	0.3711569655	0.0584684243	0.0000022048	0.5701444785
0	0.0000000012	0.0000301185	0.0238066369	0.0080337054	0.9681295380
0	0.2665635504	0.0633448339	0.2315364870	0.0029493613	0.4356057674
0	0.0016211604	0.1025987642	0.1683800539	0.0018279938	0.7255720278
0	0.0000000017	0.9000012235	0.0000046964	0.0244192611	0.0755748173
0	0.0000000247	0.0048434460	0.0616896829	0.9333669673	0.0000998790
2	0.0194136003	0.0286823593	0.0488841707	0.2258044055	0.6772154642
0	0.0000001591	0.0015028371	0.9747230578	0.0232628620	0.0005110841
1	0.1621205401	0.1202451040	0.1754271138	0.3219557943	0.2202514478
0	0.0193809396	0.1068042968	0.0624904003	0.0950511334	0.7162732300
0	0.0201571029	0.0188293219	0.0403922539	0.4379112975	0.4827100238
0	0.8589820650	0.0002142272	0.0003905101	0.1404131532	0.0000000445
1	0.6492559026	0.1017379488	0.0394313484	0.0000040320	0.2095707682
1	0.3334303453	0.0755469746	0.4056148381	0.0135176049	0.1718902372
0	0.0050526857	0.0128911107	0.0022961681	0.0015917306	0.9781683048
0	0.3433630077	0.0000000004	0.2427359765	0.0122895640	0.4016114514
0	0.0353439246	0.0203890516	0.1167624943	0.8274309812	0.0000735484
0	0.0022118168	0.0281231818	0.0000000000	0.0431557903	0.9265092111
0	0.5554446431	0.2944915996	0.1093060000	0.0016219716	0.0391357858
0	0.0577306934	0.0000000002	0.0021348383	0.7086478140	0.2314866541
0	0.0034207960	0.4112731151	0.3279762918	0.0000000441	0.2573297530
0	0.0635696562	0.5055844083	0.0910187142	0.2108582467	0.1289689746
1	0.0727667021	0.7802028587	0.0043806656	0.1381902706	0.0044595029
0	0.0001611791	0.0000003441	0.2443197490	0.1607887748	0.5947299530
0	0.1217774870	0.0011587382	0.0003746176	0.2347439676	0.6419451896
0	0.0827197254	0.0000000000	0.1450954066	0.7721734092	0.0000114588
0	0.4183584753	0.4823815311	0.0493162019	0.0499437917	0.0000000000
0	0.0000063809	0.0041336943	0.0967647901	0.8422366112	0.0568585235
1	0.4335862127	0.2080122552	0.1097340010	0.0991411931	0.1495263379
1	0.0000000000	0.0161117411	0.0235770357	0.9601808414	0.0001303818
