0	0.0000009199	0.1271707210	0.0614971322	0.5807259675	0.2306052595
1	0.3701617325	0.0144290722	0.2727909003	0.0356238186	0.3069944764
0	0.6334741830	0.0013865772	0.0684328952	0.0096295019	0.2870768426
0	0.5061728412	0.1249692345	0.0013355614	0.3523970692	0.0151252937
0	0.0048732386	0.0039195033	0.6149691717	0.2868016279	0.0894364586
0	0.0237976927	0.7995985887	0.0240474900	0.1447994516	0.0077567770
0	0.5233009857	0.1807881526	0.2202290551	0.0738967432	0.0017850634
0	0.0905415724	0.4905631426	0.0193224656	0.0556384858	0.3439343336
1	0.0556754745	0.7060285842	0.0025766718	0.2067173775	0.0290018920
1	0.1293774697	0.1329215752	0.3563259426	0.3253262838	0.0560487287
0	0.0027200188	0.1478033998	0.3382402478	0.4983144796	0.0129218540
0	0.6470986006	0.0218319113	0.0982532242	0.2328141265	0.0000021373
0	0.0004063999	0.1020790675	0.0253769482	0.2319961237	0.6401414607
0	0.0486015906	0.1284183420	0.3212771232	0.3713558975	0.1303470467
0	0.0184072636	0.0041236479	0.1945848088	0.0494136356	0.7334706441
1	0.0138654724	0.0006392858	0.6882683669	0.2297295412	0.0674973337
0	0.5641494918	0.1473106950	0.1714837931	0.1045197183	0.0125363018
0	0.0566305260	0.0616168046	0.8592996282	0.0192403042	0.0032127369
0	0.1811660151	0.0177999067	0.0883290712	0.0281225615	0.6845824454
0	0.0556622888	0.5306185025	0.2490191795	0.1124985156	0.0522015137
0	0.0396043631	0.6018064519	0.2662562203	0.0303127894	0.0620201753
0	0.4842111013	0.0492494455	0.2270961801	0.1883539894	0.0510892836
0	0.0549373018	0.0870740524	0.6898034699	0.0908512509	0.0773339249
1	0.0150399178	0.0077318290	0.0157841221	0.9346704715	0.0267736595
0	0.8504214208	0.0038135780	0.0906828198	0.0170289618	0.0380532197
0	0.0004781547	0.0007181488	0.4915210793	0.4992493136	0.0080333035
0	0.3450500523	0.0004824885	0.0778106491	0.2716150850	0.3050417252
0	0.4388633432	0.4506942760	0.0817387861	0.0208298166	0.0078737781
1	0.3262115945	0.0727417012	0.0556375758	0.0002938577	0.5451152707
0	0.3932210002	0.0796916018	0.4767208691	0.0502202977	0.0001462312
0	0.4086335465	0.3023201008	0.0014967396	0.2873127324	0.0002368807
0	0.3619200196	0.3434535583	0.0204012730	0.0144203243	0.2598048249
1	0.0009376289	0.0573439727	0.0000000000	0.2820690430	0.6596493555
0	0.8821927326	0.0020659252	0.0206681215	0.0923755625	0.0026976582
0	0.2160539759	0.0015902217	0.4351219458	0.3399856737	0.0072481828
0	0.0475638683	0.0000000000	0.2701083072	0.3095263036	0.3728015208
0	0.1735476091	0.0659907397	0.7553318395	0.0011246894	0.0040051224
1	0.1459249946	0.1181955610	0.5099391020	0.2259403324	0.0000000100
0	0.0000074158	0.7449640834	0.1554020060	0.0808565427	0.0187699521
0	0.0853716669	0.0000150627	0.0907274512	0.0724615845	0.7514242347
0	0.3621081779	0.0000000000	0.2579550283	0.0873487093	0.2925880845
0	0.0083267987	0.0000000589	0.0001675799	0.4162172000	0.5752883625
0	0.3131438334	0.1143805808	0.2821831729	0.2900408243	0.0002515885
0	0.3013756867	0.4115938077	0.0000000000	0.2407775858	0.0462529198
0	0.3246389411	0.0000094260	0.3228902802	0.0893532179	0.2631081348
0	0.1418715378	0.4155060493	0.0473899278	0.0845093048	0.3107231803
0	0.2043593426	0.5415416820	0.2436139464	0.0000000000	0.0104850290
0	0.2501266807	0.0582967173	0.0959218791	0.0000235778	0.5956311452
0	0.0008511202	0.3044594851	0.5670687568	0.1275244429	0.0000961949
0	0.0157739358	0.9361969782	0.0232870660	0.0208729681	0.0038690518
0	0.0933615637	0.1081825521	0.1057541723	0.6861992022	0.0065025098
1	0.1199822860	0.3765664775	0.1487465550	0.3547046815	0.0000000000
0	0.1329949282	0.2915723701	0.0187865632	0.3272478200	0.2293983185
0	0.0012106873	0.0151347701	0.6581293385	0.3233359444	0.0021892597
0	0.1855237092	0.1709488884	0.0000212370	0.1970180585	0.4464881069
1	0.4782996154	0.0991067380	0.3347692710	0.0283126994	0.0595116762
0	0.0129436345	0.3928318088	0.0399144391	0.3733676892	0.1809424284
0	0.6233411056	0.1296340882	0.0736964530	0.0000000000	0.1733283531
0	0.0000006773	0.0002042990	0.1105748465	0.0208273010	0.8683928763
0	0.0311469174	0.7305156890	0.1449778516	0.0757491487	0.0176103933
0	0.3804310196	0.1756403099	0.0488174784	0.3470126096	0.0480985825
0	0.0170422777	0.1282834623	0.0037520229	0.7721136506	0.0788085864
0	0.8118533605	0.0006193356	0.0000000064	0.0185430993	0.1689841982
0	0.0212053090	0.0015799692	0.2197482994	0.0007553715	0.7567110510
0	0.0655050177	0.3322886486	0.0016103352	0.6005938475	0.0000021511
0	0.0666212931	0.3492240990	0.1627536512	0.4213719284	0.0000290282
0	0.2757246170	0.2870510709	0.0499129646	0.3873055287	0.0000058189
0	0.0419141375	0.7482439052	0.1492248054	0.0001474322	0.0604697197
0	0.0000116995	0.0176816364	0.8994834371	0.0234134376	0.0594097894
0	0.0051933190	0.8838419395	0.0141540327	0.0949033406	0.0019073682
0	0.3348113823	0.5999402464	0.0000000253	0.0643391731	0.0009091729
1	0.0115301508	0.0000000015	0.1386688411	0.8457400550	0.0040609516
0	0.0797615385	0.8094079698	0.0867618307	0.0195332196	0.0045354413
1	0.0393907319	0.0081607262	0.1055213517	0.6168940047	0.2300331855
0	0.3524743918	0.0617869413	0.0302905873	0.5554460866	0.0000019931
1	0.9946034208	0.0002729136	0.0006205007	0.0045031649	0.0000000000
0	0.6013385022	0.0073081427	0.0479604908	0.2656709390	0.0777219253
0	0.0224257108	0.6679803447	0.2988435747	0.0000000019	0.0107503679
0	0.1758331318	0.2007048887	0.2256186687	0.1998306737	0.1980126370
1	0.0100392523	0.1771422276	0.2156561442	0.5050164925	0.0921458834
0	0.1351595494	0.2751063751	0.2824464974	0.1023732671	0.2049143109
2	0.0672860777	0.0104791908	0.6670457804	0.0149661845	0.2402227666
0	0.0000079774	0.0252473928	0.1439318980	0.4182765242	0.4125362075
1	0.6192948593	0.0053841258	0.2394562572	0.1213782296	0.0144865282
0	0.1101419953	0.1437134114	0.6731994291	0.0001132200	0.0728319442
1	0.0318135222	0.0034102412	0.9593915369	0.0053846993	0.0000000004
0	0.0000000012	0.2250504529	0.0082945577	0.2287370527	0.5379179354
0	0.0001332843	0.1183986606	0.0612940714	0.7904395890	0.0297343946
0	0.0000140694	0.0177293981	0.0437213204	0.0525020383	0.8860331739
0	0.1249368308	0.6341893258	0.2294505561	0.0002199542	0.0112033332
0	0.0000000000	0.0364115776	0.2196018889	0.1907225457	0.5532639879
0	0.0773042104	0.5526281147	0.0316574798	0.1004729210	0.2379372740
0	0.0000034240	0.9645126584	0.0000412252	0.0354426732	0.0000000192
0	0.0994258612	0.1312446501	0.1887772851	0.0513120636	0.5292401400
1	0.0023661826	0.7703839876	0.1751104941	0.0029353822	0.0492039534
0	0.0000001426	0.0508594871	0.0395657169	0.5585440974	0.3510305560
0	0.0421731813	0.0012995447	0.5250925297	0.2397448523	0.1916898919
0	0.0107453016	0.0669551495	0.0720391644	0.7360530751	0.1142073094
1	0.2641611360	0.2792968157	0.0077721855	0.1922189448	0.2565509180
1	0.0085620370	0.0000111978	0.8414878306	0.1413340483	0.0086048863
