0	0.0273518773	0.0003133545	0.1984893878	0.7737463949	0.0000989855
0	0.2982238026	0.6889218811	0.0000000904	0.0126623606	0.0001918652
0	0.2561765914	0.3609989557	0.0424515711	0.3336275099	0.0067453719
0	0.0301683502	0.1427195342	0.7343204819	0.0349343844	0.0578572492
0	0.0889978990	0.7524305649	0.1022475100	0.0423243508	0.0139996753
2	0.2050277342	0.0643627255	0.0100243501	0.0536003384	0.6669848518
0	0.8703033138	0.0588256362	0.0070415842	0.0552895021	0.0085399637
0	0.2605414697	0.5122354891	0.0528548080	0.0538097185	0.1205585148
0	0.5429274058	0.0360955827	0.4039337054	0.0000000000	0.0170433061
0	0.7718389880	0.0564733803	0.1689702731	0.0014187799	0.0012985787
0	0.0813530117	0.8554617306	0.0597767175	0.0000000000	0.0034085401
0	0.0002250888	0.0010086500	0.1011485754	0.8976176845	0.0000000013
0	0.0880616882	0.8270524436	0.0001532441	0.0303631204	0.0543695037
0	0.0225309880	0.8519229887	0.0256773768	0.0000053914	0.0998632552
0	0.0006294401	0.3045439725	0.0013129790	0.0649029951	0.6286106133
1	0.8789428157	0.0000311707	0.0244220221	0.0000000031	0.0966039884
0	0.0031429381	0.3494072686	0.1723141053	0.0000000000	0.4751356880
0	0.0381646149	0.3035405995	0.3583403345	0.1168351564	0.1831192947
0	0.8493214707	0.0185876229	0.0105429796	0.0953516811	0.0261962457
0	0.0000801608	0.8911664530	0.0008974114	0.0935689859	0.0142869889
0	0.0435235693	0.0028384271	0.2573259525	0.6931938863	0.0031181649
1	0.8637009599	0.0425802424	0.0934961784	0.0002221239	0.0000004954
1	0.0575691726	0.7848830067	0.0811106542	0.0479705134	0.0284666531
0	0.2778799750	0.2591742483	0.0902844582	0.2004888901	0.1721724283
0	0.0009185111	0.3401740516	0.0000004151	0.0000031338	0.6589038884
0	0.4105125137	0.0453141646	0.3181859401	0.1044876921	0.1214996895
0	0.0009285237	0.2724482750	0.6085249303	0.0438441422	0.0742541288
1	0.0638656506	0.3011260669	0.0842017842	0.4586096829	0.0921968154
0	0.6175072603	0.0253544158	0.1126743914	0.0217309153	0.2227330171
0	0.1000010546	0.2289610409	0.0275093196	0.0067286575	0.6367999275
0	0.7252957328	0.0025833436	0.0551009644	0.2170199501	0.0000000090
0	0.3875830276	0.0017341182	0.0000646771	0.4215073957	0.1891107815
0	0.0007340286	0.0000035273	0.2545653899	0.0004817242	0.7442153300
0	0.0442363890	0.1094419534	0.1330510890	0.0147244681	0.6985461006
0	0.2984852362	0.0549343420	0.0000000000	0.6465179736	0.0000624482
0	0.1065940905	0.0000012774	0.0321947227	0.0000086544	0.8612012549
0	0.0089175496	0.4326211683	0.3524966328	0.1804388225	0.0255258268
0	0.1939471761	0.0339159842	0.7271837372	0.0023753338	0.0425777687
1	0.6703357678	0.0134652708	0.0003188907	0.3102303768	0.0056496938
1	0.0656026167	0.8063837606	0.1277543373	0.0000000007	0.0002592847
0	0.0000107358	0.0732829759	0.2173663624	0.5501307327	0.1592091932
0	0.0023302582	0.1255823337	0.0343061656	0.0527299171	0.7850513255
0	0.2469219701	0.2277042843	0.0950688616	0.0639173129	0.3663875711
0	0.5011252551	0.0776117623	0.0898257299	0.0045571650	0.3268800877
1	0.0875276399	0.0069374997	0.1406500233	0.7242946731	0.0405901640
0	0.5177154105	0.0053650423	0.0000023812	0.0746422781	0.4022748879
1	0.0553153142	0.0175530564	0.0168248245	0.1382757257	0.7720310791
0	0.0758421784	0.9189706012	0.0000000057	0.0019990841	0.0031881306
0	0.1251682978	0.0000271212	0.8228963536	0.0456481172	0.0062601102
0	0.3371227138	0.1903356310	0.1588437060	0.0000079287	0.3136900205
0	0.4834459386	0.0659955229	0.0125854527	0.2274506916	0.2105223941
0	0.2489011835	0.0615561076	0.2946665802	0.0066160492	0.3882600795
1	0.8846263179	0.0494225944	0.0136323762	0.0523139745	0.0000047370
0	0.5889120853	0.1402078056	0.0291973931	0.2408971645	0.0007855515
0	0.0172394597	0.0000058889	0.4902753338	0.0686183953	0.4238609223
0	0.1591985127	0.2154673564	0.1587646072	0.0113769794	0.4551925443
0	0.4097449341	0.0792278554	0.5009400104	0.0000000000	0.0100872002
0	0.0725941116	0.1637300927	0.2707836824	0.4928035137	0.0000885996
0	0.0468346809	0.1333849604	0.5677183080	0.2518316868	0.0002303639
0	0.9117276058	0.0000000089	0.0239150946	0.0557835850	0.0085737057
0	0.0084870978	0.2600432162	0.2787687683	0.0848772655	0.3678236522
0	0.0597253613	0.3381238592	0.3295660150	0.2586855098	0.0138992546
0	0.8079093622	0.0331802208	0.0397739782	0.0687032509	0.0504331880
0	0.0018843817	0.4190994058	0.0435138086	0.0229984309	0.5125039731
1	0.2635635227	0.2020374037	0.1137483152	0.3895385420	0.0311122164
0	0.2853008067	0.2002727248	0.0342466938	0.2995031319	0.1806766428
0	0.0055011183	0.0001446000	0.1042803017	0.7009305449	0.1891434352
0	0.1935259547	0.0802631331	0.0000186209	0.7261911846	0.0000011067
1	0.8087598241	0.0750646280	0.0296549760	0.0094530621	0.0770675099
0	0.0939516935	0.8875388886	0.0162035080	0.0011083712	0.0011975387
0	0.0000034482	0.0000000157	0.4548283395	0.0003772545	0.5447909422
0	0.0000574256	0.1442469920	0.1567414194	0.0217663149	0.6771878481
0	0.0877601434	0.7721645769	0.0012714231	0.0453984316	0.0934054251
0	0.7072092494	0.0555968523	0.1423102028	0.0437879669	0.0510957287
0	0.1337459854	0.8208975627	0.0317514583	0.0087619919	0.0048430017
0	0.2724361175	0.0139620402	0.0967531218	0.0612477582	0.5556009623
0	0.0535017878	0.5733209223	0.0002382047	0.3729390852	0.0000000000
1	0.0300101949	0.6712059912	0.0045960053	0.2662628896	0.0279249189
0	0.0000000021	0.1785735782	0.7727634626	0.0474821633	0.0011807938
1	0.3950690762	0.0848313551	0.0305149500	0.0700955351	0.4194890837
0	0.0207327821	0.0008881987	0.0647330817	0.3477372629	0.5659086745
0	0.1227349411	0.0577559931	0.0782873220	0.0333838526	0.7078378912
0	0.3701789875	0.3263495565	0.0367616658	0.1471363332	0.1195734570
0	0.0153073638	0.3746288580	0.3057428916	0.0004812276	0.3038396589
0	0.0352911259	0.4253804898	0.1534696322	0.0542437658	0.3316149864
0	0.0000000000	0.3922469005	0.4076259053	0.1436674515	0.0564597426
1	0.1679911925	0.0584758812	0.3832046574	0.1460192598	0.2443090091
0	0.0543071878	0.7635017138	0.0468347426	0.1353546216	0.0000017341
1	0.0129011010	0.7163231701	0.0495825494	0.0742577370	0.1469354425
1	0.0036631004	0.0452914161	0.9288641960	0.0000094802	0.0221718072
0	0.1117061037	0.0077530625	0.0000000043	0.5963006047	0.2842402248
1	0.0000000013	0.1732828770	0.0098122528	0.3110496396	0.5058552293
1	0.3623746184	0.4873278691	0.0351152813	0.1000579394	0.0151242918
0	0.0000000000	0.0219316216	0.0316542340	0.0006040683	0.9458100761
0	0.2630917003	0.1837525214	0.0497140682	0.5026677167	0.0007739935
1	0.3485037487	0.2429552648	0.1293820830	0.1911828978	0.0879760057
0	0.1201556943	0.0473108598	0.5550923230	0.1470141586	0.1304269644
1	0.9224560007	0.0025695092	0.0414537093	0.0335178710	0.0000029099
0	0.0000000000	0.0000002091	0.5693896502	0.4167166770	0.0138934637
0	0.2228036985	0.0538976758	0.4616910998	0.0026911651	0.2589163608
