1	0.2558578290	0.2143647392	0.0379041201	0.3913939260	0.1004793857
0	0.1964654398	0.0000000000	0.1398632358	0.3349219150	0.3287494094
0	0.0243162736	0.0001329471	0.0496507055	0.4427830636	0.4831170101
0	0.1149225370	0.0745389711	0.7883167911	0.0004130634	0.0218086374
0	0.0000000000	0.1994746971	0.0000126464	0.7942540807	0.0062585757
2	0.0181922262	0.6055501001	0.3750710272	0.0011463771	0.0000402695
2	0.1816420841	0.5351184070	0.1412429803	0.1379953487	0.0040011798
0	0.0004185952	0.6676426316	0.1277999979	0.0684743732	0.1356644021
0	0.2235382527	0.3503087797	0.1747642144	0.0004059348	0.2509828184
2	0.6086643539	0.0127314062	0.2067329804	0.0000000000	0.1718712595
