0	0.0340666656	0.7203545009	0.0265137583	0.0967522606	0.1223128145
1	0.8470289592	0.0001383585	0.1527183202	0.0001143620	0.0000000000
0	0.2109251150	0.0000811980	0.2353132568	0.5209870718	0.0326933584
1	0.0113415909	0.0557950556	0.1860610905	0.0783619161	0.6684403470
0	0.3341196018	0.0437593766	0.1245722953	0.2518626501	0.2456860762
0	0.0572382627	0.7431706592	0.0007479687	0.0270344496	0.1718086597
0	0.2895006021	0.0000000000	0.0065938967	0.0952923884	0.6086131128
0	0.2596129007	0.2596452849	0.0254960612	0.2654545290	0.1897912242
0	0.0005221953	0.0170221735	0.6009023839	0.3792910253	0.0022622221
2	0.1450611625	0.1925693246	0.0000000000	0.0000000000	0.6623695129
