2	0.0012107568	0.0487662430	0.0156677970	0.8405453004	0.0938099027
1	0.4766064433	0.1561020451	0.3283506368	0.0119337745	0.0270071004
0	0.7862407721	0.0003018316	0.1276795997	0.0844357200	0.0013420766
1	0.0039989860	0.3119635530	0.5061414176	0.0768302685	0.1010657749
0	0.1453075216	0.6178682285	0.1906943087	0.0424117168	0.0037182244
0	0.5705318819	0.0005733386	0.0135682596	0.2241101368	0.1912163831
1	0.0116339315	0.8030226293	0.1011160605	0.0084029678	0.0758244109
1	0.2482233257	0.3105860490	0.0008286150	0.0910012537	0.3493607566
0	0.4537886023	0.0358957833	0.1137591018	0.0015404243	0.3950160882
1	0.1733117825	0.0383549552	0.6004040734	0.0004627762	0.1874664126
