0	0.0031548009	0.2925039727	0.0101956436	0.6215481935	0.0725973893
0	0.8314277797	0.0000000000	0.0244101902	0.1144372648	0.0297247652
0	0.2837463881	0.0816064286	0.5827325499	0.0519086776	0.0000059559
1	0.0057597089	0.0043504283	0.3959713374	0.5900438686	0.0038746568
1	0.4920542480	0.0353475924	0.0667505373	0.3598851332	0.0459624892
0	0.0000000000	0.2656178764	0.1212773460	0.1949186739	0.4181861037
0	0.3880022499	0.2304552286	0.2832881899	0.0982543316	0.0000000000
1	0.0809576627	0.0885358530	0.7429236520	0.0874088932	0.0001739390
0	0.0057152972	0.0045907569	0.0370183802	0.0119284375	0.9407471282
2	0.0856762096	0.0000000000	0.7337943895	0.1791298290	0.0013995719
