1	0.0000000029	0.0000006808	0.7765874100	0.1183912957	0.1050206106
0	0.0289504933	0.7238059149	0.0029722338	0.0103302456	0.2339411124
0	0.0000102864	0.0063453770	0.1937033816	0.7996401776	0.0003007775
0	0.0008223984	0.0000343500	0.0016874438	0.9968827914	0.0005730164
1	0.1388699858	0.0763755063	0.5541917027	0.2115438964	0.0190189088
0	0.1598081058	0.0000000000	0.1820018152	0.6019902430	0.0561998360
2	0.2164217266	0.0000090522	0.7083444510	0.0752247702	0.0000000000
0	0.0282901634	0.0155215615	0.1208020838	0.1436211919	0.6917649994
0	0.2690603528	0.1632116946	0.1982461920	0.3503116006	0.0191701600
0	0.0519171505	0.0000000324	0.7936802358	0.1544025814	0.0000000000
