0	0.5715480737	0.0367286051	0.0156046888	0.0092878079	0.3668308246
0	0.0167236850	0.0000000187	0.1500427293	0.7770889291	0.0561446380
0	0.0135740331	0.0412621865	0.3289174074	0.0709883330	0.5452580401
0	0.0034482444	0.0166457185	0.1367648369	0.8281353435	0.0150058567
0	0.0007256587	0.9436623892	0.0063272532	0.0000258835	0.0492588154
1	0.0022090150	0.0260655731	0.7508598817	0.0862434056	0.1346221247
0	0.2239024498	0.3668844360	0.0472995712	0.2775436062	0.0843699369
2	0.0291762798	0.0000000004	0.1209980209	0.8498256988	0.0000000000
0	0.0333551994	0.9371932085	0.0024344810	0.0270171109	0.0000000002
0	0.0001237350	0.0005864045	0.6214841185	0.1741258688	0.2036798731
