2	0.0030267610	0.0014531523	0.5663216176	0.4290668026	0.0001316665
1	0.0021132071	0.0293559153	0.1787421240	0.7896245175	0.0001642362
0	0.0000227013	0.3414290321	0.0000000000	0.1000373259	0.5585109407
0	0.0002981557	0.2319692969	0.2386356518	0.0036257276	0.5254711680
0	0.3264606639	0.0578154072	0.6135819551	0.0000245454	0.0021174283
0	0.1224890759	0.6337315994	0.0000000018	0.0381882060	0.2055911169
1	0.0000086585	0.0082652036	0.7516152051	0.2401109329	0.0000000000
0	0.6738732147	0.0681459690	0.0477044739	0.2102115016	0.0000648408
0	0.0041867080	0.0015668659	0.1683775852	0.1752682509	0.6506005900
0	0.0374265101	0.2709507490	0.0118431801	0.5922497254	0.0875298354
