0	0.6070041431	0.0952504461	0.0079701549	0.0564643066	0.2333109493
0	0.1109035208	0.0288631861	0.0093595849	0.6449091558	0.2059645524
2	0.0083206888	0.0000003076	0.9845156195	0.0071551500	0.0000082341
1	0.9400016522	0.0012684825	0.0555803425	0.0030509206	0.0000986023
0	0.0038187928	0.4206629130	0.0742258117	0.4304008314	0.0708916510
0	0.0927210643	0.5583308390	0.2078207658	0.0000000005	0.1411273303
0	0.1464359906	0.0008628962	0.7102581600	0.0849571479	0.0574858053
0	0.0176723088	0.1873924272	0.0546549058	0.5939619042	0.1463184540
0	0.0087979982	0.1072634597	0.7783809448	0.0004235199	0.1051340775
0	0.0096587710	0.0286549249	0.5425575265	0.1434900199	0.2756387577
