2	0.0840379777	0.0000138791	0.5612072159	0.0002183511	0.3545225762
1	0.5300111085	0.0037330635	0.1672915313	0.2039498562	0.0950144405
0	0.0151049199	0.0050327682	0.0155879998	0.9089350816	0.0553392304
0	0.6697893828	0.2429373001	0.0475074429	0.0353312348	0.0044346394
0	0.2924576478	0.2181936665	0.3462700387	0.1376530818	0.0054255653
0	0.0000027239	0.0062524208	0.4533005748	0.3944257961	0.1460184844
0	0.0109935916	0.3457702802	0.5089096838	0.0580344774	0.0762919669
0	0.7405826369	0.0689394672	0.0253059346	0.0000000458	0.1651719154
0	0.3088633914	0.1862418448	0.1397055572	0.3085726058	0.0566166007
0	0.3384861385	0.0139704489	0.3694597693	0.1802959765	0.0977876668
