0	0.6014161742	0.0000151095	0.1916301479	0.1046311000	0.1023074685
0	0.0554484079	0.0000000000	0.7817706066	0.0280425528	0.1347384326
0	0.6390762934	0.0274281027	0.0212392102	0.0009926396	0.3112637541
1	0.0001183581	0.0010352422	0.1996775992	0.7420953181	0.0570734824
0	0.0086429916	0.1232597967	0.0123452038	0.1484398706	0.7073121373
0	0.0517091487	0.0927907393	0.1573285526	0.6455422466	0.0526293128
2	0.7531670735	0.0063605008	0.1561306936	0.0461511662	0.0381905660
0	0.0492756471	0.0228860907	0.1493756585	0.0594912585	0.7189713453
0	0.1622146382	0.2001477785	0.0358243841	0.2044071370	0.3974060623
1	0.4963031940	0.3913567033	0.0639855360	0.0001519823	0.0482025844
