1	0.0607066255	0.1075522668	0.1652322938	0.0581271763	0.6083816376
0	0.7728395604	0.0000900173	0.2251435192	0.0018859783	0.0000409248
2	0.0825509792	0.0076852872	0.3661122997	0.5434986577	0.0001527761
0	0.4748215304	0.0088966710	0.0071954939	0.3476617461	0.1614245586
0	0.3938252839	0.0252981024	0.2326884382	0.1723677052	0.1758204703
0	0.2005925862	0.5724171535	0.1073112212	0.1130921118	0.0065869272
0	0.2471056850	0.7369037377	0.0085717003	0.0074155699	0.0000033071
0	0.0958641529	0.1281175259	0.0009586946	0.1080072947	0.6670523318
0	0.8217068082	0.0069515143	0.1697083976	0.0001888719	0.0014444080
0	0.4113412535	0.2324594295	0.3088871726	0.0040298933	0.0432822511
