1	0.3737265829	0.0002404634	0.5551372878	0.0075612571	0.0633344089
0	0.5743723997	0.0000000000	0.0362503654	0.1863287509	0.2030484839
1	0.0147008303	0.0829376099	0.4191732191	0.2102042724	0.2729840682
2	0.1926564056	0.0442921114	0.5416813996	0.0940639539	0.1273061296
0	0.0278207609	0.0015363097	0.9706339809	0.0000089485	0.0000000000
1	0.0018911592	0.0206289215	0.9170428963	0.0087446120	0.0516924110
0	0.0003047358	0.4259337859	0.3719278081	0.0000172812	0.2018163890
1	0.8193892453	0.0091454790	0.0197430430	0.0405556403	0.1111665924
0	0.0129125933	0.0019614920	0.3367709736	0.1643072336	0.4840477075
0	0.3951994279	0.0108827431	0.4368591928	0.1570586362	0.0000000000
