0	0.4971493902	0.0779589564	0.0026397040	0.2140580439	0.2081939055
2	0.2250486810	0.5865141063	0.0255624869	0.0057195082	0.1571552176
0	0.1166550748	0.5833078823	0.1677224607	0.0432821247	0.0890324575
0	0.0447127103	0.2845860984	0.0920295383	0.0097583047	0.5689133483
1	0.6395537094	0.0008749892	0.3583261966	0.0004092557	0.0008358492
0	0.8285960886	0.0765367388	0.0101448805	0.0352286582	0.0494936339
0	0.1895022001	0.1736501472	0.0350477748	0.0181077457	0.5836921323
0	0.1576354101	0.0009659547	0.7380101429	0.0628024669	0.0405860254
0	0.1742401580	0.0000000000	0.3732877071	0.1512865894	0.3011855454
1	0.1612439502	0.0100171329	0.0000060816	0.4115334850	0.4171993503
