0	0.0092802497	0.0004984773	0.9349410769	0.0391726420	0.0161075541
0	0.6333762115	0.2915808800	0.0311483166	0.0376671459	0.0062274460
1	0.0608658618	0.0000000001	0.7370290275	0.0784390074	0.1236661033
1	0.1117398014	0.0548069505	0.3751830328	0.4402015547	0.0180686606
0	0.3806273763	0.2880772375	0.2086612518	0.0154534446	0.1071806898
2	0.0080716734	0.0036650944	0.9220610785	0.0120952009	0.0541069528
0	0.0007546704	0.0005010834	0.0024860815	0.0401292361	0.9561289286
0	0.0700747966	0.0053216012	0.0339192644	0.0004632480	0.8902210898
0	0.8829585089	0.0386271754	0.0558513566	0.0000000000	0.0225629591
0	0.6505319608	0.0000015219	0.3105388885	0.0293330235	0.0095946052
