0	0.4187214887	0.0257503047	0.1445707935	0.0000000000	0.4109574131
0	0.0563924024	0.0356727415	0.8452384003	0.0600173646	0.0026790912
0	0.6544888329	0.1285118943	0.2131177003	0.0038812782	0.0000002943
0	0.0970439812	0.0047861787	0.0000003344	0.6959130671	0.2022564386
0	0.0004371585	0.0090721115	0.0239577351	0.9603747491	0.0061582457
0	0.0125702934	0.0030066319	0.4071784616	0.2416557536	0.3355888595
0	0.0006909558	0.2199356653	0.5558055998	0.1751772067	0.0483905725
1	0.0002261416	0.0062729659	0.3037646462	0.4834403786	0.2062958678
2	0.4337304003	0.0363370176	0.4981718533	0.0071549361	0.0246057926
1	0.4812576040	0.2664963923	0.0018230110	0.0002606715	0.2501623211
