0	0.0030974213	0.8909958437	0.0493457815	0.0000000000	0.0565609534
0	0.2076633884	0.3738422904	0.0266014592	0.2243068002	0.1675860618
1	0.2538712081	0.0085622197	0.0876865169	0.6475773296	0.0023027257
0	0.5375857757	0.1246561585	0.0785015422	0.2455724737	0.0136840498
0	0.1212573720	0.0972660204	0.1590281338	0.0327218464	0.5897266274
0	0.2813837827	0.0410712990	0.1730868775	0.1250012892	0.3794567516
0	0.0155000827	0.0000000339	0.1164797528	0.0094092641	0.8586108665
2	0.0116773123	0.0003225488	0.3105453867	0.4403338464	0.2371209058
0	0.2891271397	0.0000000005	0.0201687860	0.0003958037	0.6903082702
1	0.4697291128	0.1052839422	0.2458266115	0.1406479626	0.0385123710
