Values used for beta_0k(intercept). Sampled from -1.0 to 1.0 uniformly:
   1	-0.8620560638
   2	0.1331409772
   3	0.4713675962
   4	0.5455378389
   5	-0.5036878391
   6	0.3670276813
   7	-0.7715073306
   8	-0.1808348475
   9	-0.5891155159
  10	-0.6904176692
  11	0.1627525875
  12	-0.8070286450
  13	-0.5446115346
  14	-0.4749439862
  15	0.2023878139
  16	0.1716736986
  17	0.8460724026
  18	-0.9810620483
  19	0.6981394868
  20	0.4622033770
  21	-0.7435753437
  22	-0.5387644731
  23	0.6681682203
  24	0.6932355856
  25	0.9637263397
  26	-0.6592692439
  27	-0.4295977033
  28	0.0101194026
  29	-0.1914888994
  30	0.8297331649
  31	0.4166470216
  32	-0.2220337443
  33	0.8835278030
  34	-0.2595758416
  35	0.9777607125
  36	-0.3912120210
  37	0.7002963831
  38	0.9503613113
  39	-0.8085570983
  40	-0.0952791812
  41	-0.9872744093
  42	-0.3971461939
  43	-0.2987172251
  44	-0.1384046866
  45	0.3405650419
  46	-0.2427789935
  47	0.8435987276
  48	0.6811003908
  49	0.4485229955
  50	0.1838964266
  51	-0.1341892017
  52	-0.4487262324
  53	0.8785623591
  54	0.6544525844
  55	0.8438862967
  56	0.5132537933
  57	0.3769976153
  58	0.6958760168
  59	-0.3512893617
  60	-0.8681643931
  61	0.9990670320
  62	0.3334231413
  63	0.1106033657
  64	-0.0175913901
  65	-0.2841569438
  66	0.9550170243
  67	-0.7286735683
  68	-0.6337739873
  69	0.8268305965
  70	0.0612567163
  71	0.5786429531
  72	0.8395288344
  73	0.1216539432
  74	-0.0905393045
  75	-0.3604327924
  76	0.7912257135
  77	-0.5776812501
  78	0.5854982446
  79	0.3475164689
  80	-0.8003465265
  81	-0.8973259087
  82	-0.8949156818
  83	-0.7276663976
  84	0.3652568454
  85	-0.0938917157
  86	0.6280783056
  87	0.5387707770
  88	-0.2674551008
  89	-0.1056171984
  90	-0.1823436716
  91	0.4384849097
  92	0.1058895877
  93	0.7620634128
  94	-0.0907220006
  95	0.6075185661
  96	0.8470531350
  97	-0.2962713262
  98	-0.0067113559
  99	-0.3938209773
 100	-0.2001001466

Values used for beta_k(effect). Sampled from normal with mean 0 and std 1.0:
   1	0.3301962963
   2	-1.5077446369
   3	-0.2157048803
   4	-1.0097842279
   5	1.5215419590
   6	-0.0922425216
   7	-0.0892702883
   8	-0.3326470113
   9	0.7465369746
  10	-0.5170219037
  11	-2.8722584102
  12	-0.0376444694
  13	1.0825180896
  14	-0.4848909595
  15	1.4331773923
  16	1.3187360129
  17	1.4710228707
  18	-0.2800227346
  19	-0.4985752929
  20	0.0004341751
  21	0.4804959032
  22	-1.0758294026
  23	0.2967936814
  24	0.5239292075
  25	0.5106368192
  26	1.1469401325
  27	-0.5192265659
  28	-0.8387688714
  29	-0.4161507311
  30	-0.6348190139
  31	0.7528268623
  32	-1.3192550693
  33	0.3409851974
  34	-0.2666248866
  35	0.4481865421
  36	2.6648613791
  37	-0.5359013554
  38	1.4148375765
  39	-0.2582568390
  40	0.7557420403
  41	-0.2786449667
  42	1.7619513132
  43	0.5642734022
  44	0.7855414383
  45	0.0544388003
  46	-1.1076819835
  47	-0.7074823266
  48	-2.1436593086
  49	-0.7855237650
  50	1.1610397265
  51	-0.5155797334
  52	2.0270908994
  53	-0.1460400481
  54	-1.4013040206
  55	0.8830972098
  56	-0.2877140780
  57	2.5729522622
  58	0.6863891122
  59	-0.8731842369
  60	-0.8225779259
  61	-0.5885278439
  62	-0.2602921839
  63	-0.4655595391
  64	0.2931403172
  65	0.7687105282
  66	1.1304546334
  67	0.4275277800
  68	-2.0116420680
  69	0.3735836581
  70	-1.3911547639
  71	-0.2919094599
  72	-0.8148461664
  73	-0.2138940592
  74	0.1781412785
  75	2.1313818937
  76	-0.6164412864
  77	-0.2481409665
  78	1.6079198145
  79	1.8709072988
  80	1.0918981854
  81	0.0847324332
  82	0.3528211151
  83	-0.9631282593
  84	0.6931132012
  85	-0.4668865265
  86	-1.6048166438
  87	0.1502779581
  88	-0.4523191848
  89	0.3449444032
  90	0.4276161430
  91	-0.7332056716
  92	0.7229835895
  93	0.5955826309
  94	0.5566571220
  95	-1.4589548224
  96	-0.2190236677
  97	0.2416904829
  98	-0.3553269132
  99	-0.8032831980
 100	1.4221885468
