0	0.0731308556	0.0543357291	0.8387773048	0.0009125169	0.0328435935
0	0.4741603028	0.0054579377	0.3784566038	0.0204921281	0.1214330275
0	0.1288819335	0.0285085432	0.4330517837	0.0819853403	0.3275723993
1	0.8407052164	0.0183731660	0.1305894515	0.0084433103	0.0018888559
0	0.0051810965	0.2303060919	0.2578448824	0.2063071615	0.3003607677
0	0.0003663690	0.0208066990	0.4614519821	0.0000186146	0.5173563352
0	0.1276648341	0.1786164128	0.6468582586	0.0452199307	0.0016405638
0	0.5245565071	0.0652675297	0.0000632135	0.1527901931	0.2573225566
0	0.1899250234	0.0084935632	0.0229235531	0.1594281981	0.6192296623
0	0.0022961709	0.0001713545	0.5393380432	0.1282958276	0.3298986038
0	0.0472145197	0.2391351177	0.1163763376	0.2229498632	0.3743241618
0	0.0039013545	0.0738667930	0.8500279303	0.0722039163	0.0000000059
0	0.1374844465	0.2610104029	0.1536914420	0.0130744102	0.4347392984
0	0.1328988588	0.0442394695	0.0925855887	0.0763339373	0.6539421457
0	0.2276859506	0.6891577262	0.0094046286	0.0737494595	0.0000022351
2	0.3532423273	0.5499445947	0.0700626269	0.0267504511	0.0000000000
1	0.1312140443	0.0051472648	0.3281892908	0.0328247398	0.5026246603
0	0.0671329287	0.0260292039	0.0114763665	0.0635245931	0.8318369079
0	0.1631987119	0.5606228942	0.0104576345	0.2322065049	0.0335142545
0	0.2891866721	0.2545298737	0.1375607790	0.0000000001	0.3187226750
0	0.5664703607	0.2113138997	0.0053854579	0.1696554803	0.0471748013
0	0.0000061710	0.0357469827	0.8542805394	0.0000000397	0.1099662672
0	0.2266985444	0.0486406417	0.4784392817	0.0457046995	0.2005168326
1	0.0586196030	0.6528315521	0.0628427696	0.0000000257	0.2257060495
1	0.1433287159	0.0405136254	0.1126170991	0.0116210693	0.6919194903
0	0.0917830558	0.1624262172	0.6261013496	0.0326506607	0.0870387168
0	0.0935820950	0.3083337463	0.2627448893	0.2117757613	0.1235635082
1	0.7084688017	0.0625513976	0.0777838012	0.0034177441	0.1477782555
0	0.0004959887	0.3047423545	0.0020380264	0.5654424544	0.1272811761
0	0.0449452235	0.0834293342	0.0000000007	0.6085364691	0.2630889724
0	0.7735891998	0.0366754449	0.0027479215	0.0026282425	0.1843591913
1	0.5314802561	0.4282277911	0.0074395450	0.0106205677	0.0222318401
0	0.0029122013	0.6907309849	0.0321004517	0.0325909586	0.2416654034
0	0.0230838068	0.0265229799	0.7592921079	0.0000000050	0.1911011004
0	0.0305759629	0.0316642743	0.9182269732	0.0012381494	0.0182946403
0	0.5954839297	0.0106090874	0.0006560636	0.0724676454	0.3207832739
1	0.7426166380	0.2201158428	0.0346851245	0.0001789419	0.0024034528
0	0.2702291440	0.0199659017	0.0206202677	0.0005196264	0.6886650602
0	0.0728644156	0.0342096744	0.0927032037	0.0000685856	0.8001541207
0	0.0094920834	0.2016240391	0.6674417567	0.0001102294	0.1213318913
0	0.0104959502	0.6409393758	0.0000167029	0.0021621060	0.3463858651
0	0.6684785323	0.0027463434	0.3044534081	0.0052099685	0.0191117478
0	0.3152076693	0.2696932807	0.3049180664	0.0000009497	0.1101800338
0	0.0007185137	0.8831415976	0.1029222248	0.0097661295	0.0034515343
0	0.2761131655	0.0796671803	0.3849000546	0.2586199835	0.0006996161
0	0.0753562754	0.0008085479	0.7430017818	0.1307022430	0.0501311519
0	0.0214438284	0.0222297137	0.9550819416	0.0007401402	0.0005043762
0	0.4658096161	0.0523862333	0.4615541976	0.0190592637	0.0011906892
0	0.5575864512	0.1321180764	0.2249699190	0.0157706321	0.0695549214
0	0.3731992554	0.2217842262	0.3552811957	0.0491845545	0.0005507682
0	0.1103877582	0.0000000088	0.8790937088	0.0000000000	0.0105185243
0	0.0017738692	0.1209961528	0.0477676337	0.8234709347	0.0059914096
0	0.0027481450	0.3626458506	0.5756934198	0.0118999908	0.0470125938
0	0.0189581726	0.1206887348	0.3843614330	0.0000001720	0.4759914875
2	0.0024765019	0.3401105639	0.5463033485	0.0600566822	0.0510529034
0	0.3308906956	0.4087671124	0.0029621715	0.0394816629	0.2178983577
1	0.6392845594	0.1621519694	0.0580679742	0.0000019617	0.1404935354
0	0.2065584379	0.5303109045	0.2433093342	0.0000410547	0.0197802686
0	0.4228515153	0.0245985412	0.3889337812	0.0026618727	0.1609542896
1	0.0092727888	0.2688572703	0.5819992447	0.0012554692	0.1386152269
0	0.0000484762	0.0483713650	0.0295283478	0.0836994090	0.8383524021
0	0.6535350175	0.1376147806	0.2053368387	0.0011496517	0.0023637115
0	0.0885668379	0.8439033207	0.0560687927	0.0070715665	0.0043894822
0	0.2622516411	0.3446669875	0.0573961227	0.3344043459	0.0012809029
0	0.8822838237	0.0000271616	0.0799285855	0.0227891655	0.0149712638
0	0.0074056152	0.4921400051	0.2039515793	0.0001923714	0.2963104290
0	0.0000020221	0.0721057523	0.5300749662	0.0297100694	0.3681071899
0	0.0378043653	0.7935262760	0.1462584831	0.0151404887	0.0072703870
1	0.0000000009	0.5879782813	0.1069878465	0.1160503598	0.1889835116
0	0.9890333625	0.0076341464	0.0014194088	0.0001705026	0.0017425797
0	0.0303796324	0.2099131280	0.3745180602	0.0000000000	0.3851891795
0	0.3705700641	0.1061069241	0.0343628262	0.4210444470	0.0679157386
0	0.5202381963	0.2168683221	0.0165331356	0.0130726222	0.2332877238
0	0.0000218632	0.1740463802	0.4249132055	0.0000000028	0.4010185482
0	0.1327455562	0.6494876555	0.2036463091	0.0119912564	0.0021292228
0	0.0315269986	0.1319354150	0.7578750103	0.0514216254	0.0272409507
0	0.1212663257	0.7330683331	0.0122210766	0.0684573825	0.0649868821
0	0.2646329201	0.2447298457	0.0016728197	0.4889644144	0.0000000000
0	0.0255867806	0.0456442290	0.9286940086	0.0000749400	0.0000000418
0	0.0766108059	0.7686038035	0.1283785790	0.0000000000	0.0264068116
0	0.3462076548	0.0088925420	0.6186597983	0.0248900535	0.0013499515
0	0.0003643896	0.0000780398	0.8809092764	0.0000000000	0.1186482943
0	0.0189236915	0.3287931778	0.6259596605	0.0232205983	0.0031028718
0	0.5484247433	0.0625008416	0.2099432708	0.1791311443	0.0000000000
0	0.4511673749	0.0029175190	0.1616445999	0.1172365027	0.2670340036
0	0.1962464966	0.0523319922	0.0000000004	0.4323293665	0.3190921443
0	0.3284017100	0.5463622323	0.1215657922	0.0035799631	0.0000903023
0	0.0537414721	0.6131484803	0.2258079497	0.0407388809	0.0665632170
1	0.0000035129	0.4275267888	0.5719640174	0.0005055559	0.0000001250
0	0.0909961805	0.0395076217	0.3206010601	0.0000001776	0.5488949601
0	0.1530837076	0.4733458827	0.0189914473	0.0459229375	0.3086560249
1	0.0001470317	0.0356634388	0.0128393332	0.0160263028	0.9353238935
0	0.0210855936	0.3249503439	0.5989545845	0.0013563050	0.0536531731
0	0.0013988865	0.4272269920	0.0125172480	0.0000000044	0.5588568691
0	0.0392436472	0.9002734896	0.0409735385	0.0165228977	0.0029864269
0	0.1941796187	0.2229473382	0.4614993490	0.1171679968	0.0042056973
1	0.7772693672	0.0311895884	0.0124652554	0.0000000630	0.1790757260
0	0.1712091017	0.0000302048	0.0104615757	0.0161111618	0.8021879559
0	0.4030306732	0.4003508624	0.1920791393	0.0010551836	0.0034841415
0	0.0756437811	0.2429531658	0.0239599472	0.0131707212	0.6442723846
