0	0.0242204244	0.1955734774	0.6257449629	0.1544611352	0.0000000000
0	0.0319543635	0.5894418785	0.0196868070	0.0940958873	0.2648210637
0	0.1030081165	0.0129135659	0.7227554898	0.1537494418	0.0075733860
1	0.1700344164	0.5029844359	0.2632419860	0.0050515120	0.0586876497
1	0.1462749273	0.0584449263	0.1043440228	0.1867846039	0.5041515197
0	0.0017235768	0.1179784519	0.5597163622	0.2902972262	0.0302843829
0	0.0448244414	0.0587415508	0.0824000461	0.5361005771	0.2779333847
0	0.4956568924	0.0329323713	0.1881523624	0.2545783975	0.0286799765
0	0.2758971137	0.3817451242	0.0069759923	0.0021348462	0.3332469236
0	0.0606184837	0.8438558449	0.0000623739	0.0843514102	0.0111118874
0	0.4046668771	0.0786753698	0.4728024312	0.0291865505	0.0146687713
0	0.0222424511	0.5931425013	0.3474566049	0.0371387182	0.0000197245
0	0.6681670376	0.0328152644	0.2822617564	0.0000000000	0.0167559416
0	0.0154878688	0.9002405658	0.0465653830	0.0000000000	0.0377061824
1	0.0007520668	0.8884879468	0.1107599293	0.0000000142	0.0000000430
0	0.6256312692	0.1808043823	0.0416487214	0.0514392023	0.1004764248
0	0.0695180758	0.3229805390	0.1557641853	0.0000000000	0.4517371998
0	0.6539068320	0.0490307351	0.2826587328	0.0144021340	0.0000015661
1	0.2800820784	0.0008970404	0.4084318012	0.0443285231	0.2662605570
1	0.0001355691	0.1284870766	0.1645141322	0.1579576643	0.5489055577
1	0.0006462806	0.4354196190	0.5428192507	0.0150861399	0.0060287098
0	0.4041568322	0.0109878832	0.5808423214	0.0000000000	0.0040129632
1	0.6586610380	0.0328380105	0.1173302892	0.1796770861	0.0114935761
0	0.0059879359	0.0055784791	0.0495496667	0.0000120171	0.9388719012
0	0.2689518230	0.0384750460	0.0062913389	0.0001625428	0.6861192493
0	0.2197836197	0.0101753758	0.0092580458	0.7522843924	0.0084985663
0	0.1306761323	0.0685552715	0.0000499206	0.5487423410	0.2519763345
0	0.2469642103	0.0058213061	0.5900396187	0.0798053194	0.0773695456
0	0.0039096521	0.0319225636	0.4670500560	0.0000005699	0.4971171585
0	0.1590779408	0.0422871753	0.0000024686	0.1341858698	0.6644465454
0	0.8803150616	0.0578184771	0.0097283088	0.0510563309	0.0010818217
0	0.4460144921	0.0067495423	0.0902566518	0.2843535831	0.1726257306
0	0.3633155587	0.3317883744	0.2636887887	0.0000065961	0.0412006821
1	0.0782008353	0.1032274393	0.0080298269	0.0534956536	0.7570462449
0	0.1080727713	0.0509273177	0.3422474520	0.0000000272	0.4987524318
0	0.5195661577	0.0075459180	0.4423314441	0.0191124819	0.0114439983
1	0.3513549185	0.5098130553	0.1179447806	0.0206082060	0.0002790396
0	0.0001592805	0.6775937392	0.2073789991	0.0983456288	0.0165223525
1	0.0161103101	0.6659637690	0.2987455942	0.0157399024	0.0034404242
0	0.7819168702	0.1250462126	0.0842420624	0.0053271516	0.0034677032
0	0.0559220837	0.8596776289	0.0131321579	0.0000059186	0.0712622110
0	0.1599419865	0.0000000008	0.2701734119	0.1039162907	0.4659683101
0	0.6901455749	0.0893030305	0.1786726966	0.0000009186	0.0418777794
0	0.0280475526	0.9423775540	0.0175784362	0.0000020789	0.0119943783
0	0.4366790702	0.3181488013	0.0824153221	0.1330713079	0.0296854983
0	0.0512615733	0.6355091570	0.2964120044	0.0164527401	0.0003645252
1	0.2192914766	0.0576910902	0.2177739693	0.4928900301	0.0123534338
0	0.2436167232	0.5897856921	0.0413147415	0.0705645470	0.0547182962
0	0.0531950645	0.8445266968	0.0002261451	0.1020520875	0.0000000061
0	0.2769783665	0.0000783732	0.3316397426	0.0119356306	0.3793678870
0	0.1676967599	0.1199289927	0.2700336343	0.0438430990	0.3984975142
1	0.2527149274	0.6446135268	0.0597972944	0.0003047322	0.0425695192
0	0.0340894737	0.2119872145	0.0351996344	0.0137492721	0.7049744053
0	0.8397519870	0.0062911095	0.1400292864	0.0035423209	0.0103852962
1	0.1003549080	0.2763991209	0.2221141466	0.0857288497	0.3154029748
0	0.0050429129	0.2254622295	0.7389568421	0.0253002999	0.0052377156
0	0.3188395343	0.2028735373	0.0047632808	0.1419012200	0.3316224276
2	0.0122921931	0.0532793972	0.0000006273	0.0792719385	0.8551558440
0	0.0512089496	0.3427707631	0.2851920124	0.2924637328	0.0283645420
0	0.4681706903	0.4706158985	0.0012460814	0.0036955645	0.0562717653
0	0.0172603784	0.4039387995	0.0181529334	0.0254770988	0.5351707899
0	0.3143437078	0.0393888151	0.0002292449	0.3306437681	0.3153944641
1	0.0766260290	0.6137494275	0.0006226031	0.0001421197	0.3088598207
0	0.0003663166	0.4159762839	0.0314573563	0.0348727690	0.5173272743
1	0.0152131153	0.5649124185	0.2580088839	0.0000180177	0.1618475645
0	0.0062968161	0.0109145811	0.6469097522	0.0083468528	0.3275319977
0	0.1014097627	0.1833150499	0.5631616367	0.1435127215	0.0086008291
0	0.2393896527	0.0000045896	0.5363982048	0.0654603722	0.1587471808
0	0.0000107796	0.0039822354	0.8463764227	0.0000009188	0.1496296434
0	0.7155204381	0.1754813404	0.0697093203	0.0338963549	0.0053925463
1	0.2391363699	0.3872585049	0.1255199918	0.0000000000	0.2480851333
0	0.5645219274	0.0091059944	0.3831060518	0.0005218218	0.0427442046
2	0.1846532358	0.7074384476	0.0101982477	0.0455856014	0.0521244675
0	0.1176016524	0.3626575823	0.0513147664	0.0002450413	0.4681809577
0	0.0142433193	0.2417472422	0.3690637027	0.0277526627	0.3471930732
0	0.7004212259	0.0580515458	0.1598285145	0.0816981616	0.0000005523
0	0.0791031474	0.1668786986	0.5812411472	0.0310024312	0.1417745757
0	0.0056728750	0.1210408713	0.2762672602	0.5822387864	0.0147802072
0	0.3630693127	0.0000000030	0.2885890258	0.3445214486	0.0038202099
0	0.1051381149	0.5213710237	0.0864814060	0.1084445270	0.1785649284
0	0.1084584356	0.1302543933	0.6186189321	0.0016074578	0.1410607812
0	0.0085545634	0.0300433764	0.6483986143	0.0340014550	0.2790019908
0	0.0349498299	0.4168714842	0.2135947824	0.0363374399	0.2982464637
0	0.8114110012	0.1404911839	0.0001658371	0.0011840760	0.0467479018
0	0.5723716918	0.0034381496	0.0074997222	0.3425146997	0.0741757367
0	0.0451033838	0.0127778969	0.8997670346	0.0009246709	0.0414270137
0	0.3097102114	0.0049636917	0.6353237084	0.0096148616	0.0403875270
0	0.2890973608	0.5670119620	0.0559422785	0.0151630625	0.0727853361
0	0.0001320261	0.0654090937	0.4242467512	0.1254669222	0.3847452068
0	0.1096491902	0.6024875349	0.2839172188	0.0001009663	0.0038450897
0	0.1676771760	0.5010373809	0.2711284657	0.0447301853	0.0154267921
0	0.0342656259	0.8572645766	0.0105576420	0.0278498930	0.0700622625
0	0.8591483141	0.1029815437	0.0326012617	0.0012548215	0.0040140590
0	0.1425728830	0.0278437944	0.0425285014	0.4732823299	0.3137724914
0	0.0016069817	0.3612678719	0.0715937731	0.5655222296	0.0000091437
1	0.0010890825	0.0000000003	0.0011363011	0.0007614829	0.9970131332
0	0.6859212223	0.1739914256	0.0296217128	0.1104656252	0.0000000141
0	0.0000000002	0.0954196999	0.9044485462	0.0001314652	0.0000002884
0	0.0044195624	0.0264591957	0.8875960158	0.0002021769	0.0813230491
0	0.1734897403	0.4049004733	0.0709857415	0.0776962039	0.2729278410
