1	0.2367756849	0.0003745503	0.5766149892	0.0738052681	0.1124295075
0	0.0276938659	0.9529907156	0.0000161280	0.0011138817	0.0181854087
1	0.2195220958	0.0199609175	0.2234696987	0.0909456279	0.4461016602
0	0.0294511515	0.2245071959	0.6493107853	0.0967297579	0.0000011095
0	0.3554330507	0.4596546836	0.0000090694	0.0000000806	0.1849031157
0	0.0673753110	0.0007913836	0.6672334971	0.2645998083	0.0000000000
2	0.0009236438	0.4439476057	0.0428716873	0.0429732955	0.4692837677
1	0.2906701713	0.0086145222	0.4517787753	0.1251368383	0.1237996929
0	0.0110734483	0.0565350209	0.0303933256	0.0001372375	0.9018609676
0	0.5536810693	0.1294734176	0.0020534467	0.0000929192	0.3146991473
0	0.1792402867	0.2125088660	0.0641058530	0.2160958350	0.3280491593
0	0.1517160828	0.0350563680	0.5272981291	0.2463047675	0.0396246525
1	0.0748838254	0.1646482504	0.1102102231	0.0001353925	0.6501223086
0	0.0792962747	0.4772922818	0.1901903889	0.0000000000	0.2532210546
0	0.6757229054	0.2149044786	0.1069867953	0.0000000000	0.0023858207
0	0.4883567433	0.0348395491	0.1934447865	0.0843260211	0.1990329000
0	0.3463264403	0.0028402561	0.1366334612	0.1652393603	0.3489604821
0	0.5630780477	0.1177436247	0.1169919904	0.0280105707	0.1741757665
0	0.0191746172	0.9088262309	0.0458898246	0.0000000000	0.0261093273
0	0.1189753331	0.4925622931	0.0204661118	0.0000000000	0.3679962619
0	0.0978036225	0.4517040260	0.4416317634	0.0000669493	0.0087936389
0	0.0034889699	0.0049070034	0.0002921690	0.0000000000	0.9913118578
0	0.0549933941	0.0732883626	0.5595198608	0.2382188829	0.0739794997
1	0.0589440494	0.2724790317	0.0000000000	0.0196714648	0.6489054541
0	0.0202111939	0.1301458228	0.7757699380	0.0204476339	0.0534254114
0	0.0802638780	0.0730546861	0.8331812213	0.0054400171	0.0080601974
0	0.2750042131	0.5752383070	0.0518016614	0.0214322273	0.0765235913
0	0.0014760795	0.6960120466	0.0606900141	0.2418217779	0.0000000819
0	0.0295818723	0.0041316628	0.0915799306	0.0006529327	0.8740536016
0	0.0097036303	0.1869217515	0.2355289829	0.0181852948	0.5496603405
1	0.0341846108	0.3846091613	0.0772192415	0.0447877181	0.4591992684
0	0.0316642596	0.9484558474	0.0035335905	0.0000692622	0.0162770403
0	0.0833242483	0.0978467898	0.5195975395	0.2991515285	0.0000798939
0	0.0000012519	0.4690289343	0.0006186883	0.0716447952	0.4587063302
0	0.4032998405	0.4237770356	0.1224249095	0.0062121685	0.0442860459
0	0.5525689024	0.1729055584	0.1042553793	0.0024447265	0.1678254334
0	0.2646111509	0.0189264084	0.0649342266	0.0692856994	0.5822425148
0	0.5175069616	0.0358413575	0.4346775566	0.0000000000	0.0119741243
0	0.5033879843	0.0425751643	0.1585461267	0.0069382492	0.2885524755
0	0.0075711905	0.4709615648	0.1820849899	0.2544065601	0.0849756947
1	0.3037254290	0.1626198342	0.2213742788	0.1029424443	0.2093380138
0	0.1248313199	0.7668933427	0.0097186471	0.0660958663	0.0324608240
0	0.4385687749	0.0000026724	0.4492280258	0.1085460375	0.0036544894
0	0.0163703720	0.1739948151	0.6235677791	0.1403940584	0.0456729754
0	0.0000041201	0.5232700829	0.0157406943	0.0703237126	0.3906613900
0	0.0746229894	0.1221521894	0.5480112930	0.2533039815	0.0019095468
0	0.3514666936	0.0225987790	0.0000020977	0.0236120210	0.6023204087
0	0.3393653098	0.4402742671	0.0602528327	0.0185970753	0.1415105150
0	0.0000639586	0.6795940712	0.0010737167	0.0004558286	0.3188124249
0	0.2238044254	0.0010194837	0.3051064099	0.0102506432	0.4598190379
0	0.1684538464	0.4924363455	0.3363587491	0.0022570175	0.0004940416
0	0.2945204894	0.0390495456	0.0087293851	0.4944083561	0.1632922239
0	0.1981187044	0.3567212156	0.2529187785	0.1330606943	0.0591806071
0	0.3875638537	0.3864306621	0.1913590537	0.0007321067	0.0339143238
1	0.5756727757	0.0535371698	0.0111731969	0.3592057726	0.0004110850
0	0.8470403492	0.0000000000	0.0012708441	0.0122117004	0.1394771062
0	0.0993528610	0.1225347235	0.0123009982	0.0057466506	0.7600647666
1	0.0000002365	0.0066374865	0.1254678297	0.0373698655	0.8305245818
0	0.0451877996	0.0068516213	0.3738193884	0.0009475348	0.5731936559
0	0.0860724610	0.0105138049	0.0484651346	0.2530327861	0.6019158134
1	0.6295377982	0.1932441497	0.0507443433	0.0000000000	0.1264737088
0	0.2405132785	0.0006132916	0.0145748030	0.0702370731	0.6740615539
0	0.9520306223	0.0021299541	0.0047538575	0.0000000478	0.0410855183
1	0.0076907743	0.3561773826	0.4941951443	0.1073337320	0.0346029669
0	0.4159910224	0.5838860481	0.0000352974	0.0000008237	0.0000868082
0	0.1002002306	0.2725340753	0.2435135809	0.0782201242	0.3055319891
0	0.4678860437	0.2636390185	0.2257034766	0.0110044135	0.0317670477
0	0.0051706348	0.0491680159	0.6709957101	0.2106866223	0.0639790169
0	0.5694097926	0.0978700194	0.1366719224	0.0474457429	0.1486025226
1	0.0357848618	0.0173342566	0.1958143554	0.1010656271	0.6500008991
0	0.1499673676	0.4978491832	0.1684089217	0.0658985964	0.1178759311
0	0.4080957689	0.0000456022	0.4166559640	0.1597187476	0.0154839172
1	0.0856164226	0.0696007630	0.2598530836	0.0731851010	0.5117446298
0	0.5604256258	0.0430128985	0.1695465226	0.0054092092	0.2216057439
1	0.8943737984	0.0373449574	0.0068616889	0.0614195552	0.0000000000
0	0.0029899410	0.8764427364	0.0043175221	0.1161112366	0.0001385641
0	0.0022248875	0.0000004527	0.9638978435	0.0000000000	0.0338768163
0	0.3213129805	0.5201469643	0.1456265960	0.0126710208	0.0002424384
0	0.0998456678	0.2925239657	0.4588166284	0.1091442841	0.0396694539
0	0.0737248359	0.8680686942	0.0020474690	0.0021059112	0.0540530898
0	0.3775475006	0.0022501469	0.5094872088	0.0000000000	0.1107151437
0	0.3148401041	0.6080464642	0.0076264735	0.0212906089	0.0481963492
0	0.1758884899	0.0451589595	0.0208091218	0.0221399881	0.7360034408
0	0.1738530673	0.2220361621	0.0558344745	0.0735427393	0.4747335568
0	0.1089070026	0.5322500391	0.1086340184	0.0000000000	0.2502089399
0	0.6286337569	0.2116878811	0.0545827005	0.0061550450	0.0989406165
1	0.0189045099	0.9083406206	0.0296123526	0.0000000000	0.0431425169
0	0.1395762976	0.0381633453	0.7987029754	0.0230536147	0.0005037670
1	0.2426873852	0.2973072474	0.2334269801	0.0001546840	0.2264237034
1	0.1119170113	0.6385879877	0.0000000080	0.0041150226	0.2453799704
1	0.0000001912	0.2286500417	0.3405133917	0.1092798628	0.3215565126
0	0.0393493426	0.9444825079	0.0025654445	0.0113862403	0.0022164647
0	0.9515544354	0.0147286702	0.0333711286	0.0002949306	0.0000508352
0	0.1028156890	0.8867011627	0.0104244888	0.0000585606	0.0000000989
0	0.5754765702	0.3012491694	0.1226066836	0.0000276450	0.0006399319
0	0.0267227779	0.1156065535	0.0730389715	0.6652233017	0.1194083955
0	0.3530534736	0.0000077989	0.3768030415	0.0017424235	0.2683932625
0	0.0000000000	0.0169729429	0.1333196117	0.7920474931	0.0576599523
0	0.0075038240	0.9321306128	0.0019319574	0.0057943935	0.0526392123
1	0.0018858484	0.4145828140	0.0001036178	0.2079154509	0.3755122689
