0	0.1964814241	0.0746044586	0.1254985354	0.0308644799	0.5725511020
1	0.0695763282	0.3006189741	0.3058729101	0.2145091609	0.1094226267
0	0.3526235740	0.1536573739	0.3068526443	0.0573143481	0.1295520598
0	0.3975089424	0.0220284354	0.4441954125	0.0616058576	0.0746613522
0	0.3468566540	0.2476367207	0.4032621560	0.0018469180	0.0003975513
0	0.2433867456	0.0022158957	0.6955124001	0.0000047139	0.0588802448
0	0.0236911743	0.3180761250	0.2381537640	0.0135503268	0.4065286100
0	0.0994011850	0.0695066313	0.7469376871	0.0502539322	0.0339005644
1	0.2174174246	0.4831726591	0.1290110894	0.1269987598	0.0434000670
0	0.0305770588	0.6626335344	0.1108908663	0.1937809416	0.0021175990
1	0.0400056516	0.8961085719	0.0157368006	0.0003689221	0.0477800537
0	0.0011902110	0.7668112620	0.1193881976	0.0219993398	0.0906109896
0	0.3828195747	0.4661328595	0.0740152519	0.0000000000	0.0770323139
1	0.6769550123	0.0513146619	0.2676865952	0.0028318329	0.0012118976
2	0.1681002109	0.0000000000	0.4608426606	0.0521139198	0.3189432086
0	0.0022823846	0.2401606316	0.0176415560	0.0010464214	0.7388690065
0	0.2228959345	0.5293913715	0.0390386826	0.0046452566	0.2040287548
0	0.4403014380	0.2265226251	0.2751941579	0.0097920354	0.0481897436
1	0.3454821031	0.2747319924	0.0000000000	0.0000213605	0.3797645441
0	0.2709219859	0.2337836547	0.3878257098	0.0000136291	0.1074550204
0	0.3369950363	0.1338584931	0.4582490698	0.0706445001	0.0002529007
0	0.1095523011	0.6434081863	0.1307354775	0.1038194275	0.0124846075
0	0.0154210053	0.1444857627	0.2381589975	0.5780252507	0.0239089839
0	0.4338731916	0.2835527270	0.1705727699	0.1116758332	0.0003254784
0	0.0112160893	0.0362740602	0.9115222018	0.0000000006	0.0409876481
1	0.0570267457	0.0000001937	0.1657237518	0.7101887352	0.0670605736
1	0.0456594491	0.0602148829	0.8592086182	0.0005817744	0.0343352753
0	0.2328807158	0.1183255921	0.4870544875	0.0000000017	0.1617392029
0	0.1331602068	0.4104465049	0.2657890537	0.1509547804	0.0396494542
0	0.0121206480	0.1785809387	0.6292135922	0.0000022641	0.1800825570
0	0.2712492455	0.0000000130	0.0887405504	0.0807520208	0.5592581702
0	0.1608735711	0.1118059000	0.0416460683	0.0595867389	0.6260877217
0	0.2447514192	0.0060504358	0.0925174164	0.0000000000	0.6566807285
1	0.0000116295	0.5104664915	0.0822994680	0.1072678946	0.2999545165
0	0.0002969958	0.4542449808	0.0255909764	0.0365222760	0.4833447710
1	0.0282798436	0.4992372337	0.0602595617	0.3384290076	0.0737943534
0	0.9481274621	0.0000000000	0.0023265986	0.0161533675	0.0333925718
0	0.2300353746	0.0026237327	0.5444928699	0.1211647472	0.1016832756
0	0.1557831527	0.0099716186	0.0107329244	0.0135703643	0.8099419400
0	0.1287030575	0.4820300811	0.1751323928	0.0551023237	0.1590321449
0	0.0034710530	0.4646692518	0.1239296701	0.3798081777	0.0281218475
0	0.0003553010	0.0056849768	0.8340900680	0.0578957554	0.1019738989
1	0.0061252245	0.8398211982	0.1514975571	0.0024932265	0.0000627937
0	0.1421797975	0.0423460414	0.7145115067	0.1009626542	0.0000000001
1	0.3230481861	0.2470874199	0.4230244249	0.0000265643	0.0068134047
0	0.8485614530	0.0330267540	0.1106209855	0.0000145840	0.0077762234
0	0.7469155033	0.0005807882	0.0376317228	0.0003500795	0.2145219062
1	0.1164644766	0.0164221821	0.0000001119	0.8401196538	0.0269935755
0	0.1469546127	0.4207296901	0.3833064183	0.0022741325	0.0467351464
1	0.1085221440	0.6836564115	0.0012760145	0.1840566617	0.0224887682
0	0.3982859309	0.2566954202	0.1766973544	0.1026214305	0.0656998640
0	0.1787639679	0.0010818742	0.6961093144	0.0026273434	0.1214175001
0	0.4535864311	0.0035026795	0.0266168821	0.0002596865	0.5160343208
0	0.5191705891	0.3072008224	0.1290177179	0.0309739930	0.0136368776
0	0.1794084153	0.3847999427	0.0984899695	0.0057261142	0.3315755583
1	0.0401680111	0.0012898469	0.1151237781	0.0166440061	0.8267743579
0	0.0000000101	0.1542677255	0.6352215953	0.1684858700	0.0420247991
1	0.0013137256	0.0752391775	0.7968786213	0.0000000000	0.1265684756
1	0.2867046429	0.1154691779	0.1545479639	0.1960532951	0.2472249202
0	0.4270126386	0.1944314604	0.0494116867	0.0098858653	0.3192583490
1	0.3480634394	0.4518876377	0.0754170984	0.0000081136	0.1246237109
0	0.0733196201	0.0000176051	0.3469845469	0.0017955771	0.5778826507
0	0.1659355525	0.0855643534	0.7477709707	0.0006948031	0.0000343203
0	0.1009326080	0.0717462861	0.0161412906	0.3625599788	0.4486198365
0	0.1136703003	0.5426746440	0.2938265932	0.0496261453	0.0002023172
0	0.8061554385	0.0189065197	0.0262828387	0.1340812392	0.0145739639
1	0.1693758282	0.2894199256	0.5271738079	0.0000000347	0.0140304036
1	0.0000001685	0.6833099242	0.1307957888	0.0000251534	0.1858689651
0	0.1204704961	0.4530341125	0.0011013892	0.0000086410	0.4253853611
2	0.1450448358	0.1006411341	0.2637956338	0.0593956985	0.4311226978
0	0.2121239278	0.7255396556	0.0613633964	0.0009730155	0.0000000045
0	0.0110547990	0.2659388524	0.6713210148	0.0516802404	0.0000050934
0	0.4412962229	0.0622747005	0.1311589380	0.0735317206	0.2917384180
1	0.0297797896	0.9116593844	0.0000944375	0.0000582873	0.0584081012
0	0.1280630927	0.7638909801	0.0000076213	0.0529105837	0.0551277222
0	0.0078175218	0.5030691141	0.1713070251	0.0923443222	0.2254620167
0	0.0323865069	0.6060915338	0.1490337708	0.1836083518	0.0288798367
0	0.7714999246	0.1072623190	0.0688633940	0.0031317934	0.0492425690
0	0.0603791139	0.0981363382	0.0317417491	0.0173753815	0.7923674173
0	0.2078892023	0.7432395534	0.0098288534	0.0000000000	0.0390423909
0	0.0029908977	0.7330633037	0.1885106418	0.0750573434	0.0003778133
0	0.2324252048	0.1474339182	0.3871610237	0.0050545427	0.2279253106
0	0.9633240720	0.0343868015	0.0022880244	0.0000007958	0.0000003063
0	0.0000007565	0.1627166249	0.8088162508	0.0009761951	0.0274901728
0	0.1414542581	0.0671597125	0.1075808882	0.0188102248	0.6649949164
0	0.0020984793	0.6355994068	0.0983110634	0.0305855479	0.2334055027
0	0.0049433936	0.3441460465	0.0012624774	0.3367456114	0.3129024711
0	0.4884278936	0.0604803071	0.3067406736	0.0243991772	0.1199519484
0	0.3625868872	0.0117959065	0.6148603365	0.0000000000	0.0107568698
0	0.1990595525	0.1293151711	0.1436156878	0.0000000340	0.5280095546
0	0.0009674779	0.4697721575	0.1536873796	0.0511003675	0.3244726176
0	0.3817021778	0.0995996793	0.4047372265	0.0000000239	0.1139608924
1	0.0538702395	0.0567849395	0.0335790546	0.5136974822	0.3420682843
1	0.2299948104	0.5351857384	0.1827057423	0.0102975027	0.0418162063
1	0.0000004455	0.5523332902	0.4221655645	0.0111421053	0.0143585945
0	0.4160699598	0.1172816089	0.0690046775	0.0000008949	0.3976428589
0	0.0311742117	0.4479370788	0.0000127643	0.2317187753	0.2891571698
0	0.1005835511	0.0508413923	0.7719284314	0.0669987863	0.0096478389
0	0.0000883309	0.0000001294	0.9610353255	0.0110922371	0.0277839771
0	0.1852287036	0.6614226373	0.1512144790	0.0000000000	0.0021341801
