0	0.7180944840	0.1170455332	0.1248964435	0.0000114186	0.0399521207
0	0.0283215469	0.0860611837	0.1095559708	0.0002688784	0.7757924202
0	0.0601754013	0.7112683236	0.0538849400	0.0122657102	0.1624056248
1	0.3242883295	0.6276846544	0.0001087148	0.0061972052	0.0417210961
0	0.0644583414	0.1304941270	0.0936982634	0.0059486840	0.7054005843
0	0.0026454612	0.7353869494	0.1899334666	0.0001346900	0.0718994330
0	0.0362765172	0.6797620903	0.0000028258	0.0000000000	0.2839585666
1	0.3928448708	0.4839038207	0.0965962720	0.0009100444	0.0257449921
0	0.3931773333	0.2910435318	0.2516301598	0.0000000441	0.0641489310
0	0.5482365577	0.3070588147	0.0391826376	0.0258896775	0.0796323125
0	0.0176619095	0.2974570550	0.3728231833	0.0271925356	0.2848653167
0	0.0193530785	0.5666838586	0.3887278884	0.0000000000	0.0252351744
0	0.0664455479	0.0000034379	0.7851525053	0.0647874101	0.0836110987
1	0.0600814187	0.2074100167	0.5816876015	0.0218244916	0.1289964715
0	0.0696289792	0.2793532250	0.5084162170	0.0701047122	0.0724968666
0	0.6424500960	0.0009853840	0.0000000628	0.0818354885	0.2747289687
1	0.1822241336	0.4190780057	0.2314767747	0.1672146824	0.0000064037
0	0.4642900374	0.0062349895	0.1640897343	0.3248805344	0.0405047045
0	0.0214199889	0.7525515769	0.1065040011	0.0263707540	0.0931536790
1	0.5500249354	0.0000035042	0.4055433149	0.0000000001	0.0444282453
0	0.0896540693	0.1310349086	0.3520123851	0.0263104432	0.4009881938
2	0.3927634764	0.0906553632	0.5091726295	0.0000079094	0.0074006215
0	0.5548489429	0.2492454051	0.0003228828	0.0165770547	0.1790057144
0	0.0329247033	0.0732820010	0.8805137582	0.0025264100	0.0107531275
0	0.0368629355	0.2291785282	0.6134968332	0.1204421968	0.0000195064
0	0.6007212924	0.0499981838	0.1738933055	0.0002231991	0.1751640191
0	0.2216714565	0.0002416494	0.5241425037	0.0421016270	0.2118427633
0	0.9535940046	0.0284148068	0.0032273214	0.0003812586	0.0143826086
0	0.2660532587	0.1614931095	0.1816682957	0.0007654258	0.3900199103
0	0.0451714538	0.0000000002	0.1446018508	0.0875217386	0.7227049566
0	0.1959610171	0.2208293488	0.0000548499	0.2959083327	0.2872464515
0	0.0764351879	0.0154991624	0.7161312133	0.0001095082	0.1918249282
0	0.0041773842	0.5039472408	0.1236232858	0.0736472417	0.2946048475
0	0.8098769177	0.0000035907	0.0458538797	0.1350814444	0.0091841675
0	0.8252840204	0.0033922113	0.1414934124	0.0228680409	0.0069623151
1	0.0879806277	0.7532660349	0.1132961586	0.0105395858	0.0349175931
0	0.0002796446	0.0150235416	0.8822460972	0.0188193611	0.0836313555
0	0.0000037845	0.2185283115	0.3906840460	0.0016605431	0.3891233149
0	0.4098919260	0.1687518033	0.3826246650	0.0104057646	0.0283258410
0	0.5942687465	0.2244074399	0.1806428932	0.0006777731	0.0000031473
0	0.0680920090	0.0240531214	0.0512573568	0.0432090208	0.8133884919
0	0.0082940838	0.0077394100	0.8077011481	0.0005998056	0.1756655525
0	0.7831024224	0.0633186986	0.0006126742	0.0000000083	0.1529661966
1	0.2393036954	0.1158442936	0.0002111051	0.0671645151	0.5774763908
1	0.0405593877	0.0849469951	0.4565503533	0.0089579645	0.4089852994
1	0.1484333954	0.2086504257	0.5084014048	0.1194973145	0.0150174596
0	0.2258919405	0.0000260793	0.0000563048	0.0324282053	0.7415974700
0	0.3483856424	0.4471966836	0.0446474094	0.0124505057	0.1473197589
0	0.0797866921	0.7278720037	0.0324706308	0.0193574000	0.1405132734
1	0.0721539017	0.0155607813	0.0042169622	0.0000000000	0.9080683548
0	0.4516184658	0.0947855278	0.0000000004	0.3453541654	0.1082418406
0	0.0978187906	0.0001024585	0.6581743596	0.0000348943	0.2438694970
0	0.0046590175	0.9432854936	0.0430760437	0.0000058539	0.0089735913
0	0.1170815773	0.4018452751	0.0000110154	0.0040083652	0.4770537670
0	0.0953775691	0.1754520725	0.5247028314	0.2044675270	0.0000000000
0	0.1042552704	0.2145133295	0.0910948820	0.0107701967	0.5793663214
0	0.4941831622	0.0528804184	0.0513610159	0.0182829769	0.3832924266
0	0.9148207524	0.0074492960	0.0002018134	0.0200095479	0.0575185903
0	0.0028484272	0.6161751188	0.0000000662	0.0504266638	0.3305497240
0	0.2574025848	0.0491360984	0.3540086552	0.1016505074	0.2378021541
0	0.6410172045	0.0009247754	0.0018218629	0.3282731883	0.0279629689
0	0.0294034688	0.2997399613	0.3142540935	0.0205740067	0.3360284697
0	0.3409943475	0.0606295985	0.3612631970	0.0003303751	0.2367824820
0	0.0839151828	0.5278224534	0.0142912904	0.3664680772	0.0075029961
0	0.2452078774	0.0285110269	0.0016002997	0.0011171069	0.7235636891
0	0.3130511648	0.6296508988	0.0340388062	0.0001440854	0.0231150448
0	0.7029833355	0.0000083433	0.2716456347	0.0083990055	0.0169636810
0	0.5190275200	0.1207746640	0.0645615836	0.2194016702	0.0762345622
0	0.0083387437	0.1892732866	0.1388241385	0.0000000000	0.6635638313
0	0.0675815669	0.0126690067	0.2894123532	0.0318232510	0.5985138222
1	0.0391595738	0.0266411394	0.6894571888	0.1328691343	0.1118729637
0	0.0000027512	0.0247834761	0.6855139295	0.1265974259	0.1631024174
0	0.5725443507	0.2190578395	0.0508688287	0.0090110181	0.1485179629
0	0.0004323113	0.0648750821	0.9346752677	0.0000173388	0.0000000000
0	0.0003145544	0.3386360148	0.3337770063	0.0000000000	0.3272724245
0	0.0077865667	0.7567638701	0.1387768227	0.0667651266	0.0299076140
0	0.1354478649	0.0061409949	0.0826107298	0.0000000000	0.7758004104
0	0.1698124942	0.2763430589	0.4837189139	0.0319187232	0.0382068098
0	0.0000006462	0.4418784360	0.0010092088	0.0000000000	0.5571117089
0	0.7709696466	0.0011507345	0.1923501401	0.0001717654	0.0353577133
0	0.3650835496	0.0127451771	0.4904660395	0.0070988672	0.1246063665
0	0.0947403346	0.2199737862	0.4754962832	0.1754018494	0.0343877465
0	0.2177421777	0.3948314967	0.0005981458	0.0347963092	0.3520318705
1	0.0000088017	0.9376479758	0.0131016792	0.0492415432	0.0000000000
0	0.0234151465	0.3497527189	0.6215227572	0.0053093751	0.0000000023
0	0.0134522599	0.2417722451	0.7200529849	0.0212422090	0.0034803011
0	0.2662816769	0.0012067520	0.2655271827	0.4660072033	0.0009771849
0	0.0598025050	0.9337627687	0.0050968562	0.0000000089	0.0013378611
0	0.0000109031	0.0383250367	0.0000039483	0.0293703563	0.9322897556
0	0.2070255338	0.2053344349	0.0073205022	0.1725479673	0.4077715618
1	0.0820465003	0.0690329430	0.7903089406	0.0529873412	0.0056242748
0	0.2871726900	0.2077396853	0.0627674803	0.0415246964	0.4007954479
1	0.0886061350	0.0046464814	0.0983616066	0.0243690531	0.7840167240
1	0.2511662651	0.3613338722	0.0136365316	0.0000000000	0.3738633311
0	0.0220006716	0.4146145636	0.5633847593	0.0000000000	0.0000000055
0	0.1754286793	0.0001333422	0.3038955632	0.0797437110	0.4407987044
1	0.0318363473	0.0387264511	0.1680429683	0.0715439843	0.6898502491
0	0.0000004072	0.0015076230	0.3473763399	0.0000346785	0.6510809513
0	0.1230836700	0.2679189075	0.6031652021	0.0058322204	0.0000000000
0	0.0000000000	0.7406546195	0.0375198483	0.1881356261	0.0336899061
