0	0.3375348487	0.2160063175	0.0539825990	0.1346379964	0.2578382384
0	0.1612447295	0.0139351917	0.3727288248	0.4216309355	0.0304603186
0	0.0988804919	0.0000000011	0.8202579811	0.0808003305	0.0000611953
0	0.3052917095	0.3908420388	0.2146619021	0.0003663797	0.0888379699
0	0.2665656239	0.2725959352	0.1934016033	0.2153606375	0.0520762002
0	0.0670445520	0.0257190940	0.8551464836	0.0520898704	0.0000000000
0	0.1564535522	0.0379813159	0.4326316090	0.2223192594	0.1506142635
1	0.6131235329	0.2045047341	0.0129309922	0.0090248938	0.1604158469
0	0.0000005930	0.8144518555	0.1282580623	0.0000000000	0.0572894892
0	0.3576051911	0.2020971723	0.4402976366	0.0000000000	0.0000000000
0	0.0000000053	0.0071208977	0.1920225364	0.0157880520	0.7850685087
0	0.4978208203	0.0118317926	0.2382589146	0.1244874488	0.1276010236
0	0.7383890580	0.0003917727	0.2329068761	0.0000000000	0.0283122932
0	0.3292604724	0.4376740967	0.0000000974	0.0000008297	0.2330645038
0	0.0951539151	0.2643227333	0.5549798972	0.0005922203	0.0849512340
0	0.6388985852	0.3432890993	0.0000414735	0.0000037567	0.0177670854
0	0.4183162089	0.5039077899	0.0776796780	0.0000442423	0.0000520809
0	0.0451553464	0.7072787314	0.0003992296	0.0100914193	0.2370752732
1	0.8817601229	0.0055750056	0.0010030198	0.0485182665	0.0631435852
0	0.9136417886	0.0123251274	0.0170442377	0.0113903360	0.0455985103
0	0.0385643114	0.6514892635	0.2946107561	0.0002036482	0.0151320208
0	0.0000005772	0.7793346775	0.1034360337	0.0174888084	0.0997399032
0	0.0747736169	0.4400041548	0.3628680499	0.0076760235	0.1146781547
1	0.3566320279	0.2955367488	0.0051835335	0.2152687651	0.1273789247
0	0.3537475567	0.6386194144	0.0074291766	0.0000000000	0.0002038523
0	0.0132336208	0.1803865687	0.1590303993	0.0399113970	0.6074380143
0	0.3948500339	0.1784382472	0.0000000760	0.0560138587	0.3706977842
0	0.5001646083	0.0001254237	0.4593765708	0.0335102958	0.0068231014
1	0.0656845898	0.4517480329	0.3055153025	0.0004225379	0.1766295369
0	0.9364370523	0.0600774560	0.0005031522	0.0020653142	0.0009170253
0	0.0970110163	0.7510843656	0.0072635340	0.0000000130	0.1446410711
0	0.0012813777	0.0780296906	0.0482785477	0.0002757269	0.8721346572
0	0.2606255434	0.0166051792	0.0191125739	0.0123316389	0.6913250645
0	0.8358075353	0.0368589798	0.0960247680	0.0004729838	0.0308357331
1	0.2256958718	0.2831645110	0.2733525342	0.1821192349	0.0356678481
0	0.0001226196	0.9997795660	0.0000000000	0.0000146289	0.0000831855
1	0.0170005711	0.8441063678	0.0562191627	0.0216597712	0.0610141272
1	0.0116603174	0.0765810730	0.5596171430	0.0111544485	0.3409870180
0	0.1274103415	0.1030036506	0.2946762907	0.0597371826	0.4151725346
0	0.0005272161	0.3338116182	0.3716488217	0.2935414629	0.0004708810
0	0.0000000000	0.2487426866	0.1355743437	0.0007061101	0.6149768596
0	0.6580552653	0.2381200642	0.0905386161	0.0129199585	0.0003660959
0	0.3791752695	0.0746112967	0.4009909659	0.0009302576	0.1442922104
0	0.0000000000	0.3620603627	0.4569153731	0.0002751066	0.1807491577
0	0.0255607642	0.6385264350	0.0410208791	0.0002953345	0.2945965872
0	0.0181333573	0.0643145218	0.9000247625	0.0175273583	0.0000000000
0	0.0240360736	0.0093739946	0.3252087795	0.0335487446	0.6078324076
0	0.2171466763	0.5303470059	0.0163092841	0.0000000000	0.2361970338
0	0.5270622030	0.0049776872	0.1678723768	0.0357694913	0.2643182417
0	0.0539766035	0.7394963970	0.2065269987	0.0000000000	0.0000000008
1	0.0030043617	0.5043871584	0.1063454987	0.0000062608	0.3862567204
0	0.0032095066	0.0664262792	0.0001170160	0.0000603611	0.9301868371
0	0.0130115179	0.0013423133	0.0965934314	0.0600669916	0.8289857459
0	0.0486750386	0.5420367394	0.3915020903	0.0005664408	0.0172196910
1	0.3269246904	0.5609681487	0.0354255040	0.0106979997	0.0659836572
1	0.0273992264	0.0069969536	0.9431804478	0.0223394891	0.0000838831
1	0.0558520021	0.4050370852	0.3408388248	0.0094106249	0.1888614631
0	0.0002881341	0.8167982233	0.0916450337	0.0004212317	0.0908473772
0	0.1125840622	0.0580199851	0.3231500623	0.0069533969	0.4992924935
0	0.0695520247	0.0340204804	0.1702695657	0.0000697690	0.7260881603
0	0.2822638849	0.0889045701	0.5100096216	0.0482652948	0.0705566286
0	0.2861561675	0.1109991380	0.0955699353	0.0116390391	0.4956357201
0	0.0420816264	0.1860515841	0.2492345662	0.5125390575	0.0100931659
1	0.0810865731	0.0017078401	0.8343236838	0.0015330141	0.0813488889
0	0.1489082631	0.0987948423	0.0002458586	0.5183490655	0.2337019705
0	0.5323783448	0.2385908082	0.0952617854	0.0265260742	0.1072429874
1	0.0000003702	0.0167097149	0.9518523610	0.0034228879	0.0280146659
0	0.1112688183	0.2596610123	0.2365486370	0.0365953723	0.3559261601
0	0.0424931625	0.6885059264	0.0103229237	0.2347376521	0.0239403353
0	0.2623701310	0.0024003501	0.7185871643	0.0000579698	0.0165843848
0	0.0515153724	0.1015883235	0.8367531522	0.0000066851	0.0101364668
0	0.7216496842	0.0382936587	0.1447801810	0.0195129390	0.0757635371
0	0.0503485560	0.6601709761	0.2160000631	0.0734804046	0.0000000002
1	0.0448631825	0.6528176212	0.0929941495	0.0000221494	0.2093028974
0	0.8969929515	0.0118012341	0.0660568276	0.0000000029	0.0251489838
0	0.5579956175	0.2767831883	0.0160365570	0.1481853066	0.0009993306
1	0.0000000000	0.5213894403	0.0505490187	0.0000000002	0.4280615408
0	0.1049447492	0.6552056224	0.0000000000	0.1692359747	0.0706136537
0	0.0008952407	0.7990274657	0.0018653779	0.1183304524	0.0798814633
1	0.1077965447	0.0148717946	0.0378558070	0.2528329939	0.5866428598
0	0.1131639628	0.8402360916	0.0064748772	0.0000008046	0.0401242638
0	0.7198051906	0.0000422404	0.0000000004	0.0322506412	0.2479019274
0	0.2554050171	0.4289294052	0.2292324197	0.0000359251	0.0863972329
0	0.0909862387	0.0234975241	0.7101307531	0.0005528168	0.1748326673
0	0.8951196282	0.0106268712	0.0000017463	0.0000599066	0.0941918477
1	0.0055997335	0.2154147021	0.0002355744	0.2554271509	0.5233228392
0	0.0004962261	0.1098929927	0.4898601952	0.3429868973	0.0567636887
0	0.1521002481	0.0030196665	0.4600377723	0.3729733752	0.0118689380
0	0.1537135449	0.0000000000	0.7458562871	0.0225137274	0.0779164406
0	0.1903579070	0.4387275346	0.1662800178	0.0869678235	0.1176667171
0	0.0181788250	0.3521271637	0.0052043322	0.6083872471	0.0161024320
0	0.1125611162	0.0041916194	0.8802629613	0.0000629097	0.0029213934
0	0.7423665895	0.0000345091	0.0987436632	0.0000491416	0.1588060966
0	0.0209628682	0.4973002232	0.2588242007	0.0820181441	0.1408945638
1	0.1998130557	0.0090510220	0.6912942278	0.0998343355	0.0000073590
0	0.3617430686	0.3328065005	0.1454062834	0.0071693358	0.1528748116
0	0.2939513966	0.4830463279	0.0033963026	0.0056604242	0.2139455487
2	0.0072895254	0.5738139807	0.4150117192	0.0013340883	0.0025506864
0	0.0700926109	0.4915083750	0.3995794932	0.0346151964	0.0042043246
0	0.1888279181	0.0399233112	0.6687589772	0.0942506963	0.0082390972
