0	0.0000010455	0.4240809433	0.4681436378	0.1018677536	0.0059066198
1	0.0050350260	0.4294729832	0.0704141376	0.0497597620	0.4453180912
0	0.6308283776	0.0009709099	0.0063404396	0.2782782497	0.0835820232
0	0.0171995974	0.7028818106	0.2644167633	0.0000000000	0.0155018287
0	0.3073804569	0.0099333429	0.1329461797	0.2005088105	0.3492312100
0	0.4659859215	0.0037576652	0.0792059832	0.3120061542	0.1390442759
0	0.2986780398	0.0003671289	0.2755720878	0.1994348487	0.2259478948
0	0.0006100920	0.3407644663	0.6376679351	0.0194534867	0.0015040198
0	0.1520220536	0.0660444064	0.7432566550	0.0187229382	0.0199539468
1	0.3846877829	0.0184762511	0.5756881100	0.0211361642	0.0000116917
0	0.7122313584	0.1100977159	0.1739708050	0.0004405301	0.0032595906
0	0.0915482031	0.8204900900	0.0488984934	0.0000000073	0.0390632062
0	0.0000369050	0.3258762346	0.0046979955	0.1615536888	0.5078351761
1	0.5290671854	0.4051985660	0.0153752803	0.0001083825	0.0502505858
0	0.2716201893	0.5639834333	0.0219383168	0.0000166081	0.1424414525
0	0.0418995404	0.0006767313	0.0189869990	0.2966996807	0.6417370487
1	0.0019693241	0.5913502004	0.0002631521	0.1478638964	0.2585534270
0	0.0222145071	0.4702239213	0.4763813598	0.0308183203	0.0003618915
0	0.1678607446	0.0684149389	0.0049588694	0.0027824451	0.7559830021
0	0.1270174006	0.4488628822	0.0070260251	0.0163827621	0.4007109299
0	0.1290842332	0.3196631769	0.0625125239	0.0505064112	0.4382336549
1	0.3354457941	0.1717308730	0.1554719744	0.0020985329	0.3352528255
0	0.0053598964	0.0954683661	0.7548929976	0.1442786299	0.0000001101
0	0.4353621461	0.0105395876	0.5424956265	0.0065703160	0.0050323239
1	0.9382869466	0.0107537375	0.0221562386	0.0154226659	0.0133804115
0	0.0093036832	0.1316292891	0.0000804830	0.0103927433	0.8485938014
0	0.0002293880	0.2980610364	0.2098981884	0.0016447784	0.4901666089
0	0.0024282180	0.1724572027	0.3362484529	0.0755682888	0.4132978376
0	0.4732992924	0.0001077952	0.3997152640	0.0001778918	0.1266997566
0	0.0161072293	0.2525844674	0.5399046196	0.0827422866	0.1086613972
0	0.9245876976	0.0030696796	0.0503445956	0.0125679612	0.0094300660
1	0.0612464067	0.1674532448	0.6771090462	0.0309879773	0.0632033249
1	0.0843957174	0.1350156874	0.1622287098	0.0000798154	0.6182800700
0	0.2229498838	0.0274910240	0.5310232694	0.0920006016	0.1265352213
0	0.0076842168	0.0239612284	0.5449950825	0.3604791662	0.0628803061
0	0.0510925809	0.2477604745	0.0005632325	0.0000003693	0.7005833429
0	0.5447938068	0.0611880819	0.3130719897	0.0568914247	0.0240546970
0	0.4192159936	0.0534603855	0.0568551770	0.4700142193	0.0004542245
0	0.0295665042	0.0037368573	0.3337614063	0.5796591151	0.0532761171
1	0.1576395824	0.7437157081	0.0069741881	0.0887344796	0.0029360418
0	0.0052340538	0.5645724751	0.0617839923	0.0000000000	0.3684094789
0	0.1236103938	0.0734025558	0.7205629761	0.0036497378	0.0787743365
0	0.0210459827	0.0677337775	0.0082278404	0.0012381821	0.9017542173
0	0.0043526727	0.0044995956	0.6418340398	0.0000000003	0.3493136916
1	0.0000257872	0.9376968006	0.0432278736	0.0000000000	0.0190495385
0	0.1009710533	0.7375035043	0.1155448721	0.0458927876	0.0000877827
2	0.2310181762	0.5087176637	0.0447541291	0.1629519605	0.0525580705
0	0.0000016613	0.0067641387	0.6015701634	0.3833503683	0.0083136683
0	0.3332611862	0.0620011506	0.0431311898	0.3434274655	0.2181790079
0	0.0647317217	0.1607651914	0.1176091460	0.4514907971	0.2054031438
0	0.1561179715	0.4452543837	0.3599390005	0.0140953061	0.0245933381
0	0.5406488975	0.2935342018	0.1604768089	0.0000000000	0.0053400918
2	0.0057939787	0.1255198689	0.6145532050	0.0009347652	0.2531981822
0	0.2919419415	0.4705116711	0.0793344123	0.0462574697	0.1119545055
0	0.1412341753	0.2703958259	0.5364740540	0.0518959445	0.0000000003
0	0.3459369862	0.3656618834	0.0050943320	0.0000000000	0.2833067984
0	0.6894782126	0.0360622095	0.2188205018	0.0000005536	0.0556385225
0	0.1307627933	0.0344423220	0.0000000566	0.0023503195	0.8324445086
0	0.0000004756	0.2993510256	0.2342317632	0.3720195683	0.0943971673
0	0.1533098266	0.0000000600	0.0023701761	0.0952929823	0.7490269550
0	0.0189507821	0.0099156325	0.0864538889	0.0007687456	0.8839109508
0	0.0974128486	0.1335962448	0.2673372772	0.0233020045	0.4783516249
0	0.0612332928	0.9047341228	0.0060843682	0.0199771646	0.0079710515
0	0.5922480783	0.2323268419	0.1583194191	0.0169317787	0.0001738820
0	0.2829111846	0.2690360164	0.2368024967	0.0000012581	0.2112490442
0	0.3573673814	0.3377593017	0.0514774996	0.2533623402	0.0000334771
0	0.0759235256	0.4501206982	0.3998378773	0.0740327530	0.0000851459
0	0.2678716196	0.4170285617	0.2966155448	0.0023011586	0.0161831154
0	0.2826248237	0.0703656020	0.1988335558	0.3757997899	0.0723762286
0	0.0000005235	0.0270686074	0.2962936029	0.0267490351	0.6498882310
0	0.1040943494	0.0004904429	0.0021573870	0.7958750745	0.0973827461
0	0.2352482059	0.0774846403	0.0005222201	0.1537804421	0.5329644916
1	0.0325757047	0.0603062339	0.0610097991	0.0160020589	0.8301062034
1	0.9449760051	0.0332256196	0.0164910152	0.0000000000	0.0053073600
1	0.0460886136	0.0661045382	0.3893619268	0.0004850201	0.4979599013
0	0.0529966254	0.2594762712	0.6376064954	0.0000573319	0.0498632761
0	0.0985741428	0.0095711542	0.2021666924	0.0012054490	0.6884825617
0	0.4043950339	0.0855387003	0.1001647726	0.0006993369	0.4092021563
0	0.0014744164	0.0004609125	0.6317735396	0.2067383595	0.1595527720
1	0.3460628124	0.0035585561	0.1149093544	0.1824671809	0.3530020963
2	0.0287696321	0.9699950642	0.0000000000	0.0010548057	0.0001804980
0	0.8990079472	0.0301886445	0.0681152251	0.0014850104	0.0012031729
0	0.5419373190	0.0020315998	0.3698115689	0.0000003133	0.0862191990
0	0.9005219039	0.0821667061	0.0169524504	0.0003516487	0.0000072910
0	0.0012562808	0.1181740884	0.1041150458	0.6955609996	0.0808935854
1	0.0812927877	0.0702029465	0.6210590425	0.1976465023	0.0297987210
0	0.3188280941	0.3190275843	0.3467736117	0.0153707098	0.0000000000
0	0.2460959870	0.5791139765	0.0367171255	0.1322083267	0.0058645844
0	0.0390118772	0.1267345735	0.4353509940	0.0948760841	0.3040264711
1	0.0549167867	0.7160118874	0.0467090370	0.0941542691	0.0882080198
1	0.1394865920	0.7737335952	0.0002596832	0.0001045058	0.0864156239
0	0.0173269102	0.1891313904	0.0334777150	0.0067360080	0.7533279764
0	0.1548354959	0.4935523866	0.1919198247	0.0299048541	0.1297874386
1	0.5643528754	0.2295658129	0.0000000002	0.0622651227	0.1438161888
0	0.0014421831	0.2025141855	0.4498572661	0.1399469391	0.2062394261
0	0.0936662708	0.6562741930	0.2470966310	0.0000050170	0.0029578881
0	0.0619803448	0.3063584825	0.0575938736	0.0001133849	0.5739539141
0	0.0113260082	0.0228059658	0.9127434285	0.0120366273	0.0410879702
1	0.0591254365	0.3982830242	0.1259066826	0.0200486673	0.3966361893
0	0.0000000050	0.0015288321	0.9525487342	0.0000000000	0.0459224286
