0	0.3979995269	0.0214509552	0.0309830299	0.5426174742	0.0069490138
1	0.1965124859	0.0588366972	0.3387885263	0.0025268432	0.4033354474
0	0.4029384450	0.1300843326	0.1135297613	0.0373638072	0.3160836539
1	0.0000000000	0.4754950080	0.1699687815	0.0011456567	0.3533905537
0	0.0186415400	0.8402355197	0.1089963604	0.0299512708	0.0021753091
0	0.7501741117	0.0154452404	0.0597407324	0.1130594644	0.0615804511
0	0.4576045005	0.0000024830	0.4444001744	0.0405479458	0.0574448963
0	0.0084927272	0.6865450122	0.0064528389	0.1160433481	0.1824660736
0	0.4537084784	0.0018719575	0.2612962915	0.0001964888	0.2829267838
0	0.5891416862	0.2846514191	0.0314020511	0.0820093221	0.0127955215
0	0.0000161445	0.4318736125	0.3468647556	0.2163453074	0.0049001800
0	0.0694254335	0.6252873076	0.1441010508	0.1219290127	0.0392571955
1	0.0045920133	0.0467142016	0.5723599326	0.1157579407	0.2605759118
0	0.7207396627	0.0423044021	0.2217392500	0.0128440488	0.0023726364
0	0.2496544141	0.5981151788	0.0446814911	0.0000156452	0.1075332707
0	0.1169821534	0.6674587852	0.1063472093	0.0346935611	0.0745182911
0	0.6861083756	0.0116052933	0.0000002228	0.0003988382	0.3018872702
0	0.3177502477	0.5406024526	0.0841704887	0.0410189231	0.0164578880
0	0.0740913456	0.1979790061	0.7104283613	0.0175012824	0.0000000046
0	0.1506020825	0.1564962413	0.6506281084	0.0165529869	0.0257205810
1	0.4029129715	0.1325147966	0.3615108192	0.0000000000	0.1030614128
0	0.2057260775	0.7621271846	0.0146015860	0.0175448843	0.0000002675
0	0.0048643721	0.6485927346	0.0045695736	0.0283211258	0.3136521938
0	0.0000002089	0.0388522204	0.3429927853	0.2077983917	0.4103563937
1	0.6415423466	0.0321491653	0.1245554557	0.0543582870	0.1473947455
0	0.3508436112	0.0456926389	0.0000333246	0.0221925170	0.5812379083
0	0.3479034932	0.0000125692	0.0344659898	0.5949334218	0.0226845261
1	0.0230788000	0.9692669552	0.0026271612	0.0050270166	0.0000000669
0	0.0274307883	0.7191587224	0.2448599542	0.0000000002	0.0085505348
0	0.0952221136	0.8277523910	0.0179758732	0.0196672086	0.0393824136
0	0.4129164857	0.0921408709	0.0217240273	0.0020533736	0.4711652425
0	0.0320195690	0.6582501781	0.1408230502	0.1371046740	0.0318025288
0	0.0396637317	0.5002144885	0.0846477230	0.3558997084	0.0195743483
0	0.0000000006	0.5365599424	0.0967228699	0.0002227677	0.3664944194
0	0.1420529005	0.0271052012	0.6626770245	0.0167478440	0.1514170298
0	0.0400594309	0.0792409564	0.3140999471	0.0000211207	0.5665785449
0	0.0169450810	0.1105202682	0.8292645947	0.0049622187	0.0383078374
0	0.0844578194	0.1939124398	0.5976985561	0.1238615775	0.0000696072
0	0.2752840573	0.0263857515	0.4207881578	0.1595321258	0.1180099076
0	0.0261889814	0.0863852391	0.8873817497	0.0000014221	0.0000426077
0	0.0211849303	0.8913538028	0.0021913757	0.0116049639	0.0736649273
0	0.6143326867	0.0098128298	0.3480642165	0.0005862120	0.0272040549
0	0.3152367388	0.1954943730	0.0833574226	0.3754922953	0.0304191703
0	0.3318112460	0.2750074900	0.3075760170	0.0744869118	0.0111183353
1	0.0157714493	0.0000000000	0.0551340490	0.0378757559	0.8912187458
2	0.1046635041	0.0003859691	0.4712761512	0.1284581112	0.2952162644
0	0.5979712756	0.0202584065	0.0015163603	0.3791465189	0.0011074387
1	0.7566253695	0.0845752058	0.0020246837	0.0002586571	0.1565160838
0	0.0215822017	0.0000000000	0.7531333902	0.0318572747	0.1934271333
0	0.5547651385	0.1641685331	0.0478540860	0.0850399660	0.1481722764
0	0.3225567274	0.0126675290	0.6644277372	0.0003092090	0.0000387974
0	0.0920237613	0.6185912558	0.2453638787	0.0123875871	0.0316335170
0	0.0734327362	0.0413988828	0.8261304426	0.0236135652	0.0354243732
0	0.2774095417	0.1876244606	0.0000834315	0.0000000002	0.5348825660
0	0.0002821829	0.0003677077	0.9986662091	0.0004361068	0.0002477935
1	0.0002078572	0.9659546910	0.0004965737	0.0172429839	0.0160978943
0	0.0025769441	0.4401773096	0.3179831965	0.0012976202	0.2379649295
0	0.3373122610	0.0315849766	0.5690909252	0.0000004480	0.0620113892
0	0.3913218828	0.4541672007	0.0556048820	0.0596813509	0.0392246836
0	0.0015513620	0.6069161587	0.3051723475	0.0858657489	0.0004943830
1	0.1229076230	0.2408150905	0.0000000000	0.0374567717	0.5988205149
0	0.2218635482	0.6363294777	0.0000000002	0.0001117672	0.1416952068
0	0.0081413611	0.1710555329	0.7721719569	0.0129996095	0.0356315396
0	0.6433179240	0.0758661270	0.0956672839	0.0125884624	0.1725602028
0	0.1633211506	0.1553286441	0.2519778109	0.4257460306	0.0036263638
0	0.1953566750	0.0111970929	0.2517690922	0.0000315433	0.5416455965
0	0.6321968721	0.0000055288	0.0831876396	0.0000000000	0.2846099595
0	0.7161067728	0.0000244943	0.0000519573	0.2452581728	0.0385586028
0	0.3489782930	0.0000315243	0.4597112117	0.1306486562	0.0606303148
0	0.0205570095	0.0079503935	0.8036397741	0.0000018901	0.1678509328
0	0.0000035687	0.0173268138	0.0871071807	0.6409296094	0.2546328273
0	0.4349367714	0.0844734136	0.1773127512	0.0078966497	0.2953804141
0	0.0100755281	0.2849822035	0.0542292272	0.0000000000	0.6507130412
0	0.0366301824	0.7623985363	0.1901143315	0.0108306177	0.0000263320
0	0.4178743093	0.1145434810	0.0212370397	0.0000000000	0.4463451700
0	0.0034993510	0.3756316917	0.4710010131	0.0430325937	0.1068353504
0	0.0016613722	0.0001271934	0.9614118988	0.0031175963	0.0336819394
1	0.5670159516	0.0746959553	0.1530643261	0.1456640917	0.0595596753
0	0.6300224523	0.1134066873	0.0703064988	0.0300183865	0.1562459751
0	0.4397745491	0.1354189582	0.1634364992	0.1722845183	0.0890854753
0	0.1846124096	0.1010894982	0.0150619965	0.0014630130	0.6977730827
0	0.0002311055	0.2616763784	0.0632608998	0.0829982716	0.5918333447
0	0.1231950668	0.1592826858	0.0314788435	0.2915410567	0.3945023472
0	0.0033431827	0.7601512798	0.0016555642	0.0718702615	0.1629797119
0	0.0000000108	0.3094761338	0.3568376013	0.0001841353	0.3335021188
1	0.0894870751	0.3229606001	0.5411446077	0.0269981524	0.0194095647
0	0.0700784491	0.2781530139	0.1166257202	0.0078835069	0.5272593099
0	0.6632685131	0.1858700609	0.0055489499	0.0189345871	0.1263778890
0	0.0023233844	0.5609126892	0.3720802265	0.0278051810	0.0368785189
1	0.0005726186	0.3952560703	0.5976445975	0.0061066820	0.0004200317
1	0.2495452306	0.5487618495	0.1189544365	0.0826322216	0.0001062618
0	0.2297027313	0.3476152701	0.0000000436	0.0019122903	0.4207696647
0	0.0796053048	0.0448701537	0.7171385559	0.0029488091	0.1554371766
1	0.4810194314	0.3625269439	0.1498928995	0.0016029420	0.0049577833
0	0.1137599475	0.7554831982	0.0001968123	0.0010867203	0.1294733217
0	0.0655927658	0.0000000000	0.8461638223	0.0000234792	0.0882199327
0	0.0080297999	0.0004163186	0.0002784112	0.0073207221	0.9839547482
1	0.0033795716	0.4246313275	0.0730163335	0.1316825722	0.3672901953
0	0.1271930179	0.0026444130	0.4511360306	0.0032600700	0.4157664685
0	0.5017262333	0.4347713429	0.0354567675	0.0102878621	0.0177577942
