2	0.4328708054	0.3935558204	0.0396100268	0.1303206054	0.0036427420
1	0.0016214309	0.4618106690	0.3418770019	0.1946908558	0.0000000424
0	0.0668823170	0.1586194998	0.3814672990	0.2298858996	0.1631449846
0	0.0000047676	0.5292147548	0.1548476792	0.0464116917	0.2695211068
0	0.7786049522	0.0008377631	0.2004220833	0.0000091691	0.0201260322
1	0.3912032924	0.0442600432	0.1265219337	0.0977781389	0.3402365918
0	0.3995904539	0.0709931822	0.1414991647	0.3718589910	0.0160582081
0	0.0974498259	0.0143328014	0.0001981481	0.0547428182	0.8332764063
1	0.0766838104	0.4399861701	0.0602149858	0.0041334935	0.4189815402
1	0.2709839091	0.0317964049	0.4257235644	0.0009976629	0.2704984587
0	0.0110784750	0.2379646235	0.4757550444	0.2732926506	0.0019092066
0	0.5086982607	0.0592714154	0.1325772757	0.0056916739	0.2937613743
0	0.2759998512	0.4688082958	0.1053052198	0.0863686253	0.0635180080
0	0.4428575591	0.4034299892	0.0433634137	0.0013829525	0.1089660855
0	0.2581587063	0.0000031362	0.0207794488	0.0269736250	0.6940850837
0	0.2922099276	0.0444222250	0.1390664975	0.0828603400	0.4414410099
0	0.0000000002	0.0228263748	0.8203741619	0.0241669559	0.1326325072
0	0.2022326907	0.0421456204	0.0065559637	0.0170814063	0.7319843190
0	0.2964671534	0.1887925118	0.3590034634	0.0199128176	0.1358240539
1	0.5425017539	0.0025132698	0.0061522939	0.0012764210	0.4475562614
1	0.7691528865	0.0068972465	0.1657391795	0.0558059991	0.0024046883
1	0.0239276309	0.0000082487	0.0143713483	0.0341302274	0.9275625447
0	0.0576035305	0.0051735957	0.2889602328	0.0460066712	0.6022559697
1	0.0025355961	0.0558441046	0.0007903018	0.0030880116	0.9377419859
0	0.0152683956	0.0733692733	0.8248807203	0.0077826634	0.0786989474
0	0.8630824651	0.0794125430	0.0107198329	0.0436802461	0.0031049129
0	0.0888357297	0.0383393066	0.7340828755	0.0616947721	0.0770473162
0	0.0374774802	0.0852047012	0.6732156817	0.1284822818	0.0756198550
0	0.9646473914	0.0300422506	0.0044407243	0.0008506771	0.0000189566
0	0.3022643863	0.2235586251	0.2546660570	0.2051143813	0.0143965503
0	0.2321926061	0.0236307749	0.4177113738	0.0000000000	0.3264652451
0	0.2699671799	0.3122356397	0.2388857751	0.0000000023	0.1789114029
0	0.1542265827	0.2906382849	0.2976319735	0.0111088955	0.2463942635
0	0.0149401769	0.6410239719	0.0855149083	0.2212330933	0.0372878497
0	0.0470717555	0.9252110666	0.0022660144	0.0025434856	0.0229076779
0	0.0920525666	0.1461019900	0.0545883283	0.7069377564	0.0003193588
0	0.2574543357	0.2763798124	0.0511139056	0.0397614377	0.3752905086
0	0.2767244202	0.5325986127	0.0663869391	0.0002181221	0.1240719059
0	0.5091698940	0.3834447740	0.0434820954	0.0596222885	0.0042809481
0	0.7047725826	0.0057895777	0.1272515084	0.0000003012	0.1621860301
0	0.0578231824	0.0800730863	0.5159228110	0.3364100649	0.0097708555
0	0.0059920738	0.5157117295	0.4047448479	0.0735512868	0.0000000621
0	0.0461186958	0.2600980977	0.1230997435	0.4386701829	0.1320132801
0	0.2578289567	0.3184173548	0.3844936509	0.0000000000	0.0392600377
0	0.1284568767	0.3702187287	0.0903690369	0.0000000000	0.4109553577
0	0.0946309687	0.8108223807	0.0223537052	0.0000000000	0.0721929454
0	0.2571040623	0.2368808773	0.0383293856	0.0000001224	0.4676855524
0	0.0923748833	0.0444986354	0.0429892881	0.4961813732	0.3239558200
0	0.0082245651	0.0008040774	0.0765952832	0.2550707888	0.6593052856
0	0.3689453340	0.3414077843	0.1168911013	0.0309377826	0.1418179979
0	0.0121783595	0.2095024417	0.0036960431	0.0187091122	0.7559140435
0	0.2989908392	0.5859096575	0.0972763469	0.0003664567	0.0174566997
0	0.3959436126	0.1319784661	0.3877545267	0.0023544714	0.0819689233
0	0.0411101106	0.1185666786	0.3612014697	0.0027662895	0.4763554517
0	0.1824231207	0.2859008175	0.0412235170	0.4618072717	0.0286452730
0	0.2395849820	0.2907044547	0.0071921926	0.0219793054	0.4405390653
0	0.1100779577	0.1954795137	0.0474173144	0.0715215262	0.5755036879
0	0.3309138779	0.0701824409	0.5791972579	0.0030280583	0.0166783651
0	0.0008266933	0.5393989928	0.0115819218	0.0607209678	0.3874714243
0	0.1843228228	0.1066953543	0.4414633838	0.0035126912	0.2640057480
1	0.0033962209	0.1009766586	0.0514970633	0.0162691293	0.8278609278
1	0.0733162089	0.2706931315	0.4942475529	0.1566079931	0.0051351135
0	0.1630121679	0.2277327549	0.1511751444	0.0000000000	0.4580799328
1	0.1355397253	0.0207124068	0.0000081122	0.0010340719	0.8427056838
0	0.0446860085	0.0000000000	0.3461172927	0.0000000000	0.6091966988
1	0.0000000000	0.0257602629	0.4772326167	0.2553395237	0.2416675967
0	0.0128539077	0.1246495767	0.8267415675	0.0029969757	0.0327579724
0	0.3779851082	0.0121295994	0.2095285960	0.0008418403	0.3995148561
1	0.1280637560	0.0813853507	0.0328505130	0.5954376508	0.1622627295
0	0.0949308873	0.3776223770	0.5004053358	0.0251186528	0.0019227470
0	0.0336693257	0.1982998418	0.0285448736	0.0447792394	0.6947067195
0	0.0027548485	0.0224538440	0.5595284972	0.0076580380	0.4076047723
0	0.4527845850	0.2923099834	0.0423340021	0.0021480133	0.2104234163
0	0.3419223503	0.3210312226	0.0663092542	0.0844217542	0.1863154187
0	0.0139665217	0.0001012269	0.6598881907	0.0000000000	0.3260440607
0	0.0997176145	0.7635519674	0.0618695625	0.0000222897	0.0748385660
0	0.3030345714	0.5329325671	0.1235407072	0.0246384907	0.0158536636
0	0.0101744921	0.0000144662	0.9474182110	0.0423928307	0.0000000000
0	0.4651619464	0.0508677361	0.1793271022	0.0000051815	0.3046380337
0	0.4376400364	0.0475013832	0.0039120858	0.0000559312	0.5108905634
0	0.2112763058	0.4486562665	0.0056380266	0.0005222542	0.3339071469
0	0.2717468668	0.3581280347	0.1917174725	0.0000000152	0.1784076108
0	0.5834642388	0.3919432901	0.0226161195	0.0000554483	0.0019209033
0	0.6746642706	0.0007728605	0.1878534561	0.0123664223	0.1243429906
1	0.0208310190	0.0002422932	0.9130777414	0.0001773180	0.0656716284
1	0.3142583174	0.0097098698	0.2785320724	0.0492782395	0.3482215010
0	0.0829227694	0.3102385537	0.0771676387	0.0166988396	0.5129721987
0	0.1122830506	0.5452946639	0.0002030541	0.0108137276	0.3314055038
1	0.2480976138	0.5505262978	0.0351824483	0.0004570148	0.1657366253
0	0.1881279849	0.2932688217	0.2356877408	0.2815833852	0.0013320674
0	0.0851840272	0.4718778337	0.1217339911	0.3183586186	0.0028455295
0	0.2155155593	0.0040776491	0.2431599963	0.0148673890	0.5223794064
0	0.1721772820	0.0630016956	0.0061637787	0.0000000000	0.7586572438
0	0.0151781027	0.0788788232	0.3709755852	0.0315310963	0.5034363925
1	0.0014758417	0.5682154076	0.0000508461	0.0113690201	0.4188888844
1	0.1034480366	0.8755032438	0.0063185832	0.0124906714	0.0022394650
1	0.4981554680	0.0021093807	0.4750568021	0.0000000000	0.0246783491
0	0.0000069754	0.4032440989	0.1937581101	0.0001835930	0.4028072226
0	0.0658154430	0.2775788876	0.4243537092	0.0594967206	0.1727552397
0	0.0177552760	0.0747799235	0.8375843567	0.0250000811	0.0448803627
