0	0.2225879211	0.4498103655	0.0000000000	0.0681742737	0.2594274397
0	0.4122922497	0.5317650471	0.0025374348	0.0000238240	0.0533814445
0	0.1823966092	0.3186643224	0.4144334434	0.0188167738	0.0656888511
1	0.2924985093	0.2945379033	0.0000000000	0.0000000000	0.4129635874
0	0.1484418693	0.1073289600	0.0036879020	0.1481689860	0.5923722827
0	0.1855022648	0.3480969848	0.2816659989	0.0905353765	0.0941993749
0	0.0454977147	0.9116413700	0.0046828366	0.0018805495	0.0362975292
0	0.2259549005	0.1705045796	0.0420389558	0.1339456072	0.4275559569
0	0.3490702031	0.5724770333	0.0456698302	0.0320504980	0.0007324354
0	0.0399664571	0.0000020070	0.9330953833	0.0000004334	0.0269357193
0	0.0273312080	0.4772795396	0.0003841224	0.2045771176	0.2904280125
0	0.1879896976	0.0178962868	0.2005918503	0.5927614230	0.0007607422
0	0.2980557494	0.0975436127	0.4161609595	0.0316285776	0.1566111008
0	0.9294294679	0.0036885879	0.0232313923	0.0369656594	0.0066848924
0	0.0940697478	0.4297488523	0.1293018464	0.0000000000	0.3468795535
2	0.1435848071	0.0400577318	0.2796485365	0.0000007210	0.5367082037
1	0.1425650081	0.0303608880	0.0168690308	0.0000000000	0.8102050732
0	0.0000375694	0.7796215538	0.1740145417	0.0428260282	0.0035003069
0	0.0383705822	0.3437594910	0.0060631745	0.5417751101	0.0700316422
0	0.1584535007	0.2113637864	0.0015216777	0.0187479149	0.6099131203
0	0.0051059519	0.1697447185	0.3336927608	0.0001016669	0.4913549019
0	0.4879702777	0.0000001407	0.5111328851	0.0000326982	0.0008639982
0	0.0609162117	0.3141054655	0.3430747536	0.0236682361	0.2582353332
1	0.0151672416	0.2537982611	0.6459051106	0.0027143591	0.0824150274
1	0.0000000077	0.0345901955	0.3217299702	0.0000975951	0.6435822314
0	0.1663420768	0.7218520332	0.1019167530	0.0000000000	0.0098891370
0	0.0167709684	0.8969191954	0.0177571111	0.0497729128	0.0187798123
1	0.0484215597	0.0554632762	0.0690738251	0.0000000000	0.8270413389
0	0.1805051248	0.5683717897	0.2210695944	0.0000032156	0.0300502755
0	0.5970980198	0.0000078341	0.1155112472	0.2412334252	0.0461494738
0	0.0091881852	0.2680559947	0.0002391939	0.6588006110	0.0637160151
1	0.3079892800	0.0012424798	0.6211964272	0.0693034629	0.0002683501
0	0.3079935441	0.1820552409	0.4864984939	0.0000000000	0.0234527211
0	0.0000174672	0.1229986156	0.0162417847	0.0007945999	0.8599475325
0	0.2281224476	0.0326009625	0.0000321117	0.0000000000	0.7392444782
0	0.0743793544	0.5967633166	0.3237147562	0.0000007094	0.0051418634
1	0.0227700957	0.0066016612	0.2502956724	0.0000000000	0.7203325706
0	0.0224810443	0.0000000000	0.9773901556	0.0000000563	0.0001287438
0	0.0850875246	0.3757107192	0.2871798981	0.0425204372	0.2095014209
0	0.0912719487	0.6557376603	0.2329324583	0.0148777612	0.0051801714
0	0.0002215579	0.0000000000	0.5514770036	0.0003028465	0.4479985920
0	0.0153813857	0.3000217921	0.5596215102	0.1185907664	0.0063845456
0	0.0264370492	0.9595931705	0.0000055592	0.0139559360	0.0000082851
0	0.0099590916	0.7669275386	0.1757429570	0.0444434135	0.0029269992
0	0.3827710643	0.0000156373	0.0659668509	0.4673150541	0.0839313934
0	0.0348302982	0.3809171866	0.0705808135	0.0243193273	0.4893523743
0	0.2648945831	0.0000509661	0.0000000253	0.0000000000	0.7350544254
0	0.1377700027	0.0745258590	0.5803713220	0.2033489953	0.0039838210
0	0.0000011532	0.2284495685	0.1582002300	0.0276177575	0.5857312908
0	0.0656085951	0.0158676490	0.4661448053	0.1968869708	0.2554919798
0	0.2670961653	0.1305362574	0.0233500691	0.5745741701	0.0044433380
0	0.0354148461	0.3183786687	0.2399783110	0.0000000000	0.4062281742
0	0.0010433067	0.0000000067	0.2343528396	0.1416657195	0.6229381276
0	0.0014048759	0.9630569848	0.0339625483	0.0008103601	0.0007652309
2	0.2022792439	0.0800946241	0.0353187490	0.0000000000	0.6823073831
0	0.0646860566	0.0000007058	0.0401784677	0.6829020695	0.2122327004
1	0.4299795264	0.4567303610	0.0696380939	0.0000116564	0.0436403623
0	0.0005668564	0.8779174315	0.0786680042	0.0416147970	0.0012329109
0	0.6225871464	0.0561220591	0.2436354563	0.0055806088	0.0720747293
1	0.1489834114	0.0000000000	0.0561512389	0.0000000000	0.7948653497
0	0.7657066896	0.0000549936	0.1811088716	0.0188031254	0.0343263199
0	0.0132411547	0.6114906084	0.1237476360	0.0338519550	0.2176686459
0	0.2813109082	0.0143898574	0.0328427326	0.0448974543	0.6265590475
0	0.6809620357	0.1653017317	0.0343968995	0.0007371570	0.1186021761
0	0.1166693164	0.1975232681	0.0000016151	0.0614672786	0.6243385218
0	0.2633677861	0.0410131442	0.1313983053	0.0166692692	0.5475514951
0	0.1284760869	0.0005637798	0.8085794722	0.0000003233	0.0623803379
0	0.7687864081	0.0913564819	0.1112796900	0.0000000000	0.0285774201
1	0.5958862685	0.1874108891	0.0564570374	0.0000007065	0.1602450985
0	0.2081864314	0.0006488315	0.1123443155	0.2372789872	0.4415414345
0	0.2464245853	0.2905014358	0.0800600183	0.1662399785	0.2167739822
0	0.0110261462	0.0955966236	0.7078880828	0.0198613103	0.1656278372
0	0.0133566669	0.1036060500	0.8830372831	0.0000000000	0.0000000000
0	0.6500817031	0.1265890816	0.0191645995	0.0012757859	0.2028888299
0	0.4681263509	0.0541498662	0.0096144849	0.0013503088	0.4667589893
0	0.1251506637	0.0095752647	0.1463233834	0.6827206150	0.0362300731
0	0.1692512359	0.0121477683	0.7961037661	0.0204974339	0.0019997958
0	0.0261155670	0.0794853364	0.1700322548	0.0000000000	0.7243668418
0	0.0016603743	0.1725122159	0.0977739275	0.0051808681	0.7228726142
0	0.6072871591	0.0000117215	0.0918774005	0.0000039987	0.3008197200
0	0.2063419808	0.5456915436	0.1601880074	0.0098846716	0.0778937966
0	0.3033400106	0.0416015443	0.0571975149	0.2263399231	0.3715210071
0	0.2409596638	0.0000000000	0.2752955094	0.1166167916	0.3671280351
0	0.0323448201	0.8073743042	0.0247782705	0.1351142656	0.0003883397
0	0.9122763606	0.0002310918	0.0028178508	0.0616639057	0.0230107911
0	0.0081241100	0.3045708443	0.6498182431	0.0194859572	0.0180008454
0	0.0603649429	0.2821737365	0.2348317846	0.0000000743	0.4226294618
0	0.0000202030	0.1476463686	0.0653163519	0.0061166400	0.7809004365
1	0.0502390072	0.0004290687	0.0076917943	0.0000000000	0.9416401299
0	0.0917940976	0.5850494713	0.3201331745	0.0000000000	0.0030232566
0	0.0001485139	0.3257630346	0.0028482511	0.2433044833	0.4279357172
1	0.1373244318	0.1857582810	0.6671444930	0.0000000000	0.0097727942
0	0.0521860626	0.1808590745	0.3343367380	0.2210591973	0.2115589276
0	0.0060990346	0.5307505802	0.0008936303	0.0009425348	0.4613142201
0	0.6023856731	0.1698267097	0.0871048576	0.1293057019	0.0113770577
0	0.0005158650	0.0002310963	0.5740661483	0.0606848295	0.3645020608
1	0.2111719293	0.5783926975	0.0049990229	0.0444385314	0.1609978190
0	0.0000000000	0.2190920886	0.7738986818	0.0000381213	0.0069711083
0	0.1325748342	0.6993782457	0.0907523374	0.0328101231	0.0444844597
0	0.0010311515	0.9693571285	0.0020692731	0.0008207336	0.0267217133
