1	0.2580121431	0.0001229407	0.1562798858	0.0095532908	0.5760317397
0	0.1066495503	0.0825499103	0.0566389116	0.0001795591	0.7539820688
2	0.0279407426	0.1308100446	0.1111175012	0.0000000000	0.7301317116
0	0.0093304006	0.0993192283	0.0828053426	0.0373433358	0.7712016927
0	0.0828009932	0.0061312587	0.3324159814	0.1036462738	0.4750054930
0	0.3162160602	0.0226488322	0.6601718360	0.0000000000	0.0009632715
1	0.5705270887	0.0080642339	0.0000237075	0.0000000000	0.4213849699
1	0.0136966115	0.1153814756	0.8651747675	0.0000000000	0.0057471453
0	0.8401623689	0.1561428406	0.0031984632	0.0000000000	0.0004963273
0	0.0679484872	0.0016275111	0.6535343942	0.0000000003	0.2768896072
0	0.4153100082	0.1684085162	0.0028129182	0.0061828094	0.4072857480
1	0.0613096637	0.0882779388	0.0487468246	0.0001676576	0.8014979154
0	0.0608806458	0.4426112633	0.4826129255	0.0055311292	0.0083640362
1	0.0265894678	0.5975173620	0.0789340443	0.0295898224	0.2673693035
0	0.2686857978	0.0110778804	0.4431850178	0.0318981371	0.2451531668
0	0.0607668030	0.1845864090	0.3575692515	0.0579302208	0.3391473156
0	0.2099351015	0.5353054170	0.0130828141	0.0879953498	0.1536813176
0	0.2096344755	0.4166117273	0.1883166182	0.0733449504	0.1120922285
1	0.1139520101	0.0190526941	0.1026675445	0.0000000000	0.7643277513
1	0.7343165503	0.1370839791	0.1207894808	0.0001586109	0.0076513789
0	0.3523608659	0.4479185872	0.1090797529	0.0546581859	0.0359826081
0	0.5200183519	0.2545325675	0.0033901562	0.0004089282	0.2216499961
0	0.0182191400	0.0547998719	0.9163323035	0.0032002664	0.0074484182
0	0.2132979137	0.0837069999	0.6022205520	0.0753224798	0.0254520546
0	0.0144098618	0.1026999525	0.0223893398	0.3188258802	0.5416749658
0	0.7357622589	0.2084373433	0.0005632715	0.0018078501	0.0534292763
0	0.0001414347	0.0300564126	0.0383448886	0.0115295726	0.9199276916
0	0.6678660368	0.0000013289	0.0582443120	0.0444626064	0.2294257159
0	0.3139521385	0.3671301294	0.2053204673	0.0000174830	0.1135797817
0	0.8200429250	0.0401661382	0.0820664234	0.0020178982	0.0557066152
0	0.0000000001	0.1100333891	0.8821403962	0.0000619903	0.0077642242
0	0.1104788270	0.0039658037	0.4235206701	0.0000000000	0.4620346991
0	0.0541476283	0.0311040117	0.0000349444	0.0276749201	0.8870384955
0	0.0222207602	0.8900142338	0.0255551853	0.0000000000	0.0622098206
0	0.3061031897	0.4961140355	0.0026577828	0.0000000000	0.1951249919
0	0.0777846324	0.4945758624	0.1455850398	0.1831859112	0.0988685541
2	0.0000014869	0.0953156113	0.1030051552	0.0000000000	0.8016777467
0	0.0075115061	0.3700217397	0.0282138999	0.0337250456	0.5605278087
0	0.1660716381	0.0502974787	0.6123147717	0.0892555751	0.0820605364
0	0.4963262286	0.0193080840	0.0028706468	0.0259948366	0.4555002040
1	0.2163616238	0.0000578075	0.0210426522	0.0000343474	0.7625035691
1	0.0000000173	0.0015750951	0.6062755215	0.0000000000	0.3921493661
0	0.0389363317	0.0012668812	0.0642149670	0.0021363818	0.8934454382
0	0.6358862742	0.1164794444	0.1841552044	0.0634788570	0.0000002201
0	0.2538364542	0.0449290494	0.0040671124	0.3336091494	0.3635582346
2	0.6236386868	0.0000012650	0.0435402553	0.0000000000	0.3328197929
0	0.0036187482	0.0044464439	0.0039470308	0.0000009008	0.9879868763
0	0.0367058416	0.0054484465	0.4614314468	0.0000120236	0.4964022415
0	0.0002655262	0.0117493232	0.2833411552	0.7035637281	0.0010802673
0	0.3458605701	0.6065802677	0.0167551397	0.0100355318	0.0207684907
0	0.4498110220	0.2512589487	0.1648612340	0.0029241045	0.1311446908
0	0.0341956199	0.0794204694	0.0018040386	0.8832518326	0.0013280395
0	0.3339947448	0.0966963858	0.0758510233	0.4089375016	0.0845203445
0	0.1262426451	0.0938064183	0.0179488501	0.0000547833	0.7619473032
0	0.0000000014	0.1687473218	0.7043297256	0.0036253281	0.1232976232
1	0.1138663897	0.2200503027	0.6382805034	0.0034123105	0.0243904937
0	0.0875572152	0.4322823123	0.4274170498	0.0511339884	0.0016094343
1	0.2542500757	0.0000004865	0.4939783346	0.0000003008	0.2517708025
1	0.0000837046	0.9315891604	0.0000000000	0.0000323411	0.0682947940
0	0.0124201358	0.5259807629	0.0151132455	0.0287672684	0.4177185874
0	0.0003249211	0.0213269192	0.9304228074	0.0000369164	0.0478884359
1	0.0917284062	0.0160010665	0.2761555725	0.0000000000	0.6161149548
0	0.0893330739	0.5991994228	0.0371619797	0.2576818667	0.0166236570
0	0.0045461757	0.1638390691	0.0341152700	0.0711573395	0.7263421458
0	0.0003080003	0.0424705811	0.6873946220	0.2439723155	0.0258544811
1	0.5777075034	0.0117154293	0.1176710460	0.0109086771	0.2819973443
0	0.0002414728	0.1192274070	0.0069900079	0.6278450019	0.2456961104
1	0.1574284219	0.1221719710	0.5402554262	0.0009541155	0.1791900654
0	0.0649225803	0.4121369313	0.0102933883	0.5087490125	0.0038980876
0	0.0044850059	0.7244179226	0.2710278358	0.0000692356	0.0000000001
0	0.1132266795	0.3069759842	0.0469269249	0.4347440807	0.0981263308
0	0.1739446229	0.6755496528	0.0551727766	0.0003770237	0.0949559241
0	0.0051259607	0.1972857764	0.2062460976	0.0247050409	0.5666371244
0	0.0000000014	0.5298762749	0.0102996648	0.0098908260	0.4499332328
0	0.0331466800	0.3842232156	0.0151730846	0.0001351874	0.5673218323
0	0.2470500537	0.1897045901	0.1668512983	0.0003857565	0.3960083014
0	0.9600412394	0.0000849730	0.0110807041	0.0287490696	0.0000440139
0	0.0001448858	0.2161882321	0.5571792924	0.1363558187	0.0901317710
0	0.0000000000	0.8180305199	0.1777391659	0.0000000000	0.0042303142
0	0.9722513959	0.0012906847	0.0068203821	0.0013138847	0.0183236526
0	0.3697818225	0.0414011090	0.5795635265	0.0000000032	0.0092535388
0	0.1187590793	0.1605741229	0.2172876018	0.0044594949	0.4989197012
1	0.0025306723	0.0709074463	0.8189340211	0.0000000000	0.1076278603
0	0.0415028125	0.8911498247	0.0645568972	0.0027399930	0.0000504727
0	0.1063327809	0.1362766886	0.0036388126	0.2439481480	0.5098035699
0	0.0357459435	0.3694251795	0.1121293758	0.0001189576	0.4825805435
0	0.0081682349	0.4027165186	0.0826146426	0.2571749080	0.2493256960
1	0.0342201924	0.0486204177	0.1920322943	0.0000000000	0.7251270955
0	0.5074002673	0.0788267888	0.4045032333	0.0000000000	0.0092697107
0	0.3982398591	0.0232307537	0.5031004564	0.0002321362	0.0751967945
0	0.0090377898	0.0897011360	0.3881592066	0.0967942449	0.4163076227
1	0.0452114535	0.2001891845	0.2068428702	0.0000000000	0.5477564918
1	0.0712910213	0.0100364442	0.0455528185	0.0000005751	0.8731191410
0	0.0234902171	0.0485301141	0.0310367111	0.0042205889	0.8927223689
0	0.0082320905	0.1579083199	0.0917630599	0.1645834854	0.5775130442
0	0.6688955516	0.0216148123	0.0326463067	0.0184507947	0.2583925348
2	0.0715312710	0.0061729103	0.0000002941	0.0000000000	0.9222955247
0	0.0504745028	0.5457704113	0.1392238607	0.0002541094	0.2642771158
1	0.2641237918	0.1222087254	0.3748247791	0.0000000000	0.2388427036
0	0.0173900659	0.1001896867	0.0123864678	0.0748542380	0.7951795416
