0	0.0140953107	0.0855246399	0.8486423262	0.0314536346	0.0202840887
0	0.6206765674	0.0150642081	0.1990104316	0.0000766904	0.1651721025
2	0.1046099638	0.0153237221	0.0015576504	0.0000000000	0.8785086637
0	0.0944013329	0.4089395938	0.3833299610	0.0000000017	0.1133291107
0	0.1080042459	0.7705595354	0.0588230844	0.0165390418	0.0460740925
0	0.1539553242	0.6656777212	0.0343981718	0.0004251403	0.1455436425
0	0.1062262443	0.4091654184	0.1783461435	0.0402453267	0.2660168672
1	0.2303544236	0.2249437166	0.5290494438	0.0000009297	0.0156514864
1	0.2916287398	0.0459273124	0.0357664837	0.0658315673	0.5608458969
0	0.0270843527	0.6539084059	0.0096661235	0.0000071649	0.3093339529
0	0.2944788220	0.5518106897	0.1433051712	0.0048097124	0.0055956048
0	0.2074765599	0.5918699155	0.0006447242	0.0000000000	0.2000088003
0	0.1069311421	0.7692492386	0.0516403776	0.0582454706	0.0139337712
0	0.1135265965	0.0003975298	0.8541658607	0.0110038985	0.0209061144
0	0.3374671275	0.4606170001	0.0091471530	0.1786543096	0.0141144097
0	0.4928933681	0.4472368684	0.0423746045	0.0075778432	0.0099173157
0	0.2579227176	0.4742822557	0.0444746165	0.0001403608	0.2231800494
0	0.0001872903	0.5327090236	0.1465285994	0.0278324412	0.2927426455
0	0.0355907470	0.1705008146	0.7632469019	0.0203489820	0.0103125545
0	0.0923189534	0.0695300323	0.5407469629	0.0000012605	0.2974027908
0	0.0156530907	0.0000000035	0.3360867634	0.6180574285	0.0302027139
0	0.1635077588	0.4471448760	0.0523907807	0.0155770418	0.3213795427
0	0.8484626482	0.0273641343	0.1198326893	0.0000000136	0.0043405145
0	0.0073634974	0.0564029235	0.7841094656	0.1476955303	0.0044285831
0	0.2349856158	0.0000000002	0.0022924290	0.0000025829	0.7627193722
0	0.1747457382	0.2026210603	0.0601820876	0.5577159260	0.0047351878
0	0.0768380642	0.2271021313	0.0000000000	0.0185032900	0.6775565145
0	0.6438898945	0.1766681757	0.0645119936	0.0005853862	0.1143445501
0	0.0969961197	0.5752526715	0.0082961883	0.1085344025	0.2109206180
1	0.3095909324	0.0004613020	0.1601877141	0.0223177181	0.5074423334
0	0.1614246370	0.0000012240	0.0000122724	0.0000000000	0.8385618666
0	0.0030713748	0.9152510534	0.0266806154	0.0000895249	0.0549074315
0	0.0003583908	0.0700239778	0.8430800153	0.0865375488	0.0000000673
1	0.0127502322	0.4868671467	0.0136162287	0.0000000047	0.4867663878
0	0.0779583426	0.0159221005	0.2734970347	0.6298436333	0.0027788889
0	0.0031292347	0.6199362176	0.3769345352	0.0000000125	0.0000000000
1	0.0254075590	0.0003758801	0.0018336498	0.0000000000	0.9723829111
0	0.1511120875	0.6617505255	0.1832940685	0.0016993858	0.0021439328
0	0.0336502164	0.0026566886	0.1459090768	0.0009778177	0.8168062006
0	0.1539750671	0.0000310961	0.6722001313	0.0441147858	0.1296789197
1	0.8715363369	0.0233492170	0.0000000000	0.0000000000	0.1051144461
0	0.2348602832	0.1861664117	0.0530491961	0.4364812261	0.0894428828
0	0.0579911142	0.0004167643	0.0274640288	0.0002936356	0.9138344571
0	0.0056136545	0.0152164482	0.9703155917	0.0025778547	0.0062764509
0	0.0688800353	0.1702341834	0.4281767306	0.1232477551	0.2094612956
1	0.1462692610	0.3819195238	0.2500735624	0.0395658354	0.1821718173
0	0.1270928840	0.3865531698	0.1433486563	0.3350646083	0.0079406815
1	0.5619848251	0.2984916564	0.0184721420	0.0000000000	0.1210513765
0	0.0968484428	0.0022120719	0.8842540838	0.0000000000	0.0166854016
0	0.2365510664	0.6339227158	0.0000131473	0.1016935988	0.0278194717
0	0.0439303555	0.0208572653	0.5837233627	0.0000000001	0.3514890164
0	0.1562522479	0.0359147327	0.6652556268	0.1413561720	0.0012212206
0	0.0598653215	0.0160046892	0.4215784728	0.0019916525	0.5005598641
0	0.4023869396	0.0002217259	0.2826871605	0.0000303001	0.3146738739
0	0.0425218384	0.2204449531	0.1261860472	0.0001277516	0.6107194096
0	0.0507318327	0.1487893469	0.7222540709	0.0758228656	0.0024018840
0	0.4116168466	0.5269255526	0.0477261841	0.0136108001	0.0001206166
0	0.0182369525	0.0848688213	0.1706176645	0.1833896178	0.5428869438
0	0.0142664001	0.0000002595	0.8058196678	0.0000700194	0.1798436533
0	0.0000000005	0.3204041442	0.0023767719	0.1325921114	0.5446269721
0	0.0001254040	0.1686941095	0.0002436394	0.5328166516	0.2981201955
0	0.0328108399	0.9005114911	0.0600757333	0.0000000000	0.0066019357
0	0.0676266314	0.3365444124	0.0663461477	0.1197648894	0.4097179191
0	0.0269937670	0.3604018208	0.3055662679	0.0000000007	0.3070381436
0	0.8343523915	0.0183145773	0.0839914936	0.0535145597	0.0098269779
0	0.3592909766	0.5400975330	0.0267810004	0.0044611178	0.0693693722
0	0.0575737817	0.3953052184	0.1445863653	0.1260525993	0.2764820354
0	0.0383637125	0.5011830254	0.3901764100	0.0515340420	0.0187428101
0	0.0523569548	0.3425914633	0.0069526579	0.1432352118	0.4548637121
0	0.0292643867	0.5008702293	0.4322919958	0.0375733882	0.0000000000
0	0.0488461517	0.1592658973	0.4661427927	0.1150461199	0.2106990385
0	0.1087435675	0.1014215585	0.6375132063	0.1428796604	0.0094420073
1	0.0005582485	0.0001991608	0.7697118898	0.0000007539	0.2295299470
0	0.0000000206	0.2170468723	0.5993997240	0.1834163673	0.0001370158
1	0.0000004526	0.0165641992	0.0479661589	0.0000100068	0.9354591825
0	0.0028223287	0.1187693300	0.5688091157	0.1002067515	0.2093924742
0	0.0518582311	0.4873823989	0.0824198656	0.0353622921	0.3429772122
0	0.7077021854	0.1618549878	0.0844221412	0.0000006700	0.0460200156
0	0.0070428074	0.2801915496	0.5364374775	0.1174005678	0.0589275977
1	0.4920491620	0.0048531109	0.4290193678	0.0000000000	0.0740783593
0	0.5342155711	0.3222115095	0.0001202523	0.0506245791	0.0928280880
0	0.7500039973	0.0918047687	0.0873072945	0.0308437972	0.0400401423
0	0.0755301367	0.2201396883	0.7007229082	0.0002832878	0.0033239790
0	0.3388750565	0.1182254955	0.0127088028	0.0040969463	0.5260936990
0	0.3422376585	0.1698785642	0.4877975244	0.0000845955	0.0000016573
0	0.0767221590	0.5339575294	0.2632297530	0.0589150962	0.0671754625
0	0.2543018161	0.3991139935	0.0045074005	0.2984109269	0.0436658631
0	0.1024242952	0.1447703491	0.0001709943	0.4347094026	0.3179249589
0	0.0039641618	0.7212713570	0.2526861455	0.0133399508	0.0087383849
0	0.0172669703	0.2389848503	0.7407472969	0.0000000000	0.0030008826
0	0.5752516021	0.2835127671	0.0021789471	0.0352785084	0.1037781753
0	0.2365888841	0.0000851001	0.1256720154	0.0000000000	0.6376540005
0	0.1287590072	0.6893944833	0.0085993482	0.0109964224	0.1622507389
0	0.0515832572	0.0245836646	0.4172737423	0.0661271873	0.4404321487
0	0.1188900539	0.1704207689	0.5673517437	0.0701711200	0.0731663135
0	0.3102219847	0.6818403555	0.0079319855	0.0000027984	0.0000028759
0	0.2965509618	0.1736630237	0.2169229609	0.1926528665	0.1202101871
1	0.2286382896	0.0000017255	0.2746050686	0.0282065594	0.4685483568
0	0.0813975850	0.0083367347	0.5527259462	0.0093634017	0.3481763324
0	0.0012679951	0.7836923650	0.0671215611	0.0000016957	0.1479163831
