0	0.0239176389	0.0568499461	0.8919411837	0.0018563342	0.0254348971
0	0.1593590151	0.2920808814	0.1797797717	0.3687803305	0.0000000013
0	0.0000020637	0.4369858716	0.2926081413	0.0099569719	0.2604469515
0	0.8461377602	0.0579506223	0.0299598801	0.0009213796	0.0650303578
0	0.1200673930	0.7637493542	0.0045748423	0.0031383174	0.1084700930
0	0.0645638701	0.0000545788	0.0870315022	0.0000998050	0.8482502439
0	0.0661330012	0.0128794401	0.7284467221	0.1756252916	0.0169155450
0	0.2258955576	0.2545939552	0.0001273953	0.1692906498	0.3500924421
0	0.0019879097	0.4484858047	0.4308994950	0.0440679463	0.0745588444
0	0.2810710284	0.5802916162	0.0377170428	0.0000000000	0.1009203126
0	0.0378981282	0.4414257799	0.2241285240	0.0055499632	0.2909976046
0	0.2323993933	0.4003115692	0.1001986731	0.1809231648	0.0861671996
0	0.0528405529	0.9416016445	0.0055290113	0.0000282662	0.0000005252
0	0.6217624560	0.3713296736	0.0034507836	0.0034371166	0.0000199702
1	0.0426678621	0.6365357088	0.0046388222	0.0000000000	0.3161576069
1	0.2456878038	0.0002252241	0.4250395983	0.0003642140	0.3286831599
0	0.0234617203	0.5153793484	0.2575506059	0.0893557001	0.1142526253
0	0.6789704695	0.1503088850	0.1287454245	0.0007492071	0.0412260140
1	0.0000000000	0.0079856630	0.8825711580	0.0000000022	0.1094431769
1	0.0230427666	0.0488203299	0.0208495138	0.1236271607	0.7836602291
0	0.5694297527	0.3821744234	0.0058532032	0.0000000000	0.0425426206
1	0.1215383086	0.3644709603	0.4028206629	0.0000000000	0.1111700682
0	0.0002066400	0.3058538475	0.0329767945	0.0013092395	0.6596534785
0	0.0004157724	0.0210381102	0.0414245970	0.2099158878	0.7272056326
0	0.1197410703	0.7251627886	0.1232116323	0.0258132947	0.0060712141
0	0.1989531677	0.1798535769	0.3754121669	0.0000000000	0.2457810885
0	0.5865293024	0.0860278954	0.2074239012	0.0751348759	0.0448840250
0	0.1744656444	0.5395598694	0.0419731685	0.0568097253	0.1871915923
0	0.1805755545	0.6673614327	0.0003993375	0.0000708873	0.1515927880
1	0.0199966458	0.0593038879	0.0008443499	0.0914097263	0.8284453902
0	0.6467522565	0.0277222010	0.2720488312	0.0247586025	0.0287181089
0	0.1409458642	0.4550338820	0.0074490272	0.3909656015	0.0056056252
0	0.0873507482	0.7925129361	0.0341277896	0.0513203674	0.0346881588
0	0.0006164615	0.0733147785	0.5845280901	0.1167945873	0.2247460826
0	0.0793311394	0.8231880179	0.0632930156	0.0324846730	0.0017031540
0	0.0004547485	0.0313019486	0.8545928361	0.0503547785	0.0632956884
0	0.8648172997	0.0000000000	0.0779108312	0.0351002607	0.0221716084
0	0.2977764729	0.0145455439	0.3015715604	0.3669756774	0.0191307454
0	0.7320866438	0.0303679131	0.0593521132	0.0002188716	0.1779744582
0	0.0050331794	0.0105814286	0.6578035365	0.0811444094	0.2454374461
0	0.0006925218	0.4379802866	0.3922102740	0.1638787008	0.0052382169
0	0.0069408365	0.0362561209	0.8866210340	0.0106719204	0.0595100882
1	0.2632065311	0.0966151930	0.0015866569	0.0000000000	0.6385916190
0	0.4211284973	0.2691272128	0.0511118429	0.0424206663	0.2162117807
0	0.0388427571	0.0822925680	0.0000000000	0.0029268706	0.8759378043
0	0.7184590338	0.0149477146	0.0766160067	0.0000000014	0.1899772435
0	0.0921410512	0.0012534830	0.5229689003	0.0600864384	0.3235501270
0	0.0000020040	0.4583417463	0.2077015262	0.0356943533	0.2982603703
0	0.0000559570	0.0829405841	0.7150986686	0.0543347399	0.1475700505
0	0.0076670031	0.0938113613	0.8873740407	0.0059344650	0.0052131299
0	0.3315301571	0.2440479024	0.0027817800	0.2995686739	0.1220714866
0	0.0038571818	0.9443527398	0.0490876572	0.0003556800	0.0023467412
0	0.0040002368	0.4811919394	0.0439054828	0.0250670174	0.4458353235
0	0.3592818305	0.0000099427	0.0541283117	0.0000388373	0.5865410778
1	0.5012564980	0.4479215427	0.0294573530	0.0053205933	0.0160440130
0	0.0172212289	0.0015816802	0.8785548417	0.0000000022	0.1026422469
0	0.2175613829	0.5930728083	0.1377779347	0.0000000270	0.0515878471
0	0.2398876194	0.0106816949	0.7426881376	0.0007675136	0.0059750344
1	0.0787405880	0.4457709866	0.1904682854	0.0000000000	0.2850201400
0	0.0000000001	0.8805249934	0.0067924386	0.0930626710	0.0196198970
1	0.1058178345	0.2610594503	0.0004281056	0.0000265039	0.6326681058
0	0.0000000008	0.4823827408	0.0000263714	0.2858814048	0.2317094823
1	0.0009110549	0.7982947289	0.0814289845	0.0000000000	0.1193652316
1	0.0551156318	0.1012512944	0.2543608114	0.0000000000	0.5892722624
1	0.1010347964	0.0190912167	0.0405041053	0.0000000000	0.8393698817
0	0.5617685621	0.0061878749	0.0514900500	0.0198370927	0.3607164204
0	0.1261604876	0.7676349020	0.1022432096	0.0000067494	0.0039546514
1	0.0004666464	0.0013101386	0.4572473083	0.0001834122	0.5407924946
0	0.0224354375	0.9640777827	0.0000230406	0.0129268876	0.0005368516
0	0.4267768878	0.0332384452	0.5166013059	0.0227274425	0.0006559186
0	0.3471161398	0.0535082663	0.5918003274	0.0000799972	0.0074952693
0	0.0701622787	0.0055532165	0.1882228000	0.0513019547	0.6847597501
1	0.1478875950	0.3848367030	0.0294172471	0.0000000000	0.4378584549
0	0.0613421750	0.6052599155	0.0002110063	0.2311928451	0.1019940581
1	0.2930997106	0.3448648415	0.0750400601	0.0000000000	0.2869953878
2	0.0015404125	0.0165164874	0.0000000000	0.0001360078	0.9818070924
0	0.0030066399	0.1566658882	0.7316626192	0.0000000000	0.1086648527
0	0.3787388490	0.0253874683	0.0588580649	0.0020659512	0.5349496667
0	0.6725420893	0.0509400615	0.1183304409	0.0710008520	0.0871865564
0	0.0001357808	0.9856057200	0.0050056904	0.0074472369	0.0018055719
1	0.2624133037	0.3842025121	0.0592109491	0.2758861835	0.0182870517
0	0.1332939329	0.6288216001	0.2148088534	0.0087012878	0.0143743257
0	0.0685923342	0.1817829832	0.7441810823	0.0000002234	0.0054433768
0	0.5737356402	0.1882661755	0.0085920646	0.0194621399	0.2099439798
0	0.0761359929	0.3046030399	0.2088945376	0.3933445669	0.0170218627
1	0.3544318109	0.0501873529	0.0162771015	0.0000000000	0.5791037347
0	0.3481828163	0.3715107066	0.0973435804	0.0902338548	0.0927290419
0	0.0000000566	0.3119189102	0.1410177100	0.0142158363	0.5328474870
0	0.0452196323	0.0669030753	0.2260294642	0.4244406890	0.2374071391
1	0.3299957556	0.0000001482	0.0083845648	0.0000000000	0.6616195314
0	0.1822591799	0.4503828938	0.2024623849	0.0052903963	0.1596051452
0	0.7471964879	0.2527946690	0.0000088375	0.0000000001	0.0000000055
0	0.0988263298	0.5806304785	0.1880563321	0.0751007311	0.0573861284
0	0.3540607318	0.4054085667	0.2405304889	0.0000000000	0.0000002126
0	0.1598568050	0.0766440094	0.0000000006	0.0211592085	0.7423399765
1	0.1994350228	0.2114542646	0.0291546895	0.0000018555	0.5599541676
0	0.1439985384	0.0000657127	0.1192117264	0.0002905559	0.7364334667
0	0.0190376498	0.5049819247	0.0000074641	0.1119024890	0.3640704723
0	0.3245276451	0.0298719246	0.0015643663	0.0113811127	0.6326549513
0	0.1382692421	0.2152321880	0.4577821719	0.1608745150	0.0278418829
