1	0.1736721962	0.5274180202	0.1563242126	0.0000000000	0.1425855710
0	0.1901401282	0.0000000455	0.4485578410	0.0036656696	0.3576363156
0	0.0000140272	0.9811951761	0.0021116414	0.0000000000	0.0166791553
1	0.0657265737	0.0106175404	0.0007339181	0.0000000000	0.9229219678
0	0.0747601352	0.4028741147	0.1860352313	0.0000000015	0.3363305172
0	0.7579554788	0.1128656937	0.0077511841	0.1048689237	0.0165587196
2	0.0015053859	0.0860074586	0.4786733891	0.0000000000	0.4338137664
0	0.1311158553	0.4354784125	0.0570595425	0.1451015277	0.2312446620
0	0.5022302911	0.4724248273	0.0003566502	0.0007132920	0.0242749394
0	0.0008079005	0.2398946483	0.6895662569	0.0018253055	0.0679058888
0	0.2744849412	0.2673137458	0.1656470306	0.1623818637	0.1301724189
0	0.0107837826	0.0010319768	0.0774947748	0.7349595791	0.1757298867
0	0.0000000000	0.0798866295	0.2060373674	0.0002756742	0.7138003289
0	0.0347161171	0.2674583341	0.2748086630	0.0000109775	0.4230059083
0	0.0139294784	0.0003519791	0.8813416388	0.0073930755	0.0969838281
0	0.0044991656	0.2662907404	0.3423351898	0.0002425499	0.3866323543
0	0.0000292489	0.9020557961	0.0000000000	0.0976506803	0.0002642748
0	0.0000005129	0.0498994345	0.6603670796	0.2538471876	0.0358857853
0	0.0000000000	0.8202429806	0.0132551330	0.1606790284	0.0058228580
0	0.5797306609	0.0242368755	0.1121654625	0.0664352522	0.2174317488
0	0.0215916968	0.5495823469	0.0041919882	0.1958291070	0.2288048612
0	0.3169987848	0.0605860605	0.0000000000	0.0576592144	0.5647559402
1	0.0174569064	0.1071096887	0.6018245424	0.0000505358	0.2735583267
1	0.0381907220	0.7292419510	0.1396740216	0.0000000000	0.0928933054
1	0.0052064295	0.3069044593	0.6299127373	0.0000000000	0.0579763739
0	0.0023095836	0.0371332750	0.4321328630	0.0020284608	0.5263958177
0	0.8325676278	0.0101064869	0.1368241840	0.0000000000	0.0205017013
1	0.7689975518	0.0169155436	0.0001692109	0.0004651432	0.2134525505
0	0.0067748622	0.7606937494	0.1487266308	0.0635306105	0.0202741471
0	0.1438039941	0.8505927069	0.0016757014	0.0027241945	0.0012034031
0	0.7188741691	0.0289245557	0.0376094539	0.2112582253	0.0033335960
0	0.3465191177	0.1994029724	0.4040287527	0.0000000000	0.0500491571
0	0.0052149427	0.9541357490	0.0060531743	0.0000002354	0.0345958985
0	0.4112773789	0.2928417807	0.2313776131	0.0195616799	0.0449415473
1	0.0223632303	0.0000000004	0.1943660566	0.1588533334	0.6244173793
0	0.0001283794	0.0018652446	0.9700002072	0.0000236504	0.0279825183
0	0.0345310256	0.0538485849	0.5520618483	0.0705554649	0.2890030763
1	0.1456000473	0.0307732444	0.3029897743	0.0000001216	0.5206368124
0	0.1441576016	0.0526922799	0.7750781760	0.0002714259	0.0278005166
0	0.1189528218	0.8794340519	0.0001298176	0.0000004289	0.0014828798
1	0.0009054451	0.0259087225	0.2777069188	0.0000016926	0.6954772209
0	0.0000215659	0.2370379516	0.0390772215	0.2723971817	0.4514660793
0	0.0345737248	0.2662336604	0.6860061502	0.0021106559	0.0110758087
0	0.6784525981	0.1008563114	0.1160841078	0.0010738173	0.1035331654
0	0.0023950772	0.0338438075	0.5210143286	0.3788659314	0.0638808553
0	0.0180469363	0.1562765292	0.0204237734	0.0005767421	0.8046760190
0	0.2688948631	0.4874439908	0.1436485542	0.0000000000	0.1000125920
0	0.0000000000	0.9309637042	0.0690362609	0.0000000346	0.0000000003
0	0.1187089588	0.8146823517	0.0020158851	0.0004511732	0.0641416312
0	0.6645965003	0.2567202574	0.0115831191	0.0633613680	0.0037387551
0	0.1897921171	0.6880323333	0.0291825516	0.0000004557	0.0929925423
0	0.0004759505	0.0000008253	0.0009625931	0.4907022336	0.5078583974
0	0.4070115565	0.1541776221	0.3031738851	0.0024460274	0.1331909089
1	0.2021314881	0.0444923891	0.0134002882	0.0000000000	0.7399758347
0	0.8239092217	0.0917979722	0.0228689472	0.0611268251	0.0002970338
0	0.0404889919	0.0930725726	0.4662030044	0.0225333757	0.3777020554
1	0.1206551410	0.0653143563	0.3635644693	0.0000000000	0.4504660334
0	0.1579050011	0.2553017630	0.1218860048	0.0142871768	0.4506200544
0	0.0167855934	0.9585682432	0.0234874642	0.0011586869	0.0000000123
0	0.0104452854	0.1138337757	0.5175025099	0.2912188819	0.0669995471
0	0.1364201408	0.1748419867	0.2670306138	0.0000000032	0.4217072555
0	0.0860896917	0.3123824910	0.6006700730	0.0008466512	0.0000110931
0	0.0645100928	0.0215444694	0.5898210141	0.0000000000	0.3241244237
0	0.2272089430	0.6863349171	0.0765052702	0.0005865160	0.0093643537
0	0.0030673996	0.1016750918	0.0039458306	0.0234372891	0.8678743890
0	0.2745158377	0.2426917727	0.4434959128	0.0000055630	0.0392909138
1	0.5703011170	0.0008550493	0.3484721173	0.0000000000	0.0803717163
1	0.1122041360	0.1531862010	0.0000805082	0.0041354673	0.7303936874
0	0.3362411236	0.5031291554	0.1585605842	0.0008533198	0.0012158171
0	0.4852124159	0.0520246758	0.4617432156	0.0003652299	0.0006544629
0	0.0099864555	0.6965411440	0.1739214188	0.0077582134	0.1117927682
0	0.0135534660	0.3754925943	0.5801853055	0.0002523350	0.0305162992
0	0.0002973643	0.2563475376	0.5285383191	0.0070763320	0.2077404469
0	0.6824035907	0.1986335941	0.1040042745	0.0000017128	0.0149568278
0	0.0298596599	0.3914684123	0.5786586830	0.0000132444	0.0000000005
0	0.1293679565	0.0106259458	0.3038892757	0.5559547650	0.0001620571
0	0.2005004443	0.2782518329	0.5125012078	0.0000912348	0.0086552802
0	0.0271920237	0.0058148475	0.8938562641	0.0000614688	0.0730753959
0	0.2009781516	0.6518054650	0.1303164545	0.0000013923	0.0168985366
0	0.3453792071	0.0822154675	0.1039329910	0.3496924253	0.1187799092
0	0.1778760330	0.3981496086	0.1564705940	0.2543859351	0.0131178293
0	0.0000822739	0.1776111555	0.3106580075	0.2256011986	0.2860473646
1	0.2151742507	0.4665319415	0.3013388869	0.0000000000	0.0169549209
0	0.0118355182	0.8428380913	0.0865133986	0.0538931082	0.0049198838
1	0.2209442307	0.5326868721	0.0976904142	0.0009558318	0.1477226512
1	0.3330059944	0.0655244438	0.0799336961	0.0004573363	0.5210785294
0	0.5291769585	0.3147881167	0.0359836043	0.0316898390	0.0883614815
0	0.9689635958	0.0204608467	0.0000000001	0.0000000211	0.0105755362
0	0.1336617746	0.2273689299	0.2846831697	0.0000792863	0.3542068395
0	0.0084681729	0.4738672642	0.0196350018	0.0331360600	0.4648935011
0	0.9159609237	0.0324916634	0.0072832586	0.0373759557	0.0068881987
2	0.0296008289	0.0079496551	0.0821159816	0.0000000000	0.8803335345
0	0.0000000253	0.7773726572	0.0819131445	0.1407141730	0.0000000000
0	0.5335657691	0.2752077364	0.0015821197	0.1630204261	0.0266239487
0	0.4733523553	0.2395492463	0.1786447793	0.0002572885	0.1081963305
0	0.1800961504	0.0437072833	0.6863106491	0.0824729238	0.0074129933
0	0.0487875322	0.1576080846	0.4699902335	0.0050518109	0.3185623387
0	0.0253304491	0.0349170399	0.0115039374	0.1865895059	0.7416590677
0	0.5194760416	0.0830361846	0.2597456817	0.0876841612	0.0500579310
0	0.3471249576	0.0105422249	0.0478581109	0.5632401115	0.0312345952
