0	0.3429211370	0.4187931037	0.0257785633	0.0884165870	0.1240906091
0	0.0958480175	0.6121032476	0.1201368594	0.0042136524	0.1676982230
0	0.0061768038	0.0984456284	0.0127101302	0.0530925269	0.8295749106
0	0.4743749807	0.3662661763	0.0133526500	0.0237096222	0.1222965708
0	0.6443102400	0.0440815387	0.0077508664	0.0040049919	0.2998523631
0	0.1558944004	0.5502824455	0.2553014114	0.0000000000	0.0385217427
0	0.0450383627	0.5134938838	0.0013542052	0.1225411702	0.3175723782
0	0.5095535438	0.0672584292	0.2281902519	0.0355813787	0.1594163964
0	0.1749279536	0.4563832332	0.1184693999	0.0217650998	0.2284543135
0	0.1821354580	0.3342905968	0.4268660885	0.0016472084	0.0550606483
0	0.1486143431	0.8285099090	0.0000512550	0.0016678516	0.0211566414
0	0.0000000000	0.6177511122	0.3651948602	0.0163066445	0.0007473831
0	0.0046498013	0.0069440636	0.0059949811	0.9812427481	0.0011684059
0	0.0252955646	0.3107673750	0.6519072739	0.0054072003	0.0066225861
0	0.4288025120	0.0850568296	0.0272997831	0.3301811937	0.1286596816
0	0.2944738018	0.1926265920	0.2545464125	0.1649731535	0.0933800402
1	0.1540727657	0.0088369580	0.7434261243	0.0006408318	0.0930233202
0	0.0320894590	0.3094858263	0.0201647447	0.5036091259	0.1346508441
0	0.1616648603	0.5710443261	0.2238893044	0.0000006755	0.0434008338
0	0.1692185252	0.2569054476	0.4806226628	0.0228996885	0.0703536760
0	0.2245018678	0.5236824672	0.0159726623	0.1588261641	0.0770168386
0	0.3119723503	0.6676638081	0.0139079822	0.0004770753	0.0059787840
0	0.0431688707	0.5971073463	0.0310561177	0.0509929421	0.2776747231
0	0.0617049096	0.6511207732	0.0608576712	0.0120709021	0.2142457438
0	0.0863301803	0.0568839346	0.4476941948	0.0882847084	0.3208069819
0	0.0097918056	0.8695244023	0.0799239148	0.0000000000	0.0407598773
0	0.2012255169	0.5596178592	0.2201377756	0.0167272662	0.0022915821
0	0.0000000000	0.6651649377	0.2735097999	0.0564045862	0.0049206762
0	0.0424677053	0.7331918787	0.2063622677	0.0121989246	0.0057792236
0	0.2035010019	0.1342790458	0.2343049254	0.0000112509	0.4279037760
0	0.6111657424	0.1571273832	0.1388398645	0.0431800330	0.0496869769
0	0.0046352066	0.6385187542	0.1798806800	0.0064365473	0.1705288119
0	0.0673974437	0.2920282502	0.2221809531	0.4068389079	0.0115544451
0	0.0377166322	0.8255916738	0.0294461562	0.0012523576	0.1059931802
1	0.0000000000	0.6455520667	0.2125376074	0.0000000000	0.1419103259
0	0.1701686846	0.0554893558	0.2627652601	0.0289241030	0.4826525965
0	0.0378681402	0.0929488177	0.3786707336	0.2083382419	0.2821740667
2	0.0000000061	0.0261839108	0.4116011772	0.0024805225	0.5597343833
0	0.6992721588	0.0865307609	0.0744333819	0.1397628285	0.0000008699
0	0.1662995145	0.7323509301	0.0899076344	0.0022739088	0.0091680122
0	0.0577099036	0.7537169139	0.0075114160	0.1794398402	0.0016219263
1	0.0963508472	0.0000029420	0.0000000801	0.0000000000	0.9036461307
0	0.0061646960	0.6507610919	0.0602827090	0.2434184636	0.0393730395
0	0.0130420057	0.6127184475	0.2053924763	0.0000000000	0.1688470705
0	0.2206295412	0.3555693080	0.1589207875	0.0220798693	0.2428004940
0	0.8387956760	0.0386053871	0.0443043184	0.0696953348	0.0085992837
1	0.0304041261	0.0433370931	0.6590064729	0.0024680561	0.2647842518
0	0.0612125784	0.0002891975	0.4992901705	0.0000007364	0.4392073172
0	0.0280100258	0.4826628637	0.3699663006	0.0883261589	0.0310346509
1	0.1213638752	0.0462644992	0.6526431201	0.0000000000	0.1797285055
0	0.5323670743	0.1600769291	0.1614960468	0.0511847503	0.0948751995
0	0.0108890622	0.0849542424	0.5488510083	0.0010691755	0.3542365116
0	0.0000595745	0.7849597615	0.0793735641	0.0045211446	0.1310859553
0	0.2504452758	0.1295873300	0.0000007465	0.1234348613	0.4965317864
0	0.0609618373	0.3918014553	0.3414583293	0.0903891865	0.1153891915
0	0.0607358710	0.1237029219	0.7982690490	0.0034924322	0.0137997260
0	0.0082684584	0.0402937124	0.7216678916	0.0597197258	0.1700502118
0	0.0000000000	0.2532271363	0.2468950835	0.0221714904	0.4777062898
0	0.1716484339	0.0174207698	0.3308844922	0.4800463042	0.0000000000
0	0.1856102113	0.0075899756	0.7552315603	0.0172454866	0.0343227661
0	0.0648783868	0.5722614237	0.2431102594	0.0044563099	0.1152936202
0	0.2554117545	0.0690937757	0.6646663093	0.0010506629	0.0097774976
0	0.5740030556	0.0650668702	0.0385138952	0.1973985252	0.1250176537
0	0.0172499416	0.0155277003	0.8625403806	0.0583634343	0.0463185431
0	0.0001866823	0.9579697672	0.0000085805	0.0289987528	0.0128362172
0	0.1191116187	0.4633718337	0.2351999466	0.0000024294	0.1823141717
0	0.2313563923	0.4122338090	0.3084318411	0.0005964958	0.0473814617
0	0.0296555060	0.1270219296	0.8433225644	0.0000000000	0.0000000000
1	0.0000000000	0.2497303328	0.3130933344	0.0000000224	0.4371763103
0	0.0522436057	0.3711201221	0.0019724557	0.0000000000	0.5746638165
0	0.1500223767	0.0000245562	0.7103608839	0.0000077164	0.1395844668
1	0.4632546324	0.0468892718	0.0000014112	0.0000000000	0.4898546845
0	0.0273850050	0.2351882276	0.3901035155	0.0429206692	0.3044025826
0	0.4043312230	0.2354097753	0.2985644298	0.0607499818	0.0009445901
0	0.0874515416	0.4933130809	0.0504553367	0.0746362632	0.2941437776
0	0.1565456887	0.1021144272	0.2920058713	0.0000147952	0.4493192175
1	0.1122381917	0.0092561643	0.0006566026	0.0000167883	0.8778322532
0	0.7945924092	0.0000050975	0.0307673145	0.1478987315	0.0267364472
0	0.3815613523	0.5751393192	0.0432417246	0.0000334088	0.0000241952
0	0.6225151596	0.3014407375	0.0006782222	0.0348797816	0.0404860992
0	0.3548812215	0.0207538043	0.3559352062	0.0009711671	0.2674586009
1	0.1301897568	0.4749308847	0.0741519692	0.0000000000	0.3207273893
0	0.0125858610	0.8008178380	0.0000053007	0.1835024867	0.0030885136
0	0.0016984644	0.6127643620	0.0573212320	0.0080948771	0.3201210645
0	0.1278573311	0.7624290146	0.1096057804	0.0000000001	0.0001078738
0	0.5882681839	0.3136181796	0.0020378064	0.0379987891	0.0580770410
1	0.4805358312	0.0278418808	0.4225721863	0.0003282297	0.0687218719
0	0.0396020251	0.3069267551	0.6342854811	0.0045166394	0.0146690992
0	0.0003125210	0.0023902816	0.9136427064	0.0000000000	0.0836544909
0	0.0495169521	0.0352083007	0.6808154676	0.0000161827	0.2344430969
0	0.2257823320	0.0033113429	0.6623517263	0.0000000016	0.1085545972
0	0.8576327584	0.0000603390	0.0006087113	0.1194123555	0.0222858358
0	0.7223106734	0.0077088379	0.0000000000	0.0814071555	0.1885733333
0	0.0000000001	0.6476505141	0.2495306137	0.0294738108	0.0733450614
1	0.0170615049	0.0322271089	0.0084256169	0.0000000000	0.9422857694
0	0.4426231584	0.1491280545	0.0125296521	0.0948500606	0.3008690744
0	0.2835561800	0.2962881867	0.2392655303	0.1430073069	0.0378827961
1	0.2135925610	0.0039359418	0.0279434706	0.0010670301	0.7534609966
0	0.4591714220	0.0161026670	0.3792596806	0.0000000000	0.1454662304
0	0.0033266159	0.0328885279	0.8198900970	0.0337157753	0.1101789839
