1	0.0918657334	0.0000000008	0.3188266572	0.0830927318	0.5062148768
0	0.0038922688	0.6258448556	0.3144912006	0.0320678684	0.0237038065
0	0.1133804242	0.6145031237	0.1637027144	0.0658608912	0.0425528464
0	0.0463999948	0.0998891865	0.0557746987	0.1516201140	0.6463160060
0	0.1235165644	0.1382592682	0.5098505057	0.1362122539	0.0921614078
1	0.5414005549	0.2361340478	0.0587012833	0.0000000000	0.1637641140
0	0.0357083057	0.0018062142	0.7476532520	0.0017432073	0.2130890208
0	0.3997210416	0.1138099683	0.1580347185	0.2414601833	0.0869740883
0	0.0217855738	0.2491739646	0.4507306523	0.0000002386	0.2783095707
0	0.0781622267	0.2839014844	0.3268159011	0.0110410650	0.3000793227
0	0.8690218026	0.0019882457	0.0920429246	0.0000002248	0.0369468024
1	0.0394284773	0.0361806230	0.3918177791	0.0487334507	0.4838396698
2	0.0852295107	0.1667777508	0.0704958299	0.0000000000	0.6774969086
0	0.0000010615	0.1029832400	0.0085008246	0.6169855097	0.2715293643
0	0.1498833732	0.0005571121	0.3501534045	0.0000000000	0.4994061102
0	0.8292631969	0.0598782306	0.0467322823	0.0000000000	0.0641262902
0	0.2126485514	0.4905478569	0.2893156813	0.0001281908	0.0073597195
1	0.2265060335	0.4220640480	0.0016689342	0.0000000000	0.3497609843
0	0.0589527166	0.1421367673	0.0601141622	0.1213147886	0.6174815653
1	0.0014085260	0.1125213911	0.2273584853	0.0020217866	0.6566898111
0	0.0263761198	0.0935502852	0.8616936864	0.0183589439	0.0000209647
0	0.2540795708	0.5025595972	0.0237408893	0.1020056850	0.1176142576
0	0.2036910039	0.0769093642	0.0002680199	0.0218212197	0.6973103923
1	0.1736872649	0.3085710203	0.5120511382	0.0022007393	0.0034898371
0	0.2977737265	0.0015169809	0.4158487440	0.1421199402	0.1427406084
0	0.1355637008	0.4023300175	0.3650121191	0.0970634849	0.0000306777
0	0.0000009301	0.1732963391	0.7937807368	0.0001089906	0.0328130033
0	0.0355217430	0.8793892536	0.0850888194	0.0000001713	0.0000000127
0	0.0453020600	0.5125946794	0.4331689461	0.0000141844	0.0089201301
0	0.0024589656	0.0054714165	0.0187210467	0.0211208722	0.9522276990
0	0.0006427687	0.1409418063	0.3121838598	0.1012789212	0.4449526440
0	0.2658462326	0.0002180656	0.0041468008	0.0224945768	0.7072943242
0	0.3344101162	0.3841773635	0.0720092962	0.0035214594	0.2058817646
1	0.1233878935	0.7148028430	0.0817619461	0.0022287609	0.0778185566
0	0.0044225172	0.9865959894	0.0000001698	0.0074452192	0.0015361045
0	0.0006517090	0.4268229581	0.4292765629	0.0233695006	0.1198792694
1	0.0044673539	0.2352221194	0.0062776307	0.0000062885	0.7540266075
0	0.1237003332	0.4100099642	0.3379829988	0.0277732311	0.1005334728
0	0.0000000000	0.0300769604	0.1220666270	0.6963088641	0.1515475485
0	0.1990594051	0.1096613429	0.2790293803	0.0005371363	0.4117127354
0	0.0020182632	0.9875979138	0.0000015020	0.0089082493	0.0014740718
0	0.0151187437	0.0427497567	0.0005049553	0.0004129474	0.9412135969
0	0.2937768426	0.6508203585	0.0034972799	0.0094441734	0.0424613456
1	0.2168666815	0.7477228742	0.0236010184	0.0037550464	0.0080543795
1	0.1105725167	0.4531723209	0.0002992000	0.0000000000	0.4359559624
0	0.0302081408	0.2242311426	0.0931641659	0.0000000000	0.6523965507
0	0.0210300524	0.0456658975	0.1676626261	0.0000000000	0.7656414240
0	0.0271899264	0.0146949258	0.8657786310	0.0000000000	0.0923365169
0	0.5214704169	0.2606498833	0.0094865511	0.1848379588	0.0235551899
0	0.0176813081	0.1104993660	0.0470783437	0.0284012549	0.7963397273
1	0.6094349602	0.0000000000	0.3899084780	0.0000194580	0.0006371038
0	0.0814951101	0.1418648954	0.7728302208	0.0000057005	0.0038040732
0	0.5748535777	0.0713519318	0.3474897643	0.0049719885	0.0013327377
0	0.0341099692	0.0111693998	0.9196819651	0.0002290919	0.0348095741
0	0.0250856654	0.1424840035	0.4853930267	0.1716727061	0.1753645984
0	0.0979121507	0.5520304834	0.2645925635	0.0000000000	0.0854648024
0	0.0000406974	0.8951201358	0.0378263058	0.0670128609	0.0000000001
0	0.5305486016	0.1929735584	0.1977348119	0.0220649983	0.0566780297
0	0.4985219200	0.2585166975	0.2409996678	0.0005190795	0.0014426351
0	0.0435811867	0.2194403492	0.7059186250	0.0000000049	0.0310598341
0	0.5492501923	0.0015677000	0.4243881127	0.0010848636	0.0237091313
0	0.0003950109	0.0838198898	0.2140196157	0.0001886300	0.7015768536
0	0.0000000003	0.3617034868	0.3042087603	0.3340664387	0.0000213138
0	0.2443447999	0.1343295575	0.1652097479	0.1159781909	0.3401377038
0	0.3497653599	0.5466130200	0.0022326218	0.0088382132	0.0925507850
0	0.0464976090	0.0031850111	0.0451112120	0.1177289716	0.7874771963
0	0.0886032417	0.3861792134	0.2295531599	0.1478042766	0.1478601084
0	0.5555346254	0.0659997184	0.2286202447	0.1486817226	0.0011636889
1	0.0095124150	0.3648699080	0.0026269107	0.0000818671	0.6229088992
0	0.2999707053	0.3214366440	0.3597185002	0.0188741504	0.0000000000
1	0.0595380413	0.5723594037	0.0000002437	0.0000000062	0.3681023052
0	0.7227630851	0.0645506507	0.0000116703	0.1212619054	0.0914126885
0	0.0020781840	0.0318903930	0.8518044442	0.0000006572	0.1142263216
0	0.0000049460	0.0293435842	0.9288397245	0.0000005361	0.0418112093
2	0.0024137673	0.0164014224	0.0337552561	0.0000000000	0.9474295543
0	0.0317249142	0.1501021287	0.0000000000	0.0209065162	0.7972664409
0	0.0014368087	0.9347979369	0.0037988395	0.0010125067	0.0589539082
0	0.3572306003	0.3188054032	0.0012827610	0.0224499060	0.3002313295
1	0.1051212249	0.0220108131	0.1522127917	0.0016357961	0.7190193742
0	0.1731946086	0.1835500852	0.1247950675	0.0000052014	0.5184550372
0	0.0065089155	0.2567382402	0.5952695592	0.1414830220	0.0000002630
0	0.1707415838	0.0615777166	0.0791292769	0.1406704773	0.5478809455
0	0.2397789129	0.1002619768	0.1553547728	0.0000000094	0.5046043280
0	0.1877780910	0.1145023011	0.0937965666	0.3155863597	0.2883366815
0	0.2768970101	0.2984546537	0.4090525865	0.0000045001	0.0155912497
0	0.3401009048	0.0057738549	0.2167502363	0.0319809243	0.4053940798
0	0.7669683367	0.1988113954	0.0226463627	0.0048002809	0.0067736242
0	0.1421890287	0.8560740696	0.0007311749	0.0008893862	0.0001163406
1	0.0008944289	0.0009986070	0.0485854699	0.0000000000	0.9495214942
0	0.1360043395	0.0000022372	0.5134717514	0.0049073234	0.3456143485
0	0.1277355844	0.2581853110	0.3191796832	0.0395126142	0.2553868072
0	0.0273931280	0.3116811078	0.0000000820	0.1276350177	0.5332906644
1	0.2298670092	0.0378251259	0.0874821257	0.0026845713	0.6421411679
0	0.2129268100	0.5454315052	0.0036577387	0.0000003689	0.2379835772
0	0.0316766442	0.0002792655	0.9565697158	0.0000123129	0.0114620616
0	0.9310121411	0.0470660357	0.0170161216	0.0000355715	0.0048701301
1	0.7878985283	0.0702392614	0.1321153144	0.0000403265	0.0097065695
0	0.1738678381	0.0645648720	0.5321885250	0.1073769395	0.1220018255
0	0.2196830808	0.0146829677	0.4347264169	0.0667678990	0.2641396356
0	0.0000044243	0.5095152864	0.0325265921	0.1510607463	0.3068929509
