0	0.1666456869	0.1616219935	0.0977729087	0.0000000000	0.5739594109
1	0.3909657139	0.5896781644	0.0193469037	0.0000062052	0.0000030127
0	0.0002849718	0.0106532477	0.1961416918	0.2300330095	0.5628870792
0	0.0862833220	0.0000000003	0.3775000457	0.0000000067	0.5362166253
0	0.4806256786	0.1287067373	0.2275029509	0.1231100282	0.0400546050
0	0.0013152343	0.7899458658	0.1192792643	0.0892383582	0.0002212774
0	0.0116226242	0.0302660911	0.9277505380	0.0057973963	0.0245633504
1	0.0461880171	0.2781081780	0.0456995889	0.0020344392	0.6279697768
0	0.4075994460	0.0000000000	0.3548826370	0.0292974818	0.2082204352
0	0.0738485091	0.0000002399	0.4752532615	0.4508978820	0.0000001075
0	0.0979168381	0.6307639549	0.0002106944	0.2695462793	0.0015622333
0	0.0000000118	0.6843021300	0.2634972581	0.0073499703	0.0448506297
0	0.8478515210	0.0027505021	0.0653878277	0.0228092364	0.0612009127
0	0.0041543439	0.0011988127	0.7906984061	0.0086816901	0.1952667472
0	0.0662798519	0.2974252507	0.4764709368	0.1426035726	0.0172203879
0	0.0000002002	0.6300199049	0.0000000021	0.0449097787	0.3250701140
0	0.5623243260	0.3615108085	0.0000175993	0.0645481684	0.0115990978
0	0.3237457096	0.1540515268	0.0377673737	0.2390753041	0.2453600858
0	0.2843249864	0.3210728256	0.2966457060	0.0898298969	0.0081265851
0	0.3108640154	0.0997360720	0.5315133417	0.0234961888	0.0343903821
0	0.0504367398	0.0000000000	0.8304151635	0.0703438824	0.0488042143
0	0.0584019122	0.3333062198	0.0738600192	0.0046153371	0.5298165117
0	0.0000683958	0.0007009759	0.0009696498	0.0000000000	0.9982609785
0	0.0434783016	0.3945870721	0.1656523449	0.0000282225	0.3962540589
1	0.0845033065	0.3978113031	0.4374161012	0.0000000076	0.0802692816
0	0.0000000988	0.1542307196	0.6989715061	0.0000696943	0.1467279813
0	0.0799404018	0.1534542684	0.3663834957	0.0360493369	0.3641724972
0	0.6943993542	0.0012980418	0.2240543134	0.0025197726	0.0777285181
0	0.2823516569	0.0778802341	0.1672179415	0.0018658801	0.4706842874
0	0.2137134334	0.5378652378	0.1556467925	0.0128371337	0.0799374026
0	0.3862630814	0.0319190042	0.0704962540	0.0113776460	0.4999440143
0	0.6123722513	0.0209004154	0.2812243488	0.0829929053	0.0025100792
2	0.0000005307	0.0011768732	0.0096311728	0.0000000000	0.9891914233
0	0.9597410030	0.0253965494	0.0062134675	0.0019609209	0.0066880592
1	0.5891809502	0.2815109043	0.0731851675	0.0000000000	0.0561229780
1	0.0011081139	0.3951039476	0.0889086207	0.0000000000	0.5148793178
0	0.4706746155	0.4516815099	0.0001444525	0.0000081275	0.0774912946
0	0.0000400126	0.0240553920	0.1412544397	0.7739672372	0.0606829185
0	0.4487146447	0.0304104988	0.2156015476	0.2115113802	0.0937619287
0	0.3953772120	0.2132220763	0.0086182056	0.0890142829	0.2937682232
0	0.2504097498	0.0204968192	0.0009806849	0.0000011209	0.7281116253
1	0.0071813082	0.0040162552	0.0268968879	0.0000168101	0.9618887386
0	0.1639770953	0.3011580116	0.0317730967	0.0010431816	0.5020486148
0	0.4621600172	0.0856871363	0.2210148235	0.0000018861	0.2311361369
1	0.2270788244	0.0117682193	0.1747748602	0.0000674313	0.5863106648
0	0.2005263458	0.3820440909	0.1051914488	0.0063326107	0.3059055039
0	0.0074056783	0.6213934612	0.3366637608	0.0000033885	0.0345337112
0	0.0843700212	0.5323349504	0.0000926315	0.3832023968	0.0000000000
1	0.0000756302	0.0000000040	0.7834973113	0.0354016167	0.1810254379
0	0.4804611999	0.0030846775	0.0902169748	0.0010358607	0.4252012870
1	0.0364617906	0.0069187823	0.6701538460	0.0000000000	0.2864655811
0	0.0676149337	0.1431001073	0.7387272532	0.0449331191	0.0056245867
0	0.1333496446	0.6165961656	0.0001864244	0.0006550499	0.2492127155
0	0.0005068631	0.0423990444	0.7411579358	0.0746244405	0.1413117163
0	0.0058921316	0.1925114327	0.7367738064	0.0179003049	0.0469223244
1	0.0265101109	0.6479238927	0.0423493763	0.0002101566	0.2830064635
0	0.9239542933	0.0051669673	0.0061446839	0.0525016006	0.0122324549
0	0.0437400526	0.5432074659	0.3205638781	0.0810519086	0.0114366949
1	0.0006991273	0.2515777826	0.0536854407	0.0000000172	0.6940376323
0	0.0492665605	0.0114891185	0.7963355835	0.0031346380	0.1397740995
0	0.4819084237	0.3358421797	0.1332198203	0.0068330864	0.0421964898
0	0.0716114327	0.9248953296	0.0028894751	0.0000775967	0.0005261659
1	0.1333957133	0.0640943986	0.3128552500	0.0000003019	0.4896543362
1	0.0000000574	0.0008712989	0.0860784369	0.0000000000	0.9130502067
1	0.2213812487	0.6765496750	0.0110120717	0.0000645709	0.0909924337
2	0.0183172126	0.0775614985	0.0499588345	0.0000000000	0.8541624544
0	0.0024128293	0.8163407197	0.0401100159	0.0251572102	0.1159792249
0	0.2198430320	0.1083646527	0.3339557986	0.0863878625	0.2514486543
0	0.0553108913	0.6007404363	0.0396377934	0.0050113078	0.2992995712
0	0.1226071389	0.5510689712	0.0118703179	0.0534566660	0.2609969061
0	0.0452122519	0.3843384600	0.2513153335	0.0000011861	0.3191327685
0	0.2695020604	0.0100830655	0.5700606058	0.1471939722	0.0031602961
0	0.5267462751	0.3691246375	0.0038469256	0.0105140257	0.0897681362
0	0.0337002516	0.7887337472	0.0300408104	0.0039951072	0.1435300835
1	0.3633350738	0.2959819667	0.0284254851	0.0881606094	0.2240968650
0	0.9418801531	0.0404345462	0.0027778675	0.0095605303	0.0053469029
0	0.2128750042	0.0062237555	0.2624953298	0.4923400742	0.0260658363
0	0.3181623134	0.0556073039	0.0533267835	0.0039111613	0.5689924379
0	0.0000070469	0.2189802025	0.0456931204	0.1282762141	0.6070434162
0	0.2211364177	0.2117312236	0.0118057680	0.2205579264	0.3347686642
0	0.0206055269	0.2801231105	0.0001788619	0.0100281779	0.6890643227
0	0.1001860996	0.7538837021	0.1304692748	0.0143723650	0.0010885586
0	0.1065855208	0.3281520897	0.0998113830	0.4110513915	0.0543996149
0	0.7078652662	0.0406349755	0.0672575697	0.1721762228	0.0120659658
0	0.2634184956	0.0991209802	0.5407927719	0.0047200647	0.0919476875
1	0.2212367932	0.0018806061	0.0000000206	0.0000000000	0.7768825801
0	0.0003005527	0.1265768782	0.5374491582	0.0009062605	0.3347671503
0	0.2902507129	0.1299207400	0.0104011850	0.5694259904	0.0000013717
0	0.0748585538	0.7427341415	0.1297322206	0.0006913547	0.0519837294
0	0.0043432125	0.3798208678	0.5659902895	0.0263873313	0.0234582989
0	0.0461029080	0.8441698322	0.0037756902	0.0001128184	0.1058387512
0	0.2175402145	0.0621199251	0.0831884696	0.4351852992	0.2019660915
0	0.0003603134	0.6070959095	0.2377555294	0.0550034417	0.0997848060
0	0.0075845801	0.2433704954	0.1699979649	0.0074528667	0.5715940929
0	0.2213318304	0.5585279437	0.0171728141	0.0905273100	0.1124401017
1	0.0015918696	0.1394412833	0.4128383819	0.0159994936	0.4301289716
0	0.0001178981	0.2492490484	0.3519672432	0.2243973051	0.1742685053
0	0.1080848024	0.2325150768	0.2640424762	0.0095912084	0.3857664361
0	0.2417303084	0.1175055021	0.5565386684	0.0243439650	0.0598815561
0	0.0254726823	0.0213700178	0.5541652110	0.0055489381	0.3934431508
