0	0.1478912090	0.7098991162	0.1342318534	0.0061826164	0.0017952050
0	0.3128525409	0.0917302864	0.0994705782	0.2979168016	0.1980297929
0	0.1057233647	0.0717894833	0.0040291264	0.0489299548	0.7695280709
0	0.0119197016	0.1342879303	0.2867718296	0.0157057691	0.5513147694
1	0.0000000001	0.0000081544	0.0468759900	0.0000000000	0.9531158556
0	0.1324701285	0.4809476590	0.2904342981	0.0001568722	0.0959910421
0	0.5800071164	0.0897342281	0.1836513901	0.1175531968	0.0290540686
0	0.0101284687	0.1893780053	0.0018638502	0.7445916059	0.0540380700
0	0.0602352989	0.0222399794	0.7105972744	0.0000064387	0.2069210086
0	0.0301621058	0.9083626588	0.0356093296	0.0061383429	0.0197275631
0	0.0282178469	0.3195982354	0.4881514279	0.0928113036	0.0712211863
0	0.2757988354	0.2619804017	0.4552037293	0.0069003117	0.0001167218
0	0.1566616826	0.2455131250	0.4341717832	0.0073571077	0.1562963014
0	0.3036210739	0.1484962553	0.2960693162	0.0426165417	0.2091968130
0	0.0000560939	0.0279938817	0.9568729568	0.0000006524	0.0150764152
0	0.0027001713	0.9972815201	0.0000050445	0.0000132640	0.0000000000
1	0.1476989186	0.3346758547	0.0582369702	0.0000513893	0.4593368672
1	0.3319308474	0.2443968074	0.3349864075	0.0000000049	0.0886859328
1	0.0000341504	0.0048542682	0.1289475259	0.0000000000	0.8661640555
1	0.0185609572	0.0630640774	0.0115407965	0.0001753787	0.9066587902
0	0.0000019835	0.7068848495	0.1346738395	0.0041181708	0.1543211567
0	0.0071036993	0.5980470977	0.1647993060	0.1756310366	0.0544188604
1	0.0795654551	0.0000057638	0.0020818146	0.0000278994	0.9183190671
0	0.3753545491	0.1759128596	0.4042244891	0.0441444619	0.0003636402
0	0.0000214787	0.0149109137	0.8355483776	0.0528161904	0.0967030396
0	0.0159806610	0.4325465521	0.5441489890	0.0000000000	0.0073237980
0	0.0286292460	0.1115145370	0.0576475269	0.4214659075	0.3807427827
0	0.0060637541	0.4901676907	0.2446884603	0.0000000039	0.2590800910
1	0.0051781325	0.0001767965	0.0234691726	0.0047036866	0.9664722119
0	0.1644223213	0.2536450201	0.5122235269	0.0006438159	0.0690653159
0	0.0439037758	0.0001067571	0.1655552739	0.4002264749	0.3902077184
0	0.0334254181	0.0000522091	0.9540697758	0.0009222393	0.0115303578
0	0.0551697442	0.0253534254	0.0009966674	0.1009014226	0.8175787403
0	0.2111100737	0.0610832134	0.3951179005	0.1053973732	0.2272914392
0	0.3642622440	0.2257415392	0.0871133414	0.1393546798	0.1835281954
0	0.0689860529	0.7440591551	0.1327816943	0.0106352830	0.0435378147
0	0.2775107132	0.0230009558	0.6654027736	0.0329372632	0.0011482943
0	0.1616463510	0.4336174423	0.3978422596	0.0068851291	0.0000088181
0	0.0007638625	0.1778834949	0.0004054263	0.7818786306	0.0390685857
0	0.0262558414	0.8697893377	0.0002282255	0.0999653369	0.0037612586
0	0.0000732189	0.2269491671	0.5909357576	0.0000010467	0.1820408097
1	0.0271493976	0.0053336363	0.4155357845	0.0000000000	0.5519811817
0	0.1317030943	0.0338651346	0.3176096445	0.0000000000	0.5168221266
0	0.5347660665	0.1897550486	0.2413046759	0.0000000013	0.0341742077
0	0.2475604532	0.1194052919	0.4173881022	0.0668750187	0.1487711340
1	0.1316492131	0.2012333265	0.0000108062	0.0000173669	0.6670892872
1	0.0000000000	0.4227350085	0.0769901205	0.0000000000	0.5002748710
0	0.3581239685	0.0000000008	0.5246959746	0.0281236946	0.0890563615
0	0.3754654893	0.0224970014	0.2392591195	0.0000000000	0.3627783898
1	0.0621281816	0.5984972008	0.0294980806	0.0531140329	0.2567625041
1	0.7043659858	0.0000004938	0.0006425004	0.0088930121	0.2860980079
0	0.0172507266	0.3912995397	0.5451124909	0.0359109095	0.0104263333
0	0.0895458203	0.6671647779	0.0049197891	0.2306757717	0.0076938410
1	0.0026003866	0.0036163144	0.1159155920	0.0712567447	0.8066109623
0	0.4284732241	0.0712218651	0.1159452467	0.2180923953	0.1662672688
0	0.0233183560	0.0233019533	0.8876841715	0.0033155617	0.0623799575
0	0.0278253933	0.0674683878	0.6268660124	0.0147842851	0.2630559215
0	0.1109163021	0.5132222040	0.0000000037	0.3736303246	0.0022311656
1	0.2656667821	0.1833985355	0.4272552706	0.0000000000	0.1236794117
0	0.2842192764	0.0000004997	0.4735556234	0.0003669301	0.2418576704
0	0.0445685699	0.4455092669	0.3768252097	0.0579690880	0.0751278655
0	0.0000669140	0.0432824402	0.9116359958	0.0000000020	0.0450146480
0	0.0007786197	0.1408799761	0.6365082540	0.0185743300	0.2032588202
0	0.4801169449	0.1117337301	0.2729626585	0.0000000000	0.1351866665
0	0.0106334240	0.8979287726	0.0153860478	0.0365720014	0.0394797541
0	0.0838020177	0.8061401360	0.1099069627	0.0000000000	0.0001508836
2	0.0008280266	0.0215928784	0.0138510495	0.0000119156	0.9637161299
0	0.1555708527	0.0323945268	0.6209541198	0.0312288574	0.1598516433
0	0.0003146296	0.9634493674	0.0360579874	0.0000001965	0.0001778191
0	0.0559055617	0.1703609463	0.2860114126	0.1138111635	0.3739109159
0	0.2869236047	0.5227560692	0.1867728233	0.0000000000	0.0035475028
0	0.2675004082	0.4031918788	0.1142037731	0.0001325574	0.2149713826
0	0.9097678492	0.0301900696	0.0021337358	0.0579083454	0.0000000000
0	0.0054479002	0.0409165409	0.9223183479	0.0313126436	0.0000045675
0	0.3256489448	0.0039026985	0.5758496789	0.0000056408	0.0945930370
0	0.4505754366	0.0466114257	0.3626764983	0.1191880008	0.0209486386
1	0.0943359551	0.0000000376	0.2299136582	0.0000000000	0.6757503491
0	0.4291361232	0.0146147518	0.3513447332	0.0053904933	0.1995138985
0	0.0766392705	0.0084199189	0.9142010765	0.0000027686	0.0007369656
0	0.9161865720	0.0184691291	0.0639658334	0.0013784655	0.0000000000
1	0.2039901934	0.0703953317	0.0904977170	0.1613281330	0.4737886249
0	0.0074974510	0.0368963927	0.6563717565	0.0009671780	0.2982672218
0	0.2816812348	0.6257868019	0.0416805946	0.0508513687	0.0000000000
0	0.2698135932	0.1304400701	0.0915460689	0.1505384178	0.3576618501
0	0.1747488192	0.7084794304	0.0291547735	0.0834010549	0.0042159219
1	0.4265180318	0.1898928590	0.0054047120	0.1338383116	0.2443460856
0	0.2722648018	0.4054820123	0.0872764644	0.0534862179	0.1814905036
1	0.0012109728	0.0806659039	0.4743381366	0.0000000000	0.4437849867
0	0.0147410621	0.3140193818	0.5267387326	0.0275562669	0.1169445566
0	0.4298712211	0.3659839919	0.0369837712	0.0003106822	0.1668503335
1	0.0000000000	0.0002824880	0.0004672293	0.0150281311	0.9842221517
0	0.0527317737	0.3165824695	0.3220776449	0.0042537554	0.3043543565
0	0.2726732853	0.4772873453	0.1613629528	0.0286520932	0.0600243235
0	0.0346209235	0.6147328066	0.1944868865	0.0384807883	0.1176785951
0	0.0872042782	0.0255968604	0.1353472300	0.0140391343	0.7378124971
0	0.0871221229	0.1723383807	0.1027470344	0.1841909612	0.4536015007
0	0.6164733641	0.0223824048	0.0329380229	0.1482213643	0.1799848439
0	0.0000000000	0.6407568304	0.0886242810	0.2581312425	0.0124876461
1	0.0212432595	0.2387089301	0.0000937659	0.0006701068	0.7392839377
0	0.4410621974	0.3124161200	0.0138126211	0.0000000000	0.2327090614
