0	0.1208290224	0.1286623269	0.3897937626	0.0000000000	0.3607148882
0	0.5771337007	0.1727352219	0.1818019193	0.0483020480	0.0200271101
0	0.0676721565	0.0257350942	0.1822731390	0.0008568044	0.7234628058
0	0.0316560692	0.3075041483	0.3376318152	0.0000001280	0.3232078393
0	0.3855469338	0.0849263032	0.3357684046	0.1936478728	0.0001104855
0	0.0002253323	0.0629858286	0.7696490882	0.1166322667	0.0505074840
0	0.4356063480	0.4975670472	0.0009733400	0.0299551407	0.0358981241
0	0.1925442694	0.6382266951	0.1075915261	0.0000028692	0.0616346402
0	0.2897889930	0.0123156656	0.6978949395	0.0000004019	0.0000000000
0	0.8928312849	0.0019157546	0.0130443167	0.0829147552	0.0092938886
0	0.0788413357	0.0614018755	0.0348741069	0.7536419876	0.0712406943
0	0.4510688560	0.0002374050	0.0016440052	0.3580397426	0.1890099912
0	0.9097607556	0.0193747271	0.0350378570	0.0215682556	0.0142584046
0	0.1828414599	0.1766460679	0.4430146628	0.0000517929	0.1974460165
0	0.0666240580	0.8873817335	0.0352686802	0.0000000540	0.0107254743
0	0.3380724925	0.0003596370	0.5120209002	0.0044846541	0.1450623161
0	0.1259468259	0.2667739722	0.2986707838	0.3086080705	0.0000003476
0	0.3907933486	0.5219455113	0.0000000001	0.0216807088	0.0655804312
0	0.1565530475	0.0588063501	0.0787330197	0.1007487708	0.6051588119
0	0.5548064037	0.2226946460	0.0580855332	0.0000790006	0.1643344166
0	0.0007530493	0.8155736978	0.0256974673	0.1427802905	0.0151954952
0	0.6805445461	0.1980243259	0.1208097918	0.0002172351	0.0004041011
0	0.0000000000	0.5666994308	0.2796944590	0.1325114071	0.0210947031
0	0.4390478318	0.0000000314	0.5420796178	0.0095565687	0.0093159502
1	0.1830418342	0.0080431375	0.5863105343	0.0457309304	0.1768735636
0	0.0000007456	0.2947948616	0.5331137337	0.1720788608	0.0000117983
0	0.0219958771	0.6372441894	0.0597894925	0.2809704411	0.0000000000
0	0.0504363072	0.0406937018	0.0389482221	0.8165784451	0.0533433238
0	0.0620325397	0.7466050849	0.0637695264	0.0000000003	0.1275928488
0	0.2492338117	0.0065019166	0.3475571062	0.0001633484	0.3965438171
0	0.1723039517	0.0000693342	0.7028374824	0.0456837450	0.0791054868
0	0.1549728013	0.5156518500	0.2135835023	0.1153433636	0.0004484828
0	0.6307838605	0.2903627062	0.0281531166	0.0033488203	0.0473514964
1	0.0000000001	0.1955202113	0.1976918883	0.0000047951	0.6067831052
0	0.0265243919	0.5988618874	0.0033949881	0.0497095922	0.3215091403
0	0.1571851820	0.0000001173	0.5813344559	0.0836649048	0.1778153401
1	0.0000002047	0.0161395807	0.0001358336	0.0008253357	0.9828990453
0	0.4502730948	0.2599276533	0.0145132683	0.0038518934	0.2714340902
0	0.0026196917	0.3266910584	0.6482018039	0.0000000000	0.0224874460
1	0.4014748486	0.0064692469	0.5268536843	0.0218133260	0.0433888942
0	0.1990464516	0.1546763689	0.3010603047	0.2835205041	0.0616963707
1	0.0531187167	0.0317311959	0.1895715048	0.0000000004	0.7255785822
0	0.5175394583	0.4043179972	0.0197421003	0.0007093687	0.0576910755
2	0.0009327310	0.1023585900	0.0654753145	0.0000000000	0.8312333645
0	0.1343950399	0.2271865230	0.5508017122	0.0646123662	0.0230043587
0	0.0019293742	0.3531490146	0.6169282023	0.0249894914	0.0030039175
0	0.2496755575	0.2217345045	0.1769130237	0.1740496430	0.1776272713
0	0.0491000119	0.0009631858	0.0817216071	0.0000000002	0.8682151950
0	0.1123814566	0.3029786326	0.0071444378	0.0000000000	0.5774954730
0	0.0425756581	0.0030485109	0.9307587867	0.0231909131	0.0004261313
0	0.0381265919	0.3067173058	0.3979533811	0.1949058870	0.0622968342
0	0.0000009403	0.5417143424	0.0248694190	0.3659761777	0.0674391206
0	0.0009462191	0.0256203323	0.2520923365	0.4403452833	0.2809958288
1	0.0682681974	0.0000475911	0.2201293498	0.0004760789	0.7110787829
0	0.0544109809	0.0574590008	0.0602964814	0.0000000002	0.8278335367
0	0.0609837024	0.0467090056	0.0000901744	0.8268869935	0.0653301241
0	0.6606477167	0.0514175884	0.0395516134	0.0632567982	0.1851262832
0	0.0000000080	0.0798891232	0.0373898075	0.0351767850	0.8475442763
0	0.0025324921	0.7551450691	0.0000642525	0.0641879163	0.1780702700
0	0.1280291951	0.0405905394	0.7400019576	0.0150216678	0.0763566400
0	0.2582644792	0.0126082011	0.2004326572	0.3162499004	0.2124447622
0	0.3393924130	0.0123881915	0.4032542496	0.0724512114	0.1725139344
0	0.3174402353	0.2960379497	0.2984904533	0.0016467011	0.0863846606
1	0.0000060117	0.2654509975	0.2628151071	0.0000000000	0.4717278837
0	0.7335556611	0.0444212148	0.2143981310	0.0033836391	0.0042413540
0	0.6083858789	0.1949407245	0.1951335135	0.0000000000	0.0015398831
0	0.6777004931	0.0000050169	0.1165853308	0.0344993627	0.1712097965
0	0.1553097040	0.5456015442	0.1567213546	0.0686814428	0.0736859544
0	0.1620233332	0.1781190668	0.0483451315	0.4749373415	0.1365751270
0	0.0759336933	0.7223131553	0.0000003032	0.2002610467	0.0014918015
2	0.0063877874	0.4126307711	0.4280056736	0.0000000000	0.1529757679
1	0.7118049424	0.2272326196	0.0377235901	0.0000000000	0.0232388479
0	0.2065167064	0.0893887070	0.6509355372	0.0000071733	0.0531518762
0	0.0692627987	0.0000339737	0.5648089611	0.0000000036	0.3658942630
0	0.3966371693	0.0000131491	0.5159734177	0.0036522645	0.0837239994
0	0.0000000003	0.3618288425	0.5654789288	0.0363170926	0.0363751358
0	0.0000016098	0.0007561307	0.8032058901	0.0472166760	0.1488196935
0	0.2392865125	0.0020010158	0.0340589696	0.3343232017	0.3903303004
0	0.2115018875	0.0751286565	0.2026925975	0.0125336362	0.4981432223
0	0.0076069532	0.5496236155	0.2868594128	0.0178487813	0.1380612372
0	0.7141368018	0.1036019659	0.0624286538	0.1178297687	0.0020028098
1	0.0000633285	0.1066361928	0.0013615209	0.0002019810	0.8917369767
0	0.1825371098	0.1550469765	0.6624069572	0.0000089175	0.0000000390
0	0.1365903408	0.4749180038	0.0066946070	0.0007182163	0.3810788320
0	0.1319941844	0.5575519310	0.1463374643	0.1641164204	0.0000000000
0	0.6980166842	0.0343665780	0.0522106967	0.1402743241	0.0751317170
1	0.9443280414	0.0211624593	0.0124535897	0.0000000416	0.0220558680
0	0.2019418841	0.4495573075	0.1792755358	0.0090066650	0.1602186076
0	0.0320837932	0.0147409919	0.0085882466	0.6779212331	0.2666657353
0	0.2185454449	0.3951271279	0.1039197994	0.0058452694	0.2765623585
0	0.2329560753	0.1969495422	0.0010597905	0.3561924946	0.2128420974
0	0.5857636022	0.0045902640	0.2057529523	0.0050203822	0.1988727993
0	0.0079561963	0.0011975557	0.9864322311	0.0000377664	0.0043762504
1	0.0369163308	0.0253671486	0.0242753681	0.0061651291	0.9072760233
0	0.0007104037	0.0523766798	0.0007810839	0.2014236714	0.7447081612
0	0.0009998085	0.9282718243	0.0506085633	0.0005417807	0.0195780233
0	0.0744569375	0.0583623435	0.8047385272	0.0615369688	0.0009052231
0	0.0515717529	0.0563886726	0.7464978814	0.1159762093	0.0295654838
0	0.4319393727	0.0768185220	0.0041818609	0.1045100584	0.3825501860
0	0.7269213823	0.2380115040	0.0347244269	0.0003148081	0.0000278788
