1	0.1179949277	0.3948657287	0.0056179248	0.0065930032	0.4749284157
1	0.0514171492	0.9122575542	0.0007072151	0.0029150003	0.0327030812
0	0.0343016307	0.0001898996	0.6984153232	0.0000191791	0.2670739674
0	0.1234178456	0.1888533362	0.2054982551	0.2537357490	0.2284948141
0	0.4920232691	0.0406765413	0.0243271233	0.2252746747	0.2176983916
1	0.0299473885	0.9454891493	0.0000007555	0.0000103926	0.0245523140
0	0.0430687063	0.7948703355	0.0053266561	0.1547204193	0.0020138828
0	0.2000442722	0.0244923197	0.0463311867	0.1609385397	0.5681936817
0	0.7173848139	0.0275779582	0.1771385181	0.0071807217	0.0707179881
0	0.0135851681	0.0907734545	0.8879696356	0.0000585906	0.0076131511
0	0.0223837214	0.5908650604	0.1703347352	0.0023980845	0.2140183985
0	0.2723118616	0.2491959201	0.3933050536	0.0536352422	0.0315519224
0	0.0828044432	0.2289266944	0.6545045902	0.0074663674	0.0262979048
0	0.1015378638	0.0410928971	0.7788061868	0.0785629290	0.0000001234
0	0.0029529153	0.0094574772	0.9285009275	0.0029488010	0.0561398790
0	0.0491899882	0.8784138058	0.0492473565	0.0133949213	0.0097539282
1	0.0178579282	0.0158267860	0.5591293703	0.0000000000	0.4071859155
0	0.0006323727	0.4317678510	0.0160573254	0.0853583483	0.4661841026
0	0.0052746823	0.0028945322	0.0167843396	0.1132445542	0.8618018919
1	0.1154528703	0.0027005109	0.0100790207	0.0672830998	0.8044844983
0	0.2535458631	0.0025861749	0.6022037472	0.0270900756	0.1145741391
0	0.0127155477	0.0000114481	0.0265302779	0.6654200629	0.2953226634
0	0.0878919915	0.0000276920	0.0022422730	0.9098380435	0.0000000000
0	0.0177603111	0.2647996969	0.0300453235	0.2081003657	0.4792943027
1	0.6267133275	0.0025853297	0.3668772439	0.0000001381	0.0038239608
0	0.2194114181	0.4827669991	0.2274826898	0.0703388930	0.0000000000
1	0.5016078917	0.0644034239	0.0644521832	0.0000000000	0.3695365012
0	0.6886128528	0.3070833300	0.0039991850	0.0001017682	0.0002028640
0	0.1117521212	0.7280140214	0.0885751581	0.0000000000	0.0716586993
0	0.0227996605	0.3825608999	0.2660040188	0.0000000000	0.3286354207
0	0.1148606623	0.7938169607	0.0910372116	0.0000000000	0.0002851654
0	0.6823794239	0.0280607024	0.1039798890	0.0795950055	0.1059849791
0	0.5838185989	0.3161090897	0.0848189616	0.0152533498	0.0000000000
0	0.0620119050	0.0843790412	0.3646640070	0.0216243365	0.4673207103
0	0.0792324868	0.0875534122	0.5414704894	0.1769453421	0.1147982695
0	0.0574568287	0.4723626448	0.3934921980	0.0458930431	0.0307952853
0	0.6686071655	0.0099685493	0.1447477780	0.1064688678	0.0702076393
0	0.2507050457	0.2652602769	0.0930735046	0.2285166128	0.1624445600
0	0.2951883593	0.1601963740	0.5126573840	0.0319244069	0.0000334758
0	0.0035656824	0.9750951719	0.0001388855	0.0090431766	0.0121570836
0	0.9091046632	0.0545869161	0.0039892129	0.0007032414	0.0316159664
2	0.1159050911	0.0113886813	0.0127916418	0.0000000000	0.8599145858
1	0.0724703806	0.3964171582	0.1298899075	0.0000000000	0.4012225537
0	0.2629260238	0.1482542224	0.0480646088	0.3042327308	0.2365224142
0	0.0445431801	0.1237887244	0.1062366597	0.6347437347	0.0906877012
0	0.1249476082	0.3714321501	0.4341337250	0.0001652055	0.0693213113
0	0.2256713919	0.5285508960	0.0000193334	0.0008832653	0.2448751134
0	0.0863215027	0.2195844752	0.0000402777	0.3650352273	0.3290185171
0	0.1752525037	0.1326262134	0.3170039615	0.0000213772	0.3750959442
0	0.5237335500	0.0042301170	0.0000000183	0.0951770812	0.3768592334
0	0.2194368466	0.0634877311	0.4643182008	0.0303167878	0.2224404337
0	0.0241801698	0.3065825669	0.3290979355	0.3206503205	0.0194890073
2	0.0573617326	0.0089527939	0.0546975730	0.0000000000	0.8789879005
0	0.1651924340	0.0029102626	0.2904954009	0.0044024751	0.5369994274
0	0.2867443980	0.1937925476	0.1018493555	0.0118113098	0.4058023891
0	0.1007954233	0.0817887294	0.2251585275	0.1531787000	0.4390786198
0	0.0156495684	0.0928342201	0.8487993573	0.0255789244	0.0171379298
0	0.4051230557	0.0013169227	0.0946324414	0.0000000110	0.4989275692
0	0.0070440442	0.1018852410	0.6990425754	0.0051292560	0.1868988835
0	0.0027478512	0.0022381277	0.3251791887	0.5915804539	0.0782543785
0	0.4513268578	0.0962600358	0.4412953001	0.0000216061	0.0110962002
1	0.0168730261	0.0148517195	0.0073115676	0.0000000000	0.9609636868
1	0.1316472174	0.2202010514	0.5006138077	0.0001256767	0.1474122468
1	0.4187297556	0.2000262489	0.0378315672	0.0004403332	0.3429720951
0	0.1476085784	0.5332259738	0.2474620139	0.0125195571	0.0591838768
0	0.0000000000	0.3017477219	0.3357491791	0.0124585078	0.3500445912
0	0.3208812557	0.1981102781	0.2880386308	0.0008548532	0.1921149822
1	0.0000216075	0.6575233426	0.2039879389	0.0000000005	0.1384671105
0	0.0070860398	0.0189776510	0.8829330352	0.0232281538	0.0677751202
0	0.0003499339	0.0515384558	0.1478622268	0.7300377999	0.0702115837
0	0.0455071908	0.8599754330	0.0000000000	0.0238962908	0.0706210854
0	0.1374306143	0.0520216957	0.0023871214	0.0000000000	0.8081605686
0	0.0195695985	0.7785315519	0.1870952445	0.0051140798	0.0096895254
0	0.2113268774	0.4289042795	0.0147615917	0.0132730908	0.3317341606
0	0.0034597171	0.7363602002	0.0908348375	0.0153105969	0.1540346482
0	0.4702936632	0.0000000849	0.1550546851	0.0047299963	0.3699215706
0	0.0009251630	0.6272005830	0.1605081234	0.0424074165	0.1689587140
0	0.8440613013	0.0000001419	0.0158887761	0.0015311779	0.1385186029
0	0.6537384985	0.0004020429	0.2250806111	0.0057267352	0.1150521123
0	0.0183787792	0.7965315141	0.1850896998	0.0000000069	0.0000000000
1	0.2613851412	0.0216576763	0.0001122717	0.0185219220	0.6983229888
0	0.0466582090	0.0329452918	0.0000464011	0.8682899053	0.0520601928
0	0.1722964318	0.0132934284	0.0261755381	0.0000103438	0.7882242579
0	0.1743673834	0.0008593184	0.2907923888	0.0000481325	0.5339327769
0	0.5967015888	0.0000873526	0.2997976171	0.0000000021	0.1034134393
0	0.9053009726	0.0014786632	0.0751373303	0.0000155798	0.0180674541
0	0.0631338219	0.0118456708	0.7417000684	0.1586250114	0.0246954276
0	0.0031133697	0.9358950847	0.0116951695	0.0000304922	0.0492658839
0	0.4194935411	0.1396648751	0.0200213858	0.0032725554	0.4175476426
1	0.0065515861	0.0052446712	0.5869300794	0.0003627820	0.4009108812
0	0.0019040166	0.8712667069	0.0155317324	0.1001229121	0.0111746321
0	0.1816274496	0.0000369023	0.6394277917	0.0007676424	0.1781402140
1	0.0000000000	0.0000013064	0.0296255082	0.0000000000	0.9703731855
0	0.0034999918	0.0869436443	0.0729360322	0.0149021054	0.8217182263
1	0.0239211883	0.7570658793	0.0547829713	0.0014661840	0.1627637772
0	0.0418496957	0.2186541132	0.0742770026	0.0151213774	0.6500978111
0	0.0000000000	0.7649261015	0.1788255115	0.0002834324	0.0559649545
0	0.0201072684	0.9345265359	0.0034662171	0.0092030186	0.0326969600
0	0.0818600299	0.5116677882	0.1548582877	0.1560845916	0.0955293026
0	0.3370437876	0.5657694265	0.0560340567	0.0227619283	0.0183908009
