0	0.6393471368	0.1601805040	0.2004723591
0	0.0025542063	0.0000000005	0.9974457932
0	0.0000000834	0.4845164871	0.5154834295
1	0.1677259692	0.0013288330	0.8309451978
0	0.5700025427	0.0000000000	0.4299974573
1	0.0147898388	0.0748767243	0.9103334369
0	0.1366456101	0.0043241742	0.8590302156
0	0.6542823690	0.2121192487	0.1335983823
0	0.0628404863	0.0000000000	0.9371595137
0	0.0290501870	0.5242929660	0.4466568469
1	0.0000000362	0.0048692299	0.9951307338
0	0.2084926435	0.3915842442	0.3999231123
0	0.9999994056	0.0000005813	0.0000000131
0	0.0056236580	0.0738607660	0.9205155760
0	0.9339497167	0.0659079121	0.0001423712
1	0.8826412594	0.0097246829	0.1076340577
1	0.0051430211	0.9948569453	0.0000000337
1	0.6274220441	0.0005888479	0.3719891080
0	0.6817455090	0.0016663129	0.3165881780
0	0.2091585953	0.2650683472	0.5257730575
0	0.0007054875	0.0039033130	0.9953911996
0	0.0000000000	0.1360039658	0.8639960342
0	0.0000000000	0.5753794574	0.4246205426
0	0.9342621446	0.0002194464	0.0655184089
0	0.9487769241	0.0439769203	0.0072461555
0	0.8463012878	0.0046231708	0.1490755414
0	0.0000000000	0.0000000006	0.9999999994
1	0.0000000000	0.0000018451	0.9999981549
0	0.0000582243	0.0077218733	0.9922199024
0	0.2296529117	0.0008093053	0.7695377831
1	0.0000000030	0.4701463314	0.5298536656
1	0.9898377658	0.0101622311	0.0000000031
0	0.4165512294	0.3255988010	0.2578499696
0	0.3513126291	0.5028588234	0.1458285475
0	0.3826035444	0.5821947698	0.0352016858
0	0.5208404328	0.1485598529	0.3305997143
1	0.0317198548	0.6555934221	0.3126867231
0	0.2700035117	0.2790007947	0.4509956937
0	0.9999961247	0.0000038753	0.0000000000
0	0.8717210483	0.0369440437	0.0913349079
0	0.7477820395	0.1133209718	0.1388969888
0	0.0000267652	0.1862374700	0.8137357648
0	0.0560461731	0.2120641676	0.7318896594
0	0.0000000304	0.0000115727	0.9999883969
0	0.1413340409	0.6776262102	0.1810397489
0	0.0000444363	0.0006046903	0.9993508734
0	0.3988580306	0.2468348701	0.3543070993
0	0.0006631805	0.0000001723	0.9993366472
0	0.9992596227	0.0000000000	0.0007403773
0	0.0917933604	0.3875649207	0.5206417189
0	0.0943033667	0.9056966299	0.0000000034
0	0.4369588439	0.0016446125	0.5613965436
0	0.9660473512	0.0107590430	0.0231936057
0	0.0065476838	0.0762052162	0.9172471000
1	0.2616381410	0.7383615422	0.0000003168
0	0.9999990774	0.0000009226	0.0000000000
0	0.5557795932	0.0000000008	0.4442204061
2	0.0039498215	0.0000000000	0.9960501785
0	0.1915187003	0.0025586065	0.8059226931
0	0.5043292276	0.0000000000	0.4956707724
1	0.0003377730	0.9923930225	0.0072692045
0	0.0314817875	0.0000000000	0.9685182125
0	0.6250139097	0.0893789501	0.2856071402
0	0.0074298971	0.9907706088	0.0017994941
0	0.1747979207	0.7657068715	0.0594952077
0	0.0841607705	0.0000000000	0.9158392295
2	0.4185345901	0.0000000000	0.5814654099
0	0.0000044178	0.0017392252	0.9982563570
1	0.6969406633	0.3030571343	0.0000022024
0	0.3665216616	0.6334660030	0.0000123355
0	0.0050738353	0.3394595005	0.6554666641
0	0.1164335651	0.3144027422	0.5691636927
0	0.0000000016	0.0408440381	0.9591559603
0	0.6615414812	0.0000000000	0.3384585188
0	0.0000014250	0.8649525344	0.1350460406
0	0.8915120579	0.1005522012	0.0079357410
0	0.0792310876	0.0000000001	0.9207689123
0	0.8474465368	0.0535968713	0.0989565919
0	0.8868060748	0.1077030390	0.0054908862
0	0.9010115067	0.0197614467	0.0792270466
1	0.2278912194	0.5163020982	0.2558066824
0	0.9995595795	0.0004404205	0.0000000000
0	0.0427250588	0.5535237770	0.4037511642
1	0.1101192470	0.8898600808	0.0000206722
0	0.0000570923	0.0005370324	0.9994058753
0	0.0617322114	0.8075324231	0.1307353655
1	0.1498558706	0.0149663596	0.8351777698
1	0.4531722207	0.0005668951	0.5462608843
0	0.9238916587	0.0703153331	0.0057930083
0	0.1458591453	0.2743296549	0.5798111999
1	0.7788560144	0.0817263280	0.1394176576
0	0.8768909950	0.0450249300	0.0780840750
0	0.0046972188	0.0413672105	0.9539355707
0	0.2554767833	0.0379602070	0.7065630096
0	0.5269073347	0.4726491622	0.0004435031
0	0.7693406866	0.0013988031	0.2292605103
0	0.0000555205	0.9605576222	0.0393868573
0	0.0117788808	0.9817309061	0.0064902131
0	0.0712699820	0.1238489971	0.8048810208
1	0.4148702605	0.3252390511	0.2598906884
