0	0.2862139661	0.1375800964	0.5762059374
0	0.0050216009	0.3949096299	0.6000687692
1	0.0143413900	0.4957930200	0.4898655899
0	0.2776785470	0.1700664275	0.5522550255
0	0.7991791238	0.0001749465	0.2006459296
0	0.9711904172	0.0000181157	0.0287914671
0	0.0146634026	0.0000865382	0.9852500593
0	0.0367785663	0.5717509689	0.3914704648
0	0.9768534718	0.0026203516	0.0205261767
0	0.8587323548	0.1404924139	0.0007752312
0	0.0039997564	0.9844150244	0.0115852193
0	0.3086522825	0.0010265680	0.6903211494
0	0.0000000033	0.0140173906	0.9859826061
0	0.1889066832	0.1880729438	0.6230203730
0	0.0000000000	0.8146345865	0.1853654135
0	0.0007914861	0.9982810734	0.0009274405
0	0.0000096688	0.0000034261	0.9999869051
0	0.0000000000	0.9739841376	0.0260158624
0	0.0921035318	0.0320625023	0.8758339660
0	0.0418861389	0.0000002182	0.9581136429
0	0.7823847115	0.1289151810	0.0887001075
1	0.1150395282	0.8530641666	0.0318963052
0	0.2025893459	0.0056184433	0.7917922107
2	0.0805605384	0.5373462101	0.3820932514
1	0.3148718821	0.0230407125	0.6620874054
0	0.0678477705	0.5256796522	0.4064725773
1	0.7474466617	0.1364114359	0.1161419024
0	0.6666676771	0.0000259582	0.3333063647
0	0.1880835296	0.0134070957	0.7985093748
0	0.9999999320	0.0000000000	0.0000000680
0	0.0036081743	0.0001131353	0.9962786904
0	0.0462214292	0.0000917533	0.9536868175
0	0.8627981037	0.0000000002	0.1372018962
0	0.8795541428	0.0000000043	0.1204458528
0	0.2499343800	0.0014725578	0.7485930622
0	0.7777650933	0.2222349018	0.0000000049
0	0.0000083308	0.0016607431	0.9983309262
0	0.7707765229	0.0010358709	0.2281876061
0	0.5976842434	0.4023157566	0.0000000000
1	0.0008062102	0.0599833296	0.9392104602
0	0.7613963608	0.0000000000	0.2386036392
0	0.7639860553	0.0244532637	0.2115606810
1	0.9553386719	0.0000000001	0.0446613280
0	0.1493516977	0.6116549231	0.2389933792
0	0.0045067457	0.0000012855	0.9954919689
1	0.0504457535	0.1951665852	0.7543876614
0	0.2945466649	0.3083922270	0.3970611081
0	0.9878876435	0.0008792358	0.0112331207
0	0.9999999983	0.0000000000	0.0000000017
2	0.0000047805	0.2440765898	0.7559186298
0	0.0000000000	0.6040753570	0.3959246430
0	0.2726315493	0.4438319446	0.2835365061
0	0.0436590896	0.2396261153	0.7167147951
0	0.1559150472	0.0456052758	0.7984796770
0	0.1158774172	0.8841225828	0.0000000000
0	0.0462089487	0.9537878136	0.0000032378
1	0.1028578214	0.5461544846	0.3509876940
0	0.0073259151	0.9926740849	0.0000000000
2	0.0000000000	0.1374275193	0.8625724806
0	0.2071954264	0.3848310637	0.4079735099
0	0.1687901898	0.0000000000	0.8312098102
1	0.0097670467	0.9775931754	0.0126397780
0	0.7212219452	0.2716484641	0.0071295907
0	0.7515492984	0.0686060936	0.1798446080
1	0.4034444682	0.5965552634	0.0000002684
1	0.0014588130	0.0000015330	0.9985396540
0	0.0000000149	0.8199511281	0.1800488570
1	0.8017991526	0.0119797866	0.1862210608
1	0.0633697789	0.4012267376	0.5354034835
0	0.9183817256	0.0162253368	0.0653929376
0	0.9999867081	0.0000132917	0.0000000002
0	0.8635703847	0.0000192267	0.1364103886
0	0.0000153980	0.6769230763	0.3230615257
1	0.0070992656	0.8831619468	0.1097387876
0	0.1385726947	0.0000336408	0.8613936646
0	0.2823907773	0.0038688076	0.7137404151
0	0.0179869623	0.2502800008	0.7317330368
0	0.9793495835	0.0043030978	0.0163473187
1	0.4492162831	0.5450933783	0.0056903386
1	0.2381809097	0.1358194849	0.6259996054
0	0.0124396280	0.8940906798	0.0934696922
0	0.5512993867	0.0169789504	0.4317216630
0	0.7532089249	0.1419352468	0.1048558283
0	0.9999837689	0.0000162303	0.0000000008
1	0.1248366777	0.8713335479	0.0038297744
0	0.0000000551	0.0263665148	0.9736334301
0	0.0778911223	0.0042576197	0.9178512580
0	0.0259055037	0.0011740412	0.9729204551
0	0.9236712875	0.0342825861	0.0420461264
0	0.8020035961	0.0425930265	0.1554033775
0	0.0006101686	0.0315996592	0.9677901723
0	0.0000000000	0.0000000002	0.9999999998
0	0.8475212170	0.0000000000	0.1524787830
0	0.5632692892	0.2674114739	0.1693192368
1	0.3129270922	0.0000000065	0.6870729013
0	0.0458495192	0.1068788570	0.8472716238
0	0.7832435753	0.2167564247	0.0000000000
0	0.0013899020	0.0044145202	0.9941955778
0	0.8662104778	0.0886456748	0.0451438474
0	0.9522544146	0.0348704745	0.0128751109
