0	0.4956870979	0.0061972878	0.4981156143
0	0.4878348434	0.5100177703	0.0021473862
0	0.8294182758	0.0009044905	0.1696772337
0	0.5480938199	0.0007212996	0.4511848805
1	0.6144364817	0.2770838611	0.1084796572
0	0.0012124893	0.5162625369	0.4825249738
0	0.6656372537	0.0105507638	0.3238119825
0	0.9539879524	0.0460120476	0.0000000000
0	0.7784988071	0.2026951875	0.0188060054
0	0.9976374229	0.0023521875	0.0000103896
0	0.1358640635	0.6738639054	0.1902720311
1	0.0122135754	0.7639172709	0.2238691537
1	0.0486809269	0.0000000001	0.9513190730
1	0.7660274383	0.2234213631	0.0105511985
0	0.9954422144	0.0000000000	0.0045577856
0	0.3974760125	0.5561381583	0.0463858291
0	0.0000000063	0.3037172526	0.6962827411
1	0.1611614297	0.1399550888	0.6988834815
1	0.1165751028	0.1629496207	0.7204752765
0	0.1023695997	0.0000000000	0.8976304003
1	0.0344226736	0.0000006352	0.9655766912
0	0.9807134236	0.0000000000	0.0192865764
2	0.4989685551	0.0000033839	0.5010280610
0	0.0000000772	0.0869687177	0.9130312051
0	0.8063240996	0.1716144344	0.0220614661
0	0.1137386008	0.3752400563	0.5110213429
0	0.0742398998	0.0137942504	0.9119658498
1	0.5044261589	0.3517375662	0.1438362749
1	0.9840211709	0.0008140183	0.0151648109
0	0.9499406732	0.0020567549	0.0480025720
1	0.1196490720	0.0052521133	0.8750988147
0	0.3162529403	0.2646169483	0.4191301115
1	0.0276707670	0.6812811786	0.2910480543
0	0.1890954153	0.8105507693	0.0003538154
0	0.0000116450	0.0003810677	0.9996072873
0	0.7542157220	0.0818120160	0.1639722620
0	0.7037480735	0.2962491504	0.0000027762
0	0.0000000350	0.9991035121	0.0008964529
0	0.0000002292	0.9309375895	0.0690621813
0	0.3995722349	0.0000000000	0.6004277651
0	0.0375109304	0.0975732241	0.8649158455
0	0.5721884617	0.4193348719	0.0084766664
0	0.4412410795	0.0000000309	0.5587588895
1	0.3685909594	0.2255845981	0.4058244425
0	0.3843194414	0.1026128409	0.5130677177
0	0.9935892350	0.0064107650	0.0000000000
1	0.9815247985	0.0000327809	0.0184424206
0	0.4292153464	0.5707846536	0.0000000000
0	0.0111811588	0.4759587019	0.5128601393
0	0.1286732812	0.0004339632	0.8708927556
0	0.1701677252	0.6478256384	0.1820066364
0	0.2572401142	0.0372867241	0.7054731617
0	0.9699680897	0.0000000000	0.0300319103
0	0.9905899043	0.0081478021	0.0012622936
0	0.1900828265	0.8003659264	0.0095512471
0	0.0224876289	0.1456082661	0.8319041050
0	0.0668800020	0.3900112535	0.5431087446
0	0.9999997209	0.0000001933	0.0000000858
0	0.9821806112	0.0002694346	0.0175499542
1	0.0046017245	0.0294259118	0.9659723636
0	0.0344156238	0.9615721702	0.0040122060
0	0.9998231725	0.0000000000	0.0001768275
1	0.0153426101	0.1045612832	0.8800961066
2	0.2669772526	0.5637849351	0.1692378123
1	0.8834522487	0.1134131780	0.0031345733
0	0.4738106322	0.0129021858	0.5132871820
0	0.0001821926	0.5740278778	0.4257899296
0	0.9912655604	0.0001115005	0.0086229391
1	0.9526678664	0.0269779838	0.0203541497
0	0.9845052852	0.0148800638	0.0006146510
0	0.0493721711	0.8518031019	0.0988247269
0	0.3766718678	0.3840613129	0.2392668193
0	0.4401739812	0.0129364481	0.5468895707
0	0.2511308159	0.0000012085	0.7488679756
0	0.0000000000	0.0425292336	0.9574707664
0	0.5260930625	0.4709513412	0.0029555963
0	0.4781886303	0.4982963572	0.0235150125
0	0.0369350731	0.9630483777	0.0000165492
0	0.8324890074	0.0247860395	0.1427249531
1	0.9993338215	0.0006661785	0.0000000000
0	0.2785391299	0.2934376191	0.4280232510
0	0.9135543736	0.0000000000	0.0864456264
0	0.6213116547	0.2357791199	0.1429092253
0	0.1570555489	0.8429427365	0.0000017146
0	0.9991862605	0.0008137394	0.0000000001
0	0.7205147884	0.2123183340	0.0671668775
0	0.1092629553	0.8690740634	0.0216629812
1	0.0435321192	0.0000014948	0.9564663860
0	0.0000012116	0.0000000000	0.9999987884
0	0.1520489156	0.2551149573	0.5928361271
0	0.8071255247	0.0193148805	0.1735595948
0	0.0310661779	0.8876003670	0.0813334551
0	0.9681891691	0.0181064844	0.0137043465
0	0.0451517680	0.7220781235	0.2327701085
1	0.0015682685	0.0024591714	0.9959725601
0	0.0000179862	0.0073019342	0.9926800795
0	0.0000004228	0.1087076599	0.8912919173
0	0.5906830246	0.2841019411	0.1252150343
1	0.0593257573	0.9397261067	0.0009481360
0	0.6794485869	0.1826739430	0.1378774701
