0	0.0001054684	0.9845794579	0.0153150738
1	0.1862942129	0.5106432503	0.3030625367
1	0.4898343287	0.1966765828	0.3134890885
0	0.3137479905	0.3124161435	0.3738358660
0	0.0536620169	0.9426749709	0.0036630122
0	0.1084683077	0.8425415282	0.0489901641
0	0.4692354292	0.0991376462	0.4316269245
0	0.4935667474	0.5024164088	0.0040168439
1	0.0023397756	0.1251020542	0.8725581702
0	0.9907848118	0.0012347168	0.0079804714
1	0.0000000000	0.5466036835	0.4533963165
0	0.8615216761	0.0008778683	0.1376004556
0	0.1020433425	0.8274753393	0.0704813182
0	0.0039596244	0.9517924925	0.0442478831
1	0.0621541001	0.0062757563	0.9315701436
0	0.9183919987	0.0019942962	0.0796137051
0	0.0402666660	0.9597197202	0.0000136138
0	0.4390571473	0.0577895157	0.5031533370
0	0.0559925601	0.8286569963	0.1153504436
0	0.1060757897	0.0000000037	0.8939242066
0	0.8068501775	0.1656022737	0.0275475488
0	0.0068423831	0.5289718749	0.4641857420
0	0.5069450692	0.0631415840	0.4299133468
0	0.0000000024	0.0217444284	0.9782555692
0	0.9156100822	0.0014287098	0.0829612080
1	0.0415174625	0.0183805213	0.9401020162
0	0.1300920102	0.0059261169	0.8639818729
0	0.2074608711	0.4669048710	0.3256342579
0	0.1643324700	0.0003052434	0.8353622866
0	0.0000000000	0.1252754110	0.8747245890
0	0.7910526425	0.1384016142	0.0705457433
1	0.9994028297	0.0000380928	0.0005590775
0	0.0000000000	0.0359291281	0.9640708719
0	0.8334929438	0.0014303182	0.1650767380
0	0.9817015309	0.0003564112	0.0179420579
1	0.1759053523	0.0060976784	0.8179969693
0	0.0239240372	0.2483273017	0.7277486611
0	0.0000000000	0.2088909084	0.7911090916
0	0.0013215202	0.9986494585	0.0000290213
0	0.0065778417	0.0566252549	0.9367969034
0	0.0000068113	0.0008590345	0.9991341541
0	0.0000005031	0.3929184356	0.6070810613
0	0.1140803753	0.8858256569	0.0000939679
0	0.5946591410	0.1827793426	0.2225615164
1	0.0207778958	0.0545407721	0.9246813321
0	0.0255933083	0.4894980187	0.4849086731
0	0.0000000000	0.0824759286	0.9175240714
0	0.1203634071	0.0265486050	0.8530879879
0	0.6844317675	0.0835652990	0.2320029334
0	0.5225187963	0.4774811803	0.0000000234
0	0.0112313332	0.2520607199	0.7367079469
0	0.0876903025	0.0000000000	0.9123096975
1	0.0197883662	0.9272289951	0.0529826388
0	0.8148507387	0.1834517560	0.0016975052
0	0.8582373670	0.0064596277	0.1353030053
0	0.0017770896	0.0004740632	0.9977488472
0	0.0058179347	0.0004235436	0.9937585217
0	0.2784805558	0.7127523143	0.0087671299
0	0.8624357976	0.1332453976	0.0043188048
0	0.8574580122	0.0002253431	0.1423166446
0	0.6832945844	0.0000000000	0.3167054156
0	0.0008900469	0.9720387804	0.0270711727
0	0.7925120276	0.0598676588	0.1476203136
0	0.0000000000	0.8392249933	0.1607750067
0	0.7569914670	0.0020382908	0.2409702422
0	0.1636278435	0.2262371598	0.6101349967
0	0.4570606978	0.5429393021	0.0000000001
0	0.9999261813	0.0000000000	0.0000738187
0	0.0026050047	0.4141377021	0.5832572933
1	0.3925398211	0.1948207591	0.4126394197
0	0.0966521567	0.3770641304	0.5262837129
2	0.4490389516	0.0674227879	0.4835382605
1	0.4408007205	0.0013255382	0.5578737413
1	0.0000000253	0.9975564446	0.0024435301
0	0.7096200391	0.2826777358	0.0077022251
1	0.2641472637	0.0000000260	0.7358527102
0	0.0000379443	0.6383842323	0.3615778233
0	0.0000000000	0.0000000000	1.0000000000
0	0.0000000005	0.5781623938	0.4218376057
0	0.6701511152	0.3062766896	0.0235721952
0	0.0604632397	0.1055199781	0.8340167822
0	0.0787136735	0.7351452044	0.1861411221
0	0.0974834373	0.8696255338	0.0328910289
0	0.7209918246	0.0032157621	0.2757924133
0	0.6021881428	0.1622090271	0.2356028301
0	0.7999427035	0.1392961272	0.0607611693
0	0.9999977473	0.0000000001	0.0000022527
0	0.9635786339	0.0361572397	0.0002641264
0	0.0000070506	0.0163176097	0.9836753397
1	0.4230203893	0.1738754190	0.4031041917
0	0.0325646839	0.9674340590	0.0000012571
0	0.0337878706	0.0457068388	0.9205052906
0	0.1352189354	0.3734885207	0.4912925439
0	0.0816074534	0.8619910056	0.0564015410
1	0.2031404036	0.2684638389	0.5283957574
0	0.8087035424	0.0523981141	0.1388983435
0	0.1227564993	0.7328174437	0.1444260570
0	0.5941928598	0.3870349164	0.0187722238
0	0.4208609442	0.0866709381	0.4924681177
0	0.9999954721	0.0000045279	0.0000000000
