0	0.7323895045	0.0033844416	0.2642260538
0	0.1933407284	0.0000000000	0.8066592716
0	0.9961739991	0.0038114140	0.0000145869
0	0.8055130954	0.1280401062	0.0664467984
0	0.0136643987	0.0071891351	0.9791464662
0	0.0018849282	0.9887807481	0.0093343238
1	0.0000121496	0.9900914725	0.0098963779
0	0.0048585249	0.9388007629	0.0563407122
0	0.3865986969	0.5906885132	0.0227127899
0	0.7984657647	0.1797741959	0.0217600394
2	0.3348554136	0.1063087855	0.5588358009
0	0.0000107264	0.0138492340	0.9861400395
0	0.0464429420	0.9535570580	0.0000000000
0	0.9044853941	0.0028250344	0.0926895715
0	0.0000000000	0.3784053177	0.6215946823
0	0.0200966731	0.9780284641	0.0018748628
0	0.0018070420	0.4758335164	0.5223594416
0	0.0120693125	0.9877614581	0.0001692294
0	0.9941386487	0.0058433132	0.0000180381
0	0.0109423849	0.0938498106	0.8952078045
0	0.0001281906	0.0590041471	0.9408676623
0	0.5659756391	0.3876495565	0.0463748044
0	0.3235459268	0.2122697638	0.4641843094
0	0.2459886936	0.1925984363	0.5614128701
0	0.9224962615	0.0000000020	0.0775037366
0	0.1882793738	0.0073442222	0.8043764040
0	0.3048845125	0.6951106844	0.0000048031
0	0.1786226539	0.7587685994	0.0626087467
1	0.8463547189	0.1522297739	0.0014155072
0	0.0008442016	0.0000003332	0.9991554652
0	0.2374897446	0.3860663035	0.3764439518
0	0.2059540586	0.0000000000	0.7940459414
0	0.8711482797	0.0000004906	0.1288512297
0	0.1613074504	0.0420433254	0.7966492242
1	0.2203504299	0.4135972442	0.3660523259
0	0.0002662973	0.3173127633	0.6824209395
0	0.5526769041	0.4473230959	0.0000000000
0	0.7405767697	0.1298040370	0.1296191934
0	0.0093057914	0.1051853659	0.8855088427
1	0.0022022605	0.6594594591	0.3383382803
0	0.9193231907	0.0128539805	0.0678228289
0	0.0324325632	0.6816325941	0.2859348428
1	0.0002377572	0.0002262005	0.9995360423
0	0.4030762275	0.5396858080	0.0572379645
0	0.0000150274	0.0000700900	0.9999148826
0	0.9499851345	0.0001109314	0.0499039341
0	0.0015324530	0.7296159117	0.2688516352
0	0.5230852639	0.3748171042	0.1020976319
0	0.3866690267	0.6133309733	0.0000000000
0	0.0000396829	0.9999396320	0.0000206850
0	0.0000278467	0.0922290275	0.9077431259
1	0.9598214758	0.0401785242	0.0000000000
0	0.2419968703	0.0360128478	0.7219902819
0	0.9727478775	0.0137138299	0.0135382926
0	0.9936546984	0.0000000226	0.0063452790
0	0.5484737691	0.0108213151	0.4407049158
0	0.1096643630	0.0000885965	0.8902470405
0	0.4850457754	0.0039200509	0.5110341736
0	0.7250288292	0.2687310597	0.0062401112
0	0.6817249100	0.2913427236	0.0269323664
0	0.4178203702	0.0032107369	0.5789688929
0	0.9646878951	0.0353120741	0.0000000308
0	0.9603689794	0.0350111792	0.0046198414
0	0.9174502492	0.0825237686	0.0000259822
0	0.7954720182	0.0588517408	0.1456762410
0	0.0000000000	0.2113179840	0.7886820160
0	0.0000000024	0.9999966433	0.0000033543
0	0.1492056978	0.8481799802	0.0026143220
0	0.5282785991	0.2614612616	0.2102601393
0	0.0091267025	0.1587559242	0.8321173733
0	0.0014499347	0.9985500653	0.0000000000
0	0.0405297324	0.8232457526	0.1362245150
0	0.0086510491	0.4673262140	0.5240227369
0	0.8361438093	0.0017064471	0.1621497436
0	0.6141074992	0.0086020260	0.3772904748
0	0.0445952111	0.0000003445	0.9554044444
1	0.0526317172	0.2112798937	0.7360883891
0	0.0137938973	0.0000303164	0.9861757863
1	0.3878952939	0.5871668825	0.0249378237
0	0.0002063656	0.8672297693	0.1325638651
0	0.0185674638	0.0132744028	0.9681581333
1	0.6958298908	0.0053663664	0.2988037428
0	0.4358613876	0.5601085190	0.0040300935
0	0.5192821210	0.0000000648	0.4807178142
0	0.0205093640	0.2619939690	0.7174966671
1	0.2361325857	0.0008923672	0.7629750471
0	0.0063471185	0.0132261174	0.9804267641
0	0.8868512345	0.0376163571	0.0755324084
0	0.9930785012	0.0051928271	0.0017286717
1	0.0000000090	0.0086938624	0.9913061286
0	0.9918167188	0.0081832812	0.0000000000
0	0.0000000152	0.9260383188	0.0739616660
0	0.0000008969	0.0000000754	0.9999990277
0	0.0539824292	0.0707795611	0.8752380097
0	0.2294482424	0.1374565923	0.6330951653
1	0.0115066788	0.3620863460	0.6264069752
0	0.4728717946	0.0032823783	0.5238458271
0	0.8631736059	0.1040879912	0.0327384029
0	0.0000000000	0.0000000000	1.0000000000
0	0.4331128621	0.2601113483	0.3067757896
