0	0.1979770141	0.0000000000	0.8020229859
0	0.9845738438	0.0010516969	0.0143744593
0	0.6526260507	0.0205015526	0.3268723967
0	0.0347918511	0.9381234086	0.0270847402
0	0.0000000000	0.0340551159	0.9659448841
0	0.0613807541	0.9379715182	0.0006477278
0	0.3265926031	0.2333962002	0.4400111967
0	0.8561435898	0.0000000000	0.1438564102
0	0.9214925425	0.0617329283	0.0167745292
0	0.0003851803	0.0053006644	0.9943141552
0	0.8498253954	0.0503039174	0.0998706872
0	0.0036124523	0.0110232311	0.9853643165
0	0.6108184978	0.1163349023	0.2728465999
0	0.0443892068	0.8920820090	0.0635287842
0	0.7137436675	0.2856648958	0.0005914366
1	0.0010582542	0.1414795254	0.8574622205
0	0.1586093885	0.6734392758	0.1679513358
1	0.4177708818	0.0651551122	0.5170740060
0	0.1426097571	0.0422557581	0.8151344848
1	0.2059422121	0.5617350409	0.2323227469
0	0.0003345128	0.0405736791	0.9590918081
0	0.0181634899	0.0003436378	0.9814928723
0	0.0691299746	0.9308551891	0.0000148363
0	0.2652095794	0.7157345520	0.0190558686
0	0.1506735273	0.0019846669	0.8473418057
0	0.8554605623	0.0360149893	0.1085244484
0	0.0787387049	0.0000000000	0.9212612951
0	0.9635458264	0.0138394526	0.0226147211
0	0.0000000000	0.4029774890	0.5970225110
0	0.2121998912	0.7705184321	0.0172816767
0	0.1046343492	0.5931387310	0.3022269198
0	0.1595993643	0.6250199532	0.2153806825
0	0.0000023029	0.2197551754	0.7802425217
0	0.0001527783	0.1943446489	0.8055025729
0	0.0014557833	0.0000000080	0.9985442086
0	0.8042017205	0.0081001508	0.1876981287
0	0.9603425524	0.0329960004	0.0066614471
0	0.0753740625	0.0100664667	0.9145594708
0	0.8820126394	0.0691852878	0.0488020728
0	0.6826977856	0.0013192271	0.3159829873
1	0.2730812572	0.0001458136	0.7267729293
0	0.3751922914	0.0717445534	0.5530631552
0	0.8211266851	0.1727988930	0.0060744219
0	0.3304189850	0.6566599800	0.0129210350
0	0.0716438206	0.0000000000	0.9283561794
0	0.2529484840	0.0003126925	0.7467388234
0	0.1178140450	0.8821859550	0.0000000000
0	0.0152456740	0.9800156366	0.0047386894
0	0.1897313627	0.6014708101	0.2087978272
0	0.5640051405	0.4352091254	0.0007857342
0	0.3230770150	0.1215549360	0.5553680490
0	0.9955559559	0.0006067252	0.0038373189
0	0.0318456658	0.6030631861	0.3650911481
0	0.9332798561	0.0667198973	0.0000002466
0	0.9832945844	0.0167050907	0.0000003250
0	0.0108788888	0.8159199437	0.1732011675
0	0.0073324831	0.0000847858	0.9925827311
0	0.0011349614	0.0511679857	0.9476970529
0	0.2883614538	0.4220062257	0.2896323205
1	0.8280058201	0.1719936297	0.0000005501
0	0.0364140570	0.0813953794	0.8821905635
0	0.0000000000	0.5652588543	0.4347411457
0	0.0000111332	0.7770666928	0.2229221740
1	0.6732215585	0.1723062892	0.1544721523
0	0.1845152607	0.0214351974	0.7940495418
0	0.7330546678	0.2650803167	0.0018650155
0	0.0000047172	0.4267933846	0.5732018982
0	0.1094590890	0.0163345642	0.8742063468
0	0.8447718570	0.0473798817	0.1078482613
0	0.0400870576	0.6502417079	0.3096712345
0	0.7932239072	0.2049343372	0.0018417556
0	0.7086558684	0.0000000000	0.2913441316
0	0.4260513211	0.4638787311	0.1100699478
0	0.9251824183	0.0400250001	0.0347925816
0	0.0242037278	0.6757394281	0.3000568441
0	0.7829765756	0.0200657374	0.1969576870
0	0.8816334972	0.0000205409	0.1183459620
0	0.0001470263	0.9342799181	0.0655730556
0	0.0239727527	0.4816573886	0.4943698587
0	0.7779338630	0.0383191974	0.1837469396
0	0.1157720308	0.0498936459	0.8343343233
2	0.8965246060	0.0774720636	0.0260033304
0	0.0187236007	0.0087489933	0.9725274060
0	0.0800282297	0.2208792401	0.6990925302
1	0.5734332020	0.4265290828	0.0000377152
0	0.3449371834	0.2901775584	0.3648852581
0	0.8967597796	0.0000000000	0.1032402204
0	0.0040886068	0.1280868503	0.8678245429
0	0.5446878719	0.4550253250	0.0002868031
0	0.0237790263	0.0075441397	0.9686768340
0	0.0222991745	0.9776293942	0.0000714313
0	0.7993622063	0.0737410535	0.1268967402
0	0.0968130927	0.4588189262	0.4443679811
0	0.9973310757	0.0000008774	0.0026680469
0	0.0017827071	0.8646956720	0.1335216208
0	0.0018143396	0.0000003125	0.9981853479
0	0.4824515971	0.0000000000	0.5175484029
0	0.7851783125	0.2101090977	0.0047125897
0	0.0000119802	0.4052070271	0.5947809926
0	0.0015288064	0.0000000075	0.9984711860
