1	0.6548157621	0.0000000003	0.3451842376
0	0.1167570852	0.0000000000	0.8832429148
0	0.9999984141	0.0000014356	0.0000001504
0	0.0004004696	0.0772472045	0.9223523259
0	0.0049896032	0.9161189329	0.0788914639
0	0.0000000010	0.9999999990	0.0000000000
0	0.0708497124	0.1360077188	0.7931425688
0	0.7172244654	0.0043093536	0.2784661810
0	0.5977994834	0.2466091698	0.1555913468
0	0.8054509831	0.0778723045	0.1166767124
0	0.0097467038	0.8466095119	0.1436437843
0	0.0000026163	0.9394464021	0.0605509816
0	0.3641395217	0.1530399306	0.4828205478
0	0.1557856555	0.0000000000	0.8442143445
0	0.9999998979	0.0000000000	0.0000001021
0	0.8260054432	0.0540005513	0.1199940055
1	0.0109043817	0.1299414821	0.8591541361
0	0.0702288566	0.1258102347	0.8039609087
1	0.1792490938	0.0061478455	0.8146030607
0	0.0274355331	0.8135656023	0.1589988647
0	0.9961658857	0.0000000000	0.0038341143
0	0.2784413255	0.0257159258	0.6958427487
0	0.7979574095	0.0000000000	0.2020425905
0	0.0000000610	0.0001859826	0.9998139564
0	0.2646317420	0.0033444470	0.7320238110
0	0.0000038337	0.9999961663	0.0000000000
0	0.0310016945	0.8058212877	0.1631770178
0	0.0668352871	0.0000000000	0.9331647129
0	0.9806791661	0.0193208339	0.0000000000
0	0.0578017707	0.2195823327	0.7226158965
1	0.0004721405	0.9923456248	0.0071822347
0	0.0072969877	0.9896659008	0.0030371115
0	0.2859140872	0.1610056678	0.5530802449
1	0.0498713859	0.0001848603	0.9499437538
1	0.3635043016	0.0001020223	0.6363936762
0	0.0000000000	0.9756273855	0.0243726145
0	0.0000000000	0.9031500153	0.0968499847
1	0.7370217794	0.0563650355	0.2066131852
0	0.9170664719	0.0316835609	0.0512499672
0	0.0000000003	0.0172004855	0.9827995142
1	0.7249150603	0.0795486549	0.1955362848
0	0.0182777980	0.9628490396	0.0188731624
0	0.5303759122	0.0003865518	0.4692375360
1	0.4746037151	0.4528890961	0.0725071888
0	0.0182676934	0.1123308088	0.8694014978
0	0.0000000075	0.0000005779	0.9999994146
0	0.0108903952	0.9891096048	0.0000000000
0	0.0000128397	0.9496178575	0.0503693028
0	0.0045809256	0.0341755374	0.9612435370
0	0.4275152244	0.4608443611	0.1116404145
0	0.9812603436	0.0090395114	0.0097001450
0	0.9968755208	0.0001264305	0.0029980487
2	0.1279742281	0.8717807083	0.0002450636
0	0.8438995707	0.1187202771	0.0373801522
0	0.0003535845	0.3349110442	0.6647353713
1	0.9747573464	0.0252234841	0.0000191695
0	0.6754878090	0.0000031747	0.3245090163
0	0.0112143826	0.8324939433	0.1562916741
0	0.9695165678	0.0290854828	0.0013979493
0	0.0000023700	0.4112794625	0.5887181675
0	0.9696793775	0.0065204198	0.0238002027
0	0.0422998169	0.4759602062	0.4817399769
0	0.5641212759	0.0000000000	0.4358787241
0	0.0006735003	0.3637347003	0.6355917995
0	0.0000000000	0.0663970869	0.9336029131
0	0.1340164088	0.1610566407	0.7049269505
0	0.6780604185	0.3108936944	0.0110458870
1	0.0001154792	0.9943087906	0.0055757302
1	0.0000904412	0.2534647344	0.7464448244
0	0.1901050190	0.8069163140	0.0029786669
0	0.0000005490	0.2690343257	0.7309651253
2	0.0340098146	0.0255445924	0.9404455930
0	0.9619955676	0.0380044310	0.0000000014
0	0.9995664396	0.0003362686	0.0000972918
0	0.6432724374	0.3175267008	0.0392008617
0	0.2918073990	0.5609584861	0.1472341149
0	0.0114266635	0.3918880951	0.5966852413
0	0.0000000002	0.6590733555	0.3409266443
0	0.9327305028	0.0508178048	0.0164516924
0	0.9348314861	0.0000000080	0.0651685059
0	0.6482329410	0.0007518755	0.3510151834
0	0.0111119875	0.0000365774	0.9888514350
2	0.0000469500	0.2859940201	0.7139590299
0	0.9948485377	0.0000000000	0.0051514623
0	0.0887591009	0.0075173063	0.9037235928
0	0.5315912139	0.0355847848	0.4328240013
2	0.4209836989	0.1688213283	0.4101949728
1	0.0132248451	0.0162161564	0.9705589985
0	0.5778296061	0.4040004434	0.0181699505
0	0.3285526515	0.0241160113	0.6473313372
0	0.0219680558	0.7403891837	0.2376427605
0	0.0800484877	0.9199407432	0.0000107691
0	0.5287768332	0.3679367752	0.1032863915
0	0.0438441001	0.0075619647	0.9485939352
0	0.2396394212	0.0000036584	0.7603569204
0	0.2484968717	0.6181344666	0.1333686618
0	0.0000000065	0.0158915533	0.9841084401
1	0.2624988889	0.7374915714	0.0000095396
0	0.1507476016	0.0000646249	0.8491877735
1	0.4745608760	0.0597470431	0.4656920808
