0	0.0700376900	0.3558267149	0.5741355951
0	0.2163455587	0.7249526008	0.0587018405
0	0.0000000000	0.9360484146	0.0639515854
1	0.4827404116	0.0786731507	0.4385864377
0	0.9060449480	0.0939463200	0.0000087321
0	0.7679912690	0.2319884078	0.0000203232
0	0.5637494205	0.2804769286	0.1557736508
0	0.0934744387	0.7915956523	0.1149299090
0	0.1071681544	0.6358210481	0.2570107975
0	0.6965529645	0.0001397665	0.3033072689
0	0.3909804680	0.4259352692	0.1830842628
0	0.0000000156	0.0000000555	0.9999999289
0	0.0000000076	0.0967110194	0.9032889729
1	0.0000092439	0.5110547601	0.4889359960
0	0.0042449909	0.6646282148	0.3311267943
0	0.3569807570	0.0820246887	0.5609945543
1	0.1051663682	0.8948081071	0.0000255247
0	0.0672296968	0.1994584454	0.7333118578
2	0.0000000000	0.9995075032	0.0004924968
0	0.6026586597	0.3821704036	0.0151709367
0	0.0000251409	0.9782773419	0.0216975172
0	0.0385046272	0.0000581213	0.9614372515
0	0.0091367281	0.5839179523	0.4069453196
0	0.1850056124	0.0170548319	0.7979395558
0	0.0062829453	0.9116240957	0.0820929590
1	0.5275427748	0.2419929279	0.2304642973
0	0.2387315091	0.0432401962	0.7180282947
0	1.0000000000	0.0000000000	0.0000000000
1	0.2379030109	0.1893399838	0.5727570053
1	0.0062526165	0.0000000000	0.9937473834
0	0.6363396422	0.0723197216	0.2913406361
0	0.9946737765	0.0042500017	0.0010762218
1	0.9679321751	0.0001598480	0.0319079770
1	0.0002839838	0.6995539263	0.3001620899
0	0.0248299476	0.4403068690	0.5348631835
0	0.0084563440	0.5284544709	0.4630891851
1	0.0000002035	0.7841448181	0.2158549784
0	0.9634385695	0.0280481803	0.0085132501
0	0.1801908988	0.8198050713	0.0000040300
0	0.0153056013	0.9846943987	0.0000000000
0	0.0007732029	0.9976318199	0.0015949772
0	0.9935024480	0.0000000000	0.0064975520
1	0.2123289752	0.0000004799	0.7876705449
0	0.0007434725	0.9992433503	0.0000131772
0	0.9675277402	0.0233185368	0.0091537230
1	0.7099050945	0.2900112470	0.0000836585
0	0.0317880067	0.1555581575	0.8126538357
1	0.9201322216	0.0798677784	0.0000000000
0	0.8269706062	0.1685342606	0.0044951332
1	0.4966012960	0.0224469768	0.4809517272
0	0.6936573926	0.0522929234	0.2540496839
0	0.6143783946	0.3400587567	0.0455628487
0	0.5291654621	0.3543328199	0.1165017181
0	0.8760217050	0.0515182016	0.0724600934
0	0.6796724491	0.2960565071	0.0242710438
0	0.0127888013	0.0396274547	0.9475837440
0	0.0063693866	0.0000000001	0.9936306134
1	0.0052897396	0.9499436715	0.0447665889
0	0.0643495614	0.0327349021	0.9029155366
0	0.2427040056	0.0214789874	0.7358170070
0	0.9964974239	0.0000000000	0.0035025761
0	0.1202737271	0.0610998255	0.8186264474
0	0.7845666208	0.0312661158	0.1841672634
0	0.7437845347	0.2435812485	0.0126342168
0	0.9255938039	0.0084192253	0.0659869708
1	0.9423310918	0.0040621061	0.0536068021
0	0.3901060008	0.6086183195	0.0012756797
0	0.7817246717	0.0597604688	0.1585148595
1	0.7721048070	0.0013204079	0.2265747851
0	0.9883048655	0.0027969522	0.0088981823
0	0.2104543157	0.0000003234	0.7895453609
0	0.5220576681	0.2329414489	0.2450008831
1	0.2418078339	0.0000091812	0.7581829849
0	0.0242679598	0.2864557327	0.6892763075
0	0.2164119665	0.1671489806	0.6164390529
0	0.0000000071	0.9998256529	0.0001743400
1	0.1488019578	0.0000000000	0.8511980422
0	0.0006923416	0.0027293501	0.9965783083
1	0.0935242790	0.8859304995	0.0205452215
0	0.9991721990	0.0006163311	0.0002114699
0	0.0001436651	0.0000000000	0.9998563349
0	0.6064763866	0.0916254844	0.3018981290
0	0.2177435193	0.0575851658	0.7246713149
0	0.0158888794	0.1840831909	0.8000279298
0	0.6455629591	0.0000423262	0.3543947146
0	0.0000000000	0.0000000000	1.0000000000
0	0.1615412820	0.8384513917	0.0000073263
0	0.0295537570	0.0018513070	0.9685949360
1	0.0000000016	0.0313348203	0.9686651781
1	0.0000096958	0.8065235474	0.1934667568
0	0.9443965263	0.0087037826	0.0468996911
1	0.1273699943	0.8538132194	0.0188167863
0	0.0201895463	0.3325603297	0.6472501241
0	0.0000000001	0.2055839438	0.7944160561
0	0.0120718757	0.0000000016	0.9879281226
0	0.6296286116	0.3525716342	0.0177997542
0	0.0091948059	0.0000000000	0.9908051941
0	0.2778785612	0.1239004206	0.5982210182
0	0.7707780549	0.1580834311	0.0711385140
0	0.0035135571	0.1764399413	0.8200465016
