0	0.0000162277	0.0270977954	0.0311863741	0.0031093465	0.0240133881	0.0002783499	0.8669421489	0.0001948941	0.0234593207	0.0237021547
0	0.0539379578	0.0076687121	0.0496153437	0.0227415682	0.2038515011	0.0194163917	0.1573265524	0.4853904658	0.0000515074	0.0000000000
0	0.0001103326	0.6909370688	0.0180534942	0.0303943081	0.0833473493	0.1265554479	0.0068303556	0.0226148991	0.0000000000	0.0211567444
0	0.0479284590	0.0054853769	0.0012066345	0.0002452952	0.0578865478	0.0010100678	0.1164983004	0.4462747534	0.3214777304	0.0019868347
0	0.0588393567	0.0069631797	0.0559809720	0.7015411756	0.0167800876	0.0184721493	0.0999204294	0.0000671788	0.0259238877	0.0155115832
0	0.0056472812	0.2979104041	0.1413140682	0.4580842513	0.0435151697	0.0018083334	0.0023408792	0.0397840577	0.0067518441	0.0028437111
0	0.0005156534	0.0507869529	0.0152296720	0.7310554848	0.0553239475	0.0354913656	0.0676305070	0.0000000000	0.0024539556	0.0415124611
1	0.0154631041	0.1527401678	0.0088503979	0.0421714184	0.3980060838	0.0000155154	0.3334404483	0.0005066205	0.0484623748	0.0003438690
0	0.1185779632	0.0630047410	0.1420286234	0.0130525526	0.1707356456	0.0000358313	0.2233166163	0.1137642012	0.0433642998	0.1121195256
0	0.0736287036	0.0531916312	0.0621118288	0.2976522886	0.1383123424	0.0223180688	0.1849275809	0.0261456590	0.0470811959	0.0946307009
1	0.4217374625	0.0000000000	0.0213150546	0.0107731405	0.0713631468	0.0720869519	0.3662772538	0.0000000002	0.0339072424	0.0025397472
0	0.0000000000	0.3964504922	0.0160581657	0.0178823915	0.3715181532	0.0018374574	0.0472943495	0.0011047329	0.1478539588	0.0000002987
1	0.1193831083	0.0326672252	0.0114860852	0.0000079524	0.1517610500	0.0077502108	0.6704224060	0.0012206051	0.0052998420	0.0000015151
0	0.0156963119	0.7528767174	0.0137759019	0.0342998428	0.1031388653	0.0006561380	0.0488923152	0.0043166191	0.0179690376	0.0083782508
0	0.0212478171	0.0528291034	0.0317438728	0.6359002674	0.0085959245	0.0088637786	0.0602454637	0.1240884607	0.0564850145	0.0000002973
0	0.0222317973	0.0598610432	0.1176590737	0.0001504516	0.5348784321	0.0000000000	0.0000562009	0.2302916331	0.0016694422	0.0332019259
0	0.0932993710	0.0323158448	0.1214197123	0.0018040534	0.0373115786	0.2201031033	0.3360204653	0.0859051216	0.0718207496	0.0000000001
0	0.3440663200	0.1142352966	0.1753236569	0.1146076186	0.0236097339	0.1599074001	0.0000000000	0.0000883726	0.0526385584	0.0155230429
0	0.0000000000	0.3087472151	0.3993142736	0.1064312219	0.0081261809	0.0031089678	0.0353239721	0.0000000014	0.1322828073	0.0066653600
0	0.0084049140	0.1646228444	0.0545495764	0.0381839179	0.1323148931	0.2119360492	0.0000000001	0.0048068136	0.0033478585	0.3818331327
0	0.2001889576	0.0085624208	0.0021380168	0.0020672327	0.0950608734	0.0077383197	0.1644383588	0.0430934659	0.4608425347	0.0158698195
1	0.4317665392	0.0003996266	0.0356741049	0.0000000000	0.1732415159	0.0000001534	0.0882632916	0.0000405949	0.2587226845	0.0118914890
1	0.0124682407	0.0148721120	0.0100231851	0.0827618056	0.1117435043	0.0104833754	0.7451732517	0.0026130307	0.0080131034	0.0018483911
0	0.0000000373	0.0000000017	0.0717781363	0.2039875515	0.3860603214	0.0730959877	0.1902820113	0.0000274736	0.0747357099	0.0000327693
0	0.2786557410	0.0768615871	0.0033958469	0.0051709372	0.0760854807	0.2329448243	0.2708896393	0.0133065521	0.0280750536	0.0146143378
0	0.2628839664	0.0534496973	0.0836000040	0.0081650637	0.0196047693	0.0217948796	0.4248712233	0.0698173022	0.0436309931	0.0121821012
0	0.1255140381	0.0002349310	0.2774562076	0.1405219278	0.0258316940	0.0000231925	0.0157933754	0.0231638531	0.1397049121	0.2517558683
0	0.1676400724	0.0760284037	0.1122995676	0.0502298033	0.0175546540	0.0000000417	0.4941294935	0.0002165135	0.0617128519	0.0201885984
0	0.0170149345	0.0446858225	0.3210232114	0.0116440153	0.1657685484	0.1047986505	0.2942588156	0.0037319409	0.0206524493	0.0164216117
0	0.0022153303	0.2863912116	0.4415691472	0.0177682066	0.0018958097	0.0000000005	0.0470644786	0.0000000000	0.1495877139	0.0535081015
0	0.0059442677	0.0595872543	0.2238063458	0.2744425908	0.0279028901	0.0000390423	0.1513282647	0.2079965093	0.0489528348	0.0000000000
0	0.0061198799	0.1705377808	0.0227657409	0.0812555132	0.3007468097	0.0790247195	0.1564916372	0.1540707101	0.0096989618	0.0192882470
0	0.0666069358	0.0014656630	0.0753120668	0.1381425853	0.0356980296	0.0469508705	0.5552419308	0.0007908223	0.0409015719	0.0388895240
0	0.2979908146	0.3964081559	0.1005068243	0.0003401929	0.0061308378	0.1961995296	0.0000232725	0.0000000000	0.0000000630	0.0024003095
0	0.0000806771	0.3643255201	0.1479544221	0.0128535432	0.0201130639	0.0000000344	0.0550715068	0.0000000013	0.1132862447	0.2863149862
0	0.0012435481	0.0002219498	0.3431697339	0.2602098007	0.0268265414	0.0487742367	0.2029854362	0.1156959677	0.0008329627	0.0000398227
0	0.1424696105	0.0414878222	0.1426587507	0.4271289184	0.2049427277	0.0004927508	0.0245990886	0.0000003796	0.0119372025	0.0042827489
0	0.0000000015	0.0064612028	0.0000042691	0.0330303919	0.0522551084	0.0064699663	0.8941433391	0.0000002051	0.0075865259	0.0000489899
0	0.0427554654	0.0060033977	0.0000005052	0.2365705029	0.1000470742	0.4381430438	0.0847954929	0.0333635418	0.0534826699	0.0048383061
0	0.1279653973	0.0180161027	0.0024078069	0.0505520043	0.2490242185	0.0663967507	0.0449639459	0.1198335442	0.3208313737	0.0000088559
0	0.0469446139	0.0001150791	0.0042319997	0.7134302182	0.0848022152	0.0000059745	0.1448167500	0.0000000130	0.0036699077	0.0019832286
1	0.0256924114	0.0000049423	0.0424501483	0.0297921979	0.6383205982	0.0500978817	0.0299097246	0.1672568610	0.0156859420	0.0007892926
1	0.0571331661	0.0611744771	0.0000002107	0.0561091499	0.3644091397	0.4543140208	0.0020754400	0.0000000000	0.0022610752	0.0025233206
0	0.0124052580	0.5253626246	0.0093286627	0.0498461590	0.0100573384	0.1770826501	0.0408257528	0.0003029152	0.1686941410	0.0060944981
0	0.0143407597	0.0015941731	0.0089328083	0.0460535085	0.0370142338	0.0000638889	0.8191588199	0.0674514096	0.0053902653	0.0000001329
1	0.1035371715	0.0080089660	0.0000000006	0.0087797298	0.1272608605	0.0921974077	0.3318080602	0.1785312138	0.1497275546	0.0001490352
0	0.0000045553	0.0010354881	0.0000000252	0.0750018764	0.0159409618	0.0000020940	0.8624324423	0.0419827504	0.0035139030	0.0000859036
0	0.0235119808	0.5152929972	0.3180290674	0.0450214932	0.0085634645	0.0010131888	0.0022624904	0.0771778123	0.0045474372	0.0045800683
0	0.1113118461	0.3371210652	0.0616058780	0.1614019843	0.0000017516	0.0393987837	0.1685391045	0.0897610728	0.0255254285	0.0053330854
0	0.1311219608	0.0001146684	0.3279244758	0.0063402948	0.0531485896	0.0648432776	0.1315297605	0.0000096317	0.0366353010	0.2483320396
0	0.0066905256	0.0044588056	0.0049600617	0.2660903328	0.1752776252	0.0962897245	0.0843805553	0.0000000000	0.0224790572	0.3393733121
1	0.0242808437	0.1895596342	0.0045990466	0.0033519771	0.1659284492	0.0619410251	0.5324400424	0.0161437796	0.0017551963	0.0000000058
0	0.0655090901	0.1330516817	0.0034379145	0.0095625936	0.1056986327	0.0000985659	0.0007045548	0.0909729966	0.0596497410	0.5313142291
0	0.0060743927	0.7016522349	0.0128907494	0.0405100047	0.0023479781	0.0029067235	0.0515133358	0.0068017447	0.1753026628	0.0000001732
0	0.0002224808	0.2642749826	0.3422609024	0.1009342255	0.0504872794	0.1065175732	0.0489940430	0.0014580601	0.0604775918	0.0243728612
0	0.4076220645	0.0101251674	0.3032845162	0.0299915051	0.0087927906	0.0004474114	0.1975305239	0.0413547786	0.0002909021	0.0005603403
0	0.0408820802	0.1892276721	0.1071700143	0.0047776024	0.0457361075	0.0188219825	0.5920676733	0.0012457529	0.0000711149	0.0000000000
0	0.0168145637	0.0000000000	0.1429981539	0.1938930412	0.1631824859	0.0000000000	0.0272517494	0.0008245522	0.1431575568	0.3118778970
0	0.1248310667	0.0000000000	0.0168402228	0.0000000000	0.4800694998	0.0000000229	0.0419587398	0.0123517908	0.0271647231	0.2967839341
1	0.3160882926	0.0352793466	0.0006503306	0.0008901710	0.0001695021	0.0024060863	0.5957371571	0.0000000000	0.0321447062	0.0166344076
0	0.0032820445	0.4892172381	0.0000000000	0.0368751807	0.0994726738	0.3308659914	0.0000008066	0.0001625120	0.0002675241	0.0398560288
0	0.0370077312	0.3587823685	0.0006591967	0.0000341804	0.3993446044	0.1298290711	0.0080759484	0.0000000000	0.0604494335	0.0058174657
0	0.0000362249	0.0000000000	0.0820723334	0.0360270277	0.0168496724	0.2861598320	0.1097350820	0.0000000000	0.4651325082	0.0039873194
0	0.2608526072	0.0386327872	0.0629707265	0.0000789536	0.0271116194	0.0699603865	0.2857133051	0.1746431696	0.0800364449	0.0000000000
0	0.0000000000	0.0970537936	0.1240085747	0.7161747649	0.0281000564	0.0021485884	0.0166228655	0.0000000000	0.0000004713	0.0158908851
0	0.0994196664	0.0065394301	0.1080329338	0.1016130417	0.0502672608	0.0381491236	0.5698756266	0.0000173014	0.0000000001	0.0260856155
1	0.0259014597	0.0959870883	0.0877467699	0.0000000006	0.1718154778	0.4720761302	0.1341912604	0.0000005682	0.0119385702	0.0003426748
0	0.0026753548	0.1005592506	0.0078616191	0.0870349683	0.1712071799	0.0636570752	0.4918826343	0.0008959725	0.0530463378	0.0211796077
0	0.0583983552	0.0142287915	0.1987421379	0.0029364954	0.2817149002	0.0277672814	0.3073880580	0.0000253776	0.0582773436	0.0505212591
0	0.0000051317	0.0166844474	0.2113921748	0.0666973808	0.0357039059	0.0087877440	0.5503935550	0.0000001562	0.0316688493	0.0786666549
0	0.0047617719	0.0847002768	0.0000223969	0.0000000005	0.0291098173	0.0074240876	0.8730945850	0.0000000487	0.0000192678	0.0008677474
0	0.0465193996	0.0073878362	0.5036822225	0.4037390086	0.0132627248	0.0021721467	0.0028692818	0.0031558529	0.0172115271	0.0000000000
0	0.0358213571	0.0004024599	0.6229129073	0.0736834192	0.0406890774	0.0447216749	0.1665102046	0.0000229967	0.0152359027	0.0000000002
0	0.0870109448	0.0048686436	0.1302743007	0.0527663905	0.0799337638	0.0103575722	0.5561506891	0.0052290137	0.0734085096	0.0000001722
0	0.0212745092	0.0031170942	0.2951832194	0.2175440190	0.0079375276	0.2047427247	0.0040083505	0.0038312130	0.0000000000	0.2423613424
0	0.3330691015	0.0133188013	0.1868301546	0.1216103835	0.0078993202	0.0313807663	0.0578565668	0.2412388234	0.0000000044	0.0067960781
1	0.5038263760	0.1725685402	0.0030266538	0.0015395889	0.0721563723	0.1224615388	0.0830128721	0.0000000000	0.0414080579	0.0000000000
0	0.0697243531	0.0033921646	0.4721715171	0.1934921651	0.0000063604	0.0342311547	0.0180929852	0.1688775542	0.0366876307	0.0033241150
0	0.0061125931	0.0137430009	0.5643503910	0.0015866825	0.2339589146	0.0169081649	0.0020936275	0.1357325623	0.0255140630	0.0000000000
0	0.0001422255	0.3423302924	0.1050260734	0.1540983772	0.0483575567	0.0073030992	0.2862724992	0.0000157257	0.0340851117	0.0223690391
0	0.0105608520	0.0190114527	0.3538174025	0.0369598193	0.0747472651	0.0300454927	0.4106030802	0.0384735575	0.0012218048	0.0245592733
0	0.0586474383	0.0063923862	0.0516138133	0.0731341023	0.0000000090	0.0125394549	0.6973420405	0.0198981243	0.0289110742	0.0515215570
0	0.0257929816	0.0258981282	0.8381759636	0.0027606661	0.0084113616	0.0214615734	0.0008860959	0.0239287905	0.0525681185	0.0001163205
0	0.3196330257	0.0234949665	0.0000004972	0.3588319433	0.0001225967	0.1378383849	0.1351774245	0.0068750101	0.0097246440	0.0083015071
0	0.0266365420	0.0412296248	0.0934282378	0.0564334602	0.1289034797	0.4181114820	0.0566596288	0.0910903572	0.0875053111	0.0000018763
1	0.0089592311	0.3418578359	0.0000810852	0.0000686431	0.1445378478	0.0202083854	0.4072543977	0.0000000000	0.0007471682	0.0762854056
0	0.0000000000	0.0353508284	0.5233892524	0.0110812432	0.1230692671	0.0124117634	0.2561928753	0.0000003308	0.0006077060	0.0378967333
0	0.0379148222	0.0057224819	0.5119305862	0.0121486498	0.1707325636	0.0157966580	0.0029459341	0.2398864603	0.0000197960	0.0029020479
0	0.0009707260	0.2113090990	0.0165899243	0.3481012356	0.0542092062	0.1821336885	0.0802875500	0.0000000000	0.1036650516	0.0027335188
2	0.0560905400	0.0722225328	0.0002285104	0.4129912218	0.0315913778	0.0742555454	0.2885975278	0.0000004488	0.0640222951	0.0000000000
0	0.0001594508	0.3994686578	0.0007924964	0.1542494847	0.0469657307	0.1823150316	0.1124618380	0.0921867487	0.0007437611	0.0106568003
0	0.0232326084	0.0117155001	0.0630190511	0.1966519235	0.0044264436	0.2158978918	0.4334815235	0.0060832109	0.0454918465	0.0000000005
0	0.0015617282	0.0267783288	0.3249601948	0.0102752648	0.0000000252	0.0752189407	0.3997014849	0.1590919344	0.0024074651	0.0000046331
0	0.0019439657	0.0009915416	0.3617447063	0.2595895700	0.0010668284	0.0641678590	0.1248370477	0.0063429230	0.1774914633	0.0018240949
0	0.1672003753	0.1248430729	0.0674168690	0.2797503957	0.1999691239	0.1090897735	0.0328402998	0.0185367991	0.0000000000	0.0003532909
0	0.0807505376	0.0000059729	0.0000432060	0.0212467705	0.0583606644	0.0130988648	0.1281405573	0.0000000000	0.6941447062	0.0042087203
0	0.2782428690	0.0415482524	0.0225592560	0.1098690347	0.0299963181	0.0583855358	0.0233195842	0.1838196122	0.0273652784	0.2248942591
0	0.4447492522	0.0013522032	0.1181054501	0.0658703592	0.0063619487	0.2444194889	0.0089959251	0.0778793624	0.0210207328	0.0112452775
1	0.1405724241	0.0016694665	0.0361471056	0.0056873288	0.3509861368	0.0024085826	0.0301849771	0.0000734282	0.4319656293	0.0003049209
0	0.1824457227	0.2769661088	0.0945444940	0.0717908602	0.0204021537	0.0430563837	0.0713169859	0.0180918045	0.1156310409	0.1057544457
2	0.1258931481	0.0018965879	0.0000000000	0.0000000000	0.1493227992	0.2089760070	0.3784333168	0.0000177860	0.1354603551	0.0000000000
0	0.0000087854	0.0035320417	0.0021214732	0.2349484680	0.5481802880	0.0570365139	0.0000008075	0.0031157829	0.0399860421	0.1110697974
0	0.2744238424	0.0000005658	0.1177628433	0.3812808964	0.1335836772	0.0004144807	0.0430875688	0.0000000000	0.0473552673	0.0020908581
0	0.0242757128	0.0014932727	0.1610548488	0.1513184686	0.2269840749	0.0583261939	0.1650329144	0.1288713852	0.0005490198	0.0820941089
0	0.0021985400	0.0735352052	0.0011534550	0.0855231068	0.0808731287	0.0368851373	0.7189086660	0.0000082386	0.0001901516	0.0007243709
1	0.0221240474	0.0955510688	0.0024788370	0.0005275716	0.0375387055	0.0159556546	0.6457865520	0.0012747099	0.0994551617	0.0793076916
0	0.0018496006	0.1052527649	0.0090694356	0.0288908020	0.1470364517	0.0809708335	0.6200380853	0.0000000005	0.0033865739	0.0035054521
0	0.1372051334	0.0000003547	0.2563663410	0.1841332833	0.0383075303	0.1906303588	0.0714466860	0.0029264143	0.0861130004	0.0328708978
0	0.3819580078	0.0036756110	0.0160186851	0.0003604904	0.0395679605	0.0610175110	0.3089375620	0.0000003584	0.1879883069	0.0004755069
0	0.2540156857	0.0124272606	0.0699901951	0.1090761425	0.2336514475	0.0130884181	0.1913232309	0.0000899956	0.0969028709	0.0194347532
0	0.0063635139	0.7131114477	0.1186729976	0.1069674616	0.0349232621	0.0127570287	0.0023930072	0.0000001107	0.0000000000	0.0048111704
0	0.3756460145	0.0290106075	0.0433209900	0.0131666668	0.0164142377	0.2001472088	0.1983365050	0.0000000000	0.1221329629	0.0018248067
1	0.0000000025	0.3281468703	0.0543024760	0.1271767991	0.2206869422	0.0370280517	0.1364695111	0.0000238379	0.0947123013	0.0014532079
0	0.0141742645	0.0337174433	0.2585622301	0.0044345352	0.0000077334	0.6310867086	0.0548243324	0.0031447506	0.0000367810	0.0000112209
0	0.7856431213	0.0000029467	0.0653093096	0.0001905463	0.0980362916	0.0001613736	0.0099115370	0.0332558208	0.0008338359	0.0066552173
0	0.0001650157	0.0028883452	0.0000606748	0.0032948822	0.0043258909	0.0213115841	0.0596221976	0.0137686672	0.0015188767	0.8930438655
0	0.0228844195	0.5338313581	0.0000000000	0.0735536709	0.0000001509	0.0307595099	0.1038231096	0.0000000000	0.0949226200	0.1402251611
1	0.0769515924	0.0002877691	0.0004465720	0.0000000000	0.1873457221	0.0647166779	0.6641726191	0.0000002773	0.0060786969	0.0000000731
0	0.0342726834	0.0485939278	0.0345468457	0.0371868601	0.3690042090	0.3825881181	0.0742272481	0.0000037181	0.0000000000	0.0195763897
0	0.4169610282	0.0000001092	0.0537774787	0.0257385979	0.4325467933	0.0118711915	0.0194145033	0.0002844826	0.0324428599	0.0069629554
0	0.3570468811	0.0553648417	0.0972412721	0.0909396446	0.2209259455	0.0094467928	0.0395027577	0.1080041078	0.0201726183	0.0013551384
1	0.0116578317	0.2708076119	0.0046580329	0.0050034331	0.0387045996	0.0457152740	0.5966899144	0.0206571600	0.0061061424	0.0000000000
1	0.0607572063	0.4921571841	0.0000000000	0.0000000000	0.2363970040	0.0706136613	0.1338897178	0.0001290149	0.0048105372	0.0012456743
1	0.0000575451	0.1127281747	0.0192787989	0.0008027196	0.3824687810	0.1099608033	0.0710364744	0.0922641678	0.1416660286	0.0697365064
0	0.0000466150	0.3664704429	0.0752916208	0.0000000109	0.0728685615	0.0000009893	0.3173861321	0.0045605960	0.0101783093	0.1531967222
1	0.0457269563	0.0127906925	0.0358188725	0.0020744365	0.1950461931	0.0670755620	0.4762560209	0.0009007085	0.1643105577	0.0000000000
0	0.0581891926	0.0112420871	0.0120321446	0.6092154839	0.1902113528	0.0000005054	0.0332712195	0.0114686684	0.0660532449	0.0083161007
0	0.3471976158	0.0429386161	0.1607280186	0.1308224831	0.0149892679	0.1721952039	0.0839119075	0.0008662156	0.0228244819	0.0235261896
0	0.1421515547	0.0023862357	0.0298278059	0.1317936003	0.0133890440	0.0190005486	0.3740097826	0.0012744079	0.0039951700	0.2821718503
1	0.3453151099	0.0217287164	0.0000000000	0.0000000000	0.0619055291	0.0083748965	0.5626700436	0.0000008915	0.0000000000	0.0000048128
0	0.0000010420	0.0580370990	0.0362762848	0.4148453718	0.0969215646	0.0001700414	0.2172378069	0.1150170914	0.0468739308	0.0146197674
0	0.0000165819	0.0846925812	0.2551966933	0.1717306760	0.2476933740	0.0000000002	0.0563090136	0.0000036142	0.1820229338	0.0023345318
1	0.0000000000	0.0000000003	0.0694333067	0.0497630573	0.0574928095	0.0289855249	0.7684680251	0.0014984856	0.0043262763	0.0200325142
1	0.4431797796	0.0000060251	0.0478872987	0.0000001784	0.0612550488	0.0745637708	0.3419001195	0.0269500412	0.0000033656	0.0042543722
0	0.0026459253	0.0243098978	0.0012977912	0.1409777776	0.4469753570	0.0163025125	0.1831035668	0.0000000000	0.0207728900	0.1636142818
0	0.1014648632	0.0653896893	0.0629235495	0.1972823879	0.0382911767	0.1976569172	0.2536389744	0.0679259167	0.0154122928	0.0000142322
0	0.3596658345	0.0242303011	0.1493465807	0.0563720806	0.2454339429	0.0398433550	0.0013673909	0.0009571359	0.1227673251	0.0000160532
1	0.3518107964	0.0358886859	0.0311409079	0.0000000001	0.2433169191	0.0000000000	0.3378426767	0.0000000000	0.0000000039	0.0000000100
0	0.2029014667	0.0002494726	0.1144369826	0.3906517809	0.0028871954	0.1018756675	0.1524644665	0.0209050037	0.0002661340	0.0133618302
0	0.0001534748	0.6033821240	0.0000000000	0.0000756290	0.0717133889	0.0762026998	0.0528771617	0.0519123358	0.1295235490	0.0141596370
0	0.1793944508	0.0064259873	0.4099596717	0.0045782333	0.1400993899	0.0000057621	0.0000237576	0.1631580212	0.0000000000	0.0963547261
0	0.0018726217	0.0084567799	0.0846664819	0.0204905688	0.0000000008	0.3166401211	0.4778827940	0.0333826659	0.0551515040	0.0014564619
0	0.0104331697	0.1244405790	0.1111992899	0.0413868012	0.0033505375	0.4714454313	0.2052797183	0.0000000000	0.0075480785	0.0249163947
0	0.0106887643	0.0000001464	0.0091671914	0.0385409247	0.0075693366	0.0108912691	0.0246121996	0.0000000001	0.0003409075	0.8981892604
0	0.0808286546	0.0344586721	0.2000272746	0.1452961309	0.0369129931	0.0136906914	0.0539743881	0.2332300139	0.0236639959	0.1779171853
0	0.2131364078	0.0061228771	0.1743716155	0.4117127268	0.1202375901	0.0000000007	0.0602917362	0.0037289082	0.0081858627	0.0022122749
0	0.0007879597	0.0531091048	0.0085898916	0.0169096775	0.2819018448	0.0000000000	0.3607903458	0.0000886268	0.0490396365	0.2287829125
0	0.0141083283	0.0000160154	0.0110125474	0.0572718429	0.0004967331	0.5376828393	0.0753406543	0.3004079029	0.0020550880	0.0016080485
0	0.0823999472	0.0837897955	0.5726945084	0.0448414603	0.0072022438	0.0153312194	0.0615357083	0.0375744856	0.0227444093	0.0718862222
0	0.0154553278	0.1776872999	0.0761467975	0.0126652387	0.4801336361	0.1742689530	0.0000000000	0.0000158064	0.0407046692	0.0229222714
0	0.1032266753	0.2331927897	0.0000008676	0.0015507771	0.0020290474	0.1772960364	0.2949181953	0.1657176634	0.0148487591	0.0072191886
0	0.5205326003	0.0086419869	0.2306538074	0.0275028785	0.0746551417	0.0952945501	0.0426786604	0.0000364992	0.0000038754	0.0000000000
1	0.0553684592	0.2430738884	0.0100501700	0.0000000000	0.0890532734	0.1479120797	0.2393666699	0.0000054930	0.0052912552	0.2098787111
0	0.2400553576	0.1927466373	0.0103710171	0.0094487783	0.2952425064	0.0780924666	0.0001578546	0.0000000023	0.1451953387	0.0286900411
0	0.0943605986	0.0000007384	0.0070699885	0.0260060080	0.2956237142	0.0326195521	0.4086888707	0.0221037348	0.0203113962	0.0932153984
0	0.2110070377	0.2773684650	0.0353334833	0.0289486531	0.0157426201	0.0086820874	0.3070093568	0.0034016374	0.0729952153	0.0395114439
0	0.0374403778	0.0000099688	0.6958765971	0.0000165596	0.0016190537	0.0000070483	0.2240151616	0.0041142765	0.0368692395	0.0000317171
0	0.0003084974	0.1077506271	0.1103629555	0.0255559391	0.2945903681	0.0017861233	0.1736731336	0.0075044581	0.2234240613	0.0550438366
0	0.0054330817	0.0256890309	0.4623448166	0.2949291823	0.0446885294	0.0431989028	0.0009246624	0.0001379370	0.0000517415	0.1226021153
0	0.0007886630	0.3411645637	0.0006384792	0.3192752734	0.0015410714	0.0127901810	0.0570653744	0.0001058139	0.2457061843	0.0209243957
0	0.0827807070	0.2138655555	0.0192424036	0.0106499327	0.2179480395	0.0768282820	0.3770634633	0.0000015053	0.0016201110	0.0000000000
0	0.0457884410	0.0368539615	0.2074593062	0.0187430387	0.6374277386	0.0063763443	0.0106535818	0.0052835059	0.0290253193	0.0023887626
0	0.0000061105	0.2053756771	0.0708717883	0.0025096508	0.3077871036	0.2192116489	0.0002373097	0.0084043385	0.0070117612	0.1785846115
0	0.0000883614	0.0347934359	0.0137252843	0.0647563890	0.7730463962	0.0223256165	0.0713276776	0.0000000007	0.0199226599	0.0000141783
0	0.0000331059	0.0341387490	0.0000000000	0.1733888896	0.0659472078	0.0131249956	0.5979798418	0.0010956271	0.0020579670	0.1122336163
0	0.1292002827	0.0730400232	0.0431582211	0.0434551995	0.3552910399	0.0266916671	0.3038071565	0.0117173605	0.0114303692	0.0022086802
0	0.0000064571	0.0006062457	0.0331136952	0.0013765380	0.0000038826	0.0006816675	0.9605766705	0.0000000000	0.0000013064	0.0036335370
0	0.1248283286	0.0355539374	0.1164678259	0.0116578267	0.0452713012	0.1047639713	0.0000000437	0.4987057718	0.0011730199	0.0615779735
0	0.0571723826	0.6684836867	0.0184371747	0.0534279070	0.0158796819	0.0002270749	0.0703145028	0.0585935527	0.0159825875	0.0414814494
0	0.1191677053	0.0000407634	0.0053277187	0.4150781099	0.1725356343	0.0000071318	0.0055021016	0.0000000049	0.1965114432	0.0858293869
0	0.0089108930	0.1060111672	0.0957698144	0.3106638195	0.0000000000	0.0141184724	0.0771147652	0.0000000000	0.3449825734	0.0424284949
1	0.1986761972	0.3375412302	0.0000100590	0.2644842312	0.1461522364	0.0000000000	0.0038265405	0.0004547483	0.0000000007	0.0488547564
0	0.0181084924	0.0000042647	0.2253617491	0.0001627370	0.5255549392	0.0189572721	0.0030799732	0.0223302851	0.1809401268	0.0055001604
1	0.0000005915	0.0464212055	0.0038841819	0.2351564020	0.0289793905	0.0067057330	0.6132092975	0.0004293794	0.0001367112	0.0650771074
0	0.0088439200	0.0027838190	0.0231382711	0.0156541639	0.0171336978	0.3524725256	0.0031762299	0.0418534894	0.5262925175	0.0086513658
0	0.0138167112	0.0018613856	0.1444923097	0.0280055259	0.0110756226	0.0000123968	0.7444603235	0.0000015599	0.0000179544	0.0562562103
0	0.1397629215	0.3341476389	0.0548491445	0.1489028660	0.1109804910	0.1058053708	0.0686291770	0.0034188757	0.0273497382	0.0061537764
0	0.0356485078	0.7270337843	0.0965766932	0.0531158325	0.0051108736	0.0063745466	0.0021397716	0.0000000000	0.0736217466	0.0003782438
0	0.0405201764	0.0016404701	0.0000000000	0.0001784486	0.1416252388	0.0226690015	0.7046170672	0.0872872919	0.0013859771	0.0000763285
0	0.1220024238	0.3417919090	0.0355027500	0.1962128836	0.1457723671	0.0001645958	0.0456336714	0.0132848545	0.0901887266	0.0094458181
0	0.0000000000	0.0182952674	0.5033078133	0.0166912367	0.0672617280	0.0397980021	0.0012416190	0.0433338349	0.0084065545	0.3016639442
0	0.2657990890	0.0000756222	0.1154222279	0.3697595192	0.1624786849	0.0052207203	0.0175470926	0.0245615852	0.0245004186	0.0146350402
1	0.0229627561	0.0004604107	0.0066440962	0.0046654166	0.1646048859	0.0038533705	0.7581760539	0.0000000000	0.0000095344	0.0386234755
0	0.0775082990	0.0148505812	0.0080196355	0.0166067695	0.6424259696	0.0000021334	0.2112729437	0.0243816905	0.0015920382	0.0033399393
1	0.0040470277	0.5283624403	0.0000003844	0.0011831154	0.0141804547	0.0198576915	0.4161080060	0.0000000004	0.0025466239	0.0137142557
0	0.0120964108	0.1934050183	0.0000038944	0.1895734805	0.0249778241	0.0018563468	0.3998403221	0.0900931785	0.0691430206	0.0190105038
0	0.1458954618	0.0000341420	0.1455693657	0.2316937172	0.0152293953	0.0725967728	0.0216661019	0.2003027101	0.1670123333	0.0000000000
0	0.0744372172	0.0000083417	0.0138022644	0.1045729324	0.0005429966	0.0990583171	0.7016677710	0.0000037882	0.0000003119	0.0059060595
0	0.3274567608	0.0006314842	0.3302972520	0.0142686225	0.2229134909	0.0000015146	0.0923310413	0.0016408860	0.0104144030	0.0000445446
0	0.0196646033	0.0000000002	0.5650829322	0.0601020719	0.1584839538	0.0315342614	0.0006439135	0.0012132483	0.0557304869	0.1075445284
0	0.0065973859	0.0000000000	0.5065910111	0.0000000000	0.0003259237	0.0000074562	0.3930251270	0.0865412877	0.0000012010	0.0069106074
1	0.0123725293	0.0000653749	0.0000000021	0.2255125101	0.3823642540	0.0000000291	0.0495893610	0.3270374984	0.0009280759	0.0021303653
0	0.3944472915	0.1865285361	0.0448119373	0.0297260480	0.0327729674	0.0000261231	0.1511739222	0.0747256507	0.0396058901	0.0461816335
0	0.0007114690	0.0000798777	0.4068249258	0.0131884219	0.0004109913	0.0052377024	0.3759934727	0.1844062130	0.0015070045	0.0116399218
1	0.0730945052	0.0476408476	0.0000002256	0.1273073563	0.1929161818	0.0781834100	0.2495923558	0.0000000000	0.2260450480	0.0052200698
0	0.0538090300	0.0983997576	0.0157875715	0.2000771134	0.0420066509	0.0380403726	0.0836729970	0.0059064100	0.4341697851	0.0281303119
0	0.0000000000	0.0104772546	0.0181397180	0.0290151959	0.1220010522	0.5808484429	0.0199743432	0.0024434750	0.0050191379	0.2120813803
1	0.0043310132	0.0228059923	0.0000000000	0.0199137490	0.2114634064	0.0685899002	0.6673303952	0.0000052296	0.0000414162	0.0055188979
1	0.0000361382	0.0000144933	0.0029775372	0.1267821250	0.6015933308	0.0179738964	0.2277725324	0.0001020889	0.0225958118	0.0001520461
0	0.1964844594	0.1770836330	0.0011925304	0.0084439804	0.0722925846	0.1204984459	0.3230632651	0.0000001854	0.1005955205	0.0003453953
0	0.1374111590	0.0000000000	0.1041356690	0.0932595053	0.0000069034	0.0035860452	0.6567558881	0.0002531103	0.0001099748	0.0044817449
0	0.0078267052	0.0444993593	0.0005290378	0.0085474512	0.2139601223	0.0000000021	0.5542716749	0.1167654354	0.0127607337	0.0408394780
0	0.0005820289	0.2551332456	0.0304813735	0.0449828889	0.2883440655	0.1421714768	0.2203989567	0.0000402991	0.0178656361	0.0000000290
0	0.0484411128	0.0538359791	0.0480076987	0.2615570059	0.3023611108	0.0084099153	0.1459757344	0.0000000031	0.1314114387	0.0000000011
0	0.0446032388	0.3749899364	0.0554715547	0.1664162366	0.0343253243	0.0002193911	0.3023615380	0.0007642044	0.0208485746	0.0000000012
0	0.2412720126	0.1121630010	0.1469738731	0.2065688280	0.1306083858	0.0003700554	0.0120256577	0.1116448320	0.0167648135	0.0216085409
1	0.2794401838	0.1145984305	0.0000000000	0.0004383831	0.4343389196	0.0018840161	0.1285346126	0.0406386316	0.0000757447	0.0000510780
0	0.0003317259	0.0024071296	0.2884275519	0.1424907431	0.2165044344	0.0027437996	0.2562426772	0.0190775882	0.0641792551	0.0075950950
0	0.3281347385	0.1251844249	0.1279765347	0.0320675116	0.0000000002	0.0781000039	0.0988496468	0.1670284543	0.0000008515	0.0426578336
0	0.0039275208	0.0460311466	0.0813307624	0.0141056076	0.7361024076	0.0018698270	0.0346036138	0.0662532014	0.0120612817	0.0037146311
0	0.3256519388	0.0061443783	0.1111805675	0.2438772625	0.0618863147	0.0209803278	0.1453820779	0.0000136554	0.0116727376	0.0732107396
0	0.0031803763	0.2418614571	0.0805853290	0.3741712442	0.1790332735	0.0683417042	0.0001172095	0.0012148220	0.0346141289	0.0168804553
1	0.0388193409	0.4742582224	0.0000062537	0.0040418655	0.0048118216	0.0734685869	0.2322968184	0.0137119124	0.0514228651	0.1071623132
0	0.0078112123	0.0232201298	0.4692141182	0.0000014568	0.1358152206	0.0665649558	0.0163271337	0.2204959991	0.0036524455	0.0568973281
0	0.1696834699	0.0498746895	0.6247745428	0.0031064875	0.0953135340	0.0000274492	0.0001443610	0.0110673081	0.0002844907	0.0457236672
0	0.0232055782	0.0794982192	0.0036583565	0.2727879938	0.2478667397	0.0959692340	0.0946954803	0.0070282003	0.0021828611	0.1731073371
0	0.0003908417	0.1638644715	0.0414152859	0.1079777176	0.0179634980	0.0000009508	0.2521533667	0.0000089007	0.3926919376	0.0235330295
0	0.0113795860	0.0005727140	0.0090641783	0.0137126166	0.0937974345	0.2233182374	0.0000000000	0.0000001020	0.6436280419	0.0045270894
0	0.0520313924	0.0031162022	0.0637927431	0.7209216563	0.0946708405	0.0601656578	0.0005779274	0.0000078021	0.0046784626	0.0000373157
0	0.0184447204	0.0009878987	0.0441304288	0.0062847021	0.0899746234	0.0430488619	0.0123459826	0.0000000000	0.7572386835	0.0275440987
0	0.0172714592	0.0055790174	0.0153574576	0.3127303697	0.4398070219	0.0009329622	0.1661074059	0.0000058631	0.0237256139	0.0184828291
0	0.0932304808	0.0325263883	0.0104236181	0.0847613968	0.0099368552	0.7081650978	0.0580732597	0.0000000000	0.0007194915	0.0021634118
0	0.1404515531	0.0152391812	0.0340952944	0.0263244437	0.0815601580	0.0028857692	0.5208766667	0.0007196094	0.1773503334	0.0004969909
1	0.0060812504	0.8011365773	0.0000000000	0.0031658995	0.1345510150	0.0201039204	0.0157193554	0.0006628590	0.0098879912	0.0086911318
0	0.0620531132	0.0088910474	0.0139094836	0.0976928540	0.0025596173	0.0130650609	0.6576763568	0.0000028181	0.0637482891	0.0804013595
1	0.0019660461	0.0358112710	0.0074637277	0.0000000020	0.7626185213	0.0071887395	0.1758340263	0.0000000000	0.0001316507	0.0089860153
0	0.0009769758	0.1041634847	0.0000653622	0.2027556632	0.0000000000	0.1981126646	0.1369137582	0.3544914202	0.0002165456	0.0023041254
0	0.0993449758	0.0268320415	0.0533321604	0.7038990225	0.0282125738	0.0419607431	0.0102130356	0.0029441802	0.0331199186	0.0001413484
0	0.0448223671	0.0133564358	0.0178811727	0.5948049911	0.0608450794	0.0821426287	0.1283581981	0.0237916424	0.0017840094	0.0322134753
0	0.0173312988	0.1091094824	0.1471597010	0.1969154426	0.4869396201	0.0001332443	0.0280174513	0.0143886173	0.0000051422	0.0000000000
0	0.3192618120	0.0114613769	0.2683884955	0.2311629188	0.0035611339	0.0949732189	0.0498412763	0.0140257933	0.0002858419	0.0070381326
0	0.0004785265	0.0958569814	0.3902568840	0.0011154717	0.1152461360	0.0063521047	0.0047739718	0.0830683334	0.0623246346	0.2405269558
0	0.0272217325	0.0008280726	0.3869388456	0.0377344682	0.0626133495	0.0426010355	0.3648862069	0.0113476382	0.0294730247	0.0363556263
0	0.1091014137	0.0086154535	0.1864538225	0.3372741465	0.2099261680	0.0136426212	0.0087253348	0.0000584873	0.1244483904	0.0017541621
1	0.0003354690	0.3726315347	0.0067854739	0.0000000000	0.0000001851	0.0474830379	0.5708723577	0.0005043233	0.0000130482	0.0013745701
0	0.0419278819	0.0434098991	0.0015395286	0.0403275012	0.8483983208	0.0013910968	0.0054194204	0.0000128268	0.0156464329	0.0019270915
0	0.0982479542	0.0133185114	0.2516037010	0.0358938281	0.5359727471	0.0006015677	0.0126397657	0.0023450753	0.0493646535	0.0000121958
1	0.0031472615	0.0001111322	0.0472184261	0.0067772588	0.5847328358	0.0239310938	0.3135151719	0.0006476670	0.0199137623	0.0000053906
0	0.2091055922	0.1160560746	0.0535205620	0.0644966700	0.0019514255	0.1847407406	0.1788096997	0.1884612154	0.0023599833	0.0004980367
0	0.2691219698	0.1154906821	0.1980323750	0.2353293798	0.0000561977	0.1219429319	0.0145953281	0.0315301960	0.0138968274	0.0000041121
0	0.0224981450	0.0190876635	0.4530344317	0.2155060457	0.1649701989	0.0412988609	0.0786671688	0.0045176378	0.0000644581	0.0003553895
0	0.1132012207	0.1691380856	0.0263993217	0.0484114616	0.2447310986	0.0009523450	0.0403282776	0.0375475850	0.3081382579	0.0111523463
0	0.0715062163	0.0419858960	0.0697723933	0.2328069178	0.0219504623	0.0000762054	0.2050737938	0.3558700275	0.0004353149	0.0005227725
0	0.0547249640	0.0029882907	0.0170112287	0.0208618536	0.0049821511	0.0014281423	0.8466693042	0.0038773222	0.0474567423	0.0000000009
1	0.0000000000	0.0357898926	0.0000000000	0.0129897572	0.5667371437	0.3090545699	0.0723294864	0.0000000000	0.0000079993	0.0030911510
0	0.0108384670	0.1469726994	0.0723158369	0.1522863827	0.5903890090	0.0242622024	0.0003913824	0.0000376618	0.0018720973	0.0006342612
0	0.0368286778	0.0081238610	0.1048783510	0.0408430869	0.0720783280	0.0148209925	0.4141806755	0.1147636161	0.0185347638	0.1749476474
0	0.0100006456	0.0032597090	0.0799903101	0.0014519495	0.0481759966	0.5635498764	0.0127266036	0.1589068441	0.0498177541	0.0721203112
0	0.8389709586	0.0155747282	0.0036060560	0.0142431923	0.0012840401	0.0258289678	0.0212919457	0.0000756599	0.0791235517	0.0000008997
1	0.0127205039	0.2013030810	0.0021884163	0.2140248286	0.1356023833	0.2826262237	0.1415325356	0.0022081132	0.0000008138	0.0077931005
0	0.0000038159	0.0150917533	0.0442578357	0.0000000656	0.0855248315	0.0000000020	0.3981026394	0.0185822308	0.4352067526	0.0032300732
0	0.0971929229	0.2052932771	0.0037448949	0.0245480006	0.0075715958	0.0167526608	0.6136230886	0.0004774445	0.0014820840	0.0293140308
0	0.3545062685	0.1962256391	0.0675160239	0.0107941916	0.1373652047	0.0000000000	0.0888857037	0.0250264138	0.1187528470	0.0009277076
0	0.0085402410	0.0000000102	0.2134824890	0.0060086835	0.5751087875	0.0120034725	0.0000834021	0.1725758864	0.0000119032	0.0121851246
0	0.5897643234	0.1867497945	0.0737581151	0.0062353144	0.0589104410	0.0321523678	0.0434371388	0.0000057708	0.0089783890	0.0000083452
0	0.2219732946	0.0582711185	0.2448094518	0.2532580560	0.1654760786	0.0035223933	0.0191050636	0.0000000316	0.0065615925	0.0270229195
0	0.0657626181	0.0882257301	0.0309810038	0.0939573806	0.2917422606	0.0035559613	0.4106652122	0.0145480818	0.0000000000	0.0005617515
0	0.0010987433	0.1800107906	0.7033497609	0.0283163288	0.0003867824	0.0101198243	0.0598524491	0.0030274234	0.0138377117	0.0000001855
0	0.0126206567	0.0261184002	0.1308760067	0.0355901433	0.7120378922	0.0068445211	0.0309502214	0.0132629609	0.0243977970	0.0073014005
0	0.0131104610	0.0000000000	0.0001120902	0.3364795359	0.2139222539	0.0000000061	0.0453212723	0.0157718350	0.3752825455	0.0000000000
0	0.0022749061	0.1434115839	0.0157575301	0.2481723055	0.0000000018	0.3930604773	0.1662804871	0.0170983146	0.0139443936	0.0000000000
1	0.0000385951	0.0452955146	0.0000000000	0.1062157534	0.0699320525	0.0846464968	0.6715455820	0.0000312770	0.0135638097	0.0087309189
0	0.0250559442	0.4033922103	0.0251577204	0.0374882934	0.0699674869	0.2765034121	0.0494561946	0.0275480095	0.0211169400	0.0643137885
0	0.1710703330	0.0053106038	0.1790733617	0.0220612190	0.0000000060	0.0000000000	0.4089518212	0.1616720495	0.0061752127	0.0456853929
0	0.2121976774	0.6925462491	0.0052919436	0.0068763039	0.0166112283	0.0000662199	0.0614810735	0.0000149532	0.0049143510	0.0000000000
0	0.0381787657	0.3164503382	0.1252005762	0.0201042606	0.1834752409	0.0000000000	0.0170772726	0.2166782681	0.0433984889	0.0394367888
0	0.0006803529	0.0377787440	0.2436365891	0.2295622370	0.0242031113	0.0141308974	0.3735348831	0.0233503813	0.0024100471	0.0507127568
1	0.0702847533	0.0036415896	0.0000000000	0.0000000008	0.0433672930	0.5237760028	0.3480928347	0.0108375257	0.0000000000	0.0000000000
0	0.1709961172	0.0001124736	0.0143356469	0.0755167231	0.0483634432	0.1310183763	0.0203588701	0.0000000000	0.5392983487	0.0000000009
0	0.0000964627	0.5916758191	0.2785137531	0.0526262016	0.0292059090	0.0001055412	0.0052496841	0.0000000000	0.0415108293	0.0010157998
0	0.0844081604	0.4658482175	0.1631097378	0.0092334493	0.0489774570	0.0780376057	0.0480702229	0.0082640106	0.0938413240	0.0002098149
0	0.0024546216	0.0993352152	0.0248355964	0.0035246760	0.0143738476	0.0199261424	0.1152731782	0.0000122198	0.7202572413	0.0000072616
0	0.0982905649	0.0860585256	0.0630005576	0.4049712785	0.0303405872	0.0003416583	0.1136697181	0.0000000145	0.1053601631	0.0979669322
0	0.0134213446	0.0062284020	0.2143590400	0.0891325866	0.6399131222	0.0000000221	0.0001733035	0.0011126921	0.0356594870	0.0000000000
0	0.0920326967	0.0000000864	0.0571978540	0.0047089221	0.0002763132	0.0753591486	0.0041789363	0.7228041229	0.0128313369	0.0306105829
0	0.0034128611	0.0233980834	0.0762647884	0.0100636899	0.0000000010	0.0796642101	0.5402294923	0.1215869176	0.0247424947	0.1206374615
0	0.3007675047	0.0185724076	0.0015919957	0.0000207627	0.0159034824	0.0000000893	0.3532340555	0.0659335406	0.1968080698	0.0471680917
0	0.0002368424	0.0000088303	0.9116894155	0.0150836609	0.0170705248	0.0017987759	0.0256492571	0.0003374381	0.0220598346	0.0060654204
0	0.3539697049	0.2215708001	0.0169762038	0.0000039915	0.1947362297	0.0000013168	0.1440007351	0.0562119143	0.0100424453	0.0024866584
0	0.0107315889	0.1353832271	0.0033898036	0.0035177667	0.8274264479	0.0000000000	0.0191178753	0.0000000000	0.0004332902	0.0000000003
1	0.0167700692	0.0341757488	0.0000038439	0.0000000020	0.0119580056	0.0206531389	0.6870655808	0.0000017463	0.2180062569	0.0113656075
0	0.0115370945	0.5281986830	0.0450556183	0.0000038067	0.0510573434	0.0354056412	0.2218541213	0.0446565932	0.0041793101	0.0580517883
0	0.0924771471	0.0125397879	0.0295765953	0.0343806591	0.0000000000	0.0000000000	0.3000805766	0.0854091603	0.1706091228	0.2749269509
0	0.2913727178	0.0055877433	0.3935221505	0.0116095615	0.0690143706	0.1875035853	0.0000134059	0.0151455429	0.0246785808	0.0015523413
0	0.1149344494	0.2331589812	0.0000158810	0.1358217122	0.0715150099	0.1525817013	0.2041178502	0.0044932822	0.0564791864	0.0268819462
0	0.3238465885	0.0038167947	0.1147584297	0.0539420346	0.0000893976	0.0242749018	0.3506733727	0.0026811113	0.0915174672	0.0343999019
0	0.2068003710	0.3954833507	0.0383954479	0.0000001231	0.0171884861	0.0001615490	0.1157485680	0.0664263672	0.1597841898	0.0000115473
0	0.0005691094	0.1266622464	0.0497658566	0.3958046893	0.0039447795	0.0052118837	0.3794319779	0.0241189736	0.0008774171	0.0136130664
0	0.0196010603	0.0242299745	0.0119617876	0.0000037803	0.0049854925	0.6472819998	0.2063896442	0.0855445559	0.0000000001	0.0000017048
1	0.0117019437	0.0007173080	0.0000000101	0.0014001958	0.0022702648	0.0232343115	0.9375828483	0.0185783991	0.0045147187	0.0000000000
0	0.0490391997	0.0024313057	0.0477660546	0.0000291390	0.0035435967	0.6373910706	0.2180016710	0.0021214859	0.0109281596	0.0287483173
0	0.0259176288	0.0746698587	0.0255540844	0.6672054719	0.0515385775	0.0007781672	0.0000000000	0.0886778223	0.0656550286	0.0000033605
0	0.0152715044	0.2927838822	0.1686121444	0.2266724177	0.0077994298	0.0121721276	0.0171625014	0.0345337532	0.1943062158	0.0306860236
0	0.0065864024	0.1045626001	0.0855541201	0.6008122148	0.0824006999	0.0233911080	0.0832775874	0.0107332320	0.0020221852	0.0006598500
0	0.0018856987	0.1327092604	0.2713926218	0.2252754865	0.1685997615	0.0037411299	0.0147317018	0.0833768791	0.0000000116	0.0982874487
0	0.0008335082	0.0034812730	0.1014645468	0.0008909372	0.3122126250	0.0039742882	0.2075512847	0.2465763557	0.1123251418	0.0106900394
1	0.0383221474	0.2180811506	0.0000004444	0.0000139928	0.0304877254	0.0154628302	0.5773057093	0.0002423704	0.0002617536	0.1198218759
1	0.0002271206	0.0354819338	0.0000000001	0.0401073053	0.0274218576	0.6253984260	0.0180761185	0.0000000000	0.2241535473	0.0291336909
0	0.0037603624	0.0488083605	0.1469220313	0.0000000006	0.0487277974	0.0000000038	0.0895910447	0.2319576622	0.0138089718	0.4164237652
0	0.0050210188	0.0252183520	0.0023262040	0.3457855688	0.5733763811	0.0413985350	0.0049696257	0.0000000000	0.0003054461	0.0015988685
0	0.0107919216	0.0039186581	0.0575980934	0.0585776355	0.1016222525	0.0020233471	0.4766211838	0.2667480099	0.0183751212	0.0037237768
1	0.0000000119	0.0029395009	0.1196682591	0.0006576635	0.6161325266	0.0018526532	0.2386403167	0.0000040428	0.0047399736	0.0153650517
0	0.0001189016	0.0448373182	0.0978474589	0.0663869713	0.0585874092	0.0000284380	0.4613001205	0.0000000000	0.0645431273	0.2063502549
0	0.0234238847	0.0037912554	0.0001479871	0.0995681888	0.2188223791	0.0000001235	0.1481215359	0.3715262154	0.1006995893	0.0338988408
0	0.0000000000	0.0495675493	0.0986278947	0.0193280035	0.0000039445	0.7673620024	0.0507993082	0.0031686620	0.0106358954	0.0005067399
1	0.1616062144	0.0112626953	0.0099689337	0.0000300187	0.1381021859	0.0000000000	0.6766162976	0.0024091110	0.0000045433	0.0000000000
0	0.0934381089	0.5088614077	0.1624365403	0.0701524922	0.0401939626	0.0007938882	0.0231637188	0.0505562209	0.0458038614	0.0045997991
0	0.0414010679	0.0238251901	0.7270077674	0.0314012666	0.0283948821	0.0104933810	0.1204810520	0.0000983567	0.0004707617	0.0164262746
0	0.0000035521	0.0000452193	0.2856084635	0.0023516754	0.0109551995	0.3540566057	0.3467604231	0.0000000002	0.0002188612	0.0000000000
0	0.0007265017	0.0255898117	0.0543009308	0.2643459293	0.0000212021	0.1626133904	0.3821058231	0.0258439096	0.0000087038	0.0844437975
1	0.0124058565	0.0673513281	0.0000000000	0.0006943494	0.0603468198	0.1128212007	0.7252651431	0.0124861537	0.0000000042	0.0086291446
0	0.0154960683	0.0016379060	0.0333360137	0.4443627528	0.0000002890	0.0107416147	0.2822184286	0.0210888898	0.1851804254	0.0059376115
0	0.0576230115	0.0252713452	0.0075929392	0.0641844277	0.0000386129	0.0217283763	0.2970247357	0.0424412396	0.4513711490	0.0327241630
1	0.0041211884	0.0072268875	0.0009473932	0.0002744437	0.0023628756	0.0258677785	0.9589041321	0.0000000000	0.0002949480	0.0000003528
0	0.0002473293	0.2366451274	0.0164443846	0.7147493771	0.0000011471	0.0000000055	0.0166523130	0.0020151820	0.0002132170	0.0130319169
0	0.1361064038	0.0005874270	0.3779297930	0.0825774389	0.0121321971	0.0099867013	0.3317496775	0.0000000000	0.0489303614	0.0000000000
0	0.0089133284	0.0044973929	0.0021032817	0.3311195610	0.0593389742	0.2778830246	0.1506375447	0.0532302017	0.0998256666	0.0124510243
0	0.0995883596	0.0448537300	0.0000877835	0.0007854191	0.1787342157	0.0634948177	0.5529107697	0.0332380224	0.0001358862	0.0261709961
0	0.3672148562	0.0362422849	0.0168689733	0.0003450958	0.0376523575	0.0069433947	0.3231426972	0.0068709830	0.1569577479	0.0477616095
0	0.1289122454	0.0831315068	0.1039175956	0.6105999486	0.0420003735	0.0062626882	0.0047704043	0.0050364227	0.0038085229	0.0115602921
0	0.0238397767	0.6283524088	0.1972152674	0.0109531241	0.0000000005	0.0406907922	0.0212885964	0.0522295250	0.0254132110	0.0000172978
0	0.0050862117	0.0103088611	0.2552341462	0.0000000027	0.1770983196	0.0006760892	0.0153310178	0.0000054231	0.5298310461	0.0064288825
0	0.3626770373	0.0002660851	0.0000000000	0.0424793343	0.2600017431	0.3260346171	0.0040258307	0.0001942473	0.0043191796	0.0000019255
0	0.0000000000	0.0101561875	0.0107808176	0.0000529894	0.5481187542	0.0703299577	0.2403015250	0.0601242833	0.0504888708	0.0096466145
0	0.0012519984	0.1197450468	0.0002703909	0.1815517615	0.1962458511	0.1109072556	0.0000159079	0.0052539797	0.3847508026	0.0000070054
1	0.0221433928	0.0144968565	0.0038015677	0.0000150467	0.8195998575	0.1342243608	0.0000515374	0.0000000001	0.0052680728	0.0003993078
0	0.0571664640	0.0092076030	0.0286939281	0.0134872751	0.0293745143	0.0000000021	0.8182733235	0.0000002108	0.0209882600	0.0228084190
0	0.4603045342	0.2980952435	0.0077896509	0.1070406918	0.0944672131	0.0000000000	0.0198790347	0.0000000010	0.0000047198	0.0124189110
1	0.0084081918	0.0931704145	0.0000000000	0.0091938222	0.0437888103	0.0003380874	0.6368278033	0.2067574667	0.0015154036	0.0000000000
0	0.2579227964	0.0148312824	0.0000000328	0.0348933457	0.0502650059	0.2218989754	0.4027885732	0.0006545834	0.0167415061	0.0000038988
0	0.0000000046	0.1769947871	0.0023220130	0.1517731600	0.0384584756	0.0990539604	0.2778132226	0.0000000000	0.2535843767	0.0000000000
0	0.0716506391	0.0872696600	0.4901399130	0.0276917828	0.0283662355	0.0640155002	0.2303752729	0.0000000000	0.0004368673	0.0000541291
0	0.0059468100	0.8752990947	0.0660525275	0.0053129731	0.0118179603	0.0001418767	0.0088649769	0.0075987130	0.0146858121	0.0042792558
1	0.0152731416	0.0163262160	0.0000028778	0.0001967886	0.5039625016	0.0483913118	0.4069231172	0.0000000000	0.0089240382	0.0000000071
0	0.0003876403	0.0000502355	0.0010463218	0.0202095637	0.0356608117	0.1989091082	0.4603550739	0.0000000000	0.0035802173	0.2798010277
1	0.0067529319	0.0720966397	0.0048713713	0.0061823863	0.4295009589	0.0075518501	0.3317034575	0.0004397235	0.0000064068	0.1408942740
0	0.0077905911	0.0035840699	0.6338431130	0.1219424718	0.0077047080	0.0023930029	0.1389947816	0.0223964609	0.0386198665	0.0227309343
0	0.0499989671	0.0125605520	0.0951916384	0.0265599720	0.2773122839	0.0502859407	0.4523308952	0.0000001599	0.0357433358	0.0000162552
0	0.3460106879	0.3033487105	0.0176450941	0.1711829874	0.0571445972	0.0005060420	0.0110188878	0.0529794270	0.0401635661	0.0000000000
0	0.0178983661	0.0330661253	0.0265908793	0.6086448866	0.1348377878	0.0246329613	0.0104004596	0.0357409215	0.0126847517	0.0955028609
0	0.1159441453	0.0003351255	0.2233330122	0.0000000000	0.0320698740	0.0034753125	0.1233914913	0.0025182919	0.4989327157	0.0000000316
0	0.0000001202	0.0017267387	0.0461294633	0.0000000000	0.0216468576	0.0002856268	0.8399796039	0.0000129701	0.0899463582	0.0002722612
0	0.0403451229	0.0962244432	0.3439655830	0.1852967371	0.0049671335	0.2377504336	0.0551133905	0.0072421507	0.0022927235	0.0268022820
0	0.0038420377	0.0354652571	0.0924196884	0.0720977081	0.4369992657	0.0003071508	0.2332635448	0.0000543078	0.0124761888	0.1130748507
0	0.0014336081	0.0000533584	0.1856595154	0.0004370771	0.5721331404	0.0086569692	0.1777192975	0.0076784810	0.0462285530	0.0000000000
0	0.0011244611	0.2673269115	0.2463620714	0.0113443217	0.0509986673	0.0000003839	0.3916705406	0.0070747548	0.0223231153	0.0017747723
0	0.0854927672	0.0045186396	0.0636568563	0.0000067810	0.1674004215	0.0817206084	0.4566279849	0.0006466585	0.1292320275	0.0106972550
0	0.4626637209	0.0180911918	0.1116087015	0.0222792757	0.0719302772	0.0009119069	0.2372561869	0.0345737288	0.0148290978	0.0258559123
0	0.0268325834	0.3424636804	0.0000002609	0.1648598337	0.1347066584	0.1120176343	0.0618846814	0.0011304527	0.0048435198	0.1512606948
0	0.0017206860	0.0225890454	0.2985844093	0.0012512408	0.2539599238	0.0014588859	0.2035275917	0.0048235468	0.2018474755	0.0102371948
0	0.0233101907	0.0251100385	0.0776232046	0.0086015619	0.0045445790	0.0003249840	0.8604767564	0.0000005410	0.0000000000	0.0000081440
0	0.0675486937	0.0257055265	0.1013795717	0.4801978401	0.1617077712	0.0747160640	0.0000130052	0.0844834963	0.0004355660	0.0038124653
1	0.0080171020	0.3730519022	0.0397985885	0.0070082518	0.0004354802	0.1231772155	0.2221766247	0.0000177370	0.2260235307	0.0002935675
0	0.0000130143	0.1195727184	0.4165239768	0.0770176212	0.1238947161	0.0000429219	0.0075760937	0.0000000000	0.2532453893	0.0021135482
0	0.0244573492	0.0000000000	0.7578100446	0.0576727172	0.0384777054	0.0547070092	0.0081878222	0.0000000219	0.0507895422	0.0078977880
0	0.0001012186	0.1769486455	0.0228131336	0.0169674266	0.3661955815	0.0420165333	0.1069145290	0.1595563801	0.0920575047	0.0164290471
1	0.0549580401	0.1638120646	0.0053858581	0.0000578951	0.0000004838	0.1780844681	0.3402983881	0.0000000000	0.2329357547	0.0244670474
1	0.1139797845	0.0106314452	0.0019840568	0.0047693112	0.3322998524	0.0041105521	0.4768701807	0.0552707293	0.0000000011	0.0000840868
0	0.2648834130	0.2746649342	0.2885511159	0.0842299559	0.0531165324	0.0262655861	0.0000000015	0.0081304082	0.0000059371	0.0001521157
0	0.0057530789	0.3686654899	0.1177862598	0.0043942878	0.1108895856	0.0153522908	0.3706262533	0.0065323719	0.0000003820	0.0000000000
0	0.0100908586	0.0032828735	0.0217652712	0.2680793258	0.4458043507	0.0289726081	0.2219875906	0.0000169733	0.0000001482	0.0000000000
0	0.0068101406	0.0000765837	0.2001051003	0.0000045627	0.0207713563	0.5765763917	0.1754709650	0.0000003659	0.0053430426	0.0148414912
0	0.0148079642	0.0005430885	0.2850181909	0.0450100450	0.3010591152	0.0000767166	0.0426702913	0.2644556899	0.0459265625	0.0004323358
0	0.0116527426	0.0297912240	0.0349756716	0.0111432710	0.0401765940	0.0044785323	0.5689888302	0.0000000129	0.2972539115	0.0015392099
0	0.1494102973	0.1679361354	0.0113405577	0.0802867180	0.0940223362	0.0542606121	0.2357946948	0.0019047101	0.1741127872	0.0309311512
0	0.0947296186	0.0000000000	0.0000330512	0.1283851350	0.1931750140	0.0000997443	0.5535782417	0.0153432891	0.0008533225	0.0138025835
2	0.0000000002	0.2347389305	0.0000000008	0.0000000000	0.0188147313	0.0076185745	0.7170723959	0.0000000000	0.0000068960	0.0217484708
0	0.0151284738	0.2223086632	0.0664954180	0.1107080018	0.2834659423	0.0006029125	0.0673640215	0.0067029514	0.1980800199	0.0291435957
0	0.0003809958	0.0002872991	0.0615059475	0.0265724305	0.6725787143	0.0041424007	0.0880687703	0.1018600792	0.0000143099	0.0445890526
0	0.0000986157	0.0973543482	0.0000046304	0.5048693258	0.1435772004	0.0000004927	0.2050721179	0.0002756522	0.0487472884	0.0000003283
0	0.0001312670	0.0018107973	0.0490598978	0.1270121969	0.2671404214	0.0001777732	0.5496615918	0.0028060285	0.0021730729	0.0000269530
0	0.0017311193	0.0000000715	0.0005741828	0.2258247062	0.0400610812	0.0534262101	0.6125345571	0.0000000000	0.0421054231	0.0237426486
0	0.1084715800	0.0475163097	0.3610445455	0.0480218232	0.0323124451	0.1320457702	0.1833322899	0.0000006429	0.0517661954	0.0354883982
1	0.0096881309	0.0404081252	0.0932645019	0.0834704476	0.0298739349	0.0649839795	0.6305475734	0.0000000028	0.0477522046	0.0000110992
0	0.0285929148	0.0002577763	0.2413130755	0.0310354675	0.0006860567	0.1253168095	0.4381751824	0.0000039964	0.1217224370	0.0128962839
0	0.0001616717	0.4296313938	0.0252320074	0.0006153289	0.1813111721	0.0118058383	0.0000000626	0.1864588475	0.0030412756	0.1617424023
0	0.0099820423	0.2451496726	0.2047980014	0.0022346990	0.0055319432	0.1002325262	0.0043864793	0.0000000000	0.2312028147	0.1964818213
0	0.0393674196	0.4054918069	0.3132495118	0.0397604479	0.0000000063	0.1900568403	0.0000000230	0.0067273266	0.0049830629	0.0003635548
0	0.0064986003	0.0026361165	0.0261585592	0.3452043284	0.2455977940	0.0000235348	0.2620637017	0.0001620542	0.0431660332	0.0684892777
0	0.0443491933	0.0254181388	0.0005005976	0.0783195589	0.1125436390	0.0170151850	0.4758546454	0.0098009391	0.2361838708	0.0000142321
0	0.0768240979	0.0597653012	0.0809570130	0.0020328908	0.7473065126	0.0194492213	0.0018444087	0.0010422543	0.0106722911	0.0001060092
0	0.1639786135	0.0878364751	0.0519628444	0.0371152620	0.1760189688	0.0326142111	0.0446237570	0.3799750655	0.0076830351	0.0181917674
1	0.0037805747	0.0240820948	0.0133140689	0.0213609351	0.5501078496	0.0385775340	0.2217393189	0.0814588003	0.0000000008	0.0455788230
0	0.1376572031	0.0598094375	0.0689379500	0.0244936991	0.0156484083	0.0178558155	0.3807902506	0.2920794112	0.0000135703	0.0027142544
0	0.0814136404	0.0238930713	0.0259883532	0.1667242580	0.0000000000	0.5612606739	0.0507630886	0.0443686886	0.0239123384	0.0216758877
0	0.3914352501	0.0352639447	0.0000000000	0.0000020240	0.2786404159	0.2454589655	0.0417679321	0.0002546309	0.0000004031	0.0071764337
0	0.1285931658	0.0000000000	0.0500589114	0.2049158542	0.0000016724	0.0592493003	0.4450647989	0.0013307546	0.0084700142	0.1023155281
0	0.0484679485	0.0741826757	0.0000319268	0.0332336805	0.0556163958	0.0284659257	0.6360713707	0.1176577445	0.0052934446	0.0009788872
0	0.0506220010	0.0788622160	0.0600168970	0.5607554035	0.0233317309	0.0200190509	0.2061305045	0.0000003951	0.0002618010	0.0000000000
0	0.0004454976	0.0795797419	0.0124128474	0.0030260470	0.4972462476	0.0907877919	0.0000001784	0.0036659982	0.3121961817	0.0006394682
0	0.0130853282	0.0712132595	0.1396845726	0.0000701910	0.0000000337	0.0751797082	0.2792111558	0.0183793685	0.4031735061	0.0000028764
2	0.0000000000	0.0011726296	0.0000000000	0.0000000000	0.4040436459	0.0167198689	0.5775426200	0.0005212357	0.0000000000	0.0000000000
0	0.0415810868	0.0025827187	0.0021969131	0.4590403257	0.0121521753	0.3010750483	0.0388749427	0.0105602865	0.1319332788	0.0000032240
0	0.1238956244	0.0255187906	0.4708646540	0.0000887728	0.0510153186	0.0256158193	0.0961556621	0.1856150923	0.0171767671	0.0040534988
0	0.3344062073	0.0551906234	0.1149684855	0.0615848233	0.0060250204	0.0210138567	0.3626994899	0.0012441406	0.0428422490	0.0000251038
0	0.5359261111	0.1571291450	0.0647149082	0.1028958912	0.0000000000	0.0091851428	0.0128590089	0.0000001929	0.1099953437	0.0072942561
0	0.0018417330	0.0029564674	0.2268416051	0.0717314881	0.1252621344	0.0005535129	0.0000650009	0.0082766384	0.2985702689	0.2639011510
0	0.1988424971	0.0051473910	0.0210403330	0.0001693401	0.3842347912	0.2445346046	0.0000086038	0.0016849027	0.1404899900	0.0038475466
0	0.2722853158	0.0000000000	0.0380868907	0.0774259771	0.4667393517	0.0305246175	0.0368705751	0.0000001797	0.0000348313	0.0780322610
0	0.0323531623	0.1164443089	0.0958115963	0.0063368372	0.1994297912	0.0014761002	0.3045565552	0.0062450640	0.0000276716	0.2373189130
1	0.0050913119	0.3314829720	0.0000000000	0.0552318178	0.2499068959	0.0143601614	0.1838447022	0.0000000030	0.1600821357	0.0000000000
0	0.0353166466	0.0491166804	0.1143331900	0.0044956288	0.7248891920	0.0002614705	0.0008142365	0.0000000000	0.0653879480	0.0053850072
1	0.0013781211	0.1567489196	0.0000000179	0.0021565315	0.0756551157	0.0038048413	0.7313183095	0.0129946399	0.0159422896	0.0000012138
0	0.0116821615	0.2904228503	0.0008815552	0.0390900784	0.0036168928	0.1311331669	0.3445767729	0.0108307990	0.1644470149	0.0033187081
0	0.0237127343	0.2572750605	0.0036189391	0.2498950038	0.0986113637	0.1061182700	0.1587619082	0.0454123399	0.0017900597	0.0548043208
0	0.0047638115	0.1326923209	0.1952072662	0.0458865134	0.3528760761	0.0000000000	0.2612525941	0.0073127174	0.0000000056	0.0000086947
0	0.0004612449	0.1071032865	0.1171848006	0.0338565249	0.0517216575	0.6011295509	0.0048514904	0.0502467126	0.0027491620	0.0306955696
0	0.0000207671	0.0129013222	0.0000000000	0.2618403950	0.5603697091	0.1285678122	0.0218174911	0.0095755956	0.0049069077	0.0000000000
0	0.0002993418	0.4480388038	0.0469628429	0.1353291055	0.1282645049	0.0047162091	0.0425367639	0.1937858980	0.0000000894	0.0000664407
0	0.0000798322	0.1235785128	0.1226679263	0.0000029231	0.4914071794	0.0091226959	0.0996303765	0.0000000000	0.1535105538	0.0000000000
0	0.0007416483	0.4192149142	0.1083225503	0.0111199593	0.2193339243	0.0270252068	0.0655893035	0.0010632549	0.1327628452	0.0148263932
0	0.0222165047	0.0082796748	0.0419472569	0.1631972666	0.4469673866	0.0000000002	0.2794998017	0.0368540461	0.0010380624	0.0000000000
0	0.0362540695	0.0001070683	0.0175227470	0.4541122973	0.3313484122	0.0489338234	0.0779242343	0.0171954178	0.0166018980	0.0000000321
0	0.0417851717	0.2516421088	0.0370847172	0.1816007739	0.0369950117	0.4061254100	0.0408565635	0.0038846579	0.0000000004	0.0000255849
0	0.0482260118	0.1773134029	0.1619570851	0.5174502272	0.0048042128	0.0824361094	0.0000000000	0.0001915354	0.0003762794	0.0072451359
0	0.0293429626	0.5493537800	0.0000000000	0.0277156982	0.0990005311	0.0198484246	0.1880919084	0.0001165423	0.0513846075	0.0351455454
0	0.0414781482	0.0059624294	0.2143041152	0.0192442634	0.5185141419	0.0054842299	0.0007670882	0.0012276493	0.1441721783	0.0488457563
0	0.1671280493	0.1267992834	0.1495085735	0.0710329513	0.0001077957	0.1160180931	0.2770815892	0.0002623849	0.0920612795	0.0000000001
0	0.0001288228	0.0066917897	0.0049403590	0.0473349239	0.0333251486	0.0000000184	0.8719430954	0.0025077808	0.0156125839	0.0175154776
0	0.0519265058	0.6499619077	0.0235692969	0.0775502136	0.0591227066	0.0338895792	0.0780372823	0.0233035433	0.0002746385	0.0023643262
0	0.0050904023	0.5984556027	0.0053042490	0.0559987805	0.0168163687	0.0116411877	0.0000000000	0.2797104125	0.0269829965	0.0000000000
0	0.0002631055	0.3355765168	0.1622682530	0.1508036026	0.0002050746	0.2646425842	0.0227370901	0.0000433644	0.0425404402	0.0209199686
0	0.1434780571	0.0209640392	0.0000000001	0.0538168532	0.0006763587	0.0300465033	0.7476599930	0.0022884517	0.0010697326	0.0000000110
0	0.3844744368	0.0707922238	0.0003736671	0.0066983794	0.0887409345	0.0025594931	0.0000122829	0.1267469710	0.3196016105	0.0000000009
0	0.0540605444	0.0197972585	0.1145750615	0.0468186160	0.0077222754	0.4354113519	0.0237736959	0.0089431072	0.1186438619	0.1702542271
0	0.0023917072	0.0067550178	0.7241610870	0.0160664683	0.0536867624	0.0337223925	0.0914328121	0.0534063105	0.0183165260	0.0000609161
0	0.1093933130	0.0972788767	0.0076465004	0.0214846324	0.0001982866	0.0296919208	0.4604677690	0.0000720376	0.2737663996	0.0000002640
0	0.0181554253	0.0004741101	0.1250024417	0.0000017593	0.0001076757	0.0505181158	0.6445525270	0.0000817222	0.0000024396	0.1611037833
0	0.0795165571	0.1471459504	0.0002612359	0.1958689505	0.0000481250	0.0495529321	0.4543718989	0.0011527013	0.0155032642	0.0565783847
0	0.0845162816	0.0348486321	0.6667183846	0.0203034915	0.0796304590	0.0118527982	0.0702810791	0.0005390238	0.0171569382	0.0141529120
0	0.0529209781	0.0018486104	0.0157594999	0.2384123277	0.1612460591	0.0014205562	0.4190527079	0.1033413500	0.0059979105	0.0000000000
0	0.0130237975	0.0018060421	0.0054307688	0.1286979785	0.1229889447	0.0709703724	0.0180423308	0.0357465692	0.5736347753	0.0296584207
0	0.0000000482	0.0556733678	0.0015505985	0.4017612660	0.0311105038	0.1665500562	0.2579040129	0.0726160016	0.0048088405	0.0080253045
0	0.1337013548	0.0755485160	0.3781997597	0.1743198318	0.0841243304	0.0046039420	0.1493408254	0.0000650097	0.0000782569	0.0000181733
0	0.2923851666	0.1290658668	0.0191099662	0.0097298817	0.0864406752	0.0008628143	0.2284566798	0.0474739502	0.0233814996	0.1630934996
0	0.0202285953	0.0000161761	0.2992908282	0.1692461130	0.0035777258	0.0548913146	0.0040910503	0.3430742962	0.1054575640	0.0001263365
1	0.0174868305	0.0000878428	0.0000000000	0.0001907871	0.0029742650	0.0106375237	0.9615101519	0.0000000000	0.0000000000	0.0071125990
0	0.4241717181	0.4965647816	0.0347869314	0.0150920499	0.0031522034	0.0000000001	0.0145635580	0.0000932345	0.0109881361	0.0005873869
0	0.0685821990	0.1900252045	0.0603776574	0.1215000792	0.2900270472	0.0315426547	0.0283370069	0.0074998549	0.2020421283	0.0000661680
1	0.0320308948	0.2803436644	0.0000075460	0.0289460844	0.2693700256	0.0078661969	0.2376467060	0.1221824881	0.0000000000	0.0216063937
0	0.0799222964	0.0003970840	0.0217641911	0.0021350445	0.3886734875	0.0002742613	0.4119588050	0.0159994032	0.0011644630	0.0777109640
0	0.0026167428	0.0738567285	0.3648095471	0.2142725584	0.1968139351	0.0881934004	0.0090773925	0.0008266320	0.0116104928	0.0379225703
0	0.0321631524	0.0147115669	0.5238446222	0.0883369684	0.0033881718	0.1677586539	0.0508062908	0.0000315764	0.0333987578	0.0855602394
0	0.1991229547	0.0007077388	0.0012894878	0.6370141146	0.0684955301	0.0002198882	0.0807755822	0.0000813565	0.0120578924	0.0002354547
1	0.0000011082	0.0000000000	0.0000000000	0.0002028375	0.1683666316	0.0272101079	0.8027266525	0.0000148929	0.0014777693	0.0000000000
0	0.1524144456	0.0107784651	0.0000233792	0.0997459372	0.2229514223	0.0112158650	0.0105922498	0.0000011550	0.3590898546	0.1331872262
1	0.0000000376	0.0085786614	0.0006665860	0.0372745435	0.6015841261	0.0702164160	0.2358961769	0.0000000000	0.0000000000	0.0457834526
0	0.0000515499	0.0785498285	0.0258371183	0.0000006577	0.2429206712	0.0003019900	0.5060174406	0.1200375387	0.0262649875	0.0000182175
1	0.5065031634	0.0294099019	0.0000032827	0.0001442433	0.0967729612	0.0044419849	0.3492020168	0.0000000002	0.0133003006	0.0002221449
0	0.0907299793	0.0079259703	0.3394233096	0.5251050141	0.0003543934	0.0052620756	0.0007817917	0.0043639438	0.0106273713	0.0154261509
0	0.1174209382	0.0000816368	0.0386546150	0.3733171247	0.3353657758	0.0214896996	0.0105061867	0.0000000000	0.1014347576	0.0017292655
1	0.8231615386	0.0000000143	0.0000000000	0.0006982145	0.0079567319	0.0000053424	0.1264040964	0.0136189505	0.0015912969	0.0265638144
0	0.2695250592	0.1930679668	0.0003657269	0.4523116562	0.0000000000	0.0383314462	0.0356713799	0.0000000000	0.0106299408	0.0000968240
0	0.0004131563	0.6153194207	0.0034729909	0.0443052301	0.1322212262	0.0096488692	0.1882545992	0.0001008799	0.0000634899	0.0062001376
0	0.0574780443	0.0176119766	0.0069206562	0.0043416454	0.0211208015	0.2050205087	0.6687466364	0.0000000000	0.0128002083	0.0059595227
1	0.2555539274	0.1391415857	0.0134999955	0.0074548193	0.2647222989	0.0917771254	0.1119681398	0.0124074328	0.0517132342	0.0517614408
1	0.0038381960	0.0002482102	0.0000645389	0.0000981532	0.1273256514	0.0000001013	0.8392870428	0.0001608837	0.0263070230	0.0026701995
0	0.0309015689	0.0147145654	0.0105378807	0.1825007869	0.0491829472	0.0001449257	0.7080516028	0.0001916329	0.0037740895	0.0000000000
0	0.0685247303	0.0501920943	0.3920184801	0.0136617524	0.0000052595	0.3890275565	0.0213216286	0.0157521799	0.0494963184	0.0000000000
0	0.0781393921	0.0226698115	0.0155011540	0.1080985287	0.1087011375	0.0004357746	0.6631832999	0.0000000000	0.0012484705	0.0020224312
0	0.0000006003	0.0085681346	0.1072970662	0.1624589855	0.0928247142	0.0413724289	0.5646965388	0.0086458965	0.0110083533	0.0031272816
2	0.0364018990	0.1754660001	0.0000000000	0.0000000000	0.2658253355	0.1977795497	0.3190629470	0.0030275156	0.0024367519	0.0000000013
0	0.4212837496	0.0025097473	0.3189539295	0.0020919874	0.0035256055	0.1054917109	0.0274575179	0.0009929300	0.0624242976	0.0552685244
1	0.1097923770	0.1691113084	0.0033446773	0.1092789541	0.2338958768	0.0023454074	0.3227647715	0.0473305274	0.0012803279	0.0008557722
1	0.0000006871	0.0369981639	0.0291180129	0.0044981410	0.0000009752	0.0119352140	0.2806158028	0.0007905208	0.6360281668	0.0000143155
0	0.0127619666	0.0006260686	0.0035582777	0.3884065766	0.5170133968	0.0000000000	0.0340614586	0.0195565573	0.0239726921	0.0000430057
0	0.0649677357	0.0329189961	0.2862879096	0.4302540718	0.1200806005	0.0009480779	0.0009807835	0.0005802048	0.0000444801	0.0629371401
0	0.0000095336	0.0428752877	0.2030881894	0.1861709671	0.1233398232	0.0054941173	0.3652377278	0.0737213721	0.0000629817	0.0000000000
0	0.0000160934	0.8696352084	0.0519644407	0.0057678647	0.0030588106	0.0031056620	0.0550161721	0.0000922698	0.0111486059	0.0001948724
1	0.0087645246	0.2527712863	0.0427600952	0.0653035267	0.2710130842	0.0048009672	0.2981591625	0.0526589716	0.0000003997	0.0037679821
0	0.4371846748	0.0099975530	0.0617357843	0.0743890055	0.0029647045	0.1291554659	0.0046709075	0.0067806347	0.2345637280	0.0385575419
0	0.0004857416	0.0092992617	0.0019220842	0.1608112534	0.0583181399	0.2350956284	0.1357645038	0.3691610847	0.0291011951	0.0000411073
0	0.0061403783	0.0127580926	0.0085954766	0.7936101061	0.0504283058	0.0255148552	0.0603990110	0.0000000000	0.0399043236	0.0026494507
0	0.0000004129	0.0030985669	0.0185657433	0.1120936429	0.0209546529	0.0326036323	0.7924588139	0.0044497070	0.0001040525	0.0156707753
0	0.0000000000	0.0469565983	0.0256507653	0.0906744840	0.0346222054	0.0504547049	0.6579570584	0.0208501993	0.0002660160	0.0725679685
0	0.1048636721	0.0899183375	0.0003517324	0.0476871183	0.3473628885	0.0023736665	0.0014193912	0.3357297154	0.0160296238	0.0542638543
0	0.2557341467	0.0011936471	0.0590985555	0.3187551837	0.2816736934	0.0001649483	0.0015279946	0.0019214631	0.0601221118	0.0198082560
1	0.0004141148	0.0501855655	0.0002928343	0.0000420334	0.0938274316	0.1120876783	0.7401463603	0.0000002225	0.0023230577	0.0006807017
0	0.0005441479	0.0636601086	0.0384791222	0.0313049058	0.6262632408	0.0000000000	0.0415983568	0.0319766330	0.0043072203	0.1618662646
0	0.0000005504	0.2160974128	0.0502289600	0.0562976848	0.4741168794	0.0016320050	0.0193899382	0.1690928033	0.0126564521	0.0004873140
0	0.3099756885	0.0009317483	0.0000001232	0.3108372837	0.0000231914	0.0038108612	0.3720855003	0.0000000003	0.0002030474	0.0021325556
1	0.0293770685	0.7058960225	0.0055860082	0.0501755420	0.0110419164	0.0000000040	0.1837452113	0.0003717635	0.0000914969	0.0137149666
0	0.0228866753	0.0449354584	0.1713620150	0.1055156634	0.0227076548	0.1939976124	0.3673871132	0.0385704841	0.0296408067	0.0029965166
1	0.0011550011	0.0009131168	0.0277372474	0.0025062088	0.2353556083	0.0001517848	0.6553577793	0.0139415818	0.0295231849	0.0333584867
0	0.0817605422	0.1641999916	0.0813225548	0.2396548080	0.0999681941	0.0668409029	0.0497895641	0.1954589361	0.0120230254	0.0089814808
0	0.1636377621	0.1861626838	0.0289522264	0.0596290718	0.0722615749	0.1732318754	0.0025634915	0.3061726807	0.0046899844	0.0026986490
0	0.0538946900	0.0042098326	0.0096063720	0.1232867665	0.0596350790	0.0136206020	0.2002457698	0.2860972778	0.2494036103	0.0000000000
0	0.0324257214	0.1010765655	0.0000000001	0.2015827642	0.0157322129	0.0945288685	0.4167617326	0.0142195687	0.1226028157	0.0010697502
0	0.0000000000	0.0000000000	0.1129285691	0.0195174845	0.5559281155	0.0542950715	0.0211711222	0.2229770204	0.0130636944	0.0001189224
0	0.0000000279	0.0291032872	0.0286963190	0.0170032858	0.0091570588	0.6196183000	0.1079553958	0.0220745646	0.0096813090	0.1567104519
0	0.0194743994	0.0033504326	0.0611759170	0.0000000000	0.7781985178	0.0345187688	0.0270054742	0.0699172901	0.0000000480	0.0063591521
0	0.1135214811	0.0804567630	0.0015099884	0.1834743999	0.0041865436	0.0000918906	0.0055523450	0.0000001528	0.0163618831	0.5948445525
1	0.3579947122	0.0626307626	0.0000000000	0.0196166461	0.1942835424	0.0512486089	0.2737940408	0.0008690178	0.0395626684	0.0000000007
0	0.1905536889	0.2874912736	0.0001214564	0.2533716460	0.2559728465	0.0000548663	0.0026125369	0.0000000000	0.0064973739	0.0033243115
0	0.0589491873	0.0116684895	0.1541842094	0.0519555375	0.3576278374	0.0025801322	0.0234697908	0.0000444538	0.0000097079	0.3395106541
0	0.0201122090	0.2909493733	0.0207585440	0.1878310479	0.1399646435	0.0011927765	0.1818097119	0.0000000002	0.0833852656	0.0739964281
0	0.0136972092	0.0000000000	0.4169437259	0.0087637578	0.0000625906	0.0008063062	0.5143722667	0.0063840268	0.0000000000	0.0389701168
0	0.0000000000	0.0115501345	0.0000159444	0.0302660398	0.0327713176	0.0109605387	0.6117247731	0.0912891506	0.1807645728	0.0306575286
0	0.0152981063	0.1492952528	0.0000001962	0.0267952200	0.2281933530	0.0000108676	0.4522740146	0.0665430964	0.0615755444	0.0000143488
0	0.4553638809	0.0000008764	0.0248540995	0.0434272818	0.0532453418	0.1353214759	0.0494745667	0.0841313091	0.1240218597	0.0301593082
