0	0.0000000033	0.0069720396	0.0000159236	0.6825107325	0.0000289393	0.0000121003	0.0044675766	0.0649089284	0.0001018993	0.2409818571
0	0.0017826486	0.0081676720	0.3952203784	0.1288982945	0.0000751434	0.0000213199	0.1138564668	0.2390016351	0.0000000000	0.1129764413
0	0.2413039481	0.0335452671	0.4885416964	0.0000000000	0.0001463040	0.0312238569	0.0754195277	0.0458136253	0.0809341225	0.0030716519
0	0.0033319600	0.0103098301	0.0750714012	0.2028201965	0.0495480137	0.0278516436	0.0003097799	0.3343152869	0.2931289357	0.0033129524
0	0.0077711034	0.0725866336	0.0000020590	0.0124925307	0.0472088053	0.0000000043	0.0000001535	0.1053167099	0.2332291716	0.5213928288
0	0.0468340099	0.0093148490	0.0381763471	0.1417172781	0.0071890805	0.0000233728	0.5218652270	0.2107592293	0.0000000001	0.0241206063
1	0.0003415906	0.0218779116	0.0000000000	0.8356880553	0.0000000471	0.0008136081	0.0060650490	0.0293316028	0.1058821356	0.0000000000
0	0.2982302099	0.0038447680	0.0185208739	0.0323492550	0.0277808310	0.0000067468	0.0223992936	0.2028314927	0.0263889101	0.3676476190
1	0.0358899052	0.0089298992	0.0000000000	0.0862375750	0.1812663835	0.0000011052	0.0068741925	0.4080872177	0.1158375720	0.1568761497
0	0.0945152756	0.0917830492	0.0051804241	0.0629093033	0.1050854247	0.0525704449	0.0001419648	0.0325203996	0.5162802092	0.0390135048
0	0.0283026550	0.2206595960	0.0203364444	0.0170949265	0.6048625415	0.0000000000	0.1017580200	0.0069850649	0.0000000109	0.0000007407
0	0.0475728049	0.0159460716	0.0050887697	0.0183863355	0.0000000000	0.0151791207	0.4681506652	0.1052930452	0.2004066956	0.1239764915
0	0.0291036040	0.0000002460	0.0364304082	0.4742467557	0.2919346603	0.0000000000	0.0000001596	0.0278614098	0.0009760946	0.1394466619
0	0.0077715680	0.0000016718	0.0391231131	0.0118929914	0.0193683841	0.0273603609	0.4869980770	0.0219429027	0.0690338342	0.3165070968
0	0.0100146333	0.0520929762	0.0000000133	0.0095302609	0.0975217758	0.0012429914	0.5141971042	0.0515754478	0.0335770132	0.2302477840
0	0.0190333472	0.0143352123	0.1340589791	0.0030292932	0.0546639211	0.0007084925	0.5093042640	0.1880868335	0.0170404639	0.0597391931
0	0.0138661122	0.0596017501	0.1863043859	0.0095690873	0.4285386701	0.0075444842	0.0543555438	0.0058597333	0.0424873944	0.1918728388
1	0.0369274284	0.0000000000	0.0000041456	0.7064096747	0.0543056198	0.0176531682	0.0336501008	0.1334811094	0.0136426959	0.0039260573
0	0.0597913897	0.0175039169	0.0161008180	0.0006356424	0.0055253031	0.1338003660	0.0245887685	0.0740554859	0.0391319488	0.6288663607
0	0.0459771723	0.0000000000	0.0709073448	0.1688739243	0.6608557619	0.0000122573	0.0000670412	0.0476120010	0.0056282222	0.0000662751
0	0.0054968186	0.0006165611	0.0152212581	0.0000331671	0.0472232566	0.0765499397	0.6121616509	0.1816293937	0.0447699299	0.0162980244
0	0.0007206503	0.0439140694	0.0097754582	0.5008238820	0.0388114895	0.0000369547	0.3761342303	0.0012102080	0.0250243291	0.0035487286
0	0.0000774884	0.0055536609	0.0002566733	0.6141685951	0.1419649968	0.0734047249	0.0269643609	0.0164727125	0.1071546955	0.0139820916
1	0.0001534574	0.0001569266	0.0000000000	0.9688183660	0.0073827836	0.0003222053	0.0042809771	0.0048512920	0.0115776730	0.0024563189
1	0.0119868591	0.0000000000	0.0000000000	0.3391813690	0.0010657750	0.0000000000	0.0769572430	0.4898047148	0.0672147267	0.0137893124
0	0.0228891144	0.0000000000	0.0324305753	0.0176419744	0.0837764298	0.0585190651	0.0000694075	0.6860587542	0.0870672483	0.0115474310
0	0.0000000003	0.0142280554	0.0000103601	0.0051839784	0.0108906519	0.2252532965	0.3958407656	0.2112735148	0.0024585205	0.1348608564
1	0.0000005415	0.2113104461	0.0036645778	0.0913957976	0.0026832136	0.0000044329	0.0340605398	0.5382816558	0.0789361286	0.0396626662
0	0.0630135408	0.0342578560	0.1839469751	0.4172428793	0.0000787817	0.0001118269	0.0028845818	0.0702493171	0.0722621125	0.1559521288
0	0.0000518508	0.0007267859	0.0698603927	0.0333924694	0.5885505773	0.0001730943	0.0680898673	0.0446279852	0.0000446479	0.1944823293
0	0.0000000000	0.3132557087	0.0006964746	0.0629219024	0.0000951311	0.0034382811	0.0008896870	0.0544352329	0.1608843648	0.4033832173
0	0.0013953074	0.0000000701	0.0000000031	0.0826901605	0.3987877972	0.0000000000	0.0765879375	0.4196268118	0.0152579029	0.0056540095
0	0.0000000000	0.0281361436	0.0213749499	0.1877976502	0.0169243466	0.0445153562	0.2880908788	0.3932294525	0.0000533480	0.0198778740
0	0.1045233190	0.0029877868	0.0302034176	0.4896359691	0.0000000003	0.0676285883	0.1688723590	0.0899722283	0.0167220687	0.0294542629
0	0.2777362834	0.1519230163	0.0311308423	0.2396965061	0.0219729719	0.0002289100	0.0464639705	0.2016908973	0.0112046794	0.0179519228
0	0.0395172653	0.0356892635	0.0296434616	0.0695341763	0.0000047540	0.0012880675	0.0151852551	0.7843073545	0.0195706791	0.0052597232
0	0.1263659963	0.0000133926	0.0000000059	0.0882467507	0.1988117732	0.0064022370	0.0000008841	0.0005582028	0.5305302725	0.0490704847
0	0.0037644496	0.0000123611	0.0000564431	0.0004604186	0.0055480315	0.0000008947	0.0664056448	0.4677008951	0.3585321725	0.0975186889
0	0.0963232387	0.1741261375	0.0681200448	0.0535875121	0.0123209376	0.0319140167	0.0083093980	0.4701981735	0.0217200558	0.0633804853
0	0.0379526877	0.0147015809	0.1150822841	0.1467801810	0.1397606714	0.0166143574	0.2478575229	0.1735760328	0.0483736922	0.0593009897
0	0.0067626326	0.0001374846	0.0281517755	0.0246844735	0.2368765315	0.0000477145	0.2020055281	0.1681541803	0.2369552553	0.0962244239
0	0.1236719831	0.5070056547	0.0057830389	0.0099323897	0.0011376533	0.0696160843	0.1680273705	0.0010905442	0.1100878201	0.0036474611
0	0.0434251888	0.0225327006	0.0000000002	0.5833437887	0.0000375224	0.0002185310	0.0701813276	0.0626863567	0.0104585657	0.2071160181
0	0.1786336546	0.1020211130	0.0285482086	0.1312891493	0.0000050676	0.0006113037	0.2578713273	0.0226832714	0.1353191508	0.1430177537
1	0.0000670543	0.0013606901	0.0000000137	0.5218920082	0.0056207346	0.0006154439	0.0069155493	0.4442202751	0.0132146190	0.0060936117
0	0.0139511674	0.0744677301	0.0000000000	0.0111671224	0.0326415701	0.0038641893	0.2866893900	0.0021985206	0.4493057942	0.1257145160
0	0.0031216842	0.0311794189	0.0105450719	0.5618647253	0.0226923158	0.0000000001	0.2103221882	0.0026230675	0.0149501142	0.1427014139
1	0.0029305926	0.0521047085	0.0003991314	0.1193998700	0.0469039120	0.0000000000	0.0664958769	0.3518842537	0.0119928312	0.3478888237
0	0.0002205909	0.0149479025	0.0007346243	0.0170433621	0.0000000001	0.0023341828	0.0292918639	0.0818400624	0.0160893512	0.8374980598
0	0.0000818389	0.0000000701	0.0007070722	0.0062379372	0.0337335675	0.0000001772	0.0518058188	0.0724424775	0.2573760685	0.5776149723
1	0.0049792967	0.0000810190	0.0001268668	0.0244664446	0.0000000002	0.0000000003	0.0040941771	0.5803510077	0.3845127130	0.0013884748
0	0.0013328016	0.0005160982	0.3365001269	0.1620283455	0.0548970273	0.0028026153	0.2065686622	0.0611513571	0.1168115898	0.0573913762
1	0.0092493790	0.0007393969	0.0000440488	0.0957076118	0.0251516204	0.0007713710	0.0065507044	0.8384010057	0.0103839976	0.0130008645
0	0.0336835992	0.0006670063	0.0001960033	0.4533877935	0.1816704621	0.0176691412	0.1459356871	0.1212134284	0.0068518944	0.0387249846
0	0.0688496522	0.0076999024	0.0019316364	0.7531751955	0.0030999953	0.0000008203	0.0039972433	0.0038068600	0.0000000003	0.1574386943
0	0.0069968970	0.0000000000	0.0066163186	0.0030779267	0.0268956353	0.0205987716	0.8879492872	0.0000073220	0.0227327891	0.0251250524
0	0.1469383446	0.0182269837	0.1346703853	0.2686859129	0.2204905667	0.0000000099	0.0893217809	0.0646941505	0.0569717525	0.0000001129
0	0.0031145330	0.0004951836	0.0364446752	0.0043561260	0.0000000000	0.0016687519	0.0039219009	0.3309110651	0.0026219463	0.6164658180
0	0.0336246842	0.0267078837	0.0313680530	0.0154900954	0.0695434359	0.0000000000	0.3625245398	0.0768186194	0.2868249464	0.0970977422
1	0.0000000000	0.0000000002	0.0006270623	0.0206875156	0.0001834247	0.0102049796	0.4777903260	0.4733059123	0.0067383212	0.0104624582
0	0.0297191760	0.0010838973	0.1438784107	0.1032837892	0.0000042193	0.0000019528	0.0886957527	0.0752027909	0.3082433865	0.2498866247
0	0.6517394872	0.0043602059	0.0033464760	0.0030986623	0.0000000000	0.0144692418	0.2602311334	0.0169359408	0.0020521422	0.0437667105
0	0.1714333248	0.0370058202	0.0490283091	0.0000074438	0.1656196928	0.2217887204	0.0554860314	0.1851126047	0.0494818483	0.0650362047
0	0.0000289967	0.0000000028	0.0122365821	0.3147602410	0.2336927145	0.0417960516	0.0008629478	0.0397996861	0.0055294133	0.3512933641
0	0.0604423637	0.0018355446	0.0000046105	0.3160740047	0.0155044603	0.0003876700	0.0537735210	0.0009405917	0.4262978802	0.1247393533
0	0.0000570972	0.2059650176	0.0453661441	0.0442925807	0.0656031763	0.0489852686	0.1216804623	0.4431741308	0.0061568323	0.0187192902
0	0.0025708333	0.0006797442	0.0000662334	0.0032389889	0.0116969313	0.0008266689	0.1025501832	0.1340180454	0.7183529786	0.0259993930
0	0.0000051434	0.0029659164	0.0002559710	0.2403167422	0.0000000000	0.0000305385	0.2061509694	0.0011379296	0.1656159408	0.3835208486
0	0.0061060649	0.0897084866	0.0550814269	0.0020672277	0.2531472392	0.0125020077	0.2722054024	0.0594367813	0.0807160167	0.1690293467
0	0.0132663142	0.0548904955	0.0506862807	0.0812203914	0.0059478419	0.0079746495	0.1378936151	0.0376095307	0.0692298727	0.5412810083
1	0.0000000000	0.0001957576	0.0014797362	0.0099193972	0.0032623509	0.0011486969	0.0003715573	0.9783808339	0.0033937800	0.0018478900
0	0.0899927419	0.0155838616	0.0119735285	0.0515387336	0.0362630708	0.1119208017	0.0106453782	0.0007287438	0.6705328480	0.0008202919
0	0.0663994279	0.0934600546	0.0000000655	0.4692965106	0.0004474419	0.0901958585	0.2331211463	0.0000002685	0.0416529193	0.0054263069
0	0.0085683009	0.1755007494	0.0163176453	0.0481806964	0.1352367763	0.1518178013	0.0704790230	0.1649567184	0.1786642851	0.0502780039
0	0.0001837186	0.0290519381	0.0118479632	0.2143255572	0.0179177529	0.0234662339	0.1680371770	0.4488503310	0.0863120741	0.0000072541
0	0.0905822438	0.0000000000	0.0000049192	0.2712098757	0.0122482974	0.0714803556	0.0486249024	0.0010913302	0.3780237882	0.1267342875
0	0.0764362625	0.0359831791	0.0391179955	0.0415486133	0.0006673924	0.0283707878	0.4711912725	0.1370756382	0.0439205568	0.1256883019
0	0.0851003803	0.0234362602	0.0041350883	0.0309153101	0.0730774253	0.0422530453	0.0122284384	0.0516928130	0.6676270594	0.0095341797
0	0.4862484423	0.0152842248	0.0194925754	0.3248043817	0.0000000001	0.0544358914	0.0207378339	0.0479917351	0.0309998240	0.0000050914
0	0.0275281299	0.0108823634	0.0106734498	0.6898867602	0.0028615352	0.0000000904	0.0137430066	0.1584539007	0.0778644368	0.0081063270
0	0.0112569020	0.4225155219	0.0000022171	0.2317999526	0.0623568298	0.0641984689	0.0188843333	0.1657227719	0.0195561543	0.0037068482
0	0.0390075817	0.0193635328	0.0161479889	0.5345705884	0.0223295953	0.0050291987	0.1677658185	0.0131460791	0.1438455238	0.0387940927
0	0.0118525625	0.7504674829	0.0089704457	0.0272717949	0.0031518989	0.0133706763	0.0213657899	0.0000036294	0.0384208915	0.1251248278
0	0.0071192870	0.1666261246	0.0000000009	0.2842398899	0.0130432897	0.0046406916	0.3134012105	0.0353907465	0.0012027916	0.1743359677
0	0.0261708416	0.0000035710	0.0132877085	0.0085217703	0.0001767669	0.0431885237	0.2135022978	0.0040635465	0.0105502311	0.6805347427
0	0.0512760653	0.0000137661	0.0000046090	0.0084920140	0.0144397985	0.0027269558	0.0834840029	0.5613493808	0.0060220875	0.2721913202
0	0.0093064594	0.0006638003	0.0019312178	0.4391833156	0.5002208605	0.0003159379	0.0339194960	0.0045054566	0.0018339649	0.0081194911
0	0.0000154200	0.0087227455	0.0025835185	0.6581294986	0.0002271055	0.0027151064	0.0048062084	0.1732731122	0.0476729229	0.1018543620
2	0.0006570464	0.0000000000	0.0000000000	0.0571302514	0.0004948424	0.0000000000	0.0004230270	0.9264824495	0.0116643233	0.0031480599
0	0.0110574627	0.4709162712	0.0000000835	0.0459089742	0.1029323584	0.0000000000	0.0934507705	0.0798100342	0.0000007431	0.1959233021
0	0.0040162169	0.0360940077	0.0016250752	0.0262008757	0.0101872974	0.0001713847	0.0464077406	0.0885202754	0.1162152365	0.6705618898
0	0.3983752119	0.2760528803	0.0097302909	0.0007617185	0.0736315365	0.1312178895	0.0000973960	0.0604059539	0.0492766491	0.0004504736
0	0.0445034614	0.0123369976	0.2166638625	0.0358125985	0.0000000000	0.0051189127	0.1170628642	0.3273040349	0.0889225531	0.1522747152
0	0.2656925241	0.0000000001	0.0018261893	0.0660407453	0.3023788833	0.0567248579	0.0552432248	0.2400447954	0.0120405274	0.0000082522
0	0.0288786788	0.0510208512	0.1274297527	0.0560148824	0.0641185603	0.0170596680	0.2577714979	0.0074276216	0.0050542234	0.3852242639
1	0.0000000000	0.0010850865	0.0000776513	0.0195348921	0.6174899568	0.0040819104	0.2825824214	0.0005269645	0.0746204628	0.0000006543
0	0.0023252066	0.0001343122	0.0174122115	0.0946491437	0.6644342298	0.0000034003	0.0015781832	0.0000000000	0.0113614057	0.2081019070
0	0.1225910936	0.1093014262	0.0537266891	0.2725642679	0.0039560482	0.0000000028	0.0735773727	0.0209925501	0.3312736920	0.0120168575
0	0.0161452539	0.0125638081	0.0107004072	0.1630946344	0.0202307280	0.0540427988	0.0486633748	0.3493437689	0.0978004083	0.2274148177
0	0.2160349945	0.0553224212	0.0255706354	0.0342776548	0.0022015918	0.0000000000	0.4606303291	0.2009409633	0.0006597186	0.0043616913
0	0.0052723704	0.1403008675	0.0000000749	0.0001603779	0.0098103191	0.0001523123	0.1652988474	0.6735041505	0.0002879682	0.0052127118
0	0.2282927842	0.0167255419	0.0000005721	0.6055155300	0.0000192061	0.0152440325	0.0699923813	0.0000182889	0.0000000140	0.0641916490
0	0.0802944836	0.0000000525	0.0001796550	0.1095389821	0.0819814531	0.0007837397	0.0061847793	0.0832108469	0.1847303041	0.4530957036
0	0.0004902895	0.2444636059	0.0035680205	0.0635089471	0.0608539064	0.0103912107	0.1510300331	0.2595318101	0.2050913773	0.0010707994
0	0.0314491419	0.3441001685	0.0000000000	0.0952494920	0.0200834493	0.0410672955	0.1932888209	0.1264832132	0.1427203082	0.0055581105
0	0.4523011201	0.0071974075	0.0504446953	0.0036529807	0.0018450076	0.0152651759	0.4395166343	0.0000000102	0.0203257414	0.0094512270
0	0.0073693149	0.0038710427	0.0181229558	0.3590990373	0.1799357890	0.1580340288	0.0000002801	0.0693131606	0.0000000526	0.2042543383
0	0.0000000000	0.0638681213	0.0093851390	0.0646065689	0.0083637808	0.0000000000	0.0428974834	0.0165745213	0.0427784142	0.7515259711
0	0.1016229877	0.0762081318	0.0116090068	0.0000000000	0.0000024209	0.0374993762	0.2968523736	0.0381081895	0.3507828554	0.0873146582
0	0.0000018124	0.0256609886	0.1710657266	0.0579071300	0.2363528101	0.0033110109	0.2536313592	0.0000020999	0.1292013203	0.1228657420
0	0.2187429649	0.1682111346	0.0687750389	0.1348225713	0.0235626146	0.0000018832	0.0103114938	0.0348897987	0.0191685333	0.3215139667
0	0.0167935981	0.0019144313	0.0264529161	0.1853101731	0.0160784255	0.0326712094	0.0079640756	0.0002044397	0.6990674757	0.0135432554
0	0.0557231695	0.0357883815	0.0115706046	0.0034436084	0.0692357117	0.0081574065	0.0568507684	0.5300519336	0.2162478253	0.0129305904
0	0.0087476955	0.0078655543	0.0773363124	0.3194520937	0.0000006417	0.0316520770	0.0626867038	0.2991489043	0.1782207308	0.0148892865
0	0.0000078826	0.4167079790	0.0292301001	0.0307297608	0.0289036378	0.0178792813	0.1195628501	0.1181565005	0.0157435955	0.2230784123
0	0.0301627104	0.0306654253	0.1229829667	0.0007889846	0.1958670743	0.1759845641	0.0000071377	0.0002093343	0.1942808143	0.2490509883
0	0.0723626733	0.0000931658	0.0897526546	0.1053991247	0.2988718802	0.0054327114	0.0939399323	0.2680029940	0.0519880669	0.0141567969
1	0.0021495638	0.0014969012	0.0000000000	0.1144344707	0.0202565870	0.0000000462	0.0095881372	0.8321043679	0.0159342026	0.0040357233
0	0.0175337782	0.0068291708	0.0243367148	0.0740797193	0.0775576903	0.0000000000	0.6302755709	0.0693037337	0.0000948257	0.0999887965
0	0.0169156552	0.0001585431	0.0044843962	0.6200222753	0.0350677559	0.1803460351	0.1291850413	0.0111714261	0.0017934603	0.0008554115
0	0.1127942386	0.1016664669	0.0001803815	0.2438861701	0.0295401884	0.1357837174	0.0872137062	0.2321360203	0.0249769510	0.0318221595
1	0.0000130715	0.0000000000	0.0000002008	0.0140369618	0.0082533467	0.0058419961	0.0103433826	0.9445319240	0.0114887922	0.0054903243
0	0.0000035252	0.0000197776	0.0013968898	0.0042633799	0.0000355480	0.0000022465	0.3958513796	0.5379766020	0.0173277151	0.0431229360
2	0.0000000000	0.0000000000	0.0000000000	0.1195683349	0.0000924050	0.0004746964	0.0113253636	0.8668857325	0.0010482778	0.0006051897
0	0.0205972278	0.0694439036	0.2615404204	0.1201392680	0.0000378284	0.0267405065	0.2656213286	0.0000003620	0.0409261582	0.1949529965
0	0.3317384561	0.0223466760	0.0032770749	0.0016785933	0.0000000483	0.0368337673	0.2094673253	0.1084436175	0.2783183104	0.0078961309
0	0.0000000000	0.0000400710	0.7517876493	0.0013037925	0.0002116725	0.0000005058	0.1083843216	0.1016784295	0.0321389671	0.0044545907
0	0.0000014333	0.1939048636	0.0539297433	0.0017179254	0.0241253784	0.0001186673	0.1868907023	0.3266646098	0.2088133941	0.0038332824
0	0.0085752850	0.0000000360	0.0478059012	0.0014914991	0.0007563138	0.1785818026	0.5704461540	0.0148377511	0.0152083131	0.1622969441
0	0.0000000013	0.0065984977	0.0000000000	0.0706710924	0.2988415478	0.1892612403	0.0036419008	0.0108696553	0.1070452020	0.3130708625
0	0.0475563043	0.0000335076	0.0050016066	0.0046113683	0.0144935000	0.3195923362	0.0210766154	0.0594470697	0.1095796569	0.4186080351
0	0.2684562187	0.0000010355	0.0527551665	0.4765591992	0.0101357797	0.1404143612	0.0140574156	0.0089543775	0.0286605670	0.0000058789
0	0.0050976841	0.0300286339	0.3344901746	0.0717531503	0.0794290935	0.0325296816	0.2381474860	0.0451682136	0.0000000027	0.1633558797
0	0.0078348941	0.0047457090	0.0013353088	0.0522561685	0.0000111620	0.0252462050	0.0585608436	0.8290531289	0.0036065908	0.0173499892
0	0.0665099595	0.0728382669	0.0000000069	0.2176676722	0.0215012737	0.0691769312	0.3682415015	0.1337912097	0.0004346139	0.0498385645
0	0.1199993762	0.0313188936	0.0604645354	0.5115232571	0.0056965997	0.1936447508	0.0005753535	0.0695116621	0.0072655716	0.0000000000
0	0.0000020453	0.0187192286	0.2397328201	0.0219245018	0.1741856601	0.0426754874	0.3345275778	0.1511179496	0.0082262668	0.0088884625
0	0.0000308357	0.1864401756	0.0241321324	0.3479030383	0.0213212132	0.0423852103	0.0025972217	0.0129966870	0.0885790877	0.2736143983
1	0.0000000000	0.0006986661	0.0055879435	0.2880859727	0.0004747263	0.0020214614	0.1332154980	0.5320968303	0.0119672902	0.0258516116
0	0.0105480975	0.0001237994	0.0232424351	0.4701532624	0.0391068935	0.0000000000	0.0006473233	0.0006271725	0.0338767263	0.4216742901
0	0.0292097360	0.0277622741	0.0001261462	0.0036921176	0.0000351502	0.0074747700	0.3925254219	0.4695338489	0.0000380301	0.0696025051
0	0.0510055667	0.1195960402	0.0307082409	0.0072297278	0.4762519456	0.0639668278	0.0148731832	0.0435628840	0.0856665940	0.1071389899
1	0.0007711746	0.0000004047	0.0865305518	0.2021737276	0.2336219582	0.0000004356	0.0103838429	0.4038989443	0.0460263796	0.0165925806
1	0.0000000148	0.0082170266	0.0000000000	0.8839247945	0.0005335613	0.0499321095	0.0063472387	0.0411451174	0.0010180207	0.0088821166
0	0.0000000000	0.2246713628	0.0000014704	0.0000000017	0.0254052248	0.2588673899	0.2908522427	0.1982551212	0.0002408566	0.0017063298
2	0.0000000000	0.0000000191	0.0000000000	0.2442715693	0.0145345506	0.0009195542	0.0401753378	0.6787727762	0.0126384563	0.0086877365
0	0.1310758814	0.0400983470	0.3520000106	0.0319404760	0.0001405873	0.0002031597	0.0311638322	0.0005864452	0.4068367276	0.0059545330
0	0.0001005619	0.0280929638	0.0035461494	0.0098914919	0.0901000957	0.0001135212	0.4456636472	0.0158292573	0.1334473201	0.2732149915
0	0.0000076226	0.1671684709	0.0002067295	0.0724167232	0.0639009704	0.0015290290	0.4947652753	0.0693800070	0.0046723349	0.1259528372
0	0.0000118739	0.1510760474	0.0796127294	0.0955492135	0.0678903276	0.2795897891	0.1603301767	0.0158149172	0.0318792509	0.1182456743
1	0.0007178592	0.0000561117	0.0000000000	0.0171552032	0.0276380254	0.0178519309	0.0000000904	0.1598164969	0.7767642738	0.0000000085
0	0.0000410629	0.1420359931	0.0455918889	0.0035764231	0.0043339836	0.0048428613	0.0265760259	0.4482489225	0.2220144279	0.1027384108
0	0.0000007742	0.0000578536	0.2792588917	0.0008393847	0.0734664824	0.0034949369	0.2973801308	0.1932466767	0.1521896589	0.0000652101
0	0.4485423356	0.0019019632	0.1210581258	0.0328729356	0.0016667086	0.0000000038	0.1935793854	0.0055635289	0.1613523150	0.0334626980
1	0.0000039870	0.0025167257	0.0000057603	0.2871102886	0.1332445342	0.0001501985	0.0721360479	0.3312382119	0.0113314635	0.1622627825
0	0.0000011777	0.0000554762	0.1118308942	0.4634555298	0.0079521199	0.1747515906	0.0468355061	0.0765466970	0.0743252852	0.0442457233
1	0.0000000000	0.0001364794	0.0000872723	0.0001086168	0.0008414321	0.0000000000	0.0088980943	0.9881735917	0.0009644749	0.0007900385
1	0.1299306068	0.0000000000	0.0000039825	0.4782349557	0.0803600055	0.0000213298	0.0009070054	0.1353240845	0.1033474741	0.0718705557
0	0.0046781862	0.2029320255	0.0762256672	0.0461047707	0.0419315060	0.1418562512	0.1185548347	0.0588120553	0.0023889711	0.3065157322
1	0.0000000000	0.0010003483	0.0000000000	0.9259343815	0.0368606024	0.0000025681	0.0002671605	0.0063696356	0.0078152253	0.0217500783
0	0.0930515399	0.1441548099	0.0000240131	0.0408485419	0.0170893435	0.0121646889	0.0005418043	0.0237662344	0.6332770130	0.0350820110
0	0.1595135625	0.0130942672	0.0008537138	0.0515513856	0.0000000000	0.5408566625	0.0695170537	0.0255346378	0.0405960299	0.0984826870
0	0.2175292236	0.0000021265	0.0003202302	0.0988749131	0.0825662825	0.0164528002	0.4111934457	0.0014681309	0.1315415888	0.0400512585
0	0.0917054702	0.0039669044	0.0302360638	0.0134287119	0.0357815887	0.0046088217	0.5297662929	0.1673616800	0.0016985254	0.1214459412
0	0.0961976450	0.0039103348	0.0331071598	0.0354754865	0.0062480360	0.0184225934	0.6776056498	0.0861255464	0.0357593267	0.0071482215
0	0.0138486650	0.0498715436	0.0800289478	0.0264575742	0.1326376972	0.0539297252	0.2449865634	0.0216644965	0.0589057044	0.3176690827
0	0.0971732063	0.1752763872	0.0479118020	0.0369869655	0.0600497085	0.0387821976	0.0777270151	0.0009671200	0.4650541790	0.0000714190
0	0.3608588020	0.0001122183	0.0129732600	0.1554934148	0.0512424267	0.1504298076	0.1237708934	0.0036226418	0.0597952933	0.0817012421
0	0.0000000000	0.0052457222	0.0185619256	0.0116757440	0.0000408162	0.0015382585	0.2875865127	0.1853939548	0.1565177578	0.3334393083
1	0.0169237006	0.0029598137	0.0005530144	0.7654350996	0.0306333911	0.0190949786	0.0014207459	0.1080948944	0.0478863189	0.0069980427
1	0.0082271147	0.0000000000	0.0000000069	0.2726067011	0.3861865096	0.0000000000	0.0000015025	0.2268488613	0.1059541198	0.0001751840
0	0.0874102063	0.0000000000	0.0006413691	0.2286287170	0.0046146202	0.0000344784	0.6693234125	0.0000615171	0.0046067794	0.0046789000
1	0.0000000000	0.0032972975	0.0004178445	0.0158189775	0.0024508237	0.0048910838	0.0677021532	0.8889782151	0.0099233009	0.0065203039
0	0.0006401279	0.5567410004	0.0249004612	0.0143867506	0.0568133974	0.0007155558	0.0446033177	0.1452946353	0.0494147904	0.1064899633
0	0.0724284144	0.0009138813	0.0206079678	0.3199351433	0.0000000000	0.0853791638	0.0210852317	0.3788501258	0.0009432233	0.0998568486
0	0.0000089807	0.1138408149	0.0712518225	0.0264929229	0.0811134350	0.0000000003	0.4640513648	0.1988090730	0.0030484579	0.0413831280
0	0.0204564702	0.3378716889	0.0000426661	0.1037897752	0.0000000000	0.0196189708	0.1192320853	0.0000285518	0.0255227796	0.3734370120
0	0.0177023764	0.0304627392	0.0000000107	0.2773078401	0.0010078099	0.0012592512	0.5497061075	0.0400034653	0.0561903265	0.0263600732
1	0.0000000000	0.0000077874	0.0000659372	0.0004094634	0.0062019069	0.0003139702	0.0019640875	0.9888292287	0.0022054317	0.0000021870
0	0.0369460615	0.0006725047	0.3797223797	0.0448712670	0.1878308012	0.0072686659	0.0015732823	0.0045666026	0.2775795649	0.0589688703
0	0.0031917067	0.0176695342	0.0117850132	0.1733236215	0.0176527005	0.0016429698	0.0129823644	0.6606468835	0.0651778415	0.0359273647
0	0.0000000000	0.0038066641	0.3894748601	0.0956617862	0.0002597288	0.0029327892	0.0901721484	0.0000000000	0.4026051415	0.0150868818
0	0.1639023703	0.0555026729	0.0000000000	0.3778754361	0.0154806808	0.0047257539	0.1113536831	0.0151534147	0.2497341480	0.0062718401
0	0.0271536569	0.2593122605	0.0000000742	0.0002847037	0.3273682914	0.0040889244	0.1454737949	0.0833259985	0.0413160109	0.1116762846
1	0.0000144762	0.0000000000	0.0000000000	0.0419613520	0.0545292891	0.0120405290	0.0161765221	0.8637362451	0.0110120576	0.0005295289
1	0.0000055224	0.0001991340	0.0000000000	0.5511040059	0.0069650796	0.0038919366	0.0106596934	0.0807911412	0.0000089127	0.3463745742
0	0.0001477468	0.0113228953	0.5383034254	0.1537616617	0.0002620331	0.0212991977	0.0066331054	0.0967990009	0.1637390696	0.0077318641
0	0.0370762960	0.1520380088	0.0158396696	0.0780960047	0.0423485376	0.0002074253	0.2516029384	0.1389267877	0.1217491235	0.1621152082
0	0.0291188111	0.0058347555	0.0000000000	0.4932317302	0.0417814129	0.0001224077	0.2208152246	0.1217676006	0.0843222688	0.0030057886
0	0.1099291500	0.0000000000	0.0005016398	0.0090024131	0.0896133226	0.1509310685	0.0002022421	0.4448508922	0.0104470032	0.1845222685
0	0.0107593694	0.0117240756	0.0045637909	0.0564660603	0.1003848978	0.7765569148	0.0194720492	0.0000105770	0.0063345717	0.0137276932
0	0.0358031945	0.0142723425	0.0389238227	0.0738105300	0.1672315370	0.0000001654	0.5873007345	0.0144319846	0.0002041120	0.0680215768
2	0.0000000000	0.0000000002	0.0000104211	0.5163518231	0.0051434385	0.0000000000	0.0006241784	0.4341460392	0.0169702918	0.0267538076
0	0.0831025555	0.0026337423	0.3253954418	0.0316941138	0.1601131670	0.0000334760	0.0422200911	0.3283012971	0.0181882813	0.0083178340
0	0.0465500702	0.0018391037	0.1621805393	0.2465250923	0.0002118832	0.0012610845	0.2991952940	0.0730986762	0.0181340507	0.1510042060
0	0.2173712287	0.2326114361	0.0255837194	0.0031187660	0.0122373023	0.1108720022	0.3561872804	0.0210733121	0.0110374842	0.0099074687
0	0.1856277934	0.0774391193	0.0000000075	0.1030359999	0.0001343835	0.3908825054	0.0089365334	0.1875054995	0.0132808268	0.0331573314
1	0.0011957006	0.0000000000	0.0000000001	0.0230053825	0.0510978117	0.0000003945	0.0095981565	0.4022507506	0.5115801790	0.0012716245
0	0.1055198735	0.0000000000	0.0000358005	0.0046780892	0.1672216553	0.0002720945	0.0523548875	0.0537699362	0.1263013906	0.4898462728
0	0.0000006851	0.0054120946	0.0000029769	0.0654493984	0.0000358142	0.0289751881	0.8800357931	0.0091357021	0.0103807145	0.0005716330
1	0.0000018913	0.0051325429	0.0000000000	0.3620311804	0.0047222947	0.0103154839	0.4072381974	0.2074163043	0.0031410937	0.0000010115
0	0.1762964951	0.2019321973	0.0000000002	0.0021687932	0.2804520754	0.0000000000	0.0264060522	0.0423085819	0.0000152012	0.2704206036
1	0.0249349844	0.0392661982	0.0000000000	0.4375711223	0.0376775817	0.0000057949	0.4071108138	0.0465879453	0.0008485786	0.0059969807
1	0.0002799240	0.0067485123	0.0000000000	0.1660352017	0.0652248134	0.0000392028	0.3352418451	0.3489880082	0.0172657061	0.0601767865
0	0.0000171818	0.3244571846	0.0440033159	0.0290445994	0.0001401203	0.0760384443	0.1645300504	0.0143919242	0.0000000006	0.3473771785
0	0.0000000978	0.0000249216	0.4002628957	0.0023130599	0.0631529448	0.0080957235	0.0188052784	0.0119073709	0.1288719763	0.3665657310
0	0.0005033674	0.0220264676	0.0015716422	0.0139971060	0.0866148509	0.0000121113	0.1001175651	0.7136894224	0.0048956613	0.0565718059
0	0.0630445551	0.2044700113	0.0996046478	0.2678790613	0.2584672369	0.0014927760	0.0275356604	0.0219151033	0.0120263455	0.0435646023
0	0.0042917390	0.0000279354	0.0968500523	0.3178777383	0.0259575183	0.0241123864	0.1281211469	0.2892696686	0.0000013951	0.1134904196
0	0.0006489379	0.0000000000	0.0000257575	0.0113541129	0.0011023169	0.0736509729	0.0498792432	0.5178806641	0.0885549274	0.2569030674
0	0.0000108904	0.0152026795	0.1068201613	0.0090183642	0.0101024460	0.0000000000	0.3154022613	0.2365477059	0.2429748081	0.0639206833
0	0.0239133428	0.0737979267	0.3282278369	0.0063006624	0.2242441155	0.0133014364	0.1858646266	0.1015877676	0.0349181669	0.0078441183
0	0.0008501297	0.0413355942	0.0408475386	0.1053223640	0.0147891777	0.0021530078	0.0252193618	0.1891681309	0.0447292909	0.5355854044
1	0.0001750031	0.0014036524	0.0001823353	0.0295401375	0.0005505050	0.0003987719	0.0063574451	0.9484646450	0.0041442013	0.0087833034
1	0.0000000000	0.0045202081	0.0000001126	0.6882543229	0.0216969654	0.0012051391	0.0036774352	0.0513030062	0.2159657621	0.0133770484
0	0.0192896851	0.0000000000	0.0072283893	0.0549720391	0.0005773013	0.0332575831	0.0731579080	0.0979311904	0.0900915386	0.6234943651
0	0.0309533026	0.0001989541	0.0689583726	0.0534831585	0.0024006750	0.0856457071	0.0521528590	0.0387878764	0.1411228908	0.5262962038
0	0.0000000000	0.0000044451	0.0000032151	0.0508719678	0.0385181890	0.0355104508	0.7810965049	0.0686680784	0.0039061571	0.0214209918
0	0.0000000002	0.1899268189	0.3049661626	0.0450918425	0.0347781869	0.2904060556	0.0412549526	0.0328577213	0.0000000000	0.0607182594
0	0.0204611870	0.0000286581	0.0149237197	0.5867346699	0.0405852641	0.0202711751	0.0552548159	0.2590864556	0.0026540086	0.0000000460
0	0.0037802804	0.0981461228	0.0322912320	0.0081977204	0.2622634498	0.0126430197	0.4049538562	0.0417888239	0.1357780997	0.0001573950
0	0.0000023880	0.0101761601	0.0198962756	0.2609740371	0.0002299512	0.0011687844	0.0237912354	0.0206420255	0.6564198953	0.0066992473
0	0.0511956866	0.0478380303	0.0730847250	0.3741049729	0.0198979947	0.0002333507	0.1906058011	0.1452084399	0.0000000117	0.0978309871
0	0.2567488629	0.0299020472	0.0053845398	0.0565784670	0.1064103455	0.1213122972	0.0040629829	0.1489381440	0.0102775392	0.2603847744
0	0.2195277825	0.0002152584	0.1774055967	0.0001730704	0.0994278470	0.0658299619	0.1146595444	0.3195017266	0.0018151567	0.0014440555
0	0.0028227515	0.0545926061	0.0204520339	0.0359024777	0.2565396353	0.0031878075	0.0289440320	0.4913616314	0.0643166324	0.0418803923
0	0.0132796017	0.0227430908	0.0385512821	0.5627560761	0.1029243114	0.0016128146	0.2125912935	0.0016970477	0.0007481619	0.0430963200
1	0.0002671904	0.0000040587	0.0005327648	0.1141445783	0.0002731975	0.0000289171	0.0142679383	0.7947280033	0.0061934846	0.0695598670
0	0.0000298683	0.0423832798	0.0363666745	0.1458187592	0.0007670272	0.1004885772	0.4923683186	0.1808315578	0.0000929334	0.0008530040
0	0.0827097808	0.1003240163	0.0000321131	0.0679030693	0.0001749822	0.0031834325	0.0385231124	0.1982068868	0.1332104857	0.3757321210
0	0.0366672932	0.0224364770	0.0000001157	0.0239629240	0.0166599780	0.0033532286	0.1481505886	0.4801875976	0.0004834727	0.2680983245
0	0.0529438179	0.0000000882	0.0794090309	0.0383560274	0.0421922519	0.3280449323	0.4525098704	0.0005045475	0.0001338994	0.0059055341
0	0.0000025053	0.0197951571	0.1144830795	0.2524395739	0.1782586802	0.1550304987	0.2036072633	0.0343496969	0.0271019889	0.0149315563
0	0.0072054956	0.0034240342	0.0929503020	0.3814887211	0.0132938472	0.0003125119	0.1304056730	0.1858705027	0.1822478067	0.0028011056
1	0.0000000000	0.0002108850	0.0000000000	0.1934880330	0.4414135676	0.0042269202	0.0081395647	0.0361532169	0.0045037143	0.3118640982
1	0.0017856179	0.0140534806	0.0000105222	0.1652505732	0.0087587550	0.0018722784	0.0003713723	0.5300589133	0.0857515091	0.1920869781
0	0.0165077037	0.0000026657	0.1976423533	0.2397866953	0.2897741382	0.0082084538	0.0690104815	0.0858010554	0.0036868875	0.0895795657
0	0.1057451997	0.1589247734	0.0000000000	0.0867426283	0.0008514657	0.0087875146	0.0862272668	0.4974957875	0.0137527860	0.0414725780
0	0.0001048087	0.0012825405	0.0211972111	0.0395551195	0.0075080589	0.0237155543	0.0411969838	0.7312043729	0.0000006943	0.1342346561
1	0.0004844397	0.0138558603	0.0000000000	0.0276887292	0.2579170531	0.0002727329	0.0814306011	0.4599819613	0.1405512021	0.0178174202
0	0.0959991303	0.5028989140	0.0000000000	0.0002652293	0.0007571385	0.0000000000	0.0221479548	0.1137911337	0.1057045029	0.1584359965
0	0.0710421434	0.0000000090	0.0358608483	0.1335706987	0.1275407989	0.0001603346	0.0259318493	0.5463050077	0.0268556777	0.0327326324
1	0.0017742534	0.0004441227	0.0000000000	0.1465065860	0.0348982734	0.0000000000	0.1045910919	0.5404796620	0.1656564122	0.0056495984
1	0.0005511493	0.0023409113	0.0255778900	0.3283095994	0.0124606840	0.0000000000	0.4558569993	0.0825367260	0.0448790066	0.0474870341
0	0.0084034648	0.3969643504	0.0431788604	0.0120941687	0.3735062147	0.0000535443	0.0354974256	0.0027804788	0.0723655961	0.0551558963
1	0.0030384383	0.0000069527	0.0000000000	0.2037940704	0.1096186450	0.0549933377	0.0764768473	0.0475081489	0.0123881147	0.4921754450
0	0.0031870920	0.0585258731	0.1094447036	0.1423623271	0.0041902013	0.0518284017	0.5610147643	0.0654969339	0.0022414957	0.0017082074
0	0.0398659196	0.0832301747	0.0024014444	0.0295516958	0.1892845421	0.0000000000	0.1439420573	0.3652770974	0.0788004344	0.0676466343
0	0.0000012403	0.0010180782	0.0001861318	0.7001450979	0.0263908949	0.0032691492	0.2637239876	0.0000043625	0.0010686853	0.0041923723
0	0.1428173594	0.2538480292	0.0667964695	0.0060677806	0.2366181866	0.1475268014	0.0788781886	0.0586190919	0.0007456527	0.0080824401
0	0.0024168138	0.1043553469	0.0000000000	0.1525205190	0.0000000000	0.0201971256	0.6093026796	0.0798079368	0.0000062289	0.0313933494
0	0.0000000000	0.0041783201	0.0009075550	0.3245896926	0.1134832783	0.0454107971	0.1454552765	0.2393671591	0.1222718701	0.0043360511
0	0.1127062494	0.0586789432	0.0000000000	0.3054123797	0.0019312499	0.0374092312	0.2155329694	0.2637764883	0.0018466205	0.0027058684
1	0.0000000002	0.0003121434	0.0000089912	0.0763415079	0.0365598717	0.0001663621	0.0027842057	0.7877700551	0.0954667213	0.0005901413
1	0.0000007958	0.0000090350	0.0008274254	0.0914448814	0.7634446153	0.0025948969	0.0099412233	0.0965288095	0.0045712973	0.0306370202
0	0.0150898962	0.0500806121	0.0000000007	0.2759385501	0.0046193112	0.1487459337	0.0573534180	0.1407248691	0.2225859709	0.0848614381
0	0.1131676018	0.0515463292	0.0770298002	0.0253064055	0.2982787949	0.0142707551	0.1695705662	0.0487440478	0.1744775474	0.0276081518
0	0.0223881928	0.0711267991	0.4042609971	0.1385522945	0.0209036251	0.0144282381	0.0087292266	0.0986974013	0.1385277991	0.0823854264
0	0.1368755715	0.0654723985	0.0315319665	0.1900967882	0.0005465031	0.0161595800	0.0000265263	0.4215186777	0.0489765341	0.0887954541
0	0.0001125431	0.0010784242	0.0125944656	0.4583583961	0.0714902332	0.0265596380	0.1071656767	0.3152671229	0.0021567676	0.0052167326
0	0.0477717106	0.0217276056	0.0126509779	0.2981952698	0.2973211292	0.0254272137	0.0673303975	0.1418345747	0.0002028132	0.0875383079
0	0.2226029486	0.0801926856	0.0233843609	0.0037891606	0.0251325519	0.0223180684	0.0334707358	0.1538972016	0.3374083446	0.0978039419
0	0.0111043531	0.1220466015	0.0025648801	0.0123077714	0.0000026450	0.0420029757	0.2905014344	0.2448410511	0.0275345127	0.2470937749
0	0.0043428412	0.0000079015	0.0007070962	0.2857322637	0.0022166698	0.0023174659	0.3924137319	0.0177064367	0.0201749112	0.2743806819
0	0.1484470434	0.0080890033	0.0158123837	0.0422080202	0.0412318450	0.0728861701	0.3008614956	0.0671447615	0.3033190492	0.0000002279
0	0.0014213799	0.0000659272	0.0680431561	0.0518170517	0.0223858431	0.0025336385	0.2647859599	0.4803871633	0.1083230494	0.0002368307
0	0.0000151536	0.0424068983	0.1385961266	0.0519545828	0.0222863289	0.0098410795	0.0330850245	0.0549204684	0.1294267577	0.5174675796
0	0.1439884701	0.1072687344	0.0000001578	0.1093853811	0.0129004091	0.0007050665	0.4766357762	0.0429549143	0.0930893646	0.0130717260
0	0.0432451089	0.0212916171	0.0000000000	0.0486269724	0.1340362423	0.0231066677	0.1197599227	0.1496968007	0.0655957804	0.3946408877
0	0.0006665604	0.0000537568	0.0607336782	0.5987268226	0.2039966521	0.0000000063	0.0143065061	0.0239701896	0.0341672114	0.0633786164
1	0.0011404600	0.0499057042	0.0000000000	0.1294938928	0.0033376924	0.0003517169	0.3164663862	0.3912966368	0.0885387397	0.0194687709
0	0.0080096091	0.0036418706	0.4454064606	0.1079206441	0.0081398378	0.0000000000	0.4054930324	0.0046575638	0.0163627680	0.0003682136
0	0.0235630823	0.0013717558	0.0000683413	0.0469042365	0.0110051760	0.0000000001	0.0006067824	0.9118141875	0.0046664205	0.0000000176
0	0.0051976929	0.4998171954	0.0000000000	0.0103928003	0.0604730413	0.0015494127	0.4095386801	0.0084407712	0.0043837295	0.0002066765
0	0.0138576949	0.1772526621	0.1567110868	0.0972276932	0.1213403472	0.0000000000	0.2086516321	0.2069528081	0.0012946361	0.0167114394
0	0.0004225230	0.0000000031	0.0082393692	0.9169936954	0.0216945541	0.0146506493	0.0092563211	0.0088132083	0.0197524290	0.0001772475
0	0.0007471775	0.0000000000	0.0028654248	0.2856832662	0.0209277648	0.0000021002	0.0318661329	0.0307561041	0.4077956792	0.2193563503
0	0.0351176532	0.1163231363	0.0000000000	0.5915181676	0.0796854215	0.0420698909	0.0315391389	0.0306540966	0.0295514214	0.0435410737
0	0.1457447376	0.0118831910	0.0834410824	0.0211603156	0.0000039302	0.0002780798	0.0160475051	0.6688427950	0.0468516411	0.0057467222
0	0.0691642350	0.0980654379	0.0000000000	0.5855518791	0.0001204937	0.0444587218	0.0286297091	0.1421065237	0.0243916823	0.0075113174
1	0.0015645073	0.0259667352	0.0000000141	0.3211270288	0.3425774912	0.0088698761	0.0000000011	0.1108236172	0.1327566855	0.0563140434
0	0.2320069160	0.0515792788	0.0000000000	0.0655644377	0.1821377132	0.2255135232	0.0327406244	0.1609750868	0.0419301766	0.0075522433
0	0.1589435436	0.0000360459	0.0046522409	0.0363301582	0.0874048024	0.0007146651	0.4110751292	0.0466390495	0.0329975218	0.2212068434
0	0.0000000977	0.0009356741	0.1723539739	0.0000043512	0.0000115730	0.0006377798	0.0000000000	0.6044568691	0.1499196789	0.0716800023
0	0.0166951808	0.0573400787	0.0247766589	0.2234894673	0.0309466635	0.0784906460	0.2509452438	0.1356154116	0.1731942142	0.0085064353
0	0.0344447109	0.0000000019	0.0590036335	0.0053367472	0.0296659073	0.0307550078	0.6019834932	0.1243534688	0.0000000020	0.1144570275
1	0.0000000000	0.0054128491	0.0009696826	0.3134181031	0.0075695276	0.0002821584	0.0178908197	0.6485251220	0.0041601120	0.0017716255
0	0.2837395747	0.1396937130	0.0446948641	0.0530772212	0.0546084438	0.0419220470	0.0584255170	0.0176050356	0.2265004499	0.0797331336
0	0.0000000000	0.0015063740	0.0227587089	0.0008385391	0.0000000000	0.0074699478	0.4833294983	0.4193059928	0.0016594916	0.0631314476
0	0.0093402090	0.1084691684	0.0205898970	0.0124505713	0.2441624341	0.0001318832	0.1150872370	0.1378913349	0.0020030165	0.3498742486
1	0.0014433079	0.0000127664	0.0000000000	0.9819878992	0.0006839131	0.0000000018	0.0033113459	0.0105155863	0.0020451784	0.0000000010
0	0.0958233967	0.0038239713	0.0164629282	0.0031318536	0.0000810427	0.0000000959	0.0146476957	0.2876578213	0.3175237620	0.2608474326
1	0.0000162424	0.1048952886	0.0002490849	0.2483777505	0.0056388574	0.0000583127	0.1859544508	0.4077426648	0.0143307510	0.0327365969
1	0.0014910610	0.0027021297	0.0000297412	0.0363296779	0.2325046545	0.0021825401	0.0316783471	0.6537531192	0.0187798571	0.0205488722
2	0.0000002492	0.0000000000	0.0000000002	0.1240187474	0.0137727575	0.0000000000	0.0017781165	0.8302719100	0.0141060767	0.0160521426
0	0.0109537077	0.1367833268	0.0181248307	0.0538926808	0.0171432868	0.0000000000	0.6873888527	0.0440559837	0.0000927556	0.0315645753
0	0.2579135725	0.0569139682	0.0164513803	0.0116134968	0.0000010459	0.0000000286	0.1583094400	0.0762615307	0.0321070870	0.3904284499
0	0.0109877271	0.2241643895	0.0001171178	0.0002782189	0.0601205358	0.0296925924	0.5465302687	0.0536275108	0.0449937951	0.0294878439
0	0.0391184824	0.0410246508	0.0161836642	0.3117592929	0.0000015240	0.0236069781	0.0000036326	0.0211571135	0.3404476126	0.2066970488
0	0.0000000000	0.0424091141	0.0517401847	0.2208219104	0.1810657108	0.0000000282	0.2447447476	0.0504157642	0.0739968499	0.1348056902
0	0.0005186609	0.0004470136	0.1466186306	0.0680902229	0.0150979658	0.3546531417	0.3484935829	0.0224358986	0.0187144363	0.0249304467
0	0.0569491952	0.2924513398	0.0428284274	0.0568626553	0.0029000325	0.0000000000	0.3980896835	0.1089885477	0.0224801475	0.0184499711
0	0.0117989103	0.0023256926	0.0666624798	0.0741434676	0.0075250145	0.0001923109	0.1896830532	0.0125417798	0.1033429510	0.5317843403
1	0.0001123819	0.0551600713	0.0095311714	0.7901770914	0.0091547250	0.0255472992	0.0192178684	0.0695386991	0.0010115303	0.0205491619
0	0.0655758975	0.0374585919	0.0000000000	0.0011311274	0.0171276494	0.0000240620	0.0011206051	0.3827737128	0.4129584407	0.0818299132
0	0.0000000884	0.0036797604	0.0000000002	0.0613700197	0.1586564844	0.0000000013	0.0262756093	0.4559512821	0.0052537046	0.2888130496
0	0.0002336423	0.0839880091	0.0265418988	0.2683057743	0.1478220545	0.0019750362	0.2486722649	0.0328579919	0.0000000003	0.1896033277
1	0.0000000003	0.0009076044	0.0000045659	0.2599886121	0.0151186142	0.0002474843	0.0010341293	0.6332246170	0.0580090334	0.0314653390
0	0.0812694413	0.0094176091	0.0087752804	0.0075775635	0.0000000016	0.2529515050	0.0020368992	0.1017457114	0.3562471546	0.1799788338
0	0.0160645824	0.8112423170	0.0564165210	0.0130745051	0.0284159621	0.0182523051	0.0005108763	0.0202356394	0.0021069636	0.0336803280
0	0.0170121037	0.0762776640	0.0000000000	0.1184065144	0.0131999796	0.0014170649	0.3026491300	0.4015963512	0.0052088230	0.0642323692
1	0.0000000000	0.0116858427	0.0039407918	0.0109669540	0.0003158455	0.0000000000	0.0319317455	0.1682701676	0.7593118351	0.0135768177
0	0.0804929401	0.2157432759	0.0284296765	0.1907749820	0.0097522690	0.0000000054	0.0217736200	0.0999562218	0.0000032006	0.3530738087
0	0.0246355212	0.0101934051	0.1330495623	0.0546918009	0.1112693836	0.2167678981	0.1428576444	0.0034089795	0.0694614108	0.2336643941
0	0.0000003356	0.0010172973	0.0726916410	0.2018282429	0.0001063536	0.0090209166	0.2459301152	0.0063026300	0.0000053710	0.4630970968
1	0.0000003504	0.0183317525	0.0000000457	0.2017330254	0.0000230951	0.0000001664	0.0884454357	0.4037725000	0.2423169461	0.0453766827
1	0.0001065688	0.0003490618	0.0000274721	0.2156164147	0.0389448720	0.0000442335	0.0192065990	0.7026444544	0.0111317207	0.0119286029
0	0.0218615271	0.0277577043	0.0589448352	0.0774399915	0.3553516830	0.1112474748	0.1483555168	0.0048645937	0.0608841117	0.1332925620
0	0.0012367165	0.0004833404	0.0554934144	0.6435734125	0.0117604221	0.0058818227	0.1877047564	0.0002820161	0.0350916863	0.0584924127
0	0.0141880792	0.0126684203	0.0000002515	0.3513059172	0.0144387197	0.0513779394	0.0973304661	0.0058680710	0.0088665595	0.4439555761
0	0.0526125119	0.1085365066	0.0000351634	0.0678313048	0.0184508354	0.0215274737	0.0421175087	0.3503725938	0.2831994176	0.0553166840
0	0.0055259480	0.0919070692	0.0545610666	0.0948264193	0.4232686518	0.0016340304	0.0312181989	0.0092679421	0.0010065212	0.2867841526
0	0.0186245076	0.1661828726	0.0002312049	0.0204856610	0.1329067170	0.0035412392	0.0020677799	0.2315000275	0.2579464356	0.1665135546
0	0.0538490919	0.0438263166	0.0103826678	0.0136244825	0.0566166366	0.0102399906	0.5105583238	0.1769496255	0.0835900362	0.0403628286
1	0.0013579215	0.0000000000	0.0001154041	0.6116783235	0.0409253893	0.0079306077	0.1013590630	0.1083250067	0.0744813562	0.0538269278
0	0.0003664449	0.0688333596	0.0042105222	0.5549304981	0.0119264972	0.0547466728	0.1996875768	0.0327790720	0.0380661624	0.0344531939
0	0.0013730908	0.0031403427	0.0243017724	0.0758989200	0.0420143315	0.0001756492	0.8170286846	0.0224777883	0.0135815706	0.0000078499
0	0.0625837188	0.1519669456	0.1482241814	0.3000505328	0.0014935818	0.0022909420	0.0060027614	0.2947569793	0.0002354326	0.0323949242
0	0.1615138347	0.0095592632	0.1397300546	0.0227847121	0.0011594188	0.0099137645	0.0342082840	0.1616045546	0.0076514842	0.4518746292
1	0.0000346867	0.0097458738	0.0000221826	0.8502902578	0.0349804928	0.0000000076	0.0163289071	0.0668485379	0.0002125167	0.0215365368
0	0.0141920303	0.0712091720	0.1294286212	0.4775851947	0.0015160719	0.0971127519	0.0008989940	0.1756882952	0.0227590313	0.0096098375
0	0.1713560101	0.0431274569	0.2898475444	0.0602655021	0.1990372795	0.0119839962	0.1045765774	0.0456587806	0.0026042412	0.0715426115
0	0.0004405468	0.0172155279	0.1175670391	0.0000174206	0.0901265950	0.0082162530	0.1697203002	0.2637292445	0.0471166357	0.2858504373
1	0.0000000000	0.0001747375	0.0031433297	0.3379153934	0.0780205440	0.0128713062	0.0773646369	0.4335340208	0.0007473378	0.0562286937
1	0.0190666797	0.0000002903	0.0000000000	0.3852930375	0.0005258123	0.0092888838	0.1451485677	0.2698765452	0.1221396525	0.0486605310
0	0.0012871603	0.0485710522	0.0181402434	0.3288994857	0.2138596829	0.0010703175	0.0007134222	0.0571929028	0.2795509117	0.0507148212
0	0.0866841129	0.0114682835	0.0122335636	0.0093610680	0.0406616642	0.0000000048	0.1144059474	0.0654995331	0.1898980944	0.4697877281
0	0.0245492211	0.0000291082	0.0056071081	0.0153118263	0.0087337217	0.0000001257	0.0194466995	0.0293405410	0.0006815028	0.8963001457
2	0.0000000929	0.0000000000	0.0000000000	0.0633556446	0.0784557819	0.0000005390	0.0001007043	0.8292638107	0.0014561472	0.0273672793
0	0.0127355837	0.0677203182	0.0047034198	0.1559033708	0.2935077267	0.0080063307	0.1136901838	0.0194101162	0.2450709549	0.0792519952
0	0.1509442766	0.0290539246	0.2843189307	0.1829948001	0.0000266968	0.0000000000	0.0388339482	0.1073895795	0.0226783288	0.1837595147
0	0.0607636630	0.0022784082	0.0014810914	0.1189008009	0.0288466406	0.0137290321	0.0375937509	0.5400571095	0.1663081528	0.0300413506
0	0.1058588804	0.0475604975	0.0139180951	0.0215349298	0.0000600909	0.0048028332	0.0059842321	0.0486002308	0.0001048101	0.7515754001
1	0.0004690912	0.0519096562	0.0000000325	0.6511626737	0.0070301221	0.0007244426	0.0816692679	0.1930018191	0.0008396291	0.0131932657
0	0.0001140029	0.1040026052	0.0049436984	0.0738292977	0.0000429783	0.0832061882	0.0419471000	0.4782268485	0.0003058687	0.2133814122
0	0.0752744939	0.0141203351	0.0047566288	0.2315133825	0.0694780534	0.0010655908	0.1293533633	0.3314321499	0.1402944400	0.0027115624
0	0.2574660885	0.1051196700	0.0573441929	0.0002770908	0.0390501292	0.0016581871	0.2308442123	0.1537872338	0.0497315269	0.1047216683
0	0.0081561195	0.0000008061	0.0463355315	0.0000231571	0.0000000000	0.0183488423	0.1295853466	0.0768813051	0.0707822460	0.6498866458
0	0.3591355396	0.0013600621	0.0383545188	0.4270787840	0.0015679885	0.0006824676	0.1263878958	0.0084090597	0.0330244528	0.0039992311
0	0.0466574352	0.0067046376	0.0003114463	0.4585402312	0.0363616403	0.0409873511	0.0062275833	0.0027087000	0.0668934140	0.3346075610
0	0.0004856993	0.1813492071	0.0000161997	0.4939055052	0.0000079480	0.1146211814	0.0513842342	0.0170756310	0.0000914188	0.1410629753
0	0.1857140399	0.0974797810	0.0110174543	0.1664648544	0.0362174443	0.0000596579	0.0270718466	0.4631230848	0.0010999788	0.0117518580
0	0.0000092970	0.0051356308	0.0000000000	0.0829044383	0.0000000000	0.0000754952	0.0819258984	0.2759758774	0.0918332102	0.4621401527
0	0.0090247296	0.0046310930	0.0818390378	0.0834254741	0.0391293968	0.1767504113	0.1762523279	0.0959640997	0.0668895271	0.2660939028
1	0.0003716167	0.0492726588	0.0000000000	0.0266319541	0.0558892937	0.0127476819	0.0059389484	0.8374766246	0.0116572225	0.0000139992
0	0.0012546658	0.0024202838	0.0829896975	0.0334295597	0.0000000000	0.0133911869	0.7403113438	0.0110158056	0.1087170829	0.0064703740
0	0.0813710905	0.0015256539	0.0000000000	0.3839481109	0.1936586407	0.0001687804	0.0617639373	0.1925007852	0.0836530257	0.0014099754
0	0.0068345082	0.3295310801	0.0000025600	0.0000032435	0.0000310648	0.0653370244	0.3798682887	0.0363328972	0.0949553835	0.0871039497
0	0.1145470536	0.1072213560	0.0007088090	0.0953445783	0.0000000000	0.0001596244	0.1565458714	0.2359702931	0.1432213727	0.1462810415
0	0.0258604416	0.0000000429	0.0043610371	0.0175557004	0.0036218493	0.0000000001	0.0000514913	0.9183574276	0.0000051820	0.0301868278
0	0.0508946875	0.0528403644	0.2441750809	0.0624005405	0.0080832358	0.0118330905	0.5314439869	0.0024674417	0.0094497957	0.0264117762
0	0.0000000000	0.0641642620	0.4516379994	0.2186656179	0.0421970701	0.0000001172	0.0111708428	0.1950132835	0.0000159105	0.0171348967
1	0.0201627979	0.0000000000	0.0000210619	0.2601605264	0.0218082551	0.0021073933	0.0820924039	0.5254511308	0.0867279971	0.0014684335
0	0.0119142554	0.0516892988	0.0450079379	0.0918345002	0.0031157321	0.0028239446	0.3127491252	0.3867126458	0.0941525600	0.0000000000
0	0.0031759891	0.0058028474	0.0000176070	0.0000000016	0.0394680835	0.0637511734	0.0725582996	0.0000015341	0.7674640387	0.0477604255
1	0.0000000000	0.0000067032	0.0001961138	0.4082872544	0.0801553940	0.0175411195	0.3321741204	0.1436978638	0.0033034784	0.0146379525
0	0.0000000000	0.0000000025	0.0000546493	0.2270688543	0.0012129343	0.0031914664	0.2978315653	0.1860057021	0.0064841932	0.2781506326
1	0.0000000000	0.0000021029	0.0000000000	0.0422664758	0.0000017056	0.0175155997	0.0122473310	0.9241778633	0.0000000263	0.0037888954
0	0.0292882188	0.1382202282	0.0063207958	0.0948297504	0.0000000001	0.0018445082	0.1440651032	0.1636962948	0.1121992806	0.3095358199
0	0.3744926058	0.0313026943	0.3079969888	0.0649963211	0.0668285170	0.0027149947	0.1099567430	0.0362505062	0.0051189748	0.0003416542
0	0.0324185052	0.7905256740	0.0018191088	0.0000000000	0.0000000000	0.0000001475	0.0035004756	0.1519172594	0.0053223924	0.0144964371
0	0.0000000000	0.0758037651	0.0939330788	0.0624478116	0.0082704368	0.0006337794	0.0006828873	0.0350843989	0.7044541769	0.0186896652
0	0.0063048564	0.0228282893	0.0000000865	0.0197879055	0.0606901477	0.0570263347	0.0104331127	0.5868371608	0.1201757103	0.1159163961
0	0.0158547116	0.0746606317	0.0005190152	0.0416621583	0.1898691544	0.0021672878	0.6679654240	0.0000018223	0.0000000148	0.0072997800
1	0.0141385298	0.0043689043	0.0000000000	0.1258556252	0.0905378049	0.0027501968	0.7286606060	0.0131853242	0.0189807290	0.0015222798
0	0.0996830475	0.0000036008	0.0011309752	0.0800740658	0.0007975153	0.0024914691	0.0129495044	0.4972879450	0.2982138372	0.0073680398
0	0.2908991868	0.0013465598	0.0009646172	0.6150291197	0.0027982142	0.0000014564	0.0512753496	0.0040631757	0.0089208036	0.0247015170
0	0.0167682580	0.0000024360	0.0651731765	0.2808288251	0.0039657908	0.1299002652	0.0822912430	0.2464386965	0.0976744811	0.0769568277
0	0.0018078199	0.0210445041	0.0080602324	0.0177226440	0.0004721507	0.0000002691	0.5072247302	0.0087862599	0.1083313595	0.3265500300
0	0.0000000002	0.0586480895	0.0296405878	0.0000000270	0.2224669860	0.0005688578	0.0131873075	0.0004070848	0.2981032808	0.3769777787
0	0.0000036369	0.0644122711	0.0481492800	0.0131062665	0.0724831809	0.0019063733	0.0789459400	0.2087749682	0.5122180828	0.0000000002
0	0.3687704276	0.0469051122	0.0000000000	0.4601993658	0.0005578664	0.0000000001	0.0267478798	0.0000000272	0.0684291176	0.0283902032
0	0.0046425252	0.0924709947	0.0003578115	0.6070723947	0.0545796197	0.2319930246	0.0014358248	0.0032975593	0.0001679751	0.0039822703
0	0.0000001241	0.6592006279	0.0141952813	0.0202112784	0.0443579790	0.0003675418	0.1134761692	0.1417666284	0.0007008683	0.0057235016
2	0.0000000000	0.0000000002	0.0000000021	0.1920332758	0.0001890439	0.0001479438	0.0007673711	0.8038840814	0.0023165692	0.0006617125
0	0.0000000000	0.0103997997	0.0000009083	0.0022087892	0.0836299226	0.2336098127	0.5622217360	0.0288296666	0.0215598658	0.0575394990
0	0.0027075375	0.0005053473	0.0580994580	0.0045945958	0.0000023697	0.0070903881	0.0000021298	0.0010676852	0.2196700498	0.7062604387
0	0.0635960084	0.4950581023	0.0001481532	0.0599759782	0.0087961731	0.0000000000	0.0681170097	0.0467185472	0.2519013992	0.0056886289
0	0.2370493868	0.0111130675	0.0104979073	0.0016875242	0.0197615152	0.0246959565	0.0022184373	0.3958255851	0.0222580027	0.2748926174
0	0.0000000000	0.0423874558	0.0000677042	0.0568615304	0.0690984519	0.0000046290	0.3228679530	0.4713284991	0.0126018521	0.0247819245
0	0.0079045054	0.1052450113	0.0150475354	0.0324347323	0.0031592114	0.0000658426	0.0000943152	0.7609335595	0.0639671622	0.0111481247
0	0.0084533549	0.0489652464	0.0205878320	0.1984293408	0.0431906288	0.0402968912	0.0089499152	0.1402408745	0.1146709773	0.3762149389
1	0.0193526400	0.0000000000	0.0009246079	0.9198779973	0.0127212195	0.0045008879	0.0037758880	0.0270302749	0.0059433249	0.0058731594
0	0.0003538813	0.0253819063	0.0000144802	0.0579571770	0.2759406896	0.0000014442	0.0000000005	0.4422673380	0.1980830830	0.0000000000
0	0.0535512392	0.0000000497	0.0392665661	0.6093408143	0.0008112804	0.0775814232	0.0146792119	0.0335430469	0.1652678527	0.0059585156
0	0.0700947105	0.0106462436	0.0000016456	0.2697505661	0.0095818361	0.0176768662	0.1767790730	0.0331181488	0.0000513684	0.4122995417
0	0.0000000000	0.0162978089	0.2620251066	0.0744239589	0.0788973017	0.0081936843	0.0888335632	0.0737168463	0.0000000000	0.3976117301
1	0.0005764532	0.0007147633	0.0000091809	0.0965858930	0.0000000119	0.0000165546	0.0119744384	0.7024095580	0.1876982941	0.0000148526
1	0.0003182896	0.0000000145	0.0000000000	0.5010177429	0.0038084242	0.0036440096	0.0000000000	0.3768996430	0.0780859292	0.0362259472
1	0.0468071181	0.0204927099	0.0000003313	0.3154465767	0.0060040496	0.0231530091	0.0097641176	0.3525584421	0.0307900949	0.1949835508
1	0.0043692850	0.0092415120	0.0000601082	0.0222379553	0.1807427523	0.0001121883	0.0104215772	0.7661136690	0.0013964271	0.0053045256
0	0.0146986931	0.0145196540	0.0000003361	0.0537842707	0.0000015535	0.0001421976	0.0577068232	0.0000001464	0.1478284610	0.7113178644
0	0.0005206439	0.1253710900	0.0428967765	0.3530246231	0.1830011874	0.0000000239	0.2477171810	0.0000000000	0.0163565184	0.0311119559
0	0.0013385758	0.1636494938	0.0220844983	0.0550151988	0.0115250474	0.0016988045	0.0619653793	0.1755509544	0.0036371847	0.5035348629
0	0.0967279934	0.1573516452	0.0144991739	0.2110395689	0.0131268053	0.0704002143	0.1522262080	0.0531904381	0.2313246953	0.0001132578
1	0.0007043393	0.0038136400	0.0009355973	0.1399065884	0.0062212642	0.0002647666	0.0043698885	0.0804310267	0.7619753393	0.0013775498
1	0.0018363005	0.0000019979	0.0000000000	0.2050517992	0.0168494433	0.0000076275	0.0418477089	0.7194994484	0.0040572538	0.0108484204
0	0.0036911085	0.0046983459	0.0003510164	0.0085383775	0.1787694354	0.0366911019	0.1129354316	0.2172087736	0.0466193762	0.3904970331
0	0.1764121745	0.0000000000	0.0000000000	0.1208703637	0.0485131509	0.2045918284	0.1306126155	0.1316556020	0.1869580734	0.0003861915
1	0.0038159076	0.0000035824	0.0000000000	0.6155779423	0.0150471387	0.0000042964	0.0038666104	0.2258400909	0.1303888062	0.0054556252
1	0.0000133442	0.0021695961	0.0002155479	0.0235524716	0.0039727186	0.0075786141	0.4600458295	0.2521122793	0.2437177932	0.0066218055
0	0.0196141960	0.0022683932	0.0102782670	0.0727164057	0.0000484141	0.0021531299	0.7568612364	0.0781121125	0.0113066603	0.0466411847
0	0.0234397462	0.0138503840	0.0331656886	0.0671073996	0.3066818009	0.0517884609	0.1671206479	0.3020659059	0.0003648610	0.0344151050
0	0.0323998653	0.0010817283	0.0000000000	0.0015805677	0.0002874092	0.0121436551	0.0962264478	0.8562767062	0.0000036190	0.0000000014
0	0.2954063568	0.1090565734	0.0000000000	0.4534972407	0.0000414541	0.0000336487	0.0673866046	0.0086348159	0.0343941780	0.0315491279
0	0.1994580524	0.0004213846	0.0000000223	0.0144514222	0.0546242343	0.0085909061	0.0962510071	0.1595291176	0.4464168314	0.0202570221
0	0.1499250807	0.0553692210	0.0193276428	0.1620821773	0.0030216566	0.0810509172	0.0075860744	0.3297169760	0.0338650812	0.1580551727
0	0.0000000000	0.0929941029	0.0344273638	0.0739759664	0.0539607682	0.0775117612	0.5953243694	0.0003719558	0.0003403317	0.0710933806
0	0.0000095268	0.0126164581	0.0036133277	0.0492297663	0.0013549267	0.0000139028	0.0072807445	0.8506778248	0.0454460413	0.0297574809
0	0.0419625841	0.0267007994	0.0261788813	0.0003680580	0.0339161000	0.0035521956	0.7153834942	0.0228537987	0.1156945280	0.0133895607
1	0.0001170350	0.0049142393	0.0001920210	0.0625942311	0.0558867430	0.0000078283	0.0038384302	0.8642963488	0.0070888496	0.0010642737
0	0.0028769404	0.0062389968	0.0103213684	0.0003565737	0.0021221998	0.0045762022	0.9529592664	0.0039369715	0.0000007146	0.0166107662
0	0.0340693883	0.0001318809	0.1603183001	0.4945868681	0.0003990041	0.0021407540	0.0281877048	0.0533775278	0.0010240080	0.2257645639
0	0.0209194012	0.0982127732	0.2574848031	0.0261651503	0.0000488467	0.0238709444	0.0842991761	0.0504757090	0.3962569570	0.0422662390
0	0.0992895824	0.2632474438	0.0325990267	0.0000230016	0.0002575434	0.0069768533	0.3455149821	0.0423613728	0.2058260682	0.0039041258
0	0.0028862467	0.0218793895	0.0000000045	0.3258491197	0.0624440717	0.0012596094	0.1262475169	0.0015071358	0.0303634016	0.4275635041
0	0.0660806707	0.0294391000	0.0003593393	0.4996789945	0.1440386009	0.0220664451	0.0710813811	0.0124965701	0.0027035554	0.1520553428
1	0.0000000432	0.0001845494	0.0019428287	0.1286224373	0.0293340188	0.0000197713	0.7390401556	0.0880126987	0.0064420099	0.0064014871
0	0.0008926934	0.3278204677	0.0705344534	0.0215561561	0.0959192618	0.0010576515	0.3470752498	0.0505425640	0.0142252298	0.0703762725
1	0.0000480074	0.0085371792	0.0069509251	0.8836156253	0.0105949119	0.0000000000	0.0000080718	0.0850906933	0.0025506297	0.0026039562
0	0.0779628867	0.0079972977	0.0226171781	0.0111558195	0.0000044745	0.0044171968	0.0015700001	0.8186752751	0.0244384402	0.0311614313
0	0.0000915644	0.0150179232	0.0123766269	0.0010619204	0.0071252585	0.0064369543	0.0945975962	0.1132091934	0.0264486098	0.7236343529
0	0.2207021340	0.0119385507	0.0552247667	0.3824562524	0.1009566308	0.0010242376	0.0723715706	0.0571903135	0.0010290598	0.0971064840
0	0.0257507049	0.0008683807	0.0978555312	0.0155536015	0.0000052725	0.0030272600	0.3031008168	0.0239125834	0.0599193412	0.4700065078
1	0.0048918684	0.0000006118	0.0000000000	0.4866895497	0.0023066334	0.0021013989	0.0315885620	0.0273428036	0.3991224199	0.0459561522
0	0.0001565085	0.0969634164	0.3428816459	0.0722273559	0.1175563685	0.1753563380	0.0449466379	0.0000002372	0.0061574386	0.1437540530
0	0.1050978216	0.0731699391	0.0098110102	0.0027563459	0.0257432492	0.0046299810	0.0019107127	0.2547151240	0.0020542008	0.5201116156
0	0.0312462289	0.0982079213	0.2789864508	0.0633243250	0.2455072150	0.0011709101	0.2290803152	0.0000772476	0.0232727086	0.0291266776
0	0.0177845392	0.0054441069	0.2077190607	0.0004646119	0.0019481019	0.0196088421	0.0220786983	0.1542165522	0.0147508358	0.5559846510
0	0.0026149956	0.0000000282	0.0000603694	0.0595424744	0.0065367845	0.0023867387	0.7579439868	0.0147326489	0.1197787351	0.0364032383
0	0.0068439300	0.0046897262	0.0531326236	0.0962836733	0.0935620883	0.1373689592	0.0346049880	0.2539370359	0.0015593483	0.3180176271
0	0.0174380424	0.7350853027	0.0982364181	0.0065063075	0.0001106087	0.0000269692	0.0000000781	0.0768971243	0.0634133605	0.0022857883
0	0.0000111233	0.0085858650	0.0015901091	0.0046876732	0.0338025077	0.0126016999	0.5862973403	0.0292601146	0.0719586504	0.2512049166
1	0.0000355347	0.0281626296	0.0000023041	0.4159679755	0.0000000000	0.0059400194	0.0557358534	0.2196229311	0.2375533250	0.0369794272
0	0.1270537778	0.0740213917	0.3097333990	0.0389649555	0.0822600352	0.0204840617	0.1157542904	0.1729221617	0.0480761127	0.0107298144
1	0.0000049205	0.0006516187	0.0000000000	0.0933943443	0.0030777840	0.0032389524	0.2325041773	0.6457920415	0.0202268094	0.0011093520
0	0.0029197992	0.0620774177	0.0000472046	0.0100982434	0.0187120981	0.0004599840	0.2053267487	0.1341642950	0.0183667507	0.5478274587
0	0.0226968165	0.0026875135	0.0019838110	0.1332214981	0.0020641361	0.0004499935	0.1259937161	0.4742972787	0.0013653205	0.2352399159
0	0.0001488879	0.0282863373	0.0000000000	0.3224026631	0.0002761917	0.0030047895	0.5238192894	0.1141136293	0.0026666092	0.0052816026
0	0.0001921166	0.0387483372	0.0019115001	0.0665049046	0.0358786116	0.1569528692	0.0251074718	0.2075730601	0.4520602786	0.0150708501
0	0.0011740868	0.0040816497	0.0000772221	0.0544468979	0.0906645897	0.0000073237	0.8222897696	0.0053083787	0.0017439029	0.0202061789
0	0.0000063711	0.0500424490	0.0087360879	0.7722484266	0.0000000000	0.0000000003	0.1252461040	0.0198581491	0.0229920722	0.0008703398
0	0.0034873277	0.1547351135	0.0144568691	0.0093147117	0.1657369272	0.0520650533	0.4686416200	0.0048778401	0.0116587052	0.1150258322
2	0.0005175306	0.0000000000	0.0000000000	0.4520485498	0.0158697317	0.0012032206	0.0057799095	0.5062733544	0.0134103103	0.0048973931
0	0.0254046181	0.2087324475	0.0210886677	0.2179397213	0.0000001543	0.0003610420	0.0944640404	0.0457182736	0.3861957855	0.0000952496
0	0.0147088744	0.0407517704	0.0006292054	0.1001252498	0.0152539479	0.0130008644	0.1032723810	0.1171813374	0.5887355526	0.0063408167
0	0.2111597760	0.0727141511	0.0035120725	0.1089869868	0.1080170810	0.0772160391	0.2626889218	0.0198456146	0.0588210237	0.0770383335
0	0.0025234140	0.0557729303	0.0228747274	0.0350481436	0.0141352888	0.0020988037	0.6119320693	0.0045368010	0.2418252334	0.0092525884
0	0.0059006362	0.0135172189	0.0098439243	0.0008834868	0.0117566302	0.0000000000	0.0903285290	0.0708275141	0.0466573412	0.7502847194
0	0.2304310430	0.1500003638	0.0010549969	0.0751180255	0.0000005071	0.0000000000	0.0010738112	0.1525058686	0.2918225155	0.0979928682
0	0.0030511549	0.0185696404	0.0162958941	0.5097520476	0.0000113003	0.1299899484	0.0522061270	0.0411684087	0.2289126743	0.0000428043
0	0.1565899059	0.0151824971	0.0173627668	0.3486566058	0.0182157166	0.0001732042	0.0285586526	0.3840000196	0.0036001053	0.0276605261
0	0.0000011513	0.0119917741	0.0341065431	0.0871286227	0.1381249217	0.0000015353	0.0163986346	0.0014102291	0.6376531636	0.0731834244
0	0.0000322103	0.3582454282	0.0009957971	0.1019174210	0.1027205124	0.0000000000	0.1456288615	0.0489056316	0.2206025971	0.0209515409
0	0.0012291627	0.2049526790	0.0002396655	0.0009072454	0.4747143481	0.0000000467	0.0004855645	0.0855933446	0.0317246041	0.2001533394
0	0.0079809986	0.0000000000	0.0007018234	0.0000024354	0.1578698287	0.0000000001	0.0111445322	0.0280796598	0.0366612279	0.7575594938
0	0.0060011006	0.0000312832	0.0000014252	0.7220654345	0.0446294503	0.0000031284	0.0070346370	0.1719154527	0.0012493869	0.0470687012
0	0.0240004521	0.1693056358	0.0281337756	0.1389052664	0.0001976306	0.3026692094	0.0348497850	0.2355982720	0.0242190717	0.0421209013
0	0.0167555876	0.0004990752	0.1131003147	0.0688594130	0.0221138916	0.5504770171	0.1590255822	0.0059718608	0.0371949509	0.0260023069
0	0.0057109638	0.0000001481	0.0000000000	0.0267123934	0.7134106414	0.0383592731	0.0000000002	0.1291520013	0.0000000000	0.0866545786
0	0.0029789003	0.0000029177	0.0378105465	0.0818847122	0.0293668597	0.0018896538	0.6669870308	0.0212607826	0.0055679100	0.1522506864
0	0.0000000000	0.0559422810	0.0463973364	0.0402489079	0.0231374438	0.0000685111	0.2072482019	0.1843045304	0.4015509099	0.0411018775
0	0.0002094884	0.1900245055	0.0030304185	0.2255540116	0.0053379419	0.0520583177	0.1725458806	0.3291395329	0.0008865937	0.0212133092
0	0.0000000005	0.0507311892	0.0001016790	0.2549583756	0.0221369682	0.0000000000	0.0229918899	0.0186598804	0.6280217747	0.0023982426
0	0.0080557070	0.0099336807	0.0242589773	0.1116844821	0.0191354186	0.0015872097	0.0810634383	0.0294910881	0.0755969474	0.6391930510
0	0.3792334894	0.0052267909	0.0039611107	0.1153066535	0.0584991402	0.0007689362	0.2064634468	0.0273848991	0.1066802387	0.0964752945
1	0.0044171003	0.0516514021	0.0058954194	0.2340006778	0.0014985002	0.0007405158	0.0002431653	0.4571796279	0.2043551871	0.0400184041
1	0.0544704563	0.0309393789	0.0000103632	0.0062130627	0.0163734631	0.0000000000	0.2586622317	0.6331909638	0.0001231470	0.0000169334
0	0.0166755341	0.0004458172	0.0028435184	0.1375285571	0.1926642497	0.1667973136	0.2505589920	0.0317670668	0.1701863088	0.0305326423
0	0.1534269098	0.0199658506	0.0118680205	0.0424219581	0.0850127855	0.0012928796	0.3307824161	0.2628229252	0.0455480434	0.0468582112
0	0.0072923546	0.0000000654	0.0000000000	0.0884320996	0.5809764950	0.0368571817	0.0292417026	0.0129180314	0.0402157598	0.2040663098
1	0.0442999817	0.0000000000	0.0002012430	0.1651386192	0.0156357382	0.0049962041	0.0026815268	0.7520190975	0.0117009544	0.0033266350
0	0.0015903231	0.0010612322	0.0248413221	0.0023484932	0.2272268737	0.0255118178	0.4742660567	0.0264550529	0.1778195492	0.0388792792
1	0.0014323844	0.0000000000	0.0000000000	0.8315213473	0.0271528186	0.0016015674	0.0004609305	0.0395309533	0.0207621067	0.0775378917
0	0.2073061068	0.0254946657	0.2785610104	0.0005721791	0.0000044929	0.0011664416	0.0006211196	0.1004953254	0.3267837634	0.0589948950
0	0.0006331269	0.0002257838	0.2211274353	0.1013278201	0.0070560638	0.0001377550	0.5449236333	0.0945565035	0.0298089038	0.0002029745
0	0.0323452078	0.0115057414	0.5508257948	0.0056218370	0.0249168103	0.0101829223	0.1472791832	0.0336016126	0.0905674381	0.0931534525
0	0.0102094684	0.0026529975	0.0002935379	0.0076760815	0.0000182788	0.0184460205	0.1329255742	0.0020477909	0.7592957844	0.0664344658
0	0.0000293214	0.3195323639	0.0000102642	0.1724603127	0.0705734658	0.0295351233	0.1533268752	0.2119653896	0.0034212051	0.0391456789
0	0.0008127919	0.0000000024	0.0268833806	0.0020621740	0.1086437631	0.0600836985	0.2188535180	0.1251984033	0.0011907293	0.4562715389
0	0.0634780300	0.0252098255	0.0804293631	0.0049685411	0.4896911026	0.0122252765	0.0063676345	0.2354344370	0.0005318279	0.0816639617
0	0.0001143625	0.0000552413	0.2156597332	0.1936599350	0.0284276744	0.1486304650	0.1133700188	0.0130353679	0.2760181424	0.0110290595
1	0.0050228585	0.0000000000	0.0000000000	0.0502041780	0.0021477537	0.0000130960	0.0403502589	0.8690052349	0.0329333249	0.0003232950
0	0.0003743581	0.0121185308	0.0693934659	0.0096704256	0.0618096985	0.0011648256	0.3926432715	0.0594161931	0.2279070890	0.1655021419
1	0.0010556599	0.0013658360	0.0000000032	0.1994553971	0.0482178332	0.0215179816	0.0000257056	0.7251667550	0.0031927169	0.0000021115
0	0.0032664841	0.0000000004	0.0135181693	0.1569757795	0.0130446743	0.0000216613	0.5925537010	0.0273229806	0.0144611810	0.1788353685
0	0.0086128880	0.0886651103	0.0032159515	0.0093879860	0.0274296541	0.0048757972	0.4934671961	0.3244741888	0.0397667896	0.0001044385
0	0.0000000000	0.0641216889	0.0000000000	0.0028115242	0.0363349440	0.0000000000	0.0720746075	0.1630834593	0.6615737308	0.0000000453
1	0.0000384435	0.0269455755	0.0000000002	0.2300862784	0.0034846113	0.0088452280	0.0644557901	0.4175647086	0.0255044407	0.2230749236
1	0.0253406730	0.0004233488	0.0000857925	0.5303348308	0.0058100958	0.0000322225	0.0262891681	0.2375063873	0.1734507412	0.0007267402
