0	0.1636732621	0.0137699210	0.0777138590	0.0086765930	0.0213102119	0.0355684939	0.0525810664	0.0955158854	0.5277421347	0.0034485727
0	0.2471096333	0.0343488164	0.2280835378	0.0298852085	0.0230812025	0.0745101405	0.2332737317	0.0393596115	0.0831155078	0.0072326101
0	0.0386889593	0.0762261030	0.1869437276	0.0000000082	0.0115462168	0.3301639090	0.0004504724	0.1190614637	0.2362394281	0.0006797117
0	0.0158976718	0.0244254046	0.2780857188	0.0508688507	0.1624129251	0.3236522893	0.0164055339	0.1251646354	0.0014902389	0.0015967315
0	0.0589255007	0.2937886604	0.5132862986	0.0002191098	0.0302156283	0.0050882600	0.0000000160	0.0484308924	0.0152752570	0.0347703769
0	0.1245273912	0.0066213729	0.7176980839	0.0000000000	0.0208632574	0.0000931265	0.0061743653	0.0198165166	0.0132624369	0.0909434493
0	0.0459101464	0.0000290822	0.6750408577	0.0235379065	0.0665006200	0.0210011796	0.0051505574	0.0000000008	0.1599892343	0.0028404151
0	0.1397169936	0.7546379024	0.0005054828	0.0005754084	0.0293923116	0.0106145789	0.0009131923	0.0376836673	0.0000767152	0.0258837475
1	0.0246866726	0.0000000544	0.0444361829	0.0090221963	0.0719862870	0.0580418220	0.0103792954	0.0001164851	0.0029746206	0.7783563837
0	0.0368954530	0.2400010714	0.0000000931	0.0480161013	0.0790246276	0.0000000016	0.0241555861	0.0263425739	0.4972302749	0.0483342171
0	0.0003699964	0.7187837677	0.0021620727	0.0000017373	0.0520389825	0.0000000001	0.0136806939	0.0812737977	0.1227694839	0.0089194677
1	0.0063665436	0.0000040138	0.7886699879	0.0001223075	0.0000000002	0.0018525038	0.0000008804	0.0094346693	0.0119540300	0.1815950636
0	0.3144287852	0.0442448407	0.2892024698	0.0316522183	0.0242600237	0.0134646103	0.0722944985	0.0004950629	0.0004196428	0.2095378478
0	0.0054595044	0.0000293167	0.6849178117	0.0007950591	0.0000000005	0.1228554607	0.0356352301	0.0348784545	0.0150492906	0.1003798717
1	0.0605812751	0.0248071831	0.3210341839	0.0016724712	0.0115842824	0.0196132265	0.0319073881	0.1610206272	0.2176538642	0.1501254983
0	0.1229887876	0.0050704071	0.0696343605	0.0383430809	0.0000002782	0.0000000000	0.3597630478	0.0262367020	0.1145214616	0.2634418742
0	0.0051940572	0.1889112914	0.0292314210	0.0222782256	0.0149937316	0.0000075287	0.0953686066	0.0549222744	0.4847555076	0.1043373559
0	0.0555458768	0.1766051466	0.0636488802	0.0148692216	0.0873105746	0.0441646930	0.0002089290	0.2641234050	0.0359313841	0.2575918893
0	0.0295179434	0.1123980380	0.0156108274	0.0297868429	0.0109784159	0.0452484097	0.0036855327	0.0000000006	0.1322363363	0.6205376531
0	0.0136806610	0.3716324221	0.0238256765	0.0000003696	0.4810960011	0.0000182371	0.0221949533	0.0139727238	0.0640366831	0.0095422724
0	0.2810752236	0.0429511346	0.0000048774	0.0172217343	0.0057901225	0.0117825303	0.0338268439	0.0087562684	0.0222264784	0.5763647865
0	0.0014385848	0.3712968874	0.3436850516	0.0000000200	0.0756162722	0.0484239006	0.0236475859	0.1121109211	0.0000000000	0.0237807763
0	0.0000000000	0.0791282906	0.0005629799	0.0009767674	0.0874282418	0.0294081740	0.0256097523	0.0152294721	0.0015658534	0.7600904685
0	0.0240017181	0.1016501428	0.0021836491	0.0002106077	0.0000122086	0.4343205035	0.1213457259	0.0619023824	0.0062905789	0.2480824830
0	0.1452977251	0.0286838241	0.0797171826	0.0025823585	0.0000012829	0.0009261361	0.0502562827	0.1633354435	0.4127332700	0.1164664945
0	0.3072148636	0.1027748546	0.0021802586	0.0004244936	0.0333805644	0.0000003372	0.0214294920	0.1011701599	0.0325492023	0.3988757737
0	0.0010736475	0.0432707819	0.0034883412	0.0154683490	0.0436783692	0.1665937440	0.0406672818	0.3691509138	0.0210242221	0.2955843496
1	0.0000000000	0.0000257139	0.7883006097	0.0000125335	0.0100802109	0.0035317600	0.0001621246	0.0564352924	0.0000000000	0.1414517550
0	0.0022955737	0.2456442179	0.1199233112	0.0004281662	0.1885959620	0.0000172549	0.0214190009	0.1385557524	0.1045502398	0.1785705210
0	0.3052032724	0.0000662693	0.1871673567	0.0672911142	0.2220487877	0.0000000042	0.0000969502	0.1378380560	0.0330163596	0.0472718297
0	0.0095974564	0.0878188435	0.0000000043	0.0000000389	0.0169553919	0.0000000000	0.2683150309	0.3855459511	0.0209774606	0.2107898223
0	0.3762968351	0.1769347303	0.0006593254	0.0000000219	0.0363918454	0.0005543777	0.0002298122	0.0992279279	0.1963155964	0.1133895276
0	0.0678791015	0.0000000000	0.2865572889	0.3440980315	0.0028154125	0.0001200129	0.0291558511	0.2122823824	0.0146902977	0.0424016214
0	0.0416223414	0.1111848253	0.4241516118	0.0011383544	0.0889371892	0.0305771093	0.0415630294	0.1451538342	0.0399549905	0.0757167146
0	0.1524750148	0.0277868130	0.0410410778	0.0351637182	0.0891618592	0.0002906930	0.0037667017	0.1417345326	0.1955025538	0.3130770359
0	0.0009949429	0.0601587900	0.0372821622	0.1304180251	0.0367780219	0.6300071927	0.0833360709	0.0046786394	0.0017997810	0.0145463738
0	0.0462291915	0.1506407374	0.0727091868	0.0018474957	0.0082310919	0.0186927137	0.3393082088	0.2520109098	0.0818873395	0.0284431249
0	0.0331533308	0.0008655408	0.3085457912	0.0031882630	0.0256116521	0.0257209473	0.0040201985	0.0026896909	0.0260683850	0.5701362003
1	0.0833504676	0.0359649886	0.0539860885	0.0020476375	0.0049947047	0.1054799552	0.0903640364	0.3244115666	0.0000006254	0.2993999295
2	0.0245041862	0.0000000000	0.2521855967	0.0000000000	0.0030111195	0.0022521947	0.0000000000	0.1045159359	0.0000000001	0.6135309670
0	0.0100258511	0.0884600475	0.1015812691	0.0393022259	0.4885258192	0.0221179480	0.1580369457	0.0546513243	0.0031786797	0.0341198895
0	0.3296581864	0.0400962409	0.0946307773	0.0001158223	0.0252351280	0.3119837701	0.0974732291	0.0244610426	0.0463135746	0.0300322287
0	0.0000860211	0.0020213293	0.6924501989	0.2398030755	0.0000021761	0.0588014214	0.0027480935	0.0013980229	0.0024364220	0.0002532393
0	0.0563311560	0.2005636376	0.0782432296	0.1544278879	0.0000186417	0.0524627793	0.3703004321	0.0142543249	0.0061023157	0.0672955952
0	0.2950576570	0.0000004838	0.0371744538	0.1155149747	0.0982276797	0.0000472221	0.0000006520	0.1231894576	0.0375917220	0.2931956972
0	0.0020909425	0.2086315856	0.0316040189	0.0138848978	0.1110301807	0.0013991453	0.1388329120	0.0278527298	0.2503489144	0.2143246731
0	0.0034005560	0.0204876759	0.0995728916	0.1866118787	0.0017823004	0.0588361306	0.0409871729	0.5793280564	0.0000000026	0.0089933351
0	0.5710255314	0.0265755183	0.1443078052	0.0026965708	0.0005322371	0.0042775501	0.0544134807	0.0437916552	0.0948790109	0.0575006403
0	0.0110080198	0.0573784210	0.6382764839	0.1389980044	0.0481371760	0.0422535604	0.0032146574	0.0127360899	0.0006244601	0.0473731270
0	0.0932322787	0.0002401845	0.0000094130	0.0000000119	0.0628089339	0.0000125175	0.8008436151	0.0246816756	0.0181713698	0.0000000000
0	0.0438957041	0.0057531982	0.0000063163	0.0000004434	0.0583401947	0.0064369368	0.0045715253	0.2106900557	0.1432489714	0.5270566541
0	0.0004876375	0.4190324997	0.0047734511	0.0198248129	0.0053600045	0.0000532837	0.0606489658	0.1103845958	0.0186070239	0.3608277250
1	0.0015005287	0.0000402590	0.9386819475	0.0000002048	0.0000000000	0.0000396373	0.0000000000	0.0023985479	0.0304547739	0.0268841009
0	0.0302098888	0.0030496498	0.2729594314	0.0152528157	0.0011763577	0.0565898891	0.0051055749	0.0002295248	0.0297932234	0.5856336443
0	0.0313231749	0.0042294983	0.0816511841	0.0005891228	0.0039628719	0.0174383123	0.0491572408	0.1556988478	0.0568545625	0.5990951846
0	0.2716314931	0.1667295616	0.0388358435	0.0000006148	0.1579637342	0.0285781469	0.2045766246	0.0275214347	0.1016232676	0.0025392790
0	0.3546229630	0.0227397118	0.0000034607	0.0001803046	0.0000000000	0.0297413907	0.0136118843	0.2702588257	0.0069223086	0.3019191505
0	0.0006964420	0.0014711290	0.4119192529	0.0002904199	0.0223294789	0.0000859473	0.0247917875	0.4671481737	0.0021958650	0.0690715038
1	0.0000460934	0.0000170587	0.2314587657	0.0307553848	0.0803265499	0.0480116885	0.0000000000	0.5216178624	0.0210992011	0.0666673956
1	0.0820289089	0.4800228198	0.0005967118	0.0277588903	0.2147617749	0.0080493683	0.0010158749	0.0155718000	0.0001232152	0.1700706359
0	0.0000192557	0.0859476728	0.0138485273	0.0004828186	0.1865993013	0.2206660783	0.0000000000	0.2966333313	0.0260875543	0.1697154603
0	0.3562992024	0.2262795504	0.0174038518	0.0000000000	0.0648245328	0.0000155521	0.0015055880	0.2643527784	0.0555235836	0.0137953605
0	0.0018987096	0.0075353916	0.1487868919	0.0000000160	0.0002914550	0.0000000001	0.0016742551	0.0009603867	0.0010027988	0.8378500954
0	0.5712018919	0.1341048709	0.0277192291	0.0000035527	0.0385062460	0.0143175334	0.0286372401	0.0214322284	0.1395523635	0.0245248440
0	0.0406401207	0.0761120351	0.4208259942	0.0059546578	0.0375128690	0.0418041179	0.0354907327	0.0480592220	0.2874940656	0.0061061850
0	0.0349759781	0.1220522588	0.0455018181	0.0008181121	0.0851249831	0.0025261311	0.2782499288	0.2072263951	0.1367908832	0.0867335118
0	0.0591759996	0.0235524778	0.1736713918	0.0898932580	0.4068325453	0.0151382907	0.0000382031	0.0580463015	0.0603778349	0.1132736973
1	0.0000573292	0.1442122719	0.8059090483	0.0000631235	0.0001735996	0.0065994110	0.0189040682	0.0200182187	0.0000000067	0.0040629229
1	0.0027450458	0.0000003102	0.3893151574	0.0016861676	0.1115908716	0.0926354841	0.0091071507	0.1780947086	0.1465576649	0.0682674391
0	0.0001141286	0.1230726558	0.0029196989	0.0339951627	0.0865741441	0.0776199759	0.4665635744	0.0041793733	0.1792888003	0.0256724860
1	0.0015513187	0.0449933014	0.0241603376	0.0030313419	0.0006951682	0.0000000000	0.0005890497	0.6124367439	0.0033444784	0.3091982602
0	0.0115729092	0.5192755480	0.0656806168	0.0024219155	0.0205117163	0.2962976525	0.0127436285	0.0621619064	0.0075540640	0.0017800427
0	0.0355764389	0.0567871147	0.1567148774	0.0419169636	0.0189208015	0.0000000000	0.0176030377	0.6316910116	0.0005671566	0.0402225979
1	0.0000000000	0.0049284516	0.2335370969	0.0001688601	0.1673714500	0.2313711366	0.0608194091	0.1354585589	0.0078398412	0.1585051956
0	0.0049043646	0.2358138238	0.3829009905	0.0270091301	0.1060215865	0.0000000000	0.0000000001	0.2324004735	0.0103484035	0.0006012274
0	0.0097593870	0.3641835876	0.0013872439	0.0000000000	0.0521619276	0.0092021889	0.0157895639	0.5356677922	0.0118251661	0.0000231427
0	0.0003116653	0.0095197840	0.0568393791	0.0000644295	0.0000008713	0.0523983347	0.1233888987	0.0000108305	0.6797636105	0.0777021965
0	0.0262580434	0.0720357485	0.0066282317	0.1325794632	0.0000003104	0.0625915010	0.0057369822	0.5541505856	0.0076067458	0.1324123883
0	0.0420029384	0.0152373847	0.1714203365	0.0005875913	0.0343709797	0.0019636944	0.0097388273	0.2781694267	0.1893931332	0.2571156879
1	0.0000000000	0.0044314775	0.0507832261	0.0065760019	0.1350139315	0.3890627677	0.0940510067	0.2802268958	0.0365511613	0.0033035314
0	0.0130483068	0.0204200025	0.8947747499	0.0010599417	0.0122255733	0.0288116265	0.0013040261	0.0112612078	0.0060948498	0.0109997155
0	0.2602596756	0.1154987036	0.0020381653	0.0000000000	0.0000000000	0.1641801767	0.0730910725	0.0857416315	0.1390257483	0.1601648266
1	0.0000002696	0.0010205219	0.2054631349	0.0000004875	0.0133196659	0.1058346580	0.2271273874	0.4039078355	0.0076207929	0.0357052463
0	0.0901092988	0.0695898781	0.4196779225	0.0352603583	0.2252306583	0.0075542284	0.0367178572	0.0684750944	0.0353090798	0.0120756244
0	0.0148644255	0.1650024014	0.0000000000	0.0568064932	0.0038955207	0.0000024517	0.7064092038	0.0291399261	0.0039216597	0.0199579180
0	0.1750521096	0.2859280839	0.0101853846	0.0033014992	0.0358280940	0.1879298778	0.1565625937	0.0103737766	0.0917977754	0.0430408053
0	0.5085629318	0.0003482717	0.0770654655	0.0024544783	0.0018663915	0.0000000029	0.0779649137	0.2978584968	0.0338790477	0.0000000000
0	0.5349446289	0.0005369403	0.3200585984	0.0070907339	0.0007173318	0.0470690498	0.0438047684	0.0131848727	0.0223904982	0.0102025776
0	0.5535631340	0.0120339206	0.1626707280	0.0675767189	0.0017508279	0.0013224808	0.0060901200	0.0725906404	0.0259922167	0.0964092126
0	0.0059574512	0.0494241792	0.1329117535	0.0000005216	0.0848000113	0.0049268564	0.1934102025	0.0633286941	0.0420127470	0.4232275833
1	0.0000000000	0.0010863873	0.1641701711	0.0004867027	0.0000000000	0.0000581305	0.0000501636	0.4390049060	0.1165356166	0.2786079223
0	0.3563593712	0.0233346278	0.1877186418	0.0025661300	0.0484588537	0.0104644363	0.0335055012	0.0260387111	0.0245137583	0.2870399686
1	0.0000000000	0.0000000001	0.6517469303	0.0029698545	0.0354723171	0.0064097950	0.0008771938	0.0827020537	0.0003064406	0.2195154150
0	0.3451261374	0.2000204705	0.2462987732	0.0000095217	0.0000066278	0.0562917722	0.0723413923	0.0241551534	0.0324968809	0.0232532706
0	0.0000582206	0.0000000000	0.2033426347	0.0322089957	0.0000000000	0.0414175670	0.0958742390	0.1713930100	0.0103399859	0.4453653472
0	0.0000152323	0.0166180726	0.1962043750	0.0030252469	0.0881778247	0.0349093726	0.1688334824	0.4002945699	0.0197685287	0.0721532948
1	0.0025631516	0.0020111245	0.4406196569	0.1575501289	0.0253535385	0.0000000001	0.0005912116	0.0138864764	0.0000342336	0.3573904780
0	0.4559700607	0.1083337473	0.1034077588	0.0018494913	0.0432401876	0.0039088509	0.0174182329	0.1953506477	0.0704280222	0.0000930007
0	0.0025326872	0.3815065839	0.0216702873	0.0873273036	0.0179638185	0.0007467553	0.3788647221	0.0234022807	0.0134675681	0.0725179933
0	0.6742038528	0.0770670378	0.0453179010	0.0001123027	0.0186054841	0.0210642749	0.0103219922	0.0235766735	0.0135846277	0.1161458531
0	0.0272821127	0.0473746675	0.0946080053	0.0125954061	0.0608311194	0.0002589771	0.0530205615	0.2941765478	0.4095276792	0.0003249234
0	0.0783267091	0.0804712156	0.2052176356	0.0220127199	0.2422041960	0.0297400004	0.0037665594	0.1021879470	0.0000004144	0.2360726026
0	0.0035827329	0.5378921073	0.0119586417	0.0572230619	0.0395668333	0.1012359726	0.0325581206	0.1579002358	0.0370197026	0.0210625913
0	0.1290573074	0.0286577130	0.1196531550	0.0410705079	0.1811953577	0.0763202067	0.0255972087	0.3550056768	0.0117745326	0.0316683342
0	0.0650969922	0.2726967956	0.0059739433	0.0025393993	0.1709800778	0.0000000000	0.0074526304	0.3659636759	0.0152775446	0.0940189407
1	0.0003737349	0.0091316535	0.9252262301	0.0000000001	0.0011279198	0.0068938546	0.0407118402	0.0030451883	0.0024913441	0.0109982344
0	0.1457931089	0.1140159212	0.0668676608	0.0944037800	0.1738347058	0.0000000000	0.0682929468	0.2176700823	0.0029742122	0.1161475821
1	0.0413673479	0.0004099075	0.1000877648	0.0058867475	0.0240101742	0.1008317099	0.0000098907	0.0131511962	0.0801615180	0.6340837433
1	0.0000000393	0.0009516088	0.3150853566	0.0000001228	0.0275483527	0.0000000027	0.0253243391	0.0110413311	0.0887358806	0.5313129662
1	0.0000000000	0.0251277166	0.0106737943	0.0694129016	0.0005299627	0.0131614109	0.0447538174	0.8018176607	0.0069450305	0.0275777053
2	0.0000678796	0.0000002141	0.6946882810	0.0001200618	0.0004075269	0.0440661865	0.0025884664	0.1397501415	0.0060402599	0.1122709824
0	0.0070422081	0.1139871202	0.0000083579	0.0000547285	0.0605491801	0.0538209928	0.0067237974	0.0338370517	0.0000000978	0.7239764655
0	0.0840657959	0.7344850726	0.0152870101	0.0337064655	0.0290041865	0.0000021273	0.0022023999	0.0674896376	0.0000000003	0.0337573042
0	0.1754777135	0.0000013985	0.0008424962	0.0000082095	0.2269621573	0.0446456859	0.0931907108	0.0650664724	0.0012628626	0.3925422934
0	0.0002393867	0.0906748924	0.4237127312	0.1266631131	0.0009849555	0.0001482569	0.0826151943	0.0571936300	0.0125402423	0.2052275977
0	0.0168822517	0.0150675226	0.0067324399	0.0037436381	0.0964513789	0.0696472152	0.5075776699	0.1632860483	0.0098756814	0.1107361540
0	0.0259532971	0.7807001112	0.0031515691	0.0214690568	0.0000000038	0.1224522771	0.0030516618	0.0198855739	0.0172196661	0.0061167831
0	0.0000000000	0.1731985896	0.1681849441	0.0848307353	0.0011058012	0.2709437148	0.0000074941	0.0598156445	0.0625272700	0.1793858064
1	0.0172927236	0.0082875670	0.1328774685	0.0000236657	0.0000000000	0.0076775152	0.0097242782	0.6674490026	0.0000000000	0.1566677792
0	0.0910857594	0.0333144226	0.2221059842	0.0032596001	0.0463666998	0.1008303192	0.0047450051	0.2520001203	0.0223813489	0.2239107403
1	0.0509796300	0.0057909494	0.2147170681	0.0184220704	0.0545726883	0.0581541421	0.0000000000	0.0781974785	0.0734421133	0.4457238600
0	0.0000000000	0.3922951490	0.1155146230	0.0178854875	0.0022968388	0.0255343429	0.0121812936	0.1902107475	0.0026864359	0.2413950819
0	0.0043191273	0.0030034269	0.0419834333	0.0000000073	0.0102081688	0.0162746517	0.0003012565	0.0179722558	0.0473481021	0.8585895702
0	0.0000028226	0.1362545825	0.0077721933	0.0149212401	0.0109230799	0.0000000000	0.0368121242	0.2021671121	0.1317906805	0.4593561649
0	0.0010532811	0.0000000000	0.6537899570	0.0377267506	0.0029066336	0.0000591421	0.0002752805	0.0052526178	0.0191229522	0.2798133849
0	0.0191567562	0.0889952210	0.1506854289	0.0529038048	0.0991539901	0.0000000000	0.0138970001	0.0633355459	0.5100154971	0.0018567559
2	0.0000000000	0.0000182786	0.9814373250	0.0000000000	0.0000000000	0.0026370968	0.0000875670	0.0109347164	0.0026687552	0.0022162610
0	0.2509631478	0.0798909190	0.0458909338	0.0025436027	0.1144014616	0.1017407485	0.0129339708	0.0002317842	0.3909792723	0.0004241595
0	0.0014494696	0.0097589907	0.5449434071	0.0033848991	0.0216662685	0.0323041326	0.0079879016	0.3092962992	0.0105859918	0.0586226399
0	0.0001061357	0.0262318785	0.0457138990	0.0000051759	0.0576111381	0.0413851605	0.1165826465	0.3813652426	0.1138925808	0.2171061424
0	0.1458905386	0.0334329546	0.0744998633	0.6368685718	0.0031417111	0.0126948428	0.0023360183	0.0054910749	0.0015758003	0.0840686243
0	0.1348188053	0.1301036909	0.0352155645	0.0000011760	0.3439046520	0.0262899441	0.0235358992	0.0000020540	0.2617052560	0.0444229580
0	0.0438056780	0.0044000532	0.1226366325	0.0018481162	0.0484523234	0.0664479339	0.1169008420	0.4174481261	0.0260069002	0.1520533945
0	0.1526501859	0.2352663787	0.0999661317	0.0000202020	0.0463574750	0.0269339310	0.0262262526	0.0700167458	0.0157247321	0.3268379652
0	0.4356603472	0.0744779211	0.0507446747	0.0391748060	0.2519128476	0.0602881160	0.0664692946	0.0014620966	0.0198098266	0.0000000696
0	0.0803785879	0.0038607256	0.0081633161	0.3470753392	0.0049955203	0.0002663609	0.1152721111	0.2579793719	0.0954863518	0.0865223151
0	0.0708431086	0.1169609928	0.3362870171	0.0011687102	0.0007226418	0.0004890601	0.0555915163	0.0034214824	0.0140646321	0.4004508387
0	0.0823195352	0.0792006607	0.0274250613	0.0062493779	0.1991664884	0.0085665956	0.0017808898	0.2826614104	0.0130228757	0.2996071052
0	0.0000286136	0.3870827495	0.2284762655	0.0006766060	0.0272450707	0.0211424681	0.1430996535	0.0068027887	0.1716079446	0.0138378400
0	0.0432632615	0.0093774671	0.0885274789	0.1995265157	0.0173172978	0.0602102995	0.1964085663	0.1393914340	0.0000735014	0.2459041780
0	0.1639232824	0.0910580283	0.5755962942	0.0351777136	0.0257420440	0.0000000856	0.0161731428	0.0059865611	0.0017177160	0.0846251319
1	0.1695767672	0.0214828245	0.2655286438	0.0038431939	0.0060470165	0.0000180385	0.0000045232	0.2349898332	0.2333796004	0.0651295586
2	0.0396064474	0.0034189900	0.5178829816	0.0000000000	0.0269549328	0.0000000962	0.0000000000	0.3989679902	0.0000550775	0.0131134844
1	0.0210454056	0.0097255674	0.0246160879	0.0967101429	0.0004919570	0.0116452957	0.0054696458	0.3391428401	0.0000000000	0.4911530577
0	0.0390373950	0.5318260847	0.0325274974	0.0043601089	0.1030818200	0.0744092445	0.0000045823	0.2095658045	0.0006478496	0.0045396131
1	0.0000006545	0.0000000000	0.8643754872	0.0000000000	0.0000581193	0.0079154771	0.0071773627	0.0785096411	0.0324300715	0.0095331865
0	0.0028486025	0.0878647709	0.4084923281	0.0014079841	0.1101571807	0.0000812299	0.0365328083	0.0363087370	0.1787643617	0.1375419969
1	0.0025776379	0.0008367250	0.0000257187	0.0000048568	0.0711849007	0.0065895295	0.0050739867	0.0167361923	0.0020408537	0.8949295987
0	0.0000597569	0.0743594415	0.0294514965	0.2161505833	0.0023620323	0.0000000000	0.0968102403	0.0128961103	0.3094447798	0.2584655591
1	0.0104550602	0.0636421449	0.0157497212	0.0000000576	0.0274049850	0.0000000000	0.0034301545	0.6861966734	0.0474157337	0.1457054695
0	0.1594780708	0.0100345460	0.2620483986	0.0000000000	0.0323266319	0.0000128925	0.1616018031	0.1838799885	0.0718850210	0.1187326477
0	0.1080318154	0.0000133113	0.2858967515	0.0000000000	0.0036978767	0.0049513990	0.2042038702	0.3474655357	0.0000000000	0.0457394402
1	0.0000000000	0.0009919775	0.0934386551	0.0412291835	0.0000000000	0.0388837031	0.0003582534	0.6871202029	0.0293493089	0.1086287155
1	0.1535039176	0.1255143135	0.2824062344	0.0020703015	0.0480530574	0.0119178862	0.0074458970	0.3095872101	0.0019545903	0.0575465920
1	0.0014743253	0.0000002485	0.7952979971	0.0000000000	0.0000000858	0.0090992191	0.0001348728	0.1607104131	0.0001446901	0.0331381482
0	0.0000217500	0.0916023058	0.1490636194	0.2400165439	0.0000000000	0.0374192752	0.2190710606	0.2381030053	0.0015724313	0.0231300084
0	0.0013250692	0.0620518551	0.3949086686	0.1239360545	0.0000359791	0.0018656727	0.0108561775	0.0105331266	0.0829947274	0.3114926693
0	0.0000000000	0.0117313797	0.0071899201	0.5584922262	0.0617149416	0.0415628339	0.0000005691	0.1052283611	0.0850111266	0.1290686416
0	0.2925678264	0.1370139354	0.1679394689	0.0003916341	0.0609779282	0.1369632990	0.0085330719	0.0743271432	0.0930495098	0.0282361832
0	0.0726070976	0.0000000571	0.0027667719	0.0066720923	0.0091176578	0.3805218282	0.0159034354	0.4968786829	0.0060296242	0.0095027527
1	0.0583093274	0.0000060550	0.8130577885	0.0000001668	0.0000862934	0.0006672854	0.0021886021	0.0848318024	0.0000065421	0.0408461370
1	0.0018154099	0.0004211623	0.6400762016	0.0000163522	0.0012192622	0.0000000010	0.0197271884	0.2409116522	0.0046345431	0.0911782271
0	0.2640959095	0.0063076354	0.0411988786	0.1970566148	0.3222029808	0.0003397601	0.1112527594	0.0111768239	0.0243614696	0.0220071680
1	0.2333490382	0.2244909012	0.1166497100	0.0000000014	0.0000000000	0.0234911295	0.0280548864	0.0688929294	0.0042197574	0.3008516464
0	0.0008839316	0.0520076983	0.3274204261	0.0000000000	0.0011215823	0.0938632868	0.0544981550	0.2235662376	0.2190905718	0.0275481104
0	0.0402700750	0.0416244726	0.0000370469	0.0000017123	0.0769689597	0.0016981537	0.0679188971	0.0049021252	0.5979967502	0.1685818073
0	0.0127727690	0.0000000199	0.9318327743	0.0088066001	0.0048421044	0.0000202155	0.0049290806	0.0136951114	0.0036224689	0.0194788558
0	0.0005890146	0.2759607524	0.0387647943	0.0000000000	0.0000000013	0.3263615703	0.2619920620	0.0555253475	0.0197162192	0.0210902383
0	0.0655162323	0.0033446556	0.8062509174	0.0017168532	0.0019771167	0.0005214313	0.0388807415	0.0235485496	0.0439991954	0.0142443069
0	0.0521707005	0.0673240803	0.0188297437	0.1237965865	0.0119767082	0.1054512336	0.1386789866	0.1860320990	0.0122022927	0.2835375689
1	0.0197621914	0.0183887715	0.0024354640	0.0000002813	0.0017942682	0.0003052561	0.0000000086	0.6643367452	0.0000002759	0.2929767381
0	0.0392696898	0.1934576977	0.1081440905	0.0000010468	0.0021934203	0.0000002999	0.1788918633	0.2565161308	0.1680313303	0.0534944306
0	0.0171906265	0.3937216224	0.0506402970	0.0000000000	0.0878014789	0.1950332050	0.0882851983	0.0331415693	0.0029917231	0.1311942794
2	0.0050681293	0.0343656304	0.8057035077	0.0128899882	0.0000116958	0.0000000000	0.0038109459	0.1330937732	0.0007755757	0.0042807537
0	0.0095896236	0.0000472461	0.1165119175	0.0779896580	0.0070479109	0.0092522132	0.0000142320	0.1756676416	0.5362078146	0.0676717425
0	0.0468437971	0.0412796541	0.4121082879	0.2406297507	0.0188256584	0.0586326038	0.1044156038	0.0025182921	0.0016750489	0.0730713033
0	0.0121579273	0.0184410687	0.0005490495	0.0000000001	0.1250876363	0.0000038981	0.7754247459	0.0004975407	0.0328167877	0.0350213457
0	0.0009092074	0.0803910751	0.2942253740	0.1034261993	0.0021735509	0.0688757692	0.0390239183	0.3055375953	0.0173669654	0.0880703452
0	0.0696504350	0.0005750598	0.7144759125	0.0107438740	0.1057023813	0.0000000027	0.0092116553	0.0502721662	0.0199339675	0.0194345457
1	0.0085837980	0.0186337888	0.2495189432	0.0073639539	0.0167504380	0.0014384850	0.0321973258	0.0773669311	0.1181757257	0.4699706105
0	0.1191553427	0.4028588114	0.1033132860	0.0001860806	0.0751189027	0.0000447992	0.0005740018	0.2971790232	0.0000001446	0.0015696078
0	0.1067955151	0.0056703341	0.0670222947	0.0002739598	0.0064923981	0.1969265961	0.2150305452	0.2002701519	0.0008571492	0.2006610558
1	0.0000467031	0.0000000000	0.9778925849	0.0000000166	0.0000416735	0.0000000408	0.0198345188	0.0020864327	0.0000000000	0.0000980297
0	0.0230745940	0.0000000058	0.2029389885	0.0073985060	0.0482815276	0.0034651746	0.0211102748	0.0222780326	0.0425591646	0.6288937313
0	0.0447612125	0.3434887048	0.0684101766	0.0003825033	0.1866037495	0.1365420458	0.0438182732	0.1434890424	0.0307272577	0.0017770342
1	0.0652618494	0.0016059704	0.2700717437	0.0031163739	0.0235971058	0.0000000000	0.0009054875	0.5087261896	0.0022609316	0.1244543482
0	0.0343675688	0.0003199135	0.2535402672	0.1053041469	0.0011270210	0.0000001814	0.1684261843	0.2424496662	0.1834653053	0.0109997454
2	0.0225538708	0.0000051428	0.9135066844	0.0000000000	0.0001508386	0.0020395632	0.0000034398	0.0263923731	0.0004110092	0.0349370783
0	0.2491377537	0.0488248266	0.0011750806	0.0078151376	0.0000000507	0.5401382337	0.0000000317	0.0000000000	0.1330102325	0.0198986528
0	0.2991498490	0.1010630451	0.1193101587	0.0184567510	0.0021869239	0.0528551405	0.1195848171	0.1173930219	0.0005155885	0.1694847044
0	0.0645563684	0.0477368473	0.2112575412	0.0267448946	0.0129894458	0.0220922534	0.0221887738	0.5354382543	0.0568347192	0.0001609021
0	0.0441859879	0.3762164652	0.0443602022	0.0005118514	0.0611357788	0.0562929223	0.0278115745	0.3724436210	0.0000000096	0.0170415869
0	0.0422986558	0.0492406823	0.1554371603	0.0000000000	0.1187497422	0.0000819665	0.1333523553	0.3378874869	0.1629509991	0.0000009517
0	0.0815329380	0.2126089809	0.0500742938	0.0000000000	0.0000089939	0.0380275265	0.2214115496	0.1720138696	0.1510864290	0.0732354188
0	0.5926149404	0.2036578071	0.0218751383	0.0061137597	0.0000000000	0.0106727530	0.0064048303	0.0002963731	0.1576365988	0.0007277993
0	0.0309441759	0.0132670300	0.0274971995	0.0000060207	0.3811211503	0.0017354079	0.0552947913	0.1088824132	0.3641995981	0.0170522131
0	0.0746175998	0.0161001585	0.0043804745	0.0035033680	0.4012654723	0.0156382760	0.2782215940	0.0029219423	0.0156402676	0.1877108470
0	0.0253262948	0.3071990973	0.0355179431	0.0000472692	0.0902686234	0.0214969475	0.0829340868	0.0111326187	0.1271285007	0.2989486184
0	0.0452372000	0.0022245453	0.0486696748	0.0021578571	0.0550223032	0.0097090074	0.0434016702	0.3747893054	0.0000012358	0.4187872007
0	0.0329810866	0.0000254645	0.1018319456	0.1505900904	0.3157310911	0.0715752271	0.0011788871	0.1277275155	0.0015138003	0.1968448919
0	0.0007434837	0.1068940450	0.0088622862	0.0007261525	0.0564128267	0.1861838597	0.0004701442	0.3689918241	0.0959253689	0.1747900090
0	0.0030016510	0.1605584803	0.2199829811	0.0000009534	0.0016827868	0.0003544087	0.0990833668	0.4703999750	0.0320674428	0.0128679540
0	0.0656430622	0.3331409053	0.3364841043	0.0230335487	0.0000000000	0.0061274227	0.0059659414	0.0014518763	0.0097386604	0.2184144787
1	0.0057847966	0.0147071277	0.5547351756	0.1294414816	0.0002875038	0.0913352613	0.0000000000	0.0100942772	0.0094997538	0.1841146224
0	0.0000022314	0.2873037545	0.1066361638	0.0451530598	0.1036189123	0.0000000000	0.1870721389	0.0000112828	0.0849908535	0.1852116030
0	0.0117356647	0.6388846153	0.2163276971	0.0004076474	0.0000000000	0.0004886068	0.0244048323	0.0943940684	0.0000070347	0.0133498333
0	0.1665570652	0.2359400290	0.0001699756	0.0002018721	0.0026927962	0.4676092134	0.0481300391	0.0221089880	0.0044234648	0.0521665566
0	0.4328020766	0.2052780921	0.0415843302	0.0829397470	0.0086938233	0.0638218028	0.0046351668	0.0404749610	0.0036080053	0.1161619950
0	0.0161766928	0.0518361155	0.3864893926	0.0030129196	0.0135234928	0.0128784880	0.0012030740	0.1575084254	0.0000586392	0.3573127601
0	0.0026911031	0.3150983966	0.1406629826	0.0046391981	0.0599641738	0.0533872770	0.0864146354	0.2644697143	0.0000000001	0.0726725190
0	0.0036688491	0.0582620961	0.0229817391	0.0052547500	0.0000000013	0.0105850669	0.0210434353	0.5484965036	0.1741433928	0.1555641659
0	0.0003611987	0.0000000031	0.2150546948	0.0427621590	0.4492599952	0.0446166315	0.0063102342	0.0489473946	0.1735827501	0.0191049388
0	0.4421738018	0.0339769893	0.1790008565	0.0000320598	0.0000000032	0.0526647717	0.0547860724	0.1640595001	0.0013518427	0.0719541025
0	0.0577344937	0.1334744970	0.0494340864	0.5190566263	0.0088904269	0.0213077413	0.0001931000	0.0001420342	0.0007225885	0.2090444056
2	0.0115195987	0.0019391194	0.7922547893	0.0008871359	0.0012074167	0.0000094298	0.0137680941	0.1492581673	0.0000026677	0.0291535812
0	0.0322778914	0.5180855315	0.0877963062	0.0000000001	0.0572084186	0.0090041234	0.1612193524	0.0862231553	0.0017727895	0.0464124316
0	0.0001370383	0.0396714110	0.0046672171	0.6944092786	0.1113048574	0.0473300357	0.0000002709	0.0177813064	0.0052569728	0.0794416118
0	0.0024676681	0.1254894712	0.0143714034	0.0178165884	0.1521794817	0.0340357304	0.0658057225	0.0697344671	0.0007480222	0.5173514449
1	0.0001416659	0.0609247790	0.0001131296	0.0077822034	0.0104283256	0.0000027929	0.0314390410	0.3493501754	0.0773909845	0.4624269027
0	0.0787058841	0.0133202133	0.5326983584	0.0001084563	0.0000067700	0.0172415510	0.0000000000	0.2990761799	0.0000326908	0.0588098962
0	0.0000000000	0.7796667514	0.0292226914	0.0011601946	0.0025634843	0.0000000493	0.0095160262	0.1599166450	0.0023761452	0.0155780126
0	0.0147574656	0.0168319202	0.1152879982	0.0419920416	0.0915918833	0.0245874833	0.0325973238	0.6020217166	0.0023437747	0.0579883927
0	0.0014782346	0.0293054732	0.1146790423	0.0225131380	0.0348938039	0.1519143245	0.0360677663	0.0048139084	0.0151028441	0.5892314647
1	0.0103617354	0.0008924690	0.0440937700	0.0000007007	0.0191385920	0.0008645266	0.0005984559	0.0000005327	0.0359973518	0.8880518660
1	0.0000000000	0.0453152124	0.0506080872	0.0000000163	0.1967341755	0.0064404831	0.0000000000	0.4554774223	0.1046612056	0.1407633975
0	0.0276593827	0.0173934399	0.3245947296	0.0172935114	0.0000000220	0.0000462076	0.0336951114	0.1618481976	0.0167166175	0.4007527802
0	0.0143966977	0.0180390038	0.0023715128	0.0000000438	0.1013959820	0.0052248761	0.0658779197	0.0232311361	0.0079867806	0.7614760475
1	0.0000000000	0.0586960713	0.5595701181	0.0000233165	0.0408156251	0.0000000000	0.0357541999	0.0944280466	0.0839201956	0.1267924268
0	0.0774757926	0.0003083021	0.2036471445	0.0123891056	0.1775872307	0.0439659922	0.0015886329	0.2307039499	0.1897651310	0.0625687185
0	0.0157918531	0.0291534776	0.0023559578	0.0000000000	0.0230240950	0.0000000099	0.2615618523	0.4448954162	0.0027282027	0.2204891354
0	0.0021226211	0.1338707712	0.0398247900	0.0000744349	0.0019151228	0.0141761809	0.0134581135	0.7941225183	0.0004353836	0.0000000637
0	0.0000002366	0.0068475652	0.2049336506	0.3037121768	0.0422586199	0.0454196842	0.2157831457	0.0752832329	0.0200096258	0.0857520622
0	0.0062656317	0.0001631726	0.7782170850	0.0115913881	0.0027051148	0.0000000005	0.0089859758	0.0191102801	0.1299489624	0.0430123890
1	0.0163018779	0.0862199949	0.0508204042	0.0000000000	0.0047493197	0.0097042620	0.0000000000	0.2641416763	0.0024059884	0.5656564766
0	0.0034476645	0.0351919786	0.6172762231	0.0027447415	0.0000000000	0.0002104543	0.1271321854	0.0841025195	0.0446167056	0.0852775275
1	0.0612683402	0.0002546018	0.1987584329	0.0000000313	0.0404263264	0.0000000000	0.0014305671	0.0913681449	0.0000511479	0.6064424075
0	0.0296194533	0.0667542588	0.4018800419	0.0230143057	0.0000553420	0.0036357297	0.0534918171	0.0679745514	0.2538271390	0.0997473611
0	0.0779196250	0.0059090988	0.0365393551	0.0000088680	0.1009576901	0.2040896957	0.0039927914	0.2031027387	0.0000006481	0.3674794890
0	0.0002503117	0.0138401607	0.2211175036	0.0000000180	0.0574771770	0.1268450314	0.0256334358	0.3362068333	0.0081193631	0.2105101654
0	0.0237018291	0.0065239071	0.0028000768	0.0145331747	0.0000000276	0.0001899349	0.0011753325	0.9503274065	0.0000368203	0.0007114904
1	0.2216207059	0.2235463811	0.1363874564	0.0585052910	0.0000000366	0.0296405573	0.0383383281	0.0285346034	0.0445774219	0.2188492183
0	0.2591849933	0.0162136457	0.2395245372	0.0008909165	0.0559632338	0.0002081789	0.0000000006	0.4247335894	0.0000093860	0.0032715186
0	0.2216806464	0.0423912416	0.0406546761	0.0000020090	0.0089724184	0.0001039566	0.1538111437	0.1759350133	0.2039728654	0.1524760297
0	0.0176238801	0.5336420173	0.1209096967	0.0001217258	0.0000189591	0.0307191103	0.0000008780	0.0761053330	0.0000050534	0.2208533463
0	0.1404807050	0.0078929388	0.3804183209	0.0000103097	0.0187013739	0.0565653656	0.0000898847	0.0146335040	0.0009698093	0.3802377881
0	0.2182558264	0.0706564170	0.0632999178	0.1174899146	0.0000000001	0.2318289954	0.0812390709	0.0133381999	0.1939919579	0.0098997001
0	0.2556632508	0.0655105315	0.1238969091	0.0017497749	0.0014387952	0.1279386888	0.0029061886	0.2809209221	0.0852169784	0.0547579606
0	0.0502020630	0.1601349342	0.0009427862	0.0428956422	0.0000000000	0.0297010144	0.2429541403	0.0115422278	0.3105865498	0.1510406422
0	0.0273512545	0.0020007739	0.0000146361	0.0000802271	0.0000987628	0.0444740671	0.0000000088	0.8980142727	0.0239112323	0.0040547647
0	0.1871230335	0.0416712106	0.0020839056	0.0317142629	0.1502804555	0.0054845859	0.3596983956	0.1731484253	0.0056179791	0.0431777460
0	0.0295092642	0.0087204268	0.1025887675	0.0017409760	0.0000195322	0.1310320370	0.0000000000	0.5782149936	0.1295313753	0.0186426274
1	0.0097344927	0.0257108996	0.0877134138	0.0000015139	0.0000042612	0.0000631511	0.0000260625	0.8456598246	0.0077087297	0.0233776509
0	0.5255112210	0.0035902703	0.0524881709	0.0194858443	0.0000105181	0.0000014028	0.0645160449	0.0405911160	0.2857618503	0.0080435615
0	0.0200575235	0.0102718152	0.0919608040	0.0905297903	0.0001746454	0.0000205159	0.0869986535	0.1153580997	0.4861586103	0.0984695423
0	0.0296479393	0.0000000000	0.2683272806	0.0784349724	0.0116425558	0.0788027957	0.1360753056	0.3133581014	0.0020544852	0.0816565639
0	0.0948128142	0.0067206117	0.0528978857	0.0757066037	0.2968012308	0.0051188669	0.2978865304	0.1442933843	0.0000156910	0.0257463813
0	0.7140699923	0.0018270081	0.0562118317	0.0000000000	0.0016300762	0.0250351372	0.1246702699	0.0630792326	0.0001681581	0.0133082938
0	0.0398916810	0.1372542810	0.0039758966	0.0016548453	0.0031706510	0.0017199021	0.0000000184	0.4933282857	0.3175955865	0.0014088525
0	0.1336423301	0.0004043380	0.0159838148	0.2230335918	0.0772184661	0.0426866552	0.0334051121	0.4474695014	0.0040675425	0.0220886479
0	0.0208016763	0.0624823306	0.0200787323	0.0023215043	0.0073768081	0.0567827522	0.0113554640	0.0702773954	0.2162108636	0.5323124732
0	0.0000000158	0.5288486683	0.1704651860	0.0000000000	0.0028886085	0.0063087849	0.0812070276	0.1129745456	0.0010661625	0.0962410008
0	0.3434212986	0.0419902272	0.0730142180	0.0090014271	0.0001964113	0.1337030460	0.0455605238	0.0998271946	0.0020830609	0.2512025926
0	0.1536118158	0.1337451011	0.0097751933	0.0002890007	0.0169167489	0.0189674775	0.0604519485	0.4798715464	0.1151493533	0.0112218145
0	0.1401617363	0.0221222809	0.0313655630	0.0000576611	0.0140506969	0.3250731943	0.0001235953	0.1624154317	0.2043137852	0.1003160554
0	0.4476712311	0.0467194281	0.0053537028	0.0010745698	0.0131231609	0.0479638576	0.0019011052	0.3177235595	0.0788692007	0.0396001842
1	0.0000006436	0.0000090725	0.0922436007	0.0000026451	0.0088487614	0.6891798993	0.0917657017	0.1027070481	0.0068285922	0.0084140353
0	0.2274821472	0.1209724419	0.2037518000	0.0307900642	0.0450765994	0.0885606025	0.0000002108	0.0001419831	0.0526239462	0.2306002049
1	0.0041585923	0.6830269573	0.0441960421	0.0000055096	0.0067823203	0.0001024442	0.0000000000	0.2245973711	0.0122118027	0.0249189605
0	0.9289272761	0.0000112745	0.0089411461	0.0000000000	0.0083986783	0.0026679896	0.0094505628	0.0000052102	0.0307449481	0.0108529141
0	0.1616441574	0.0436552722	0.0165478965	0.0499270665	0.0960575200	0.0330521869	0.0844565983	0.1366978786	0.0429632806	0.3349981431
0	0.0150510992	0.4054989571	0.1265509379	0.0227491709	0.0292673639	0.3116443639	0.0301568011	0.0559536482	0.0031274973	0.0000001606
0	0.5205851864	0.0000000003	0.0035991152	0.0277141311	0.2134317848	0.0011337556	0.0188008118	0.0191051034	0.1546984606	0.0409316507
0	0.3264123916	0.2092560919	0.2310783497	0.0739916451	0.0001738518	0.0000000000	0.0060515615	0.1148140833	0.0299533617	0.0082686633
0	0.1299389730	0.0311146181	0.6103585673	0.0000237027	0.0000114387	0.0155750746	0.0002144744	0.0473582817	0.0007658594	0.1646390102
0	0.0255350604	0.0000044665	0.0492745564	0.0017948429	0.0066533888	0.0316015273	0.4960711010	0.1362156413	0.1899567594	0.0628926560
0	0.0079314650	0.0112483745	0.4288031445	0.0022598680	0.2470796800	0.0000681002	0.0556698400	0.2311558016	0.0015258013	0.0142579249
0	0.0258681637	0.3704773385	0.0706919961	0.0099904364	0.0226265940	0.3439790688	0.0000000000	0.1021919151	0.0427996216	0.0113748659
0	0.0098470706	0.0476877935	0.7794921732	0.0016963203	0.0004816001	0.0015684732	0.0013355035	0.1404175085	0.0046080757	0.0128654816
1	0.1580250468	0.0010767211	0.7270942515	0.0000886199	0.0014459621	0.0000541881	0.0437846469	0.0579233390	0.0057419444	0.0047652801
0	0.0106059364	0.2766258694	0.0053162922	0.0155882566	0.0117788318	0.0134538618	0.2060751275	0.0003402355	0.0719598092	0.3882557796
0	0.0183961705	0.0000154575	0.0000000022	0.3044894121	0.3135642124	0.1767964763	0.0054339574	0.1779955487	0.0006097889	0.0026989741
0	0.0470523754	0.3740014405	0.1570814927	0.0000667247	0.0000000896	0.0117527525	0.1249259534	0.2334411389	0.0024189750	0.0492590572
0	0.2957391436	0.0207842595	0.2233626192	0.0096823627	0.0005900365	0.0671122244	0.0000157261	0.1963638970	0.0064674041	0.1798823269
2	0.0010488810	0.0002061804	0.0042767443	0.0000000001	0.0036423020	0.0000258776	0.0000025419	0.9843070133	0.0010829036	0.0054075557
0	0.1015788065	0.0024585989	0.0000000000	0.0252941813	0.0020580635	0.0000000000	0.1459444297	0.3452214415	0.0000205209	0.3774239577
2	0.0007307149	0.0000018315	0.6973642794	0.0004597113	0.0027067551	0.0011848610	0.0000056792	0.1736620614	0.0004488010	0.1234353052
0	0.0108047664	0.0317002122	0.0076552397	0.0123186797	0.0857904673	0.5399372522	0.0019630746	0.2687226309	0.0130970803	0.0280105965
0	0.0435180852	0.0020915432	0.0133735697	0.0000967122	0.5944145564	0.1974921252	0.0369565786	0.0523666924	0.0180048243	0.0416853128
0	0.0077718275	0.8697092055	0.0479002574	0.0000000000	0.0402974502	0.0001476989	0.0021617606	0.0056760026	0.0076498154	0.0186859819
0	0.3318201103	0.2316298012	0.0919612279	0.1102090594	0.0029767407	0.0352598451	0.0112662861	0.0778864427	0.0866900638	0.0203004229
0	0.0120194788	0.2199702619	0.0305630306	0.0000000000	0.0687580396	0.4899490514	0.0197096519	0.1044177362	0.0186414419	0.0359713077
0	0.0479554607	0.4429253893	0.0024000915	0.0000485664	0.0000005535	0.0000000000	0.1353491648	0.2615017491	0.0792412843	0.0305777405
0	0.0346998477	0.2743224032	0.1577323081	0.0020810067	0.0030224281	0.1509529678	0.1934188668	0.0064700156	0.0825664102	0.0947337459
0	0.0803500377	0.0021043272	0.1557944328	0.0034180883	0.3356781714	0.0464538964	0.1777864724	0.1427255094	0.0173437024	0.0383453621
0	0.0474642933	0.0201352024	0.0000017225	0.0143727363	0.0000431038	0.0014468009	0.0092476204	0.0296127278	0.1718014332	0.7058743594
0	0.0228260191	0.0048452459	0.2875430827	0.0000000000	0.0015613276	0.0045936283	0.0001689259	0.0307978392	0.0206248580	0.6270390732
1	0.0003764356	0.0185699921	0.8499147178	0.0002076819	0.0052850254	0.0000000000	0.0009336733	0.0122512686	0.0000000000	0.1124612054
1	0.2138747941	0.0000060301	0.5896729037	0.0000000001	0.0002960947	0.0005638930	0.0332470195	0.0978215981	0.0565587657	0.0079589010
0	0.0525461667	0.0853698976	0.0165459836	0.4123753095	0.0003195085	0.1664047027	0.0861668884	0.0444724869	0.0292438088	0.1065552473
0	0.0661548924	0.1953727791	0.0956420205	0.0113971984	0.0267119642	0.1270395255	0.0776380233	0.2540905187	0.1285560480	0.0173970299
1	0.0000003056	0.0679528184	0.7350896077	0.0624796290	0.0000159189	0.0000000008	0.0000000000	0.0578296784	0.0628928085	0.0137392326
0	0.1116795308	0.1058759449	0.0232961741	0.0319572149	0.1409835566	0.0000000000	0.0000000000	0.0102366383	0.1813913276	0.3945796128
0	0.3197679546	0.0035194308	0.0002327336	0.0110469945	0.0010886380	0.0069869657	0.5258837651	0.0003274691	0.0747763288	0.0563697199
0	0.0788190957	0.0008408490	0.0269920736	0.0520553344	0.0176347215	0.0267413071	0.2646310924	0.1849031857	0.0755093512	0.2718729894
0	0.0004451920	0.0146783377	0.0087243629	0.0000118109	0.0000000000	0.0119380730	0.0027302070	0.9472494072	0.0013082720	0.0129143373
0	0.0351888967	0.0206804711	0.6065924658	0.0000477018	0.0324958423	0.0250238117	0.0022040965	0.1999786767	0.0000077067	0.0777803307
0	0.0244217442	0.0000037028	0.6603857082	0.0051679922	0.1164195638	0.0048806024	0.0257624519	0.1629520591	0.0000029447	0.0000032306
1	0.0004430563	0.0242197102	0.7767399337	0.0048090530	0.0005951351	0.0005110299	0.1414384778	0.0285552714	0.0119063379	0.0107819946
0	0.0067096913	0.0798509971	0.1310734311	0.0503559561	0.0003711839	0.1283344059	0.1706883092	0.0077461497	0.1850443457	0.2398255301
1	0.0000000000	0.0698497037	0.6135747814	0.0114236413	0.0846190028	0.0756686058	0.0348322850	0.0272259609	0.0000750906	0.0827309285
0	0.0012483841	0.1880717605	0.1476437552	0.0175247742	0.0002754228	0.0338323632	0.0000505555	0.0064080461	0.0005511839	0.6043937544
0	0.0014426848	0.1227816165	0.0717562777	0.0000060341	0.0013833815	0.0002226817	0.2489635795	0.3861512922	0.1661341497	0.0011583022
0	0.0352640537	0.2552376051	0.0162983154	0.0021785033	0.0154782112	0.0289391738	0.2628067047	0.3648715382	0.0032900058	0.0156358887
0	0.0000082429	0.2377813435	0.1422067875	0.1401164115	0.0056190165	0.1081941901	0.0426762148	0.0017163210	0.0075709675	0.3141105046
0	0.0298043768	0.0000078278	0.2122311853	0.0030179868	0.0000000000	0.0205078298	0.0267412392	0.3845457384	0.0807648660	0.2423789500
0	0.0000100418	0.0512326100	0.0408409714	0.0024487286	0.0290883094	0.1236267788	0.0186587894	0.5830824322	0.1053596845	0.0456516538
0	0.0023741100	0.0414456081	0.4126370745	0.0061842449	0.3394772724	0.0166695284	0.0036217072	0.1359644949	0.0020409855	0.0395849741
0	0.0229227627	0.1115911212	0.0727338070	0.1293927147	0.0649421917	0.1398750478	0.0934399598	0.1224854304	0.1914836667	0.0511332980
0	0.1261734923	0.0281941212	0.0491647314	0.0003642043	0.0024780388	0.0000644712	0.0687028482	0.2691572169	0.3086669677	0.1470339079
1	0.0181162316	0.0087965428	0.1654001902	0.0000006054	0.0821972922	0.0296438467	0.1471294453	0.4985830849	0.0355089352	0.0146238258
0	0.0000477723	0.6725271428	0.0674051583	0.0060123220	0.0445235869	0.0101040541	0.0079692084	0.0000157061	0.1810299649	0.0103650841
0	0.0137017211	0.0358253856	0.2227297326	0.0009268533	0.0069377322	0.0695016621	0.1834339861	0.0457868256	0.3887371036	0.0324189980
0	0.0000019073	0.0002357746	0.6258977111	0.0022027886	0.3568057878	0.0039642413	0.0043134957	0.0008088603	0.0032960552	0.0024733780
0	0.7047333978	0.0831504241	0.1014380752	0.0000000000	0.0004464340	0.0000076324	0.0320250543	0.0436891937	0.0059444311	0.0285653575
1	0.0047915656	0.0005079214	0.0411841540	0.0008015309	0.0312304788	0.0000017020	0.0000006320	0.0527046647	0.0355382739	0.8332390768
1	0.0035876865	0.0000000208	0.0654742528	0.0291218443	0.0084562132	0.0314814749	0.0018809523	0.8315939974	0.0097750328	0.0186285251
0	0.0815082567	0.0244515117	0.5580664762	0.0000002347	0.0006798384	0.0014788895	0.0658700803	0.1592666201	0.0034246932	0.1052533992
1	0.2288061049	0.0090936847	0.0877120497	0.0000000000	0.1329183595	0.0015812778	0.0000000000	0.4064996406	0.0000003777	0.1333885050
0	0.0778151683	0.1819380408	0.0000248999	0.0080541133	0.0309419501	0.1730936408	0.0889534291	0.0500962967	0.0049620758	0.3841203853
0	0.5086653493	0.3631629126	0.0002178376	0.0003401074	0.1122844674	0.0000000000	0.0059244024	0.0045085392	0.0029268084	0.0019695756
1	0.2587654091	0.0025784167	0.3118900539	0.0000000935	0.0000000000	0.0075865178	0.0000000003	0.1924133217	0.1133182312	0.1134479559
0	0.0000206200	0.1249379246	0.0684140068	0.1059284451	0.0211981252	0.0321345943	0.6397045677	0.0022426515	0.0000045523	0.0054145124
1	0.0000011144	0.0000000000	0.2031462813	0.0000053891	0.0000001377	0.2876693943	0.0023242815	0.1298942992	0.0000541450	0.3769049575
0	0.0000711642	0.0349510648	0.1937856060	0.0000026482	0.0477899533	0.1866936584	0.0001962562	0.0168498834	0.5004418199	0.0192179456
0	0.0196761476	0.0098528965	0.0620896404	0.0180204144	0.0059044052	0.2026361995	0.0032378211	0.3482977428	0.0000012900	0.3302834425
0	0.0181191408	0.0024889953	0.0021401337	0.0000499758	0.0000000000	0.0000000327	0.0412993920	0.1518601112	0.7325312824	0.0515109361
0	0.0148357059	0.1107624677	0.4765501496	0.0046954185	0.1001145446	0.0006556581	0.0091322959	0.2255353618	0.0006048007	0.0571135972
0	0.0155050522	0.0250868529	0.1030483071	0.0196696239	0.0012774508	0.0113610923	0.0044140368	0.0544171623	0.0016237828	0.7635966390
0	0.0170846676	0.0569249350	0.0843594289	0.0056672078	0.2035544222	0.2710662595	0.1437185161	0.1101973989	0.0068702575	0.1005569065
0	0.0483706732	0.4886387236	0.1739251538	0.0005139064	0.0733645995	0.0816853810	0.0040431487	0.0442957353	0.0416893212	0.0434733573
0	0.1966371881	0.3372277267	0.0178930716	0.0005224014	0.0000000157	0.0482442342	0.0000080551	0.0015258215	0.0084028128	0.3895386730
0	0.0723483606	0.0000000034	0.6529718231	0.0377398316	0.0141534155	0.0037462769	0.0364403780	0.1188913481	0.0571067051	0.0066018576
0	0.0418793616	0.1627209010	0.1163618708	0.0033131985	0.0155364866	0.0252651223	0.0611962423	0.5513934824	0.0023884251	0.0199449094
0	0.0000002904	0.2474339999	0.0099682672	0.0478108075	0.0000061736	0.0000016780	0.0177178232	0.0009621547	0.0057587776	0.6703400280
0	0.0599595422	0.0151527398	0.2400967681	0.0001439590	0.0848272555	0.0312947271	0.0501504099	0.3154009380	0.1219159413	0.0810577190
0	0.0238592609	0.0690098570	0.0265464512	0.0013204926	0.0000000006	0.0453876079	0.0373224888	0.1099564693	0.3346887606	0.3519086111
0	0.0286517620	0.2074032893	0.0000000000	0.0448288065	0.0000018134	0.0832532818	0.0052341676	0.4951426073	0.1050009712	0.0304833010
0	0.0307277946	0.0394549263	0.0110407600	0.0000030283	0.0036487693	0.0102032255	0.0015922151	0.5972826289	0.1173393650	0.1887072872
0	0.0558229652	0.0104352544	0.0963588564	0.0107793002	0.0127418732	0.0031713237	0.1518051512	0.4463102991	0.1711331877	0.0414417890
0	0.0011114847	0.0537801456	0.2856611968	0.0008701137	0.0000000045	0.0000008097	0.1374586850	0.4643088704	0.0448534662	0.0119552234
0	0.2631821931	0.0549281958	0.0623388248	0.0000238191	0.0562726934	0.0683725733	0.0204378259	0.0042388821	0.4446430980	0.0255618945
0	0.1027236942	0.0024621922	0.0474455691	0.0453491618	0.0082298170	0.0821242021	0.0023990709	0.0000484739	0.0544549714	0.6547628474
0	0.0517705976	0.0211576344	0.0204374166	0.0000000564	0.0035797783	0.6046488625	0.0001686442	0.0742532698	0.0000234663	0.2239602739
0	0.0093702983	0.0382902573	0.7873830361	0.0006986836	0.0225612117	0.0411519782	0.0137962086	0.0557848073	0.0307137410	0.0002497780
0	0.0027188902	0.0018626272	0.0939714395	0.2059926621	0.0001159378	0.0000000000	0.6069943569	0.0303480585	0.0455098730	0.0124861547
0	0.0000033822	0.0010770117	0.0008331456	0.0001996849	0.0005110485	0.0000116750	0.0012753883	0.9875444595	0.0055869018	0.0029573024
1	0.0301591935	0.0641491630	0.1036225294	0.0155699378	0.0754680500	0.0001805888	0.0000004101	0.4933463210	0.0353636256	0.1821401808
0	0.0894278370	0.0000000001	0.0141731481	0.0000357631	0.0283024485	0.7302812533	0.0082163310	0.0897407805	0.0226322928	0.0171901454
0	0.0003267526	0.0029054774	0.4202777178	0.0189139861	0.0031018311	0.0291659984	0.0004419636	0.4404376045	0.0008080627	0.0836206059
0	0.0000000000	0.0193068247	0.0000088868	0.0721585946	0.0000000000	0.0017780227	0.0299933366	0.0531411465	0.0151149930	0.8084981950
0	0.0028433034	0.2462791719	0.1132848643	0.0000000049	0.0816593561	0.0062482652	0.0269330795	0.4789878500	0.0027244872	0.0410396175
0	0.0237461608	0.4020651553	0.1426256008	0.1230037350	0.0311781307	0.0002956116	0.0253345540	0.2402059169	0.0109944171	0.0005507177
0	0.0021386128	0.0285227312	0.1143398696	0.0015612115	0.0589753539	0.0172604745	0.0373326716	0.0000714873	0.7380740323	0.0017235554
0	0.0260883727	0.0000019939	0.0008433661	0.0075470873	0.0001719359	0.0063607860	0.1385257643	0.0233113235	0.1275724549	0.6695769153
0	0.0135486658	0.0879257852	0.0000001095	0.0000513785	0.0000037272	0.0023439950	0.0020720294	0.0000000221	0.1018097364	0.7922445509
0	0.0215438848	0.0019167622	0.1522457693	0.0002107716	0.0000747830	0.3695177052	0.0009390704	0.0600914131	0.1095523090	0.2839075313
0	0.0054446667	0.3421439491	0.0535545617	0.0380430841	0.0000000000	0.0985062998	0.0337416905	0.0005947383	0.0190974381	0.4088735717
0	0.0140453799	0.1229846966	0.0203650990	0.0015367426	0.0027878611	0.1539754471	0.0567259599	0.0678983389	0.4715168004	0.0881636744
0	0.0622065527	0.1500154365	0.0621989171	0.0027712641	0.0000000000	0.0004533077	0.0116984671	0.3741632129	0.2692076356	0.0672852062
0	0.1258450162	0.0218368915	0.0000001239	0.0049084250	0.2081826799	0.0247801429	0.1060814780	0.0747275505	0.3659430901	0.0676946020
0	0.3531827612	0.0049193113	0.0429123591	0.0009401632	0.1424355496	0.0172496982	0.0238279823	0.0443947591	0.0931287760	0.2770086400
0	0.0735609869	0.0000000849	0.2141667513	0.0149122745	0.1372092815	0.0000002646	0.0259824902	0.2640783433	0.0846684939	0.1854210290
0	0.0201057158	0.1399630804	0.0266146820	0.0108619232	0.0329998887	0.3808972115	0.0000000587	0.1656130912	0.1707196005	0.0522247481
1	0.0041982673	0.0186448554	0.2195866563	0.0571033195	0.0591711440	0.0000000000	0.0084729052	0.5441117005	0.0416097078	0.0471014439
0	0.0122684268	0.2219118461	0.2943340756	0.0944349116	0.0389007425	0.1550760108	0.0113358813	0.0810189893	0.0065277754	0.0841913406
0	0.0000000000	0.1872517838	0.3789549113	0.0011089638	0.0149937191	0.0000090039	0.0082432158	0.0050798023	0.0791704820	0.3251881178
0	0.3534213216	0.3649528371	0.1279712118	0.0017339347	0.0323365614	0.0000000000	0.0100254660	0.0077852807	0.0941956419	0.0075777448
1	0.0000000000	0.0035060623	0.7256053832	0.0004703962	0.0036491209	0.0114309242	0.0151924472	0.0290563339	0.0090381204	0.2020512116
0	0.0131265736	0.2143073111	0.0118410233	0.0000000002	0.0000000884	0.0000017481	0.0618056916	0.0468031804	0.4527632797	0.1993511034
0	0.0000337870	0.0033598302	0.0006353432	0.0410567276	0.0635538354	0.0261913781	0.0972276147	0.5272084281	0.0000246251	0.2407084305
0	0.0013472911	0.1306863654	0.1583298087	0.0001863467	0.0241930492	0.0554233025	0.0815302984	0.1667432990	0.0003462254	0.3812140136
0	0.0108390214	0.0060615864	0.5976518660	0.0303482311	0.0002555609	0.0176427518	0.0070167453	0.1813523136	0.0000915211	0.1487404023
0	0.2380455840	0.0731857666	0.0002543127	0.0099937951	0.1889557912	0.2835490084	0.0012878003	0.0230337458	0.1802389808	0.0014552151
0	0.0000028337	0.0943406513	0.0131282241	0.0141956391	0.8409389491	0.0001799067	0.0058358124	0.0028393423	0.0252904830	0.0032481584
0	0.0260195387	0.0099210721	0.0282846121	0.0008148867	0.0000000000	0.0000022489	0.0031210103	0.0000000041	0.0024882873	0.9293483398
1	0.0061801617	0.0099615719	0.6533020125	0.0000223680	0.0193596780	0.0000000000	0.0000066388	0.0436296912	0.0046004116	0.2629374663
1	0.0118811857	0.0000000033	0.0343100946	0.0001280389	0.0023667420	0.0116683702	0.0176946892	0.9156343473	0.0000000006	0.0063165281
1	0.0000035589	0.0108350782	0.1038145307	0.0037312368	0.0000208378	0.1427510253	0.0000000000	0.1067507494	0.0012309507	0.6308620322
0	0.1340266007	0.0808608567	0.3164247069	0.0833538615	0.0497331376	0.0333017010	0.1284280114	0.0396186536	0.0636783840	0.0705740867
0	0.1034687313	0.0033756625	0.0504490508	0.3009393867	0.0029288222	0.2985923253	0.0006719177	0.0201295824	0.0133529724	0.2060915488
0	0.0031088002	0.2058257175	0.0311305668	0.0000004208	0.0003521885	0.0031129053	0.1732825385	0.5241704044	0.0000367093	0.0589797486
1	0.0408690914	0.0165077472	0.1686010349	0.0000000001	0.0101265365	0.0074614009	0.0000000400	0.7060612433	0.0009395448	0.0494333610
0	0.0241522927	0.0128526979	0.1789830892	0.0000000000	0.1096181714	0.1058255105	0.0033920577	0.4287978221	0.0487974272	0.0875809314
0	0.1180081960	0.0072284900	0.0214849337	0.0935880255	0.0005762338	0.0162271712	0.0002357695	0.7381808645	0.0004206368	0.0040496790
1	0.0231785355	0.0068741439	0.2896692147	0.0557432637	0.0654983115	0.0084864121	0.0000814619	0.4275289400	0.0000026577	0.1229370589
0	0.0016388953	0.0000000000	0.0798886006	0.0000000626	0.0125439297	0.0152010151	0.0031908880	0.0003886699	0.0765351010	0.8106128377
0	0.0022213838	0.3005634546	0.0005019297	0.0454527366	0.0109174115	0.0593945779	0.0333715101	0.1177146403	0.4298027585	0.0000595970
0	0.0000000002	0.0105842245	0.0000113153	0.0000352504	0.0195445895	0.0124952471	0.2065942560	0.1324668110	0.0656822544	0.5525860517
0	0.3831080518	0.3752177091	0.0053842523	0.1505110155	0.0009160935	0.0109603648	0.0061749758	0.0598021982	0.0000000264	0.0079253126
1	0.0000000000	0.1016934894	0.0049056052	0.1784504034	0.0778714998	0.0001423774	0.0016226479	0.6054950113	0.0000406145	0.0297783510
0	0.1129354567	0.3312359859	0.2539593364	0.0009385290	0.1354242338	0.0000000000	0.0679972262	0.0802180592	0.0084692107	0.0088219621
1	0.0461366888	0.0367237528	0.7769430287	0.0000013779	0.0001310526	0.0003883944	0.0007011845	0.0473043211	0.0249807706	0.0666894285
1	0.1752122665	0.0000015799	0.5236439705	0.0128406530	0.0051851834	0.0158217722	0.0000000000	0.0476433256	0.0000441119	0.2196071370
0	0.0127708330	0.0143098374	0.0266741083	0.7933884854	0.0182489703	0.0071305658	0.1068985826	0.0006233305	0.0195932060	0.0003620806
0	0.0098318012	0.1791104909	0.3833284670	0.0007996969	0.1152715730	0.0288085273	0.1356976912	0.0882593400	0.0429665166	0.0159258958
0	0.2799078916	0.0018826334	0.4515490969	0.0042949517	0.0634036759	0.0152698120	0.1472821358	0.0038709635	0.0000655968	0.0324732423
0	0.0031132446	0.0000000000	0.0670974831	0.1402787472	0.0000000000	0.2163511928	0.0243154980	0.0407698661	0.2576147137	0.2504592545
0	0.2572359896	0.1180421340	0.0856673046	0.0000000000	0.0007235008	0.0775226209	0.0000343750	0.3340346096	0.1266589686	0.0000804969
0	0.0935065835	0.0172257144	0.0000000182	0.0054855287	0.0000088842	0.6812494143	0.0000000002	0.1998068661	0.0000000419	0.0027169484
0	0.2789108712	0.2228152522	0.0108650767	0.0644671019	0.0000043284	0.0587005473	0.0498700036	0.3022729451	0.0112983458	0.0007955279
0	0.0156799342	0.1256573715	0.0647817114	0.0137812053	0.0002516666	0.0092747494	0.4743638421	0.0003288544	0.0002596915	0.2956209736
0	0.0003053449	0.0252248993	0.1168114429	0.0005183273	0.0139569737	0.0408381777	0.0033481360	0.0038138203	0.4814759827	0.3137068952
0	0.0000173070	0.0028980775	0.1610247405	0.0445017127	0.4294598703	0.1150399751	0.0193833261	0.1467343835	0.0690194669	0.0119211405
0	0.0309531685	0.1142596023	0.0380395233	0.0137518701	0.1044094258	0.0291323919	0.6015449984	0.0000105214	0.0014909260	0.0664075722
1	0.0652238272	0.0552147089	0.1829250358	0.0475068382	0.0000057893	0.0525493343	0.0312767583	0.2480644600	0.0000000014	0.3172332464
0	0.1219363967	0.0006038049	0.0173073710	0.0007856728	0.0018931289	0.0000188554	0.4234963537	0.0236445688	0.1613126448	0.2490012031
0	0.0041415955	0.0000376733	0.1901734326	0.0000006180	0.0922303237	0.4879494694	0.0258923242	0.0222522797	0.1202983619	0.0570239219
0	0.0574695118	0.7528691725	0.0061988080	0.0101610817	0.0047852752	0.0509069479	0.0193227875	0.0282917883	0.0119231284	0.0580714987
0	0.0048755586	0.0337352770	0.1912049941	0.0136586404	0.0019916679	0.3762810083	0.0000000308	0.0256768064	0.0036662315	0.3489097850
1	0.0392169161	0.0125884283	0.0763958675	0.0206039920	0.0299390769	0.0088584650	0.0000000000	0.2530052974	0.0138767279	0.5455152289
0	0.2289219603	0.0602460448	0.1811366067	0.2314575406	0.0108420617	0.0031499427	0.0280533930	0.0318627124	0.0984584746	0.1258712632
1	0.0000003843	0.0712616476	0.0597067067	0.0050367567	0.0000000000	0.0108605896	0.0000000432	0.5415322957	0.0004558620	0.3111457142
0	0.0730962327	0.0233204968	0.5095953854	0.0912162471	0.0000007006	0.0220475519	0.0164299589	0.0268817257	0.0906480284	0.1467636723
0	0.3529194788	0.1187793373	0.0988307070	0.0000000102	0.0192888774	0.0425005106	0.0008102293	0.0449128083	0.0286226082	0.2933354329
0	0.0365411196	0.0435914333	0.0173215180	0.0000000998	0.0391504352	0.0020213099	0.0064778615	0.6863882002	0.0472106286	0.1212973939
0	0.0692243919	0.0240256098	0.5677312929	0.0621908242	0.0434340132	0.0284142306	0.0012772628	0.0402133956	0.0215176391	0.1419713400
0	0.0982242025	0.1220741251	0.0128267642	0.0780356038	0.0178760678	0.0000144660	0.1005069312	0.3377730361	0.0208832757	0.2117855276
0	0.0045448955	0.0606698198	0.0581051755	0.0000000000	0.3794774682	0.0010618600	0.0054692877	0.1836599994	0.0054459173	0.3015655766
0	0.0207349175	0.0481153371	0.0109337528	0.1523848534	0.4922345655	0.0002662615	0.1594180951	0.0534763983	0.0000352169	0.0624006020
0	0.0265644557	0.0539600382	0.0048027570	0.0222934192	0.0108219594	0.0297040602	0.4769419117	0.2017010789	0.0002965676	0.1729137520
0	0.1949201972	0.0163144760	0.4126403644	0.0000909795	0.0221731308	0.1330464612	0.0322321923	0.1882716794	0.0000405956	0.0002699237
0	0.0181887153	0.0822847302	0.6326027303	0.0221741351	0.0928207630	0.0284717277	0.0048864950	0.0236712739	0.0069023114	0.0879971181
0	0.0153907966	0.0211043155	0.2039164094	0.0006186407	0.0874627614	0.0764089737	0.1216066208	0.0391451625	0.0580640744	0.3762822451
0	0.0204185487	0.0703245947	0.0061365709	0.1600794411	0.4112596671	0.0203327511	0.0063584602	0.3002067064	0.0048826731	0.0000005866
0	0.0278877230	0.3569611311	0.0242047343	0.0049164120	0.0986427230	0.0816496555	0.0202686858	0.2472218037	0.0096666821	0.1285804493
1	0.0001141239	0.0067940167	0.2166289333	0.0000000000	0.0008620065	0.0013745205	0.0046772040	0.5809105427	0.0000001901	0.1886384624
0	0.0022552061	0.3239962753	0.0478063609	0.0684587408	0.0212363175	0.0622966120	0.1078461900	0.0067031859	0.3543388695	0.0050622420
1	0.0037163413	0.0162785086	0.5126946515	0.0000001159	0.0074393109	0.0010214125	0.0368240427	0.1437034114	0.0005128580	0.2778093473
0	0.0015791506	0.0068992226	0.0004996592	0.0512146940	0.1434073680	0.0092792238	0.0044442832	0.1718713751	0.0000001355	0.6108048880
1	0.0754978342	0.1352025200	0.1852674785	0.0184782418	0.0288925317	0.0038043134	0.0001459023	0.1819368336	0.2311314317	0.1396429129
0	0.2130682002	0.1180980191	0.0004189087	0.0031177415	0.1425878037	0.0000118444	0.0250535565	0.2810284184	0.2156456170	0.0009698905
0	0.1119711790	0.0739321077	0.0111068868	0.0267066559	0.0021225800	0.0753965038	0.5248414227	0.1246555608	0.0310600051	0.0182070982
0	0.1041372612	0.5530894241	0.1274124476	0.0024243003	0.0618598406	0.0054054980	0.0000074236	0.0276232861	0.1132604289	0.0047800896
0	0.0024284574	0.1847109274	0.1841383462	0.0011810315	0.0125407572	0.0062208427	0.0924191410	0.0171742548	0.4305980860	0.0685881558
1	0.0147720019	0.0000165075	0.7546967305	0.0000182611	0.0527611901	0.0000554859	0.0180752399	0.1505906854	0.0025716371	0.0064422606
0	0.0241823125	0.0018610947	0.0820145535	0.0430212373	0.0093353625	0.0436634704	0.2639379107	0.0793427465	0.0006548989	0.4519864129
1	0.0002657459	0.0000023902	0.3104828189	0.0001500441	0.1425070440	0.0099437724	0.1273872380	0.2946267607	0.0311585756	0.0834756105
0	0.0000000000	0.0204721592	0.0973881200	0.0044483194	0.0012285126	0.1934570540	0.0387368974	0.1722153755	0.4676328474	0.0044207146
0	0.0085498189	0.0684397299	0.0131896704	0.0624676258	0.0004000705	0.2905372429	0.0001681825	0.2296616396	0.0989847500	0.2276012696
0	0.1254978815	0.1031902807	0.3015670862	0.0096145898	0.0000062138	0.1572144004	0.0315617133	0.2474172880	0.0059486698	0.0179818765
1	0.0036884738	0.0003209476	0.4344687297	0.0208317459	0.0027805091	0.0027965537	0.0893967248	0.2011557056	0.0082947375	0.2362658724
0	0.1613936538	0.0425790684	0.2340338452	0.0419130867	0.0025537142	0.0037520705	0.0370503046	0.0739833549	0.0274291100	0.3753117916
0	0.1816015399	0.3348745207	0.0057771192	0.0924092148	0.1794980298	0.0079760253	0.0000819207	0.0027184279	0.1865344566	0.0085287453
0	0.0128684308	0.5757288700	0.0000467635	0.0000000000	0.0025614068	0.0063586805	0.1059574053	0.0220445567	0.0868088827	0.1876250037
0	0.0011343159	0.1812344043	0.0507734467	0.0008818206	0.0056003385	0.0649811317	0.0012113858	0.0062588156	0.1796079763	0.5083163647
0	0.0188053282	0.3411664246	0.1397267419	0.0000065744	0.0829952316	0.0977112156	0.1025937284	0.0323908130	0.1767129476	0.0078909948
0	0.4125443265	0.1127982039	0.0045834869	0.0010893306	0.0047007692	0.0007060906	0.0040340631	0.0087622162	0.0091310300	0.4416504829
1	0.0000000023	0.0004134591	0.1492267946	0.0150771177	0.0205163204	0.0018906665	0.0409830476	0.6094747712	0.0150763445	0.1473414763
0	0.0000134055	0.0648670654	0.2168691847	0.0000000000	0.3398829983	0.0015314872	0.0000253610	0.0336650938	0.1245363777	0.2186090265
0	0.0253102699	0.5299678332	0.0929092450	0.0018666624	0.0083374967	0.0000165872	0.0580005229	0.0452730066	0.1105512980	0.1277670780
0	0.0300593983	0.0069487195	0.0000017699	0.1498016800	0.0058863153	0.0176254832	0.5617071211	0.0607000221	0.1367833401	0.0304861505
2	0.0000485684	0.0023096273	0.8355334956	0.0001751009	0.0000000013	0.0000009020	0.0000254244	0.0149236247	0.0022112375	0.1447720180
0	0.0951601098	0.0005741198	0.6616872720	0.0111040805	0.1237259826	0.0059401820	0.0000029472	0.0182012912	0.0156149583	0.0679890566
1	0.0000584974	0.0003327804	0.0931896582	0.0000000000	0.0316062856	0.1178545550	0.0016714375	0.3771818873	0.0147144552	0.3633904434
0	0.0933548317	0.5689146460	0.0000000000	0.0103364265	0.0232948553	0.0000057594	0.0060714196	0.2402228629	0.0443648561	0.0134343426
0	0.0927327548	0.0488647715	0.2605760925	0.0172855067	0.0475727932	0.1806410153	0.0106311612	0.0382391181	0.1844773728	0.1189794139
0	0.0611878676	0.0142702768	0.0811159964	0.0040013711	0.0000003229	0.0254007044	0.0106303736	0.0448362763	0.1302807282	0.6282760828
0	0.3140970072	0.1815596722	0.1565638825	0.0000025532	0.0326930944	0.0001026987	0.0000000000	0.2844373598	0.0007402434	0.0298034887
0	0.1415054656	0.5088031846	0.0514911256	0.0498344252	0.0005322395	0.0296607530	0.1542753347	0.0567487491	0.0068788262	0.0002698963
1	0.0079180933	0.0115805936	0.5916790197	0.0259914157	0.0030674757	0.0000583054	0.1609806018	0.0314995610	0.0421416787	0.1250832552
0	0.0347589560	0.0000410363	0.0040235978	0.0000005752	0.0000188170	0.0042391178	0.0015150772	0.8165905165	0.0265183702	0.1122939360
0	0.8362456250	0.0086292795	0.0033664545	0.0033136010	0.0188605201	0.0002644803	0.0627918864	0.0611788709	0.0046724153	0.0006768670
0	0.0000119541	0.6975296963	0.0137487697	0.0194346421	0.0022642163	0.0000292120	0.0804295757	0.0864208784	0.0004225771	0.0997084783
0	0.1554590859	0.0287435956	0.6950086362	0.0002415278	0.0109884910	0.0160380555	0.0455513270	0.0153642073	0.0325945809	0.0000104929
0	0.0310306597	0.3399426111	0.3305299126	0.1048977836	0.0128585762	0.1300379234	0.0141061951	0.0170544399	0.0000022817	0.0195396167
0	0.0280009109	0.0422469218	0.0126631767	0.0118113872	0.0001366110	0.0000050599	0.0303773856	0.8301219458	0.0342990876	0.0103375135
0	0.0005647941	0.3298153900	0.1062074068	0.0244604287	0.3947135397	0.0022591600	0.0000207343	0.0349905032	0.0552891439	0.0516788992
0	0.0148173218	0.8614768449	0.1084866769	0.0083447104	0.0000022798	0.0000004352	0.0064507108	0.0002479527	0.0001730676	0.0000000000
1	0.0000000000	0.1465905869	0.7520174751	0.0015977902	0.0096565082	0.0148465965	0.0000000000	0.0281762851	0.0090647943	0.0380499637
0	0.0637203717	0.0026795053	0.3897233676	0.0914613830	0.0772218985	0.0062935756	0.0183883200	0.3391982767	0.0040203428	0.0072929588
0	0.2923215843	0.0611134773	0.0000000000	0.0015380431	0.0975242872	0.0000052272	0.2656625935	0.0722258935	0.2044410361	0.0051678578
0	0.0974639237	0.0539971356	0.5717255264	0.0028816690	0.1150825745	0.1113234106	0.0093271883	0.0001700095	0.0100431172	0.0279854452
0	0.0007205187	0.0553850594	0.0006551941	0.0110921376	0.0009299330	0.0111336111	0.0348992081	0.0695519206	0.3179812355	0.4976511820
0	0.0042267471	0.4396172945	0.0510721322	0.0014351284	0.0000356420	0.3195925947	0.0536918406	0.1100992813	0.0000003974	0.0202289418
0	0.0618586762	0.4224735813	0.0041910195	0.0576044786	0.0011748864	0.0057286194	0.1300080785	0.0905175447	0.2086594769	0.0177836386
0	0.0173710171	0.4442966021	0.0131273026	0.1550317923	0.2803035072	0.0358584873	0.0390851195	0.0149169037	0.0000092680	0.0000000000
0	0.0011280080	0.0331899271	0.4373155633	0.0000861970	0.0001373239	0.0238650479	0.1738992472	0.0800930776	0.0764715861	0.1738140219
0	0.1063271202	0.5906287325	0.0513340011	0.0000000000	0.0071976386	0.1648459851	0.0000000000	0.0386152684	0.0195145169	0.0215367373
1	0.0487310371	0.0483132305	0.2165480704	0.0000004216	0.0000000763	0.1080740964	0.0081722355	0.0097380181	0.2232688252	0.3371539890
0	0.0310808520	0.0056468707	0.0000000000	0.1301873679	0.1243529623	0.0066687015	0.0946152543	0.0029204629	0.5740126298	0.0305148987
0	0.0065858357	0.0445042240	0.0000002043	0.0226075460	0.3029549124	0.0846274204	0.0002422644	0.2501584846	0.2131096351	0.0752094732
1	0.0012064348	0.0000000015	0.6994299811	0.0000032698	0.0089169425	0.0000101752	0.0130414195	0.0013582654	0.0788218467	0.1972116635
1	0.0045311444	0.0000916706	0.1652411551	0.0001413616	0.0068056438	0.0035393946	0.0000000000	0.0383050533	0.0018652087	0.7794793679
0	0.0006814340	0.2684269021	0.5912393343	0.0494698800	0.0140597856	0.0128430967	0.0004668624	0.0010490656	0.0328063682	0.0289572710
0	0.0077439735	0.7666843171	0.1884097407	0.0037952809	0.0007280283	0.0010838503	0.0072801039	0.0037134401	0.0184278733	0.0021333919
1	0.0077944798	0.0340805022	0.6090826648	0.0370555014	0.0408135815	0.0000078910	0.0227180757	0.0481696629	0.0072174309	0.1930602098
0	0.0113814246	0.0367796415	0.0985510037	0.0000000305	0.3357963556	0.0040076390	0.2379744044	0.0000029685	0.0068037132	0.2687028190
0	0.0547552252	0.2926969389	0.1132998783	0.0029082206	0.0257472185	0.0197384413	0.2181276529	0.1364714249	0.0989343702	0.0373206291
0	0.0004795457	0.1712287424	0.0001640892	0.0000959849	0.0000039111	0.1738376028	0.0967648802	0.1525165583	0.1630649816	0.2418437036
0	0.0568855206	0.1792649959	0.2111588088	0.0002937852	0.0002423290	0.0024234891	0.3697136731	0.0037637456	0.1481930437	0.0280606092
