0	0.1606858796	0.0000003607	0.8353152475	0.0019486511	0.0020498610
0	0.0313086499	0.4455122194	0.2476021724	0.2699329393	0.0056440190
0	0.0336262085	0.7065081799	0.0192805163	0.2022995927	0.0382855026
0	0.0000438971	0.0314770539	0.0000000000	0.0183265702	0.9501524789
0	0.4884701300	0.0733465714	0.0001970730	0.1279935893	0.3099926363
0	0.4322786977	0.1053967226	0.2301773888	0.2321471909	0.0000000000
0	0.0002725414	0.9974198331	0.0000025261	0.0000114406	0.0022936588
2	0.0000000000	0.0002089577	0.4856361379	0.3638550087	0.1502998958
1	0.0413489821	0.0923229188	0.4231976628	0.2763903803	0.1667400560
0	0.3862862693	0.3287147435	0.2546037555	0.0292700858	0.0011251459
