1	0.0268632322	0.2948074913	0.0003079725	0.5990513988	0.0789699053
0	0.0198187932	0.7288676472	0.0058152796	0.0133797647	0.2321185153
0	0.0177913824	0.0099026613	0.0000000000	0.9296316368	0.0426743194
2	0.9490274583	0.0027786538	0.0197071979	0.0265890075	0.0018976825
0	0.0138922480	0.0420706570	0.0000040880	0.9440063347	0.0000266723
0	0.0001084327	0.8216638309	0.0028103856	0.0204235726	0.1549937782
0	0.7500395753	0.2204478141	0.0009278137	0.0000000000	0.0285847968
0	0.0046264667	0.0225224532	0.2292490662	0.6421320732	0.1014699407
0	0.1707880946	0.6201366461	0.1254960680	0.0105530677	0.0730261236
1	0.0346225474	0.5846206999	0.1919081765	0.0303529922	0.1584955840
