0	0.9640480829	0.0012154341	0.0089853532	0.0249447430	0.0008063868
0	0.8524727409	0.0849661260	0.0499907755	0.0008394927	0.0117308650
0	0.1133506711	0.3126563889	0.3449765790	0.0011632872	0.2278530738
2	0.0007170431	0.9457246401	0.0131610466	0.0004037539	0.0399935163
0	0.4832794393	0.1566117048	0.3103517949	0.0361546573	0.0136024038
1	0.0357808948	0.5134803362	0.0130495105	0.0008292532	0.4368600053
0	0.0000102490	0.0034656732	0.9879525739	0.0002016894	0.0083698144
0	0.8981238700	0.0000011033	0.0134257878	0.0095495213	0.0788997176
0	0.0340429220	0.9049311071	0.0058952831	0.0551163782	0.0000143096
0	0.1554490610	0.2669621288	0.2669642298	0.3103861839	0.0002383965
