0	0.0101577383	0.1780633415	0.2886665465	0.0091688396	0.5139435341
0	0.2857693568	0.3025543362	0.0259346247	0.3857416824	0.0000000000
1	0.1655934976	0.0998995534	0.0003583686	0.5831979503	0.1509506301
0	0.0355723834	0.2800827442	0.0001264413	0.1170992710	0.5671191601
2	0.0223228044	0.0244482905	0.9112970367	0.0414466685	0.0004852000
1	0.0168307283	0.0043080527	0.7340283747	0.0822474614	0.1625853829
1	0.0000277641	0.3501904625	0.2540247832	0.3957314995	0.0000254908
0	0.0005850605	0.1248524555	0.0643730565	0.7325149571	0.0776744703
0	0.0060069667	0.0282974711	0.0620505383	0.0000000000	0.9036450240
0	0.6395623076	0.1236483423	0.1144569581	0.1038095496	0.0185228424
