2	0.0431549291	0.0705092283	0.2917823309	0.3150497142	0.2795037975
0	0.5058458590	0.0592872604	0.1585510482	0.2152965023	0.0610193302
0	0.5075471699	0.0000000000	0.4470194441	0.0003667750	0.0450666110
0	0.0002399653	0.5038577304	0.2993082021	0.1392630532	0.0573310489
0	0.0084835544	0.0800979697	0.0000000000	0.0786759740	0.8327425019
0	0.6622681268	0.0761676462	0.0093226237	0.2276457528	0.0245958505
0	0.2526957722	0.1452134525	0.0111832765	0.0000707451	0.5908367537
0	0.0000000002	0.0000004169	0.0283445342	0.0279554125	0.9436996362
0	0.0005027461	0.0605072803	0.0005383745	0.9193181372	0.0191334618
1	0.0366770035	0.0266278180	0.0000187519	0.9090524941	0.0276239325
