1	0.0052259483	0.4053381478	0.0660382173	0.5172764691	0.0061212174
0	0.0149207134	0.1734288250	0.1340799571	0.0543868403	0.6231836641
1	0.0221366949	0.4073174901	0.0626841899	0.0399051842	0.4679564409
0	0.0207158253	0.6292060009	0.1839521975	0.1571084567	0.0090175196
0	0.0109480513	0.4455811521	0.1081162453	0.2044099196	0.2309446316
0	0.0828604041	0.7293450984	0.0001907650	0.0147809192	0.1728228134
0	0.0002189140	0.0588810250	0.0000000690	0.0021522302	0.9387477618
0	0.8993151816	0.0590568259	0.0248957951	0.0162164389	0.0005157585
2	0.0000340261	0.9074552425	0.0000029112	0.0559433106	0.0365645097
0	0.0530925082	0.1784977438	0.0216673754	0.7368825013	0.0098598713
