0	0.0283242129	0.9284667029	0.0000001875	0.0322478050	0.0109610915
0	0.0446354983	0.0629147336	0.3391024223	0.5353972016	0.0179501442
0	0.0072693451	0.8881373730	0.0126615481	0.0753006868	0.0166310469
2	0.0021188639	0.2752901199	0.5727768666	0.0904674386	0.0593467109
0	0.5057319495	0.1158974143	0.0850110737	0.0000580149	0.2933015476
1	0.0144502416	0.0032312531	0.0000000000	0.9761473822	0.0061711231
0	0.1191477140	0.2221908353	0.0000014016	0.6239792140	0.0346808351
0	0.0104916200	0.0000752571	0.8453519940	0.1370337774	0.0070473515
0	0.2715487215	0.0165654521	0.0248987377	0.6869870884	0.0000000002
0	0.1327949293	0.0397612263	0.0915167363	0.2727010124	0.4632260957
