1	0.0000000006	0.0158292067	0.0217014991	0.9161969996	0.0462722941
0	0.9257046308	0.0301526765	0.0441115686	0.0000214157	0.0000097084
0	0.1063319340	0.2458375719	0.0149721047	0.0805293265	0.5523290629
0	0.7631402250	0.0063983127	0.0114681842	0.1306356673	0.0883576109
2	0.0000000080	0.7345997524	0.1332202142	0.0477710597	0.0844089657
0	0.2432406732	0.1414865137	0.3914732207	0.0000007258	0.2237988666
1	0.0414468556	0.0016133019	0.0010725998	0.9096176591	0.0462495836
0	0.0000425180	0.0497020585	0.0538885273	0.1860187094	0.7103481869
0	0.0521492604	0.7167660028	0.0320001011	0.0000681338	0.1990165019
0	0.0806110575	0.7773438127	0.0309531203	0.0533845811	0.0577074285
