1	0.9725577353	0.0076217629	0.0000001942	0.0004907891	0.0193295185
0	0.0439697372	0.0744579091	0.0051350770	0.4560788942	0.4203583826
0	0.0000000006	0.0017028368	0.3325014868	0.3021629141	0.3636327617
0	0.7589443782	0.0260777205	0.0975206371	0.0685535146	0.0489037496
0	0.0368871673	0.1418117386	0.2615575774	0.2365949277	0.3231485891
2	0.0002539482	0.7188098102	0.0000000167	0.2472344859	0.0337017390
0	0.4284946962	0.0532586097	0.2194377193	0.2725215766	0.0262873983
0	0.4157805143	0.0057558325	0.0000428875	0.5184092182	0.0600115476
0	0.3401304548	0.1404877401	0.1509260283	0.1744045694	0.1940512075
0	0.0000000000	0.5833781001	0.0867398743	0.1779386831	0.1519433425
