1	0.1515086044	0.6207428050	0.0000061248	0.0176327965	0.2101096693
0	0.2780692997	0.3158817033	0.0051362987	0.3836730264	0.0172396718
0	0.4655326648	0.0000007075	0.2439363016	0.0276364254	0.2628939007
0	0.0010575752	0.3205391299	0.2217465052	0.1027655942	0.3538911956
0	0.1973974226	0.2511495994	0.1052773656	0.0267707905	0.4194048218
2	0.0000000105	0.0014953490	0.5338911893	0.3489958673	0.1156175839
0	0.6544322030	0.0962391785	0.0699724409	0.1762294556	0.0031267220
0	0.9317277240	0.0480829665	0.0172996864	0.0003770276	0.0025125955
0	0.0490388333	0.3860116889	0.0371421209	0.5277762028	0.0000311540
0	0.0101698916	0.0001077176	0.0749363450	0.4096202624	0.5051657835
