0	0.2567680011	0.2660092062	0.0211079014	0.4536086793	0.0025062120
0	0.0010372780	0.3722767197	0.1140338948	0.5126502859	0.0000018215
0	0.1218115914	0.7399580034	0.1364103187	0.0003167856	0.0015033008
1	0.0447601722	0.7615042661	0.0885268466	0.0083650633	0.0968436518
0	0.9252387140	0.0015162780	0.0001684230	0.0671661728	0.0059104122
2	0.0612354163	0.0178870823	0.0603607375	0.8559160679	0.0046006959
0	0.4707361835	0.4983203093	0.0069136544	0.0000670037	0.0239628491
1	0.0000046441	0.0774826400	0.0000000000	0.0290891266	0.8934235893
1	0.0757103559	0.6768676843	0.0233103824	0.0470434923	0.1770680852
0	0.0445999465	0.0551517402	0.0057130097	0.8773928168	0.0171424868
