0	0.3837956071	0.3497362356	0.2664681573
0	0.7805534536	0.1752466557	0.0441998908
0	0.9999996790	0.0000000000	0.0000003210
0	0.9056990749	0.0640939446	0.0302069805
0	0.0000609577	0.9999390423	0.0000000000
0	0.1635583134	0.8364186162	0.0000230705
0	0.2974164903	0.7009003754	0.0016831343
1	0.6029521922	0.1360803390	0.2609674687
0	0.3587383581	0.6393504645	0.0019111775
0	0.9999998068	0.0000001639	0.0000000293
1	0.9483294610	0.0138145661	0.0378559729
0	0.6447633732	0.3552366204	0.0000000064
0	0.9999625241	0.0000309791	0.0000064969
0	0.2088098931	0.7243575891	0.0668325179
1	0.1784277791	0.5229831198	0.2985891011
0	0.3645912067	0.0431381450	0.5922706484
0	0.7307917451	0.2349729629	0.0342352920
0	0.6821851760	0.3177699145	0.0000449095
0	0.0693939945	0.9076903381	0.0229156674
0	0.3833109344	0.6166890656	0.0000000000
0	0.7767322389	0.2232652340	0.0000025271
0	0.6639079376	0.3360920624	0.0000000000
1	0.1750976262	0.0000000000	0.8249023738
0	0.1970877459	0.0000000005	0.8029122535
1	0.0600009760	0.5794378266	0.3605611974
0	0.9255820982	0.0000000000	0.0744179017
0	0.5981402524	0.0404559875	0.3614037601
1	0.9744320262	0.0076806557	0.0178873182
0	0.1267376503	0.0000000000	0.8732623497
0	0.9941785492	0.0058214508	0.0000000000
0	0.7840768365	0.0000000000	0.2159231635
0	0.8942693830	0.0000000411	0.1057305759
0	0.3819151961	0.6168567279	0.0012280760
0	0.9997319863	0.0000453175	0.0002226962
0	0.1163081442	0.8836915244	0.0000003314
0	0.5837728982	0.3910098938	0.0252172080
0	0.9242056736	0.0757943251	0.0000000014
0	1.0000000000	0.0000000000	0.0000000000
1	0.4098541321	0.5760341160	0.0141117519
1	0.0117496171	0.9732549583	0.0149954246
0	0.0638536323	0.2933968205	0.6427495472
0	0.9912540552	0.0000000000	0.0087459448
1	0.6677690720	0.0000345454	0.3321963826
0	0.6070187991	0.0000107576	0.3929704432
0	0.9492399399	0.0046315858	0.0461284743
0	0.6157639495	0.0000002404	0.3842358102
0	0.9856092430	0.0055330962	0.0088576608
0	0.5396541170	0.4382556153	0.0220902677
0	0.1135910125	0.8821207237	0.0042882638
0	0.7135438926	0.2836278617	0.0028282457
0	0.0305153806	0.9684184913	0.0010661280
0	0.0000394262	0.0522838129	0.9476767609
0	0.9107861058	0.0063830590	0.0828308352
0	0.3592010916	0.6396038803	0.0011950280
0	0.0825009195	0.9002856716	0.0172134090
0	0.9923400662	0.0065041657	0.0011557680
0	0.4902574910	0.0915445943	0.4181979147
0	0.0048891252	0.9945450505	0.0005658243
0	0.9423022764	0.0576900123	0.0000077113
0	0.5074810977	0.0133470151	0.4791718872
2	0.1037173144	0.8884593340	0.0078233516
0	0.1277656299	0.5953572164	0.2768771537
0	0.7612670613	0.0327929612	0.2059399775
0	0.4020698101	0.1134787534	0.4844514365
0	0.8988507517	0.0000007775	0.1011484708
0	0.0063642329	0.9916230716	0.0020126956
0	0.0001379810	0.7919454653	0.2079165537
0	0.0000000004	0.0000003696	0.9999996300
0	0.8690012778	0.1305631071	0.0004356150
0	0.5544230933	0.0837541721	0.3618227347
0	0.9620761445	0.0000027635	0.0379210920
0	0.9019916048	0.0046089587	0.0933994365
0	0.0636775290	0.8302294545	0.1060930165
1	0.0611204581	0.0000000159	0.9388795259
0	0.5822094267	0.4101379925	0.0076525808
0	0.7325998132	0.0738460059	0.1935541810
2	0.6539496867	0.0000222265	0.3460280868
1	0.2489298840	0.7510586857	0.0000114304
0	0.2068716602	0.7924404769	0.0006878629
0	0.5226518661	0.4773481339	0.0000000000
0	0.9693603937	0.0100006379	0.0206389684
0	0.9848885190	0.0000000000	0.0151114809
0	0.0157159032	0.1159655865	0.8683185104
0	0.4350883877	0.5648915016	0.0000201107
0	0.0625431975	0.8205475138	0.1169092887
0	0.7721596807	0.0212900579	0.2065502614
1	0.6927565650	0.2613673151	0.0458761199
0	0.6355992016	0.0367704456	0.3276303528
1	0.2697422865	0.6735114872	0.0567462263
0	0.8371858112	0.1295141017	0.0333000871
0	0.0000004379	0.0419581620	0.9580414001
0	0.2352890123	0.0284003549	0.7363106327
0	0.5903942546	0.4091257565	0.0004799889
0	0.9052766848	0.0184097781	0.0763135370
0	0.6196813422	0.2808195631	0.0994990947
0	0.0224802215	0.9775197785	0.0000000000
1	0.3655643681	0.5857415200	0.0486941119
0	0.6095231928	0.3736821054	0.0167947018
0	0.0000240704	0.3511952938	0.6487806358
0	0.0101720437	0.0000026912	0.9898252651
