0	0.9497737260	0.0502262738	0.0000000001
0	0.0486265681	0.9513734319	0.0000000000
0	0.4423317373	0.0002707700	0.5573974926
0	0.4373551761	0.4509483107	0.1116965131
0	0.5390759499	0.0023899214	0.4585341287
0	0.0000000000	0.0862711579	0.9137288421
0	0.0573641491	0.0000075034	0.9426283475
1	0.0000229442	0.0033013680	0.9966756879
1	0.0432020166	0.1559825692	0.8008154142
0	0.0976834999	0.0592538659	0.8430626343
1	0.4795716108	0.4698071868	0.0506212024
0	0.2744245923	0.7255079594	0.0000674483
0	0.0940777997	0.1051589349	0.8007632654
0	0.2796868475	0.3559544637	0.3643586889
0	0.0010235198	0.0411773874	0.9577990928
0	0.0099177318	0.1434811675	0.8466011008
0	0.4018856621	0.0474882108	0.5506261271
0	0.0335973875	0.9142864371	0.0521161754
0	0.5351652806	0.0798281242	0.3850065952
0	0.9325161403	0.0487996830	0.0186841767
0	0.3849303142	0.6108958863	0.0041737995
0	0.0002107065	0.0550334016	0.9447558919
0	0.0445402489	0.1244197836	0.8310399675
1	0.2848366222	0.0572696583	0.6578937195
0	0.0036255928	0.9671491653	0.0292252419
0	0.2422119785	0.0000015356	0.7577864859
0	0.0000477431	0.4816373699	0.5183148870
0	0.2178446477	0.7674193310	0.0147360213
1	0.7713268463	0.0000119730	0.2286611807
0	0.0064436243	0.2259334637	0.7676229120
0	0.0908594306	0.6328897533	0.2762508161
0	0.0334060806	0.0268940598	0.9396998597
0	0.0187026092	0.0095858855	0.9717115054
0	0.4971422570	0.0283163793	0.4745413637
1	0.2950810231	0.0000230386	0.7048959383
0	0.0000011710	0.1734022531	0.8265965759
0	0.0000000000	0.9772942533	0.0227057466
0	0.0918773516	0.8131519702	0.0949706782
1	0.0011990016	0.0002790678	0.9985219305
0	0.2347656861	0.4663110792	0.2989232347
0	0.0000211799	0.0485141983	0.9514646219
0	0.0001369514	0.5032287906	0.4966342580
0	0.0124685735	0.1893328130	0.7981986135
0	0.0128344390	0.8624639135	0.1247016476
0	0.0761085494	0.2369406017	0.6869508489
2	0.9817434394	0.0182565606	0.0000000000
0	0.3259298410	0.4657419604	0.2083281986
0	0.6133733685	0.0093549465	0.3772716851
1	0.7835952973	0.1889372981	0.0274674046
0	0.6227834245	0.0000000000	0.3772165755
0	0.3549123130	0.6438617710	0.0012259160
1	0.6674483780	0.3316828877	0.0008687343
0	0.8571644610	0.0673935279	0.0754420111
0	0.0025649678	0.0211309286	0.9763041035
0	0.0000193935	0.9292703979	0.0707102086
0	0.0000027768	0.4024212868	0.5975759364
0	0.6001094252	0.2738199243	0.1260706506
0	0.2364668400	0.1172049059	0.6463282541
0	0.9743169482	0.0256830149	0.0000000369
0	0.2088441136	0.3468201965	0.4443356900
0	0.9926852701	0.0035616284	0.0037531015
0	0.0065263522	0.0273285194	0.9661451284
0	0.8825487184	0.0401459665	0.0773053151
0	0.2714150317	0.1502010542	0.5783839141
0	0.0590173549	0.0318276915	0.9091549536
0	0.0978135233	0.8641091335	0.0380773433
0	0.5544947710	0.4455052101	0.0000000189
0	0.0361125347	0.0054580753	0.9584293899
1	0.0199552112	0.9800447888	0.0000000000
0	0.1921915912	0.0151780978	0.7926303109
1	0.8678057155	0.0000000086	0.1321942759
0	0.2894253021	0.4275878780	0.2829868199
0	0.4925099016	0.0474493929	0.4600407055
0	0.0311319224	0.0020070004	0.9668610773
0	0.1160189728	0.0000000000	0.8839810272
0	0.0005602940	0.9269896817	0.0724500242
0	0.0000034680	0.1591212268	0.8408753052
0	0.0000049554	0.2116219734	0.7883730711
0	0.1913820644	0.0000170456	0.8086008900
0	0.9378626641	0.0146806278	0.0474567081
0	0.3223131534	0.1825785935	0.4951082531
0	0.9713023458	0.0282554247	0.0004422295
0	0.3868668342	0.2839868757	0.3291462901
1	0.7248911686	0.2751088314	0.0000000000
0	0.5998193675	0.0000000021	0.4001806304
0	0.3009833645	0.0005327556	0.6984838800
0	0.2822966230	0.0224394512	0.6952639258
0	0.0099546927	0.0266919464	0.9633533609
0	0.0000000244	0.6693795063	0.3306204693
0	0.7987042255	0.0006706420	0.2006251325
0	0.6887451104	0.0425691825	0.2686857071
0	0.0005949263	0.0000000081	0.9994050656
0	0.3992583462	0.4366912346	0.1640504192
0	0.9804380892	0.0126373455	0.0069245653
0	0.0057800492	0.0038713303	0.9903486206
0	0.8957308434	0.0020649011	0.1022042555
0	0.6105603449	0.0200556666	0.3693839886
0	0.6692547964	0.2321838105	0.0985613930
0	0.0088817470	0.9562493542	0.0348688988
0	0.0014934910	0.8034176319	0.1950888770
