0	0.0362187666	0.5936455318	0.0054597680	0.0000445717	0.3646313618
1	0.4402151320	0.0197336902	0.0030825667	0.3941247665	0.1428438446
0	0.4728218347	0.1021393944	0.0748441702	0.0550588725	0.2951357281
0	0.0000037007	0.9204419723	0.0039965871	0.0754330955	0.0001246444
0	0.0923038191	0.0127315402	0.2121247630	0.5988331308	0.0840067470
0	0.0000526218	0.1201435005	0.3370217248	0.2601381150	0.2826440379
1	0.1304397450	0.4209316208	0.3320185954	0.0581529864	0.0584570524
0	0.1629055174	0.0000033577	0.2713945717	0.4097697478	0.1559268053
0	0.0201607438	0.0000003424	0.2310812519	0.0820834331	0.6666742288
0	0.0229728129	0.1072341172	0.0005082474	0.3297784207	0.5395064018
0	0.0148404545	0.2405502238	0.0001337875	0.2687291910	0.4757463431
1	0.0085092573	0.3387255733	0.0011509323	0.6516142371	0.0000000000
1	0.3615686817	0.0504611699	0.0982585012	0.0609929697	0.4287186776
0	0.0811671299	0.1054386238	0.1151319863	0.4079220235	0.2903402365
0	0.1460842648	0.7146824201	0.0000000000	0.1192278479	0.0200054673
0	0.0175380316	0.0177486814	0.2756481167	0.0187119743	0.6703531961
1	0.2596316306	0.0716127799	0.1069245401	0.5617864063	0.0000446431
0	0.0552248846	0.4843651920	0.4468920888	0.0041561690	0.0093616656
0	0.0561014506	0.1165263396	0.7048724082	0.0908827211	0.0316170805
1	0.1941791773	0.0035589091	0.4226210139	0.3730627030	0.0065781967
0	0.1202905412	0.0066618251	0.2850777317	0.0193448534	0.5686250487
0	0.0177965764	0.1162746752	0.1391607668	0.0303820935	0.6963858881
2	0.0166211249	0.6446755444	0.0208530751	0.0364568865	0.2813933690
0	0.0028734470	0.0862774471	0.3317861074	0.5323892885	0.0466737101
0	0.0009799092	0.4331047605	0.5192450692	0.0000000000	0.0466702610
0	0.2920732969	0.0777600255	0.5643568342	0.0108504192	0.0549594242
0	0.0210961042	0.0553242161	0.3206451705	0.6029232547	0.0000112544
0	0.2652846497	0.3681372939	0.2889034424	0.0082846202	0.0693899937
0	0.8456642063	0.0123113721	0.0786621908	0.0097112996	0.0536509312
0	0.1777747036	0.1941880692	0.2870007813	0.0480992595	0.2929371864
1	0.3658713336	0.1370585248	0.1242426783	0.0024311012	0.3703963622
0	0.2471025927	0.0489216248	0.0782352378	0.0419431346	0.5837974101
2	0.6641217831	0.0037133185	0.0626692973	0.2681089785	0.0013866227
0	0.0504421367	0.0000000000	0.0129431378	0.8865041448	0.0501105807
0	0.7936610574	0.0367092440	0.0003976187	0.1677167047	0.0015153753
0	0.0052997748	0.1160913443	0.0127330156	0.8655024245	0.0003734408
1	0.0001765482	0.1919222219	0.1988578186	0.0125909488	0.5964524625
1	0.0178484785	0.0463686049	0.2069278083	0.1739183270	0.5549367812
0	0.0106789347	0.9633192102	0.0258520564	0.0001319035	0.0000178952
1	0.7440438606	0.0324153362	0.0849490545	0.0754768456	0.0631149031
0	0.0019501334	0.6654495143	0.1295538899	0.0956036198	0.1074428426
0	0.0106179041	0.1076864722	0.2701352310	0.3776135706	0.2339468220
0	0.0000619488	0.0000158087	0.0000049083	0.9999104487	0.0000068855
0	0.2582143917	0.2310282914	0.0535550835	0.0000014835	0.4572007498
0	0.0036897176	0.3671007821	0.1079587967	0.2687019040	0.2525487996
0	0.0997774533	0.0363182209	0.7256801700	0.0586707795	0.0795533763
1	0.1199896045	0.0841655867	0.7150378331	0.0004620503	0.0803449255
0	0.3357014458	0.2127185840	0.1221598616	0.3294177397	0.0000023689
1	0.5912060762	0.1373765208	0.0297616397	0.2416553221	0.0000004412
0	0.1506458291	0.1735252765	0.0379179686	0.6379107439	0.0000001819
0	0.0625955187	0.8552999268	0.0804191773	0.0005400594	0.0011453179
0	0.0777165535	0.0005072487	0.7817292881	0.0001266940	0.1399202157
1	0.0111663441	0.0011936910	0.5441043194	0.4071492417	0.0363864039
1	0.0038183458	0.0449647417	0.6822007393	0.1371965663	0.1318196069
0	0.0965124056	0.3323669668	0.2669899497	0.0006573788	0.3034732990
0	0.2295652449	0.1683208855	0.0388752389	0.0714970330	0.4917415976
0	0.0173034129	0.0381490637	0.3051718282	0.6025682308	0.0368074644
0	0.0660773204	0.0375942676	0.8030814240	0.0007583167	0.0924886713
1	0.0097031587	0.1326008045	0.0324493020	0.5373994054	0.2878473294
1	0.0375327172	0.7237954133	0.1786055734	0.0118244529	0.0482418433
0	0.1877151996	0.0094090967	0.2945711159	0.2205964908	0.2877080970
0	0.0158419368	0.0031340175	0.0706912227	0.8809595042	0.0293733188
0	0.0023722432	0.0385971881	0.0000218826	0.0246645820	0.9343441040
0	0.5628621585	0.0918763488	0.0051350611	0.1025248028	0.2376016289
0	0.0025418836	0.0000000118	0.2042476975	0.4821457378	0.3110646693
0	0.8642239800	0.1240996962	0.0002428039	0.0000000251	0.0114334950
1	0.0000000000	0.0011589103	0.0896679304	0.9042139053	0.0049592540
0	0.9589504512	0.0081091810	0.0329389889	0.0000013783	0.0000000006
0	0.2291521725	0.0003214496	0.0874298106	0.0876020868	0.5954944805
0	0.2215920560	0.4058582522	0.2043195004	0.0304172772	0.1378129142
0	0.4280927671	0.0342091036	0.2649351643	0.0633003367	0.2094626283
1	0.0390466638	0.0072763180	0.0418134254	0.0629777567	0.8488858361
0	0.0142501291	0.3643683512	0.3046548368	0.3167038815	0.0000228015
0	0.3649223403	0.3461685352	0.0000000078	0.2105461661	0.0783629507
0	0.0168471867	0.0440366027	0.0000000000	0.5756337399	0.3634824706
0	0.0001841579	0.4337437910	0.1091225928	0.4307416668	0.0262077914
0	0.0000000099	0.8014635372	0.1341973015	0.0000007432	0.0643384083
0	0.4400726052	0.2454116495	0.2721363930	0.0152385395	0.0271408128
0	0.2096181013	0.2129162984	0.2196125296	0.3577856229	0.0000674478
1	0.3478020708	0.0358510921	0.3035002925	0.0610795209	0.2517670236
0	0.0284462474	0.4000801715	0.0037604576	0.0674429596	0.5002701639
0	0.0101084230	0.0212014426	0.9617589290	0.0065375264	0.0003936791
0	0.8477009467	0.0003745589	0.0000000013	0.1340992088	0.0178252842
0	0.0116521718	0.7600851484	0.0174158183	0.1064941397	0.1043527219
0	0.0754845019	0.0141085361	0.0000000000	0.9103868184	0.0000201436
0	0.1535508900	0.1234398396	0.1529657251	0.5120783993	0.0579651460
0	0.0259856323	0.4584000803	0.1251497195	0.0000000005	0.3904645673
0	0.0034758117	0.0717715609	0.1963186641	0.7259832905	0.0024506729
0	0.1328124150	0.3454757370	0.0802891013	0.0000000026	0.4414227441
0	0.0304834642	0.8154232285	0.0712699261	0.0828224152	0.0000009661
0	0.1779757928	0.2991122922	0.2906683510	0.1143794975	0.1178640666
0	0.0199917693	0.5048347334	0.3314652991	0.0352351400	0.1084730583
0	0.5107476570	0.0789808395	0.2475300691	0.0129884891	0.1497529453
1	0.0801544828	0.3800958948	0.0063131588	0.2672580397	0.2661784238
0	0.6661257727	0.0865206631	0.1723844653	0.0001671408	0.0748019581
0	0.1224755142	0.0000000000	0.6412309467	0.0050301245	0.2312634147
1	0.1759520811	0.0253259585	0.1428685029	0.4920145756	0.1638388820
0	0.9843873195	0.0077316761	0.0000315235	0.0000198358	0.0078296451
0	0.0073692049	0.0000000001	0.0178639309	0.0000759944	0.9746908698
0	0.1977235455	0.0099010094	0.4262469004	0.3661224527	0.0000060920
