0	0.0281998260	0.3297624770	0.0000000000	0.0627660625	0.5792716345
0	0.0280829590	0.0588488370	0.2389911136	0.0030915375	0.6709855528
0	0.0000000002	0.5697372551	0.0003736654	0.2549534451	0.1749356342
1	0.1095064741	0.6983702345	0.0578300044	0.1342669892	0.0000262979
1	0.0857941843	0.2041265937	0.0066599772	0.2747762295	0.4286430152
0	0.1912272269	0.0065776088	0.5892965028	0.0338689301	0.1790297313
0	0.0000081395	0.0298058896	0.8799562489	0.0126419222	0.0775877999
1	0.1217067131	0.0780763080	0.1128876028	0.0028516118	0.6844777643
1	0.5119738227	0.0000000000	0.0233517133	0.4646744342	0.0000000298
0	0.0310596391	0.2322058998	0.3150755529	0.3992962671	0.0223626411
1	0.0000226499	0.0121996032	0.6040936691	0.2036807650	0.1800033128
0	0.0003600140	0.0000000002	0.0298258832	0.9516462354	0.0181678673
0	0.0578928378	0.4902635162	0.0629789892	0.1884883787	0.2003762781
0	0.0000346330	0.6185841494	0.3257763389	0.0305141533	0.0250907254
0	0.0577577914	0.0179711399	0.0000000010	0.4555192252	0.4687518425
0	0.1107390179	0.5663989902	0.0010234803	0.1680986635	0.1537398481
0	0.6672754317	0.1428228720	0.1704979314	0.0074655201	0.0119382447
0	0.2528214460	0.0734485678	0.2034351805	0.3045455405	0.1657492651
0	0.0000000000	0.7724595398	0.0000008338	0.0969455457	0.1305940807
0	0.2711905895	0.0000227661	0.3522739000	0.0000000000	0.3765127444
0	0.1510518866	0.0000039808	0.7163248460	0.0813896438	0.0512296427
0	0.0698498132	0.0207472291	0.0000000000	0.0211605501	0.8882424076
0	0.1613258445	0.2348592331	0.0016874921	0.3199492348	0.2821781955
0	0.6331069685	0.3627022349	0.0000745285	0.0002669252	0.0038493429
0	0.2399071080	0.1334847663	0.4056813887	0.1879462294	0.0329805076
0	0.2139783367	0.0532753560	0.4008034667	0.3261216487	0.0058211918
0	0.6039234032	0.0000013340	0.3580951869	0.0379800628	0.0000000131
0	0.0453073223	0.2262847440	0.6783386613	0.0056508843	0.0444183882
1	0.0230015048	0.2589701212	0.2763741252	0.0700402172	0.3716140316
0	0.0000000000	0.0767986315	0.8838647377	0.0277686359	0.0115679949
0	0.0195138239	0.0961752343	0.1965184048	0.6767733648	0.0110191721
0	0.9288217273	0.0008587581	0.0349066707	0.0144119811	0.0210008628
0	0.0000000001	0.0014044369	0.9721373825	0.0000924593	0.0263657211
0	0.0000559511	0.1285986017	0.2653854908	0.0896484190	0.5163115373
0	0.0108176576	0.1674890081	0.1492237693	0.1141136116	0.5583559534
0	0.0001564265	0.0002554140	0.8735364332	0.1258726742	0.0001790520
0	0.6990037811	0.0564814653	0.0385704228	0.0472561474	0.1586881834
1	0.6116840042	0.3735483235	0.0000000000	0.0017261202	0.0130415521
2	0.7317641104	0.0035281133	0.0720874463	0.1862881369	0.0063321932
0	0.1427706694	0.0605761809	0.0439135125	0.6349357306	0.1178039065
0	0.1159237463	0.2832780670	0.0684584884	0.3249337024	0.2074059959
0	0.2168608569	0.0144709439	0.3433595129	0.0009592232	0.4243494631
1	0.3503966594	0.2467482094	0.3985193186	0.0043358125	0.0000000000
1	0.1282449518	0.0468858630	0.0852837193	0.4968862298	0.2426992361
0	0.1511754572	0.0846326369	0.7392542608	0.0000000000	0.0249376451
0	0.0026788639	0.0047739518	0.0230882673	0.9578236339	0.0116352831
0	0.0000019363	0.4967009843	0.1022705678	0.0000000000	0.4010265116
0	0.0000144235	0.0179873838	0.0000000000	0.9819981927	0.0000000000
1	0.9609964754	0.0061934620	0.0000091067	0.0327969772	0.0000039787
1	0.1075837054	0.0145321169	0.0000000000	0.8778841777	0.0000000000
1	0.1797283676	0.0001370007	0.0000000000	0.2631795069	0.5569551249
0	0.4113674958	0.0801381284	0.0054797782	0.5013641871	0.0016504105
0	0.2968918169	0.2999547485	0.0353104826	0.0005916671	0.3672512849
0	0.0369407366	0.1428145713	0.0049721781	0.5307422266	0.2845302875
0	0.0145255510	0.5347705613	0.1540529170	0.0380638880	0.2585870827
0	0.0001356722	0.6334946848	0.0000000003	0.3661446736	0.0002249692
0	0.1862967004	0.7130802741	0.0543411322	0.0084886832	0.0377932101
0	0.0000001545	0.0000000002	0.3392475464	0.0610771526	0.5996751463
0	0.4858360717	0.0593091065	0.3968935323	0.0315578668	0.0264034226
0	0.8690913765	0.0725315907	0.0140759202	0.0006948686	0.0436062440
0	0.5103846389	0.1141527732	0.1361165968	0.1802263151	0.0591196759
0	0.0020630161	0.6696767736	0.3282036780	0.0000059471	0.0000505852
1	0.1323295255	0.8588974712	0.0000000000	0.0037535091	0.0050194942
0	0.7263644398	0.1898422432	0.0035073277	0.0357239650	0.0445620243
0	0.0010633703	0.0659416934	0.0187514361	0.6885673373	0.2256761630
0	0.7817512916	0.0000000000	0.1147802752	0.1034191140	0.0000493193
0	0.0000070662	0.0000000435	0.3477223250	0.2779402338	0.3743303314
1	0.0061290397	0.4909680749	0.0146833778	0.1016518917	0.3865676160
0	0.9987282568	0.0000007357	0.0000475701	0.0000000002	0.0012234372
0	0.1521554545	0.2505478029	0.3882138076	0.0000008182	0.2090821169
2	0.0576174613	0.0006622301	0.0000000000	0.6911643809	0.2505559277
0	0.0027792831	0.8884678634	0.0008787258	0.1078384394	0.0000356884
0	0.4148790581	0.1377144773	0.0030866133	0.0000000000	0.4443198514
1	0.1196650573	0.2030306077	0.1419831667	0.5353201854	0.0000009829
1	0.0000000004	0.7936745027	0.0252542621	0.0468909440	0.1341802908
0	0.0342724952	0.0001485919	0.1190531885	0.1225020759	0.7240236485
0	0.1879009946	0.7300087778	0.0317089919	0.0483031312	0.0020781046
0	0.7959203068	0.1361919013	0.0648652161	0.0001092749	0.0029133009
0	0.0625287832	0.2980953837	0.1471232493	0.4883877081	0.0038648758
0	0.0002488278	0.0000727020	0.0110420718	0.9881757284	0.0004606700
0	0.4056880520	0.5572386240	0.0262954590	0.0022069931	0.0085708719
0	0.1974493058	0.0043280088	0.1196771038	0.2618277092	0.4167178724
1	0.4950769357	0.0000080806	0.0028447510	0.4737571706	0.0283130621
0	0.8501386424	0.0000268115	0.1498213435	0.0000000000	0.0000132026
0	0.2135420284	0.0595376446	0.1060007205	0.0000000000	0.6209196065
0	0.0018079212	0.3390384751	0.0188848479	0.6394469115	0.0008218444
0	0.1266973914	0.0181316395	0.7109639394	0.0083115916	0.1358954382
0	0.1046180038	0.0100112974	0.1050210314	0.0066903496	0.7736593178
0	0.2736404364	0.0130780759	0.0000000000	0.3102590889	0.4030223988
0	0.3151103490	0.0000000013	0.4308708902	0.2282195411	0.0257992184
0	0.0571992436	0.4237467117	0.1478700954	0.0949888134	0.2761951360
0	0.1622439314	0.0888765110	0.0149749450	0.6048387497	0.1290658630
1	0.6989607185	0.0276624760	0.0628667058	0.2105100997	0.0000000000
0	0.8002595766	0.0887433428	0.0094126966	0.0799983886	0.0215859955
0	0.0076906017	0.1119465817	0.0814556270	0.7805269135	0.0183802762
1	0.0000005844	0.2851146059	0.7146711272	0.0002136824	0.0000000002
0	0.5347319816	0.0044085400	0.0000000000	0.4228921520	0.0379673264
0	0.0000086939	0.3780563493	0.3884052935	0.0101079585	0.2234217048
0	0.0028117775	0.0116996394	0.8180213329	0.0896725726	0.0777946776
0	0.2830035142	0.0000000027	0.0001074022	0.0001471047	0.7167419763
