0	0.0905641819	0.1058248282	0.5676271178	0.2304166856	0.0055671865
0	0.0000217837	0.4864478432	0.3594959175	0.0000000028	0.1540344528
0	0.0000071203	0.0488584506	0.0507541001	0.5884556086	0.3119247203
0	0.3066112855	0.0595129564	0.0220629039	0.0976450352	0.5141678189
1	0.3288908041	0.5807538209	0.0019862259	0.0044366320	0.0839325171
1	0.0877141174	0.0358474574	0.0003605970	0.0000002836	0.8760775445
0	0.2212254137	0.1764656739	0.5974568945	0.0000000374	0.0048519805
0	0.8775201268	0.0513541970	0.0615247299	0.0000034265	0.0095975199
0	0.0268677738	0.2784194555	0.2804821368	0.2442589170	0.1699717169
0	0.0419895883	0.5174334293	0.1726455721	0.2678269513	0.0001044591
0	0.0063165171	0.0035000296	0.1839082566	0.7684135990	0.0378615976
1	0.0749171164	0.0000000000	0.0051312700	0.7802165930	0.1397350205
0	0.0022923288	0.0318422940	0.1175527785	0.8483124430	0.0000001556
0	0.2791573743	0.0641474266	0.0024601787	0.0835303705	0.5707046499
1	0.1712403741	0.0196946606	0.2460982472	0.0067421308	0.5562245873
0	0.0843992358	0.6533647160	0.0143961610	0.2406910507	0.0071488365
0	0.1802123354	0.0614670952	0.5465988501	0.2111853105	0.0005364087
0	0.1804426749	0.0013524427	0.4139664782	0.2822020365	0.1220363677
0	0.3511944999	0.0020541260	0.0008583823	0.4347427116	0.2111502801
0	0.5546021826	0.0732878921	0.2384099788	0.1334311317	0.0002688148
0	0.0000000333	0.5592162195	0.4382713056	0.0025124416	0.0000000000
0	0.0042660001	0.0331053660	0.9327897518	0.0274108198	0.0024280624
0	0.0144020211	0.0000000010	0.6548574267	0.1749775293	0.1557630220
0	0.1415602690	0.5435656964	0.0003400930	0.0000010308	0.3145329108
0	0.0000000000	0.8012442267	0.0243494787	0.1539487225	0.0204575721
0	0.0004551799	0.0620660818	0.0102817110	0.9248206685	0.0023763588
0	0.6076648439	0.0057539879	0.2331088386	0.1077709738	0.0457013558
0	0.0000375172	0.0081891450	0.9887442852	0.0012919165	0.0017371361
1	0.1197400992	0.0129689066	0.7207672042	0.0734225529	0.0731012371
0	0.0001904311	0.0000465034	0.0007779767	0.9971878264	0.0017972624
1	0.0665344702	0.2414947903	0.0671111193	0.6248596203	0.0000000000
0	0.0278518709	0.4645776266	0.0195542905	0.0000001183	0.4880160937
0	0.3448399449	0.0592866301	0.2044331161	0.3910925650	0.0003477438
0	0.0693702979	0.1959040901	0.5071121261	0.1034399671	0.1241735188
1	0.0000001111	0.0685241703	0.2027997357	0.0001002620	0.7285757209
1	0.4433160692	0.1051468173	0.0201592086	0.4313779045	0.0000000004
0	0.0000103566	0.0319734328	0.0000540578	0.9582151166	0.0097470362
0	0.1472928490	0.0002520180	0.0000212620	0.0158256854	0.8366081857
0	0.1394532137	0.4707151129	0.0346284720	0.2997609292	0.0554422723
1	0.0000000000	0.1200860162	0.0076801071	0.2197809052	0.6524529714
0	0.0590381296	0.0447193366	0.7300909922	0.1098950271	0.0562565145
0	0.0000835935	0.1124624328	0.5264145928	0.0061836838	0.3548556971
0	0.3685956649	0.2355752980	0.0000000000	0.3951968016	0.0006322354
1	0.0364053391	0.0015654521	0.5773544494	0.3432827746	0.0413919848
0	0.3100477872	0.2128435361	0.1951047380	0.1939030249	0.0881009138
0	0.1414282724	0.0000048376	0.0766391064	0.1576608723	0.6242669112
0	0.2468676536	0.0000007218	0.4554035705	0.0044916168	0.2932364373
0	0.0000541440	0.0463015762	0.2710217220	0.0028056364	0.6798169214
0	0.0067986573	0.0005374887	0.0269242113	0.1554730791	0.8102665636
0	0.0290005723	0.0017927025	0.2605465565	0.7086601686	0.0000000001
1	0.0018706343	0.0000000000	0.0038460694	0.5931380796	0.4011452167
0	0.4347846772	0.0012934318	0.0006750239	0.5627224260	0.0005244412
0	0.0033719519	0.5215098339	0.4447640130	0.0300799342	0.0002742670
0	0.0739736646	0.0946557566	0.5064544503	0.2095404379	0.1153756906
0	0.4075639732	0.1664395047	0.3683237835	0.0459437837	0.0117289549
0	0.0723130165	0.1903872926	0.0011491776	0.6282346887	0.1079158245
1	0.0000012295	0.0000080474	0.1451305481	0.8548601074	0.0000000676
1	0.8454061875	0.0002930379	0.0006667626	0.1474805617	0.0061534503
0	0.0985450672	0.3065196703	0.0076778704	0.4532826985	0.1339746936
0	0.0046507530	0.1199638348	0.8088762488	0.0000001150	0.0665090483
0	0.0000000000	0.3667462793	0.4170642179	0.2137144171	0.0024750857
0	0.2624111450	0.0188737356	0.0022797546	0.6552289349	0.0612064298
0	0.3394195493	0.0022679509	0.5624590171	0.0953941646	0.0004593182
1	0.1668339961	0.8282415538	0.0000000022	0.0034149449	0.0015095031
0	0.2322714847	0.6824648412	0.0000000892	0.0852635844	0.0000000005
0	0.3169737975	0.0059060348	0.0207680425	0.0000002282	0.6563518970
0	0.0602870501	0.2278056217	0.0000002964	0.5269420406	0.1849649912
0	0.0005819563	0.0480722261	0.1488148780	0.3262372563	0.4762936833
1	0.4984241307	0.2039183676	0.0000000000	0.2976575017	0.0000000000
0	0.0002959498	0.1541855753	0.0659414368	0.4121254376	0.3674516005
0	0.0071498160	0.6898274685	0.1773585436	0.1190861792	0.0065779927
0	0.7382886064	0.0000001349	0.0335021178	0.0844733062	0.1437358347
0	0.0862242301	0.1667788878	0.5602887410	0.0000674862	0.1866406548
0	0.0081237615	0.1707316751	0.2092665437	0.0095602094	0.6023178103
0	0.2163773192	0.4924407618	0.1407230965	0.0087003684	0.1417584541
0	0.0019122253	0.0898779818	0.0170030976	0.0000006363	0.8912060590
0	0.0000172690	0.0161926306	0.0000000000	0.3490042448	0.6347858556
0	0.0021286064	0.0020037139	0.0591820057	0.5248245066	0.4118611674
0	0.0758559001	0.7727036998	0.1340762160	0.0173629426	0.0000012415
0	0.0007323028	0.2151504374	0.1156280368	0.5680139349	0.1004752881
1	0.9089358123	0.0000000705	0.0689923158	0.0220712652	0.0000005362
0	0.0160932555	0.0596925255	0.0000024684	0.8449796582	0.0792320925
0	0.5453696186	0.2918711032	0.0000199360	0.0147356905	0.1480036518
0	0.0385905680	0.4482439174	0.0525735042	0.1415082943	0.3190837161
0	0.0000008068	0.5315028355	0.0000041724	0.4569972051	0.0114949803
1	0.2862152808	0.6034117971	0.0000000000	0.0953626916	0.0150102305
1	0.0243522007	0.0013506230	0.3679270066	0.3204295352	0.2859406345
0	0.0038952624	0.0010683030	0.0376441418	0.0004514281	0.9569408648
0	0.5855900462	0.2612567310	0.0803485431	0.0728046621	0.0000000177
0	0.1030082979	0.0567959996	0.4225807601	0.3526326520	0.0649822904
0	0.5770267132	0.1148542242	0.1492076358	0.0065125314	0.1523988954
0	0.0573525212	0.4257872545	0.2984424530	0.0000000000	0.2184177713
0	0.0329143922	0.1250809842	0.4508674161	0.3791676634	0.0119695441
0	0.0245826675	0.0654726992	0.8483774143	0.0502064854	0.0113607336
1	0.8902467615	0.0432724097	0.0262232047	0.0157101902	0.0245474339
0	0.2316545850	0.5645310446	0.0942854943	0.0526631135	0.0568657626
0	0.2811388066	0.0000000000	0.0361368413	0.0001695458	0.6825548064
0	0.3946929512	0.0000000000	0.0125793728	0.0051118869	0.5876157891
0	0.0819577361	0.1408174385	0.2855791410	0.0006844315	0.4909612529
2	0.1063277877	0.0000000000	0.0059023452	0.8656460113	0.0221238558
