0	0.0492331727	0.0421777338	0.1896551353	0.6550545920	0.0638793662
1	0.0924297235	0.0007276048	0.2445533328	0.5784937531	0.0837955858
0	0.0011639624	0.6737910755	0.0438605002	0.0973982820	0.1837861799
0	0.0000611844	0.1061991735	0.4965475416	0.0000727260	0.3971193744
1	0.8213755843	0.0502406041	0.1062344307	0.0000392728	0.0221101079
0	0.0000002939	0.0291171044	0.1171310136	0.0550877166	0.7986638714
0	0.3744753397	0.3438928685	0.0001664777	0.1007551212	0.1807101929
2	0.0000025391	0.2926702630	0.0000000022	0.7071503251	0.0001768705
0	0.0031605600	0.0677991486	0.0132951693	0.3994723967	0.5162727254
1	0.1905580600	0.3009375526	0.1965420954	0.3119620162	0.0000002758
0	0.0593888151	0.0033863001	0.7465537603	0.0000208849	0.1906502397
0	0.1663900357	0.2903270817	0.0157501400	0.4682785048	0.0592542377
0	0.0297401309	0.4196047083	0.4802460965	0.0008964031	0.0695126612
0	0.0335636590	0.3085032399	0.4729915915	0.1849106789	0.0000308306
0	0.7749396046	0.0186582415	0.0624080269	0.1208413083	0.0231528187
1	0.0249602399	0.0123106959	0.0000000000	0.9618372238	0.0008918404
0	0.0225037043	0.2761603613	0.0564258212	0.3636251122	0.2812850011
0	0.0000000168	0.0527007212	0.0813673485	0.0118910042	0.8540409093
0	0.0000940779	0.6192933116	0.3121966548	0.0072654659	0.0611504898
0	0.0583168717	0.0017037610	0.2655790223	0.2906556904	0.3837446546
0	0.0760025192	0.0182804237	0.0422195759	0.0358544207	0.8276430605
0	0.2026620239	0.7965501034	0.0000000004	0.0006744466	0.0001134258
2	0.7010826186	0.2726385345	0.0000002663	0.0000000006	0.0262785801
0	0.0560893905	0.4619892544	0.0513105153	0.3161216700	0.1144891698
0	0.6153526691	0.1230043988	0.0924721173	0.1386687241	0.0305020907
0	0.1319788655	0.7612737466	0.0137322773	0.0927344056	0.0002807050
0	0.1082060936	0.1787880791	0.5077565268	0.0018329247	0.2034163758
0	0.2943538222	0.3250620477	0.0215075480	0.3575897188	0.0014868633
0	0.2072071405	0.0052063309	0.7429787439	0.0419733773	0.0026344074
0	0.4122654043	0.1296603304	0.0024389902	0.0473088905	0.4083263845
0	0.0237765402	0.0235273916	0.0991213389	0.3611489189	0.4924258104
0	0.2385357781	0.5715426241	0.0084344814	0.1031905393	0.0782965772
0	0.3556188850	0.2670200392	0.2064410108	0.1699203153	0.0009997497
0	0.1821324295	0.0010130881	0.0078487587	0.8089680181	0.0000377056
0	0.0276208395	0.0035167085	0.7090699844	0.2566276520	0.0031648156
0	0.0262860744	0.1358077120	0.0300309916	0.7593431520	0.0485320699
0	0.3620730431	0.5691947796	0.0360094783	0.0327226989	0.0000000000
0	0.7788677352	0.0261788008	0.0267097439	0.1682249437	0.0000187763
0	0.0000233189	0.2595392314	0.0077021660	0.0000012456	0.7327340381
0	0.0000393074	0.0010489650	0.5959813149	0.0034273113	0.3995031013
0	0.0016096307	0.1126275094	0.0013690787	0.6426251060	0.2417686752
0	0.0002625096	0.0002880799	0.0000926919	0.9040504860	0.0953062327
0	0.6858657834	0.0400275796	0.2294999947	0.0000165805	0.0445900618
0	0.4123503663	0.0000000078	0.0176138729	0.5031707928	0.0668649601
0	0.0109168032	0.3559204664	0.0387488376	0.3426503334	0.2517635594
0	0.8145762404	0.0419089096	0.0174219830	0.0059172183	0.1201756487
0	0.1282881451	0.0294655723	0.0108653018	0.0470986250	0.7842823558
0	0.0270938276	0.0673009586	0.9030042165	0.0025996090	0.0000013882
0	0.4012282707	0.0517847981	0.0866173922	0.4603643653	0.0000051737
0	0.0036690936	0.4561554495	0.0128770704	0.2275761131	0.2997222734
0	0.0050219831	0.0000000000	0.0001773875	0.5924115144	0.4023891149
0	0.1845792830	0.0268347054	0.0000000000	0.0001437154	0.7884422962
0	0.0507030245	0.7138412124	0.1748497796	0.0420940322	0.0185119513
1	0.7798975949	0.0460131552	0.1740892498	0.0000000000	0.0000000000
0	0.2570541033	0.3387800887	0.0449706880	0.1350826400	0.2241124801
0	0.4777920546	0.0011517886	0.2709478288	0.0024699564	0.2476383716
0	0.0860298522	0.2885541804	0.0016210863	0.6196367604	0.0041581207
0	0.2120859660	0.0038467827	0.1674066439	0.1444723191	0.4721882883
1	0.0089248964	0.2084033958	0.0000002607	0.7818818253	0.0007896218
1	0.1194529857	0.0010364833	0.0030109122	0.3184259452	0.5580736735
0	0.5238257700	0.2064956577	0.2104486302	0.0013756240	0.0578543180
0	0.2488618822	0.1785210722	0.4672762365	0.0000000175	0.1053407916
0	0.0281501957	0.6022427135	0.0870651428	0.0821047038	0.2004372441
1	0.0002199786	0.6049059528	0.0447072494	0.1888335129	0.1613333063
0	0.0001223882	0.9916340696	0.0079940321	0.0002495062	0.0000000040
0	0.8601974021	0.0046460746	0.0002214108	0.1225921507	0.0123429617
0	0.0131695341	0.0061135370	0.0392303379	0.9358026864	0.0056839046
0	0.1154502267	0.4552033520	0.0093609127	0.0185543736	0.4014311351
0	0.5119075211	0.0000002688	0.0002265674	0.4390124848	0.0488531580
0	0.0010318329	0.0288691400	0.0079192248	0.9519673108	0.0102124916
1	0.0109071999	0.7881819406	0.0000000001	0.0016356643	0.1992751951
0	0.5777471109	0.0000000000	0.3691119044	0.0003737293	0.0527672554
0	0.0237153792	0.0141740916	0.0043297902	0.5980389623	0.3597417768
0	0.0001237159	0.0644676678	0.0872296707	0.8471142320	0.0010647136
1	0.0201735010	0.6189987939	0.0067688334	0.3540588717	0.0000000000
0	0.0112880519	0.0474226597	0.9359716791	0.0053175950	0.0000000143
0	0.0001398605	0.7037904645	0.0000000000	0.0001702994	0.2958993756
0	0.2184749631	0.0119546407	0.1447562170	0.0447602904	0.5800538888
0	0.0003538621	0.0542711599	0.2923415508	0.6499812681	0.0030521591
1	0.5600798886	0.0000000009	0.1053732591	0.1857668659	0.1487799855
0	0.0015262854	0.3943651590	0.0286756120	0.0766104309	0.4988225126
0	0.0000000003	0.2685086921	0.6394649647	0.0216428258	0.0703835171
1	0.7996089073	0.0000000857	0.1190081240	0.0285361818	0.0528467012
0	0.1213412127	0.4852875603	0.0000006198	0.0856308038	0.3077398034
0	0.0001963148	0.7507133957	0.0388327704	0.0308072316	0.1794502875
0	0.5811689773	0.1933323841	0.0528633394	0.1445457567	0.0280895426
1	0.2757767033	0.0563494021	0.0227338133	0.3066388907	0.3385011906
1	0.2882012746	0.4305305731	0.0055328900	0.0536849243	0.2220503379
1	0.8320889948	0.1390009434	0.0078988688	0.0176795269	0.0033316661
0	0.6918920266	0.1396380574	0.0254097973	0.0855217992	0.0575383195
0	0.3465173253	0.1744863464	0.1801956746	0.1072105038	0.1915901498
1	0.4313063691	0.0095377425	0.0000004697	0.5500473890	0.0091080297
0	0.0111656515	0.2893092846	0.6663999757	0.0331047647	0.0000203236
0	0.1306139080	0.0171572374	0.0015435323	0.8488418506	0.0018434717
0	0.0003248259	0.2866108476	0.0007828959	0.6171893809	0.0950920497
0	0.0926434696	0.0871931891	0.7689928024	0.0069033273	0.0442672116
0	0.5259187712	0.2971787426	0.0982065411	0.0606164278	0.0180795173
0	0.4639384692	0.0253662147	0.0551411702	0.2692251685	0.1863289774
0	0.6013894250	0.3977194121	0.0000014399	0.0004284865	0.0004612366
0	0.0894487071	0.4310981465	0.0745153772	0.0178416939	0.3870960752
