0	0.0000001978	0.5658006369	0.1862152059	0.0148877618	0.2330961977
0	0.1390965522	0.0000070353	0.8558125624	0.0000000003	0.0050838499
0	0.1138672793	0.0446442857	0.1942674994	0.4772334568	0.1699874789
0	0.6269862230	0.0224713976	0.2849758101	0.0645164297	0.0010501396
0	0.0234811364	0.9625157224	0.0038786565	0.0054653888	0.0046590959
1	0.1620604558	0.5699076386	0.1841869850	0.0813374108	0.0025075098
0	0.0026278510	0.3208018626	0.0289318786	0.1344264620	0.5132119457
0	0.2634977212	0.0427459812	0.2568068797	0.4325617092	0.0043877087
0	0.2463785239	0.0607543299	0.6014984878	0.0002376583	0.0911310001
0	0.1290370875	0.8158819564	0.0055093148	0.0229992279	0.0265724134
0	0.2965624861	0.2739500229	0.0299809236	0.2055165950	0.1939899724
1	0.1486712474	0.0001610765	0.0648298865	0.7548940828	0.0314437067
0	0.1105991007	0.0028448018	0.0819164235	0.7076651078	0.0969745662
1	0.3849456320	0.0254442336	0.0332204282	0.1324385558	0.4239511504
0	0.0607445790	0.0028220011	0.7436512400	0.0937581312	0.0990240487
1	0.1488189061	0.0000000000	0.0149210674	0.4077040527	0.4285559738
0	0.7841265099	0.0457994729	0.1071769997	0.0173871077	0.0455099097
0	0.0306988012	0.5944649963	0.0030954883	0.3500830304	0.0216576838
0	0.0924173775	0.0684524764	0.4787057903	0.0014045324	0.3590198233
0	0.1006588222	0.0401148573	0.3469823407	0.4289229601	0.0833210197
0	0.0350597693	0.3951583962	0.4623970434	0.0200496944	0.0873350968
0	0.0007118110	0.1883480755	0.6998830332	0.0472759333	0.0637811470
0	0.0518475362	0.1943255741	0.5890182612	0.0000000000	0.1648086285
0	0.0649698583	0.0671855101	0.0648049255	0.5760258199	0.2270138860
1	0.0921053854	0.8769447753	0.0034431411	0.0196674413	0.0078392569
0	0.0904527392	0.0499564305	0.2774562379	0.0961525648	0.4859820277
1	0.0037431241	0.0100084045	0.8353234954	0.0000002672	0.1509247088
0	0.2007294240	0.2685525147	0.0000017976	0.0001426543	0.5305736094
1	0.0381729770	0.0006223484	0.5226593186	0.4385453560	0.0000000000
0	0.0519008947	0.9127250264	0.0025439667	0.0036077601	0.0292223521
0	0.0614824538	0.5522673319	0.0016922627	0.0000518287	0.3845061228
1	0.0596996620	0.0005806571	0.0157830536	0.5468859495	0.3770506778
0	0.0264850647	0.2296761824	0.1980401918	0.4482025466	0.0975960144
0	0.0000001498	0.9527144993	0.0017680462	0.0101319709	0.0353853337
0	0.4747336126	0.0272435488	0.0052570265	0.4721670057	0.0205988064
1	0.0556192169	0.0470380572	0.6331550984	0.2640530582	0.0001345693
0	0.2786253084	0.6656441042	0.0442105365	0.0006547392	0.0108653118
1	0.2180888879	0.2977740178	0.1055218505	0.0000056733	0.3786095706
0	0.0020395535	0.0829474685	0.0017147417	0.0480285719	0.8652696644
0	0.0000000084	0.0045943468	0.0000000000	0.0054201049	0.9899855399
0	0.0347684616	0.7061215254	0.0054690373	0.0550060815	0.1986348942
0	0.6374243075	0.1418886788	0.0573361521	0.1633134223	0.0000374392
0	0.1843803520	0.7805587131	0.0184127328	0.0000012479	0.0166469542
0	0.0002859431	0.0069188271	0.0904165969	0.7806242792	0.1217543537
0	0.8104182421	0.0450521583	0.0789095416	0.0653757220	0.0002443359
0	0.0361090388	0.0000018065	0.7319559561	0.1643046223	0.0676285763
0	0.1381003557	0.8263773772	0.0000003566	0.0023757002	0.0331462103
0	0.0042073421	0.2579840633	0.3512722507	0.2692987980	0.1172375460
0	0.0373268328	0.2093564588	0.0363870346	0.2381087128	0.4788209610
0	0.1458149879	0.0341367748	0.6345395645	0.1007175897	0.0847910831
0	0.0348074851	0.3930136459	0.0268234455	0.2111448416	0.3342105819
0	0.1282055022	0.3710148904	0.2951947544	0.0427445125	0.1628403407
1	0.6734185480	0.0001102640	0.1305594163	0.0387772973	0.1571344744
2	0.0972087498	0.0000000000	0.0000000000	0.8085946667	0.0941965834
0	0.0000096784	0.0590123671	0.0157459758	0.7595639131	0.1656680655
0	0.2124172990	0.0007987432	0.0000212830	0.0009834452	0.7857792296
0	0.2497768408	0.2400857408	0.4953987385	0.0000000000	0.0147386799
0	0.1452665164	0.3084854843	0.5331255001	0.0000784711	0.0130440280
0	0.0006102899	0.3318323881	0.0254342405	0.5146425698	0.1274805116
0	0.0289818732	0.2789985678	0.4476685021	0.0000156794	0.2443353775
0	0.6564923874	0.1157613864	0.0825585289	0.1451876974	0.0000000000
0	0.1138612042	0.0183375703	0.3673135869	0.2965318977	0.2039557409
0	0.5947422251	0.0917701879	0.0027458204	0.0018916088	0.3088501578
0	0.0204896587	0.7039232757	0.0857939195	0.0962563819	0.0935367642
0	0.0153651469	0.0000027810	0.0001697675	0.0000000000	0.9844623046
0	0.4238033327	0.0073440309	0.0041142739	0.3444996636	0.2202386989
0	0.6060318735	0.2739388474	0.0000000908	0.0407769181	0.0792522703
0	0.0000000018	0.0015700192	0.0000000002	0.9980339030	0.0003960759
0	0.2987209055	0.0006512311	0.0323832510	0.0061230255	0.6621215869
0	0.6455949154	0.2043344688	0.0000314102	0.1500391650	0.0000000406
0	0.0034763183	0.0900297475	0.2707556896	0.0000000000	0.6357382445
0	0.0017404368	0.0237310788	0.0106128270	0.9637178376	0.0001978198
1	0.8235259779	0.0000274282	0.1764465935	0.0000000000	0.0000000005
0	0.0186145319	0.0061816694	0.0000000000	0.4581725036	0.5170312952
0	0.0381139393	0.0330220900	0.0258737700	0.0143855765	0.8886046243
1	0.1246422842	0.1120632804	0.0597217121	0.6806645880	0.0229081352
0	0.0356749927	0.0760228511	0.0107972698	0.8078417599	0.0696631266
0	0.0616484581	0.2458701607	0.3845643849	0.1674176991	0.1404992973
0	0.0209569381	0.0891124831	0.1030855274	0.7846630433	0.0021820080
0	0.0781988289	0.1618341719	0.3850052520	0.0439105123	0.3310512349
0	0.0000000000	0.0000000019	0.3886443281	0.4857782977	0.1255773722
0	0.9681073293	0.0028378160	0.0072446610	0.0204809178	0.0013292758
0	0.1765621914	0.0279594772	0.7620769366	0.0000001018	0.0334012930
0	0.7417566163	0.0444225906	0.2106840543	0.0002980164	0.0028387223
0	0.1930136299	0.0104324435	0.0398417187	0.7566226365	0.0000895714
0	0.4173336562	0.4135881676	0.1057578405	0.0633161449	0.0000041908
0	0.7060768843	0.0673599012	0.0310105362	0.0615553382	0.1339973401
1	0.8896603851	0.0002019764	0.0000000000	0.1101376384	0.0000000000
0	0.1167436175	0.0385520761	0.3583197074	0.4366092317	0.0497753674
0	0.7055165977	0.1962217297	0.0880199997	0.0029048194	0.0073368535
0	0.3806246103	0.0633002546	0.0000000030	0.0988363934	0.4572387387
0	0.0000030977	0.2052786906	0.7905941753	0.0022726065	0.0018514299
0	0.1728843001	0.0058641376	0.2223727024	0.5562383195	0.0426405404
0	0.3319166997	0.0095888052	0.0625982567	0.5878106184	0.0080856199
0	0.6512671626	0.0557204591	0.0299363454	0.2629612075	0.0001148253
0	0.0000000007	0.0684822063	0.3790564611	0.3094624746	0.2429988574
0	0.0279276101	0.0038993389	0.8706176641	0.0121923315	0.0853630553
0	0.0007074968	0.5530759683	0.0646808673	0.0014031241	0.3801325435
0	0.0005075005	0.1123525826	0.1732188393	0.2379551356	0.4759659419
0	0.1018442806	0.0013851612	0.0215971085	0.8274623364	0.0477111133
