0	0.6406127219	0.0245659889	0.0053020412	0.0915981464	0.2379211016
1	0.8294496207	0.1434566458	0.0036496783	0.0223815158	0.0010625393
0	0.1580404909	0.3098830413	0.4237112637	0.0543941463	0.0539710577
0	0.1608884294	0.3676476777	0.0965219068	0.3717994211	0.0031425651
0	0.1664558410	0.5453057345	0.1392096196	0.1463440338	0.0026847711
0	0.1292540454	0.1816213682	0.3384081468	0.0000017191	0.3507147205
0	0.2992821907	0.2528410596	0.0685771856	0.3789895976	0.0003099665
1	0.2317406171	0.0018615999	0.5435478117	0.1985010373	0.0243489339
1	0.0000028993	0.2936997193	0.0005775520	0.7057114110	0.0000084184
1	0.0079954056	0.0031271307	0.0095874584	0.9790572696	0.0002327357
1	0.0169463326	0.9784054859	0.0000491916	0.0033258303	0.0012731596
0	0.1773985617	0.0000000426	0.0780562281	0.4363367956	0.3082083720
1	0.1676361060	0.0000000000	0.0038462990	0.7531265836	0.0753910114
0	0.1670984485	0.3300747120	0.1864417758	0.1015421310	0.2148429327
1	0.6004489070	0.1727711728	0.0000982539	0.2266816664	0.0000000000
0	0.0964284487	0.0000000000	0.6875870214	0.1911284570	0.0248560729
0	0.0022455906	0.0320286602	0.9615071432	0.0042002530	0.0000183529
0	0.0889814982	0.0046497414	0.5646703705	0.0002559417	0.3414424482
0	0.0002772681	0.0233184627	0.7713820218	0.0896450775	0.1153771700
0	0.0855128494	0.0102640157	0.0965119312	0.3191091197	0.4886020840
0	0.1921721986	0.2689200353	0.1367900079	0.0184584260	0.3836593321
0	0.0366096242	0.0000993594	0.8698601293	0.0934308871	0.0000000000
0	0.4240042923	0.0053863153	0.4357327026	0.0877322162	0.0471444735
0	0.0174930741	0.0000000499	0.1276871887	0.3934805523	0.4613391349
0	0.4434770580	0.1439620845	0.2263911580	0.0795013348	0.1066683647
1	0.0917468840	0.2509727457	0.5587435903	0.0480717339	0.0504650462
0	0.0000007533	0.2651526653	0.6879395809	0.0469062827	0.0000007178
1	0.0452246451	0.1497456678	0.0017366953	0.5115688862	0.2917241055
0	0.4519338028	0.0000129399	0.2690913972	0.1361643355	0.1427975245
1	0.2556613919	0.1906930989	0.3524990969	0.1946725185	0.0064738938
0	0.0733818427	0.0088490671	0.3881293479	0.3909804601	0.1386592822
0	0.0957081739	0.5824954477	0.3214409105	0.0000231362	0.0003323318
1	0.0000000000	0.4217919299	0.0000000003	0.4218052020	0.1564028677
0	0.1295711679	0.0000000000	0.4827743167	0.0006313231	0.3870231923
1	0.0001262677	0.1601555695	0.0000952399	0.8296149166	0.0100080062
0	0.0909541884	0.0680364664	0.8235402122	0.0174691123	0.0000000207
0	0.9933867234	0.0000045117	0.0009422782	0.0045053613	0.0011611254
0	0.0000001914	0.5104948735	0.0613969115	0.0728066741	0.3553013495
0	0.2242488299	0.5131657865	0.0764327966	0.1849174598	0.0012351272
0	0.0003424574	0.7550471376	0.2219740584	0.0226166273	0.0000197193
0	0.0475420853	0.0081470304	0.0814970607	0.8548422933	0.0079715303
0	0.2740935398	0.1691831003	0.0446903953	0.4649734662	0.0470594983
0	0.0058711855	0.0758301907	0.4655934509	0.2394443043	0.2132608685
0	0.0884359774	0.0043106101	0.1381917841	0.5599620999	0.2090995285
0	0.3265022309	0.6007962354	0.0722147033	0.0000017839	0.0004850464
0	0.0873178539	0.0009463680	0.1893730856	0.5308904958	0.1914721967
0	0.5857806272	0.1348465256	0.0014524130	0.2550835418	0.0228368924
0	0.2984074301	0.0005326302	0.0584246486	0.0924345711	0.5502007199
0	0.6139925261	0.0627011489	0.0000000000	0.3232910399	0.0000152851
0	0.2050562050	0.0077809171	0.0714161587	0.3510956985	0.3646510206
0	0.8279427147	0.0000000059	0.0000000000	0.1133413391	0.0587159403
0	0.0002467569	0.0022350210	0.0038004173	0.6303697148	0.3633480899
0	0.1727442464	0.0432910163	0.3946708104	0.3889057020	0.0003882251
0	0.0159554113	0.0355494360	0.4690865432	0.4396244051	0.0397842043
0	0.5094853144	0.0217362941	0.4136257518	0.0022164733	0.0529361664
0	0.0030096701	0.0389418919	0.6534484464	0.0480074934	0.2565924983
2	0.0001956329	0.0993854089	0.5375254139	0.0024009240	0.3604926202
0	0.4994497011	0.0287555588	0.1297825597	0.0000582000	0.3419539804
1	0.0002188468	0.0020738025	0.0000000000	0.9841120029	0.0135953477
0	0.0000735475	0.5101767468	0.0000000000	0.4429403494	0.0468093562
1	0.5213960490	0.0000330002	0.0000015079	0.4046260366	0.0739434063
1	0.0659041778	0.2635597585	0.6502446285	0.0202914352	0.0000000000
0	0.2751506071	0.1356513159	0.0087082905	0.0048154273	0.5756743593
1	0.4658699826	0.0024419196	0.0187707150	0.5119044376	0.0010129452
0	0.8620301415	0.0095713548	0.0732085616	0.0317626320	0.0234273101
1	0.1451634702	0.4199979498	0.4265761308	0.0082624491	0.0000000000
0	0.1405895957	0.0842421602	0.0323079893	0.4757411179	0.2671191369
1	0.2755143515	0.0000000000	0.0016171637	0.0394081422	0.6834603427
0	0.1445134135	0.2334530413	0.5105328427	0.0004694252	0.1110312772
0	0.1350295291	0.1720627803	0.2077583592	0.0000262274	0.4851231040
1	0.0000006036	0.2324875831	0.0381103843	0.6394245540	0.0899768750
1	0.9412462770	0.0550516958	0.0000000000	0.0037020271	0.0000000000
0	0.0000000000	0.0434424598	0.1262607340	0.7592782548	0.0710185515
0	0.0052787538	0.8967682080	0.0003439014	0.0512198857	0.0463892512
1	0.0005737599	0.0062785624	0.9009464743	0.0892704023	0.0029308011
0	0.2667049306	0.2776836931	0.1532676040	0.0351519803	0.2671917920
0	0.0017885880	0.0000000148	0.0404459452	0.0720941195	0.8856713325
0	0.0000018151	0.0364819787	0.0000000411	0.3616005608	0.6019156043
0	0.8918366144	0.0634922026	0.0058138395	0.0174888196	0.0213685239
0	0.0000000000	0.0234707971	0.0656782384	0.9025263624	0.0083246021
0	0.3258170563	0.5343644407	0.0383530201	0.0957994311	0.0056660518
0	0.0781958425	0.0923435229	0.0022840590	0.8260263359	0.0011502398
0	0.1216277946	0.3825347381	0.0403080799	0.4547239820	0.0008054055
0	0.0001785413	0.0000731639	0.1004113929	0.8259016041	0.0734352978
1	0.0352012597	0.7812465895	0.0000000000	0.0806565932	0.1028955575
0	0.0354192080	0.0120773973	0.9436520143	0.0014918644	0.0073595160
0	0.3077626424	0.3603630183	0.0144997231	0.3133627367	0.0040118794
1	0.3024552503	0.6571413633	0.0000000000	0.0035295092	0.0368738772
0	0.1433370937	0.0187723231	0.3833401731	0.4539994242	0.0005509858
2	0.0000561303	0.0010694574	0.0000000000	0.9988744102	0.0000000022
1	0.6117664353	0.0000000000	0.0650829927	0.2909428873	0.0322076847
0	0.0094809295	0.0035506331	0.0001144299	0.0877778106	0.8990761968
0	0.0104097668	0.0087220644	0.0177909406	0.4260437484	0.5370334798
0	0.0377238776	0.0000000000	0.0391037750	0.7114965663	0.2116757810
0	0.1846613957	0.0780814569	0.0142788602	0.3356266891	0.3873515980
1	0.9199998180	0.0081181790	0.0000195531	0.0641389836	0.0077234663
1	0.1053285682	0.0000001843	0.0394096207	0.7597476115	0.0955140153
1	0.3186996996	0.0104533724	0.4423810534	0.0425906788	0.1858751959
0	0.3710786964	0.0193425853	0.4055338242	0.0343458563	0.1696990379
0	0.0004754705	0.7233941814	0.1654398476	0.1038828208	0.0068076798
