1	0.0242052258	0.7055509456	0.2702438286
0	0.4876047392	0.2189518506	0.2934434102
0	0.0024478559	0.2621765309	0.7353756132
0	0.6115940177	0.0669981869	0.3214077955
0	0.4433395079	0.5358189572	0.0208415349
0	0.8079122651	0.1918343953	0.0002533396
1	0.1743177563	0.0932716224	0.7324106212
1	0.0000000000	0.0243761660	0.9756238340
0	0.3221647775	0.0000000000	0.6778352225
0	0.7381884403	0.0925026172	0.1693089425
0	0.7178439807	0.0288677025	0.2532883168
0	0.7974771172	0.0194525640	0.1830703188
1	0.0000000000	0.8352676271	0.1647323729
0	0.2373457008	0.0000247085	0.7626295907
0	0.0000340410	0.0013503655	0.9986155935
1	0.0009017361	0.0075832134	0.9915150504
0	0.9264619872	0.0735379857	0.0000000271
0	0.0000881532	0.0303229082	0.9695889386
0	0.0000834325	0.0048737755	0.9950427921
0	0.8435329981	0.0509106813	0.1055563206
1	0.0000080981	0.4917717606	0.5082201413
0	0.0000002848	0.0109974333	0.9890022819
1	0.0000000000	0.6823798101	0.3176201899
0	0.3548367433	0.1115532371	0.5336100196
1	0.0000000000	0.0000026579	0.9999973421
0	0.6664365988	0.0049796822	0.3285837191
0	0.5711659688	0.4267806824	0.0020533488
0	0.5818204069	0.0847964185	0.3333831746
1	0.0020379349	0.7195495080	0.2784125571
0	0.3142565067	0.0236222030	0.6621212903
0	0.2982915054	0.3624951123	0.3392133823
0	0.0049067419	0.0640586974	0.9310345607
0	0.8005598105	0.1912637305	0.0081764589
0	0.9534496761	0.0263149649	0.0202353590
0	0.0370426049	0.9211821346	0.0417752605
1	0.0000000000	0.2128397991	0.7871602009
0	0.2236410709	0.5721798808	0.2041790483
0	0.0691442208	0.0226702785	0.9081855007
0	0.3632114728	0.2581251127	0.3786634146
0	0.3915617420	0.0000000000	0.6084382580
1	0.0012228965	0.0000000000	0.9987771035
0	0.6270502769	0.3533794167	0.0195703065
0	0.1805390220	0.6101505405	0.2093104375
1	0.0025413956	0.6566789126	0.3407796918
1	0.1127409058	0.0515688373	0.8356902569
0	0.1020337476	0.0037356644	0.8942305881
0	0.0000000000	0.2798310888	0.7201689112
0	0.8037602535	0.0000000000	0.1962397465
1	0.3173954672	0.6825723393	0.0000321934
0	0.0682401899	0.7977639544	0.1339958558
0	0.9755534459	0.0010148569	0.0234316972
2	0.0000060799	0.9999939196	0.0000000006
0	0.0055954585	0.9527326028	0.0416719388
2	0.0057063221	0.0000000012	0.9942936768
1	0.2428271460	0.0000000000	0.7571728540
0	0.2178922065	0.0115896147	0.7705181788
0	0.1424890658	0.4158782973	0.4416326369
1	0.4314049747	0.2264878768	0.3421071485
0	0.8293928071	0.0000000000	0.1706071929
0	0.9595350867	0.0404578518	0.0000070615
0	0.7299782429	0.2578130343	0.0122087228
0	0.9499455106	0.0500544894	0.0000000000
0	0.1056570766	0.1526439000	0.7416990234
0	0.0000000234	0.0000000000	0.9999999766
0	0.0876810897	0.2951887681	0.6171301422
0	0.6325723902	0.2971093203	0.0703182896
0	0.0089632767	0.0002079639	0.9908287594
0	0.7673879049	0.1733823338	0.0592297614
1	0.0047844678	0.0000506507	0.9951648815
1	0.1690002676	0.0068426208	0.8241571115
2	0.0000000000	0.0499325828	0.9500674172
0	0.1350715431	0.5276264200	0.3373020370
0	0.0903444712	0.1228743220	0.7867812068
2	0.0112207353	0.0037119613	0.9850673034
0	0.9973180929	0.0000307597	0.0026511475
0	0.1280299716	0.6516751437	0.2202948847
0	0.8085501575	0.1914497974	0.0000000451
0	0.0001534545	0.0000000000	0.9998465455
1	0.0001681248	0.9919874754	0.0078443998
0	0.0001064258	0.6487381522	0.3511554220
0	0.0149858739	0.1287052144	0.8563089117
1	0.0025673180	0.0363607484	0.9610719336
1	0.9392685263	0.0001290472	0.0606024265
1	0.7519590937	0.0000000110	0.2480408953
0	0.0000002637	0.0027066723	0.9972930640
0	0.0008213033	0.4416928867	0.5574858099
0	0.8724483026	0.0000000068	0.1275516906
0	0.9834137977	0.0165750863	0.0000111160
0	0.0032336442	0.9792844829	0.0174818729
1	0.0895034447	0.0044119879	0.9060845674
0	0.1857497293	0.0000000000	0.8142502707
0	0.9334194291	0.0550794055	0.0115011654
1	0.0011106291	0.5224317204	0.4764576505
1	0.0186417304	0.0026360533	0.9787222163
0	0.1560612110	0.4844487453	0.3594900437
1	0.8761179095	0.1228740356	0.0010080550
1	0.0005654366	0.4375399990	0.5618945644
0	0.3715092062	0.1913646048	0.4371261890
0	0.0860578234	0.7464615557	0.1674806209
0	0.9041815869	0.0000536925	0.0957647206
