Values used for beta_0k(intercept). Sampled from -1.0 to 1.0 uniformly:
   1	-0.2655897006
   2	0.6523759891
   3	0.1198528171
   4	0.2748942591
   5	0.5730835813
   6	-0.6346583338
   7	0.6191427353
   8	0.1436908038
   9	0.5016921425
  10	0.2049158064
  11	-0.8006598013
  12	0.0922678436
  13	-0.3122166874
  14	0.0066193331
  15	0.9661300657
  16	-0.3303301387
  17	-0.7910933937
  18	0.7381777434
  19	0.4726016824
  20	-0.9149428067
  21	0.9018160945
  22	0.3168036558
  23	-0.8322813292
  24	0.4653263324
  25	0.3848317419
  26	-0.6936346445
  27	-0.7134001831
  28	0.1456745954
  29	0.4221114353
  30	-0.4916363551
  31	0.3798797576
  32	0.3970044783
  33	-0.6395864493
  34	-0.6373045380
  35	-0.9534869671
  36	0.0626083252
  37	-0.8617605298
  38	0.1715004320
  39	-0.9394767428
  40	-0.3409575580
  41	-0.9263159727
  42	0.1170512731
  43	-0.5581898439
  44	0.2697604242
  45	-0.8414263423
  46	-0.5960407134
  47	0.3652177616
  48	-0.4953592010
  49	0.2928254432
  50	0.3674569237
  51	0.8853015994
  52	-0.7456302417
  53	-0.4040239051
  54	0.4682656642
  55	-0.1999688931
  56	0.3163668115
  57	-0.0650321508
  58	-0.4450016959
  59	-0.3638909560
  60	-0.0524003894
  61	-0.6471392793
  62	0.4525616426
  63	0.4087566116
  64	-0.5516642797
  65	0.3682386198
  66	0.8221985188
  67	0.8809525875
  68	0.0764728639
  69	0.5203739108
  70	0.5775100700
  71	0.3032235502
  72	-0.5050213391
  73	-0.0672279885
  74	-0.7482738383
  75	0.6156040236
  76	0.4869011167
  77	-0.2214810765
  78	-0.1940860618
  79	-0.0542508871
  80	-0.0296866698
  81	-0.4826018597
  82	-0.9865960206
  83	0.2432815435
  84	0.6617802868
  85	0.6225796209
  86	0.2367670743
  87	-0.9352059872
  88	-0.6296424387
  89	0.4772073900
  90	-0.1162270662
  91	-0.3638588944
  92	0.4502183251
  93	0.3591503175
  94	-0.2573714619
  95	0.7832055419
  96	-0.8855305335
  97	0.0804404293
  98	0.9160606232
  99	0.2732624088
 100	0.0542606407

Values used for beta_k(effect). Sampled from normal with mean 0 and std 1.0:
   1	-0.8835856564
   2	-1.7454686553
   3	-0.4570398019
   4	-1.3711430865
   5	1.2414199060
   6	-0.6950375087
   7	0.6897382119
   8	0.3575953992
   9	-1.4742769774
  10	1.0779005217
  11	-0.5733297576
  12	-0.8068911442
  13	-0.3530628473
  14	-0.8166720666
  15	-0.8400017023
  16	-0.1886870188
  17	-0.9133460494
  18	-0.4588183671
  19	0.0392642952
  20	-1.0896484603
  21	-1.4021791116
  22	-0.7531917061
  23	-0.0121350664
  24	1.0974582992
  25	0.4424826421
  26	-0.9329322461
  27	-1.3082426633
  28	0.9866033702
  29	0.2314688146
  30	-0.5192710056
  31	-1.3644397859
  32	0.1343951720
  33	-2.2017478108
  34	-0.9639419977
  35	1.0946990023
  36	-0.6821408463
  37	-0.8339778089
  38	-1.0933352916
  39	2.1420754882
  40	-0.0912932699
  41	-0.1028137697
  42	0.1388528154
  43	-0.1943772187
  44	-0.3883554260
  45	0.1120693135
  46	-0.8451931814
  47	-0.9751951684
  48	0.3183336754
  49	-1.4877995352
  50	-0.6836303728
  51	0.2693849292
  52	0.3371961036
  53	-0.3924081469
  54	-0.1076114408
  55	-0.0375289503
  56	-0.0156195446
  57	-0.7569879140
  58	-0.4790667574
  59	1.1145638557
  60	0.9917167938
  61	-1.2363530991
  62	-0.5994945560
  63	-1.3480411198
  64	-1.0811758940
  65	-1.2794099958
  66	0.9769112558
  67	0.4596012168
  68	1.8448548507
  69	-0.2774274432
  70	0.0041571756
  71	0.7228783503
  72	-0.5025916027
  73	0.2356981845
  74	-1.1449994248
  75	0.5420724937
  76	-0.4204134640
  77	1.1599765896
  78	-0.7285477183
  79	-0.9431961059
  80	-0.0727661484
  81	1.6760514112
  82	0.8228495347
  83	-0.0421525655
  84	-1.9702921545
  85	-0.4368625410
  86	0.8042676774
  87	-0.1864235057
  88	2.6864764189
  89	-0.4714194472
  90	-0.8496806962
  91	-2.9084664924
  92	2.3837543372
  93	0.8871975481
  94	-0.2315437161
  95	-0.4754734130
  96	0.2877542173
  97	1.2591561740
  98	0.4546034513
  99	0.7317507427
 100	-0.5652258296
