0	0.0605682582	0.2364656826	0.0020130384	0.3583872704	0.3425657504
0	0.0000000839	0.5385118086	0.4512835036	0.0046873534	0.0055172506
0	0.5568160735	0.0228446016	0.4124831598	0.0031087115	0.0047474536
0	0.0088350702	0.7213877009	0.2649103950	0.0021535421	0.0027132919
0	0.2460200379	0.6794715757	0.0046584532	0.0000000000	0.0698499332
0	0.0121549923	0.0887305448	0.0045610794	0.8868835662	0.0076698174
0	0.0006450168	0.1380160252	0.7792068304	0.0786212934	0.0035108343
0	0.6744195864	0.0277034965	0.0001863138	0.0422825221	0.2554080812
0	0.0199059626	0.9185827420	0.0511627099	0.0103369147	0.0000116707
0	0.0000375242	0.0034910645	0.0503110964	0.9456148178	0.0005454971
0	0.0363240231	0.2697165100	0.1733029860	0.3256371296	0.1950193512
1	0.3339604884	0.6233229795	0.0096018820	0.0331137777	0.0000008724
0	0.0438330048	0.1625223367	0.0215751489	0.7720695095	0.0000000000
0	0.0099603279	0.4715828139	0.0000092468	0.3793875991	0.1390600124
1	0.0048108950	0.7596551799	0.0983640179	0.1158466470	0.0213232602
0	0.0000836332	0.7795430642	0.0000000000	0.2105778735	0.0097954291
1	0.2366724527	0.1198680338	0.0007258079	0.3303477902	0.3123859154
0	0.6086521750	0.1168832524	0.1324636185	0.1407961661	0.0012047880
0	0.0147834095	0.0001686658	0.2747183416	0.6078226450	0.1025069382
0	0.0362374237	0.4219982893	0.1343586691	0.3953614266	0.0120441914
0	0.1171288479	0.1334424959	0.0024997228	0.6839088145	0.0630201189
0	0.0828188751	0.2248413247	0.6911374873	0.0011279039	0.0000744089
0	0.0243000326	0.7122168600	0.1588309652	0.0825735941	0.0220785482
0	0.0083625100	0.0000020446	0.0000000000	0.0000000000	0.9916354454
0	0.0263630321	0.5252452579	0.1655086440	0.0000125329	0.2828705331
1	0.2365833740	0.0000014525	0.4128437510	0.3200488034	0.0305226192
0	0.8282238005	0.0290805936	0.0748263524	0.0422013554	0.0256678981
1	0.2860906058	0.3847598836	0.0000329390	0.3291161286	0.0000004430
2	0.0002656253	0.2308948763	0.6232137543	0.0257231327	0.1199026114
0	0.2935247742	0.2336832315	0.4518049297	0.0209827510	0.0000043136
1	0.1248644462	0.6189894516	0.1024341573	0.0436967501	0.1100151948
0	0.6219879746	0.1357288622	0.0165377761	0.0012529431	0.2244924441
1	0.0291060494	0.9450553817	0.0021768135	0.0234672519	0.0001945036
0	0.0157796069	0.2790873701	0.2132034645	0.4919295585	0.0000000000
0	0.4421642622	0.1644941605	0.1270482458	0.2661086992	0.0001846323
0	0.3551927162	0.0051322770	0.5113380511	0.1275711482	0.0007658076
0	0.0000000000	0.9851472891	0.0036577318	0.0111825466	0.0000124325
1	0.1307801388	0.8481843206	0.0170210942	0.0028537880	0.0011606585
1	0.0006848847	0.1794070532	0.2818950941	0.0651480229	0.4728649451
1	0.0281505990	0.0000000790	0.6639148274	0.0133688555	0.2945656391
0	0.0667377956	0.6055706047	0.2410657927	0.0570408598	0.0295849472
0	0.0573438560	0.0808978671	0.6329517036	0.2281963424	0.0006102309
1	0.0087466852	0.0083718201	0.2942384362	0.5435194497	0.1451236088
1	0.1527322392	0.4066908554	0.0201919752	0.3651848665	0.0552000637
0	0.3922654797	0.2236245442	0.3335998119	0.0353823187	0.0151278455
1	0.0028452065	0.6890712376	0.0854913717	0.0167230902	0.2058690940
0	0.0000092169	0.9740844154	0.0178595708	0.0076069667	0.0004398303
1	0.0034100219	0.4821590096	0.0059923306	0.5080838109	0.0003548269
0	0.1111199447	0.7982784523	0.0648865078	0.0220137938	0.0037013013
0	0.6247931454	0.0023238016	0.2042102080	0.0848431531	0.0838296919
0	0.0001756133	0.0940736750	0.5256717192	0.1635777010	0.2165012916
0	0.0532477934	0.3153554384	0.5873318649	0.0123994401	0.0316654633
0	0.1757908883	0.8230595145	0.0010991713	0.0000504012	0.0000000247
0	0.0000000000	0.4798555727	0.3427643748	0.1653635111	0.0120165415
1	0.0067425249	0.5430713832	0.3818020620	0.0683459350	0.0000380949
1	0.0254193125	0.0000065208	0.8570586914	0.0042317097	0.1132837656
1	0.3277766113	0.2770073839	0.1675479130	0.2276680639	0.0000000278
0	0.2128281056	0.0752195378	0.3534155806	0.3546184788	0.0039182972
1	0.1421119011	0.8355971053	0.0032520208	0.0116533944	0.0073855784
0	0.0411564532	0.0040531934	0.0269559376	0.1478505723	0.7799838436
1	0.0005228420	0.6533408216	0.3142466628	0.0318582052	0.0000314685
0	0.0021424555	0.6384743885	0.3327900026	0.0003473398	0.0262458135
0	0.0705616391	0.8935501487	0.0339485048	0.0000033547	0.0019363527
0	0.0007733477	0.1470702965	0.1682335249	0.6824026372	0.0015201937
0	0.0489012156	0.0875952809	0.6954036132	0.0212132048	0.1468866855
0	0.0044368602	0.8884489017	0.0117132329	0.0954010052	0.0000000000
1	0.0205687117	0.0000010460	0.6267749236	0.2136022408	0.1390530779
0	0.0000000376	0.9800033202	0.0199960041	0.0000000001	0.0000006380
1	0.0387652308	0.0406360244	0.0248798069	0.6293843916	0.2663345463
0	0.0000000000	0.9686396162	0.0115787605	0.0141303391	0.0056512843
0	0.0370904120	0.5793269190	0.2915935232	0.0680635891	0.0239255567
0	0.0762188546	0.5561055994	0.0000871448	0.3675884011	0.0000000000
0	0.0579164218	0.0720540697	0.5799245377	0.1075635718	0.1825413990
0	0.1506452347	0.4352170575	0.3637842275	0.0503245718	0.0000289085
0	0.2652545658	0.4942066678	0.0895444178	0.1494081218	0.0015862269
0	0.0000000073	0.0000002696	0.9228514448	0.0300918339	0.0470564444
1	0.0000342484	0.0521680525	0.7835304002	0.1642669307	0.0000003682
1	0.0660620550	0.8724278534	0.0605237942	0.0009862974	0.0000000000
1	0.1219256006	0.0000004865	0.6318205482	0.0815912025	0.1646621622
0	0.1130828631	0.0021153787	0.6893534952	0.0000000000	0.1954482630
1	0.0141353051	0.3361260371	0.0255111737	0.3968935900	0.2273338940
0	0.0104255189	0.2888290506	0.0860949768	0.5999249112	0.0147255425
0	0.4359117761	0.3412078292	0.1004151206	0.1213762256	0.0010890484
0	0.0130643887	0.0326135536	0.1645064121	0.6987603027	0.0910553429
0	0.0037166585	0.0423640294	0.6567096327	0.2843762731	0.0128334064
0	0.0098195925	0.3513173220	0.0200231575	0.2654680135	0.3533719146
0	0.0214545811	0.8851555067	0.0000000294	0.0768350265	0.0165548564
0	0.1104425147	0.1806283714	0.3970741038	0.3060053996	0.0058496105
0	0.0008496857	0.6433524106	0.1447251111	0.0264946081	0.1845781845
0	0.4513872537	0.0188325035	0.0000000000	0.0620862128	0.4676940300
0	0.0000000402	0.1739669779	0.0081956348	0.8140375783	0.0037997688
0	0.0701764198	0.8679310603	0.0002771440	0.0190475229	0.0425678530
1	0.0262236415	0.0019275563	0.1854980826	0.7769869355	0.0093637841
1	0.1544767102	0.0089928106	0.3062587604	0.0748788219	0.4553928969
1	0.0000000108	0.9786005828	0.0016945594	0.0000596735	0.0196451735
1	0.2030289776	0.1750980993	0.0924012846	0.0050942748	0.5243773636
0	0.0562549808	0.6838469685	0.0002234931	0.1893304823	0.0703440753
0	0.1790521932	0.0304127632	0.7890426035	0.0014924298	0.0000000104
0	0.0034544059	0.0000870012	0.4619119956	0.4170164493	0.1175301480
0	0.2303760409	0.0085503955	0.0921753244	0.6688982391	0.0000000000
