0	0.5423274967	0.0003007739	0.0000000000	0.0647561939	0.3926155355
0	0.0474310385	0.2753558399	0.0000000000	0.4088776500	0.2683354715
0	0.0676838878	0.0467757637	0.0000000010	0.7680390196	0.1175013278
0	0.0010237804	0.0000000000	0.0000000000	0.4038061053	0.5951701143
0	0.0651602147	0.0000592637	0.0549632147	0.8728068704	0.0070104366
0	0.0743528416	0.5536938657	0.0000000061	0.0055077417	0.3664455448
1	0.0240027832	0.0870738493	0.0000003248	0.8889230276	0.0000000151
0	0.1390101728	0.0070992697	0.7413435857	0.0671741051	0.0453728667
0	0.4385915573	0.0413569867	0.2517186772	0.0084307642	0.2599020145
0	0.5379011570	0.0221657962	0.1438384877	0.0071513076	0.2889432516
0	0.0557391178	0.0006795110	0.0115611639	0.9320202014	0.0000000059
0	0.0017326319	0.0116037261	0.2812865582	0.1285904515	0.5767866323
0	0.1028997504	0.0000000000	0.1531671454	0.7431377412	0.0007953630
1	0.0000262812	0.8499613093	0.0181679082	0.1125393755	0.0193051258
0	0.0739442726	0.0000773995	0.0137917539	0.8677674191	0.0444191549
1	0.7869654370	0.0008769350	0.0870750235	0.0336258077	0.0914567967
1	0.0122422792	0.0150556439	0.0315137318	0.3569927004	0.5841956446
1	0.0510467263	0.4186594024	0.0000000000	0.0438006523	0.4864932190
0	0.0023317026	0.1112269767	0.3954084266	0.2466748915	0.2443580025
1	0.0159493877	0.1939889191	0.2337937696	0.0809336994	0.4753342242
0	0.0000000063	0.0132753905	0.0003675617	0.5430645650	0.4432924765
0	0.7943904614	0.0043891556	0.1681418177	0.0185829093	0.0144956560
1	0.7657372143	0.0001050959	0.0100115048	0.0089880842	0.2151581008
1	0.0622965849	0.5113198474	0.0000000455	0.1287581209	0.2976254013
0	0.0001232297	0.0000003638	0.1792350749	0.8206413316	0.0000000000
0	0.0053622213	0.1330864919	0.0094742117	0.8520762152	0.0000008599
1	0.6498805555	0.0119812199	0.0000000000	0.1587020143	0.1794362103
0	0.0137922171	0.0701409595	0.2634837622	0.0175717933	0.6350112680
1	0.1398056077	0.0007275041	0.0220833385	0.4505732530	0.3868102967
0	0.1341681830	0.0019971449	0.0342431629	0.7933401611	0.0362513482
0	0.0827926396	0.1886059878	0.1294443758	0.5472809542	0.0518760426
0	0.0000004257	0.0000000005	0.0137968189	0.9859096160	0.0002931389
0	0.0000025844	0.4159191885	0.0000350493	0.5077025689	0.0763406089
1	0.0834665946	0.0696584680	0.0000000197	0.8400715422	0.0068033755
1	0.0000248207	0.0000000000	0.1586114303	0.3053764771	0.5359872719
0	0.0000000000	0.0000000000	0.1354728724	0.8577259977	0.0068011299
0	0.6297364688	0.2538281955	0.0468949682	0.0567117174	0.0128286502
0	0.0560855943	0.0000000000	0.0331434607	0.9107686146	0.0000023305
0	0.0000000475	0.0000000000	0.5653253231	0.0013570864	0.4333175431
0	0.0076232628	0.0882896947	0.0280256560	0.8028323615	0.0732290249
1	0.0575960868	0.2652289932	0.0080874100	0.1795372319	0.4895502781
0	0.0800781851	0.0152626086	0.2854237460	0.1540665163	0.4651689440
1	0.0001726130	0.9896546303	0.0070008613	0.0031592503	0.0000126450
0	0.0108581193	0.0017130554	0.0000000007	0.0954699247	0.8919589000
0	0.0213619857	0.0729592941	0.0946468609	0.8110318591	0.0000000002
1	0.7038347932	0.0009542064	0.0000830858	0.1667572960	0.1283706186
0	0.5255771783	0.0544581513	0.0000000000	0.3774985033	0.0424661671
0	0.0000055410	0.1194002932	0.0000000000	0.8499335320	0.0306606338
0	0.0372412684	0.0101570991	0.0000000000	0.9145060958	0.0380955367
0	0.3555140516	0.0000948877	0.0000002962	0.6414566325	0.0029341320
0	0.1358075771	0.6627317710	0.0000000000	0.0042561535	0.1972044984
0	0.0005028468	0.5975451927	0.1214659411	0.1956957558	0.0847902636
1	0.7366759461	0.0002149783	0.0000035942	0.0757926168	0.1873128646
1	0.5465963222	0.0000013964	0.1201158721	0.0262946208	0.3069917885
0	0.2044846766	0.3660380925	0.1830904149	0.0983425934	0.1480442225
1	0.0006241847	0.0000070999	0.0020993811	0.9967927497	0.0004765846
1	0.1760579204	0.0285759618	0.1287374104	0.3123937732	0.3542349343
1	0.0678144229	0.0000444821	0.2458811408	0.0446335652	0.6416263890
0	0.0183178800	0.0022988298	0.0000028755	0.9793604223	0.0000199924
0	0.1105313928	0.4117157572	0.1513905832	0.2520987616	0.0742635053
1	0.0744530412	0.6603983807	0.0000001399	0.0588852530	0.2062631851
0	0.0753114386	0.0175431563	0.6186484787	0.0076747121	0.2808222143
0	0.0370706724	0.0284905390	0.0020494822	0.6235433954	0.3088459110
1	0.0273370122	0.3780349187	0.0060013489	0.3282979189	0.2603288013
0	0.2280747969	0.2235595927	0.1076085890	0.4282993157	0.0124577057
2	0.0650064469	0.0000000001	0.0000010240	0.4424760574	0.4925164717
0	0.3310302275	0.0000000367	0.0000005938	0.5656898832	0.1032792588
1	0.0638063499	0.0000000000	0.4919378086	0.2875404390	0.1567154026
0	0.0412976729	0.0051020327	0.3889708655	0.3583761804	0.2062532484
1	0.0101903542	0.0009579333	0.0000000238	0.9042704923	0.0845811965
0	0.5574051816	0.0692995389	0.0645351474	0.0852180063	0.2235421259
1	0.1634795504	0.5378977681	0.0024865708	0.2459119624	0.0502241484
1	0.8524805742	0.0020755126	0.0183723203	0.0970566391	0.0300149538
1	0.1082189632	0.0092825756	0.2370182816	0.6454801797	0.0000000000
1	0.0096202455	0.2901153621	0.3617624127	0.0000000000	0.3385019797
1	0.3642800771	0.0000000006	0.1875312151	0.2849678173	0.1632208899
0	0.0177436496	0.0183508484	0.0228685622	0.9406568288	0.0003801109
0	0.1361049967	0.5140889020	0.0149081401	0.3218261830	0.0130717782
0	0.0282095870	0.0528291286	0.0338597252	0.8842661600	0.0008353991
0	0.0595704806	0.0322112417	0.1044435587	0.0000400288	0.8037346902
0	0.6583658754	0.0768546006	0.0000000000	0.0333765011	0.2314030228
0	0.5820943444	0.0000001920	0.1386017050	0.2785986759	0.0007050827
1	0.0548179607	0.0208856936	0.1275049322	0.1797687450	0.6170226686
0	0.0717803708	0.1477847904	0.0618211369	0.7165421788	0.0020715231
0	0.0000003666	0.7155086180	0.0072450114	0.2647285697	0.0125174342
1	0.5704310815	0.2028963964	0.0019093949	0.1151510822	0.1096120450
1	0.1930364123	0.3305359238	0.0019928283	0.0002329204	0.4742019152
0	0.0099476871	0.0615884828	0.7211203134	0.2038106651	0.0035328516
1	0.0288363469	0.0075819296	0.0000631947	0.4452806078	0.5182379210
1	0.0139526862	0.0129340061	0.0025283896	0.0000075388	0.9705773793
1	0.0000033083	0.0239214734	0.0806225718	0.8149283276	0.0805243189
0	0.1402866252	0.0440037245	0.2517900951	0.2781380335	0.2857815216
0	0.0001484167	0.0038300288	0.0093597579	0.9591645174	0.0274972792
0	0.0169837744	0.0110758843	0.0000300985	0.9596242753	0.0122859674
1	0.0440313885	0.0000000000	0.2078498339	0.6243651402	0.1237536374
0	0.1490226406	0.0487911398	0.0000000000	0.7898874418	0.0122987778
0	0.0834969062	0.3609830791	0.4872667171	0.0510738043	0.0171794934
0	0.1770475061	0.0000194990	0.0188426612	0.1633847583	0.6407055754
0	0.0820253344	0.0000021929	0.8696993017	0.0117506772	0.0365224938
0	0.0000001132	0.1638516834	0.1686476181	0.5714117297	0.0960888556
