0	0.0054962146	0.2302122470	0.1692170239	0.4184188000	0.1766557145
2	0.1258865129	0.1800102241	0.4397487761	0.0006320650	0.2537224220
0	0.0083530075	0.2594076689	0.1718964681	0.1040538373	0.4562890182
0	0.0391325983	0.0025904493	0.0000000000	0.9545527078	0.0037242445
0	0.0279291944	0.0900722297	0.0241837941	0.1280308645	0.7297839173
2	0.0172807464	0.3268517107	0.0161868130	0.4881100265	0.1515707034
0	0.2687618652	0.5909607170	0.0999221093	0.0089292993	0.0314260092
0	0.1768039214	0.0000000000	0.0047080149	0.4136605810	0.4048274827
1	0.0313166731	0.0000179584	0.0397326862	0.4948926960	0.4340399862
1	0.0000075499	0.4946317036	0.0200629820	0.4827701338	0.0025276307
0	0.3991044891	0.3405614239	0.1198981673	0.1390719079	0.0013640118
1	0.0118286695	0.0681361282	0.0006302307	0.7180236871	0.2013812845
1	0.2549789385	0.0013909681	0.0003464385	0.2867925491	0.4564911058
1	0.0000000000	0.0001334733	0.2645175046	0.7339542275	0.0013947946
0	0.6647861010	0.2311769213	0.0005726639	0.0215662023	0.0818981115
1	0.2773034957	0.0229406009	0.0001655332	0.0055315798	0.6940587904
1	0.0096090726	0.0000313118	0.3021467017	0.6218530627	0.0663598512
1	0.0114209112	0.0000010079	0.0024723904	0.8591409824	0.1269647081
0	0.2419242098	0.0252056728	0.0000000000	0.1020271382	0.6308429792
0	0.5954833824	0.0000000000	0.0869347875	0.2835785897	0.0340032404
0	0.1289965085	0.1191825704	0.6017704341	0.1120675347	0.0379829524
0	0.0641869619	0.0350835517	0.0028345444	0.0285147961	0.8693801459
0	0.0031882162	0.0570068627	0.0140849875	0.0272749881	0.8984449456
1	0.0000000010	0.2625839673	0.0001758658	0.2979394973	0.4393006686
1	0.2877450400	0.4181294644	0.1044349942	0.1339414268	0.0557490746
0	0.0000901102	0.0012223594	0.2622813958	0.7363617515	0.0000443831
0	0.1464849960	0.0096303344	0.0000014765	0.6075690801	0.2363141129
1	0.5218749650	0.0039809751	0.0028689247	0.4712751346	0.0000000007
2	0.1092743249	0.0000000000	0.3771495202	0.3882496627	0.1253264922
1	0.5417906016	0.0021604589	0.0000057110	0.0019123003	0.4541309283
0	0.0000000163	0.0000184709	0.6216925466	0.3771934995	0.0010954667
2	0.9355323738	0.0000000000	0.0632155888	0.0000000001	0.0012520373
0	0.4236857415	0.1694519855	0.1004942189	0.2377186805	0.0686493736
0	0.0004264840	0.7038398602	0.0440168058	0.1578829157	0.0938339343
0	0.2063320976	0.0023384922	0.0001161202	0.6527972814	0.1384160086
0	0.0631079565	0.0405521970	0.0003652944	0.7030754499	0.1928991022
2	0.0009414155	0.0000012049	0.3606953544	0.6381549898	0.0002070355
0	0.0000002126	0.1932114154	0.2328889105	0.5608428142	0.0130566472
0	0.2382145629	0.0028239621	0.0251544398	0.3157374589	0.4180695762
0	0.0000000000	0.0052664891	0.0019081661	0.9109449150	0.0818804298
0	0.0000000492	0.0009597010	0.1547804392	0.3638136495	0.4804461612
2	0.0851925197	0.7672340683	0.0033169550	0.0372510201	0.1070054369
1	0.8873069853	0.0621173503	0.0252937739	0.0003752310	0.0249066595
0	0.0005267828	0.0080346547	0.0360896106	0.9217922510	0.0335567010
0	0.0703810973	0.0061687253	0.1232717900	0.7439602969	0.0562180905
0	0.3978931409	0.0183600632	0.0343220423	0.4151547709	0.1342699826
0	0.2058197903	0.1459580384	0.0362119227	0.1140607261	0.4979495225
0	0.6008323636	0.0137959450	0.1397142843	0.1995698965	0.0460875106
0	0.1680357533	0.0000004381	0.0165836343	0.3655106335	0.4498695408
0	0.0352147521	0.0073784166	0.0012049640	0.9561872447	0.0000146227
0	0.5029005309	0.0112290136	0.4093514267	0.0073302797	0.0691887492
1	0.0567000483	0.2793271821	0.1045205031	0.4205120445	0.1389402221
0	0.0012911432	0.0000000001	0.2173750404	0.1354932125	0.6458406037
2	0.1201683919	0.0591904629	0.0000000000	0.0099175764	0.8107235688
1	0.0000000007	0.0018149910	0.0104022704	0.3853148912	0.6024678467
0	0.6162279390	0.1176516383	0.1121148730	0.1365580552	0.0174474945
0	0.4110718408	0.1723282250	0.0000000000	0.4151625657	0.0014373684
0	0.0707073916	0.0359180012	0.0137763524	0.8147855985	0.0648126564
1	0.0934560574	0.0443175035	0.0031636665	0.8590627725	0.0000000000
1	0.0000001714	0.0305066243	0.0000000000	0.9627724598	0.0067207445
0	0.0000001434	0.0722769109	0.1276967053	0.7999061615	0.0001200789
0	0.5049135179	0.0009448081	0.2654854887	0.0185542518	0.2101019335
1	0.0151198858	0.6676333903	0.2721190234	0.0451274088	0.0000002917
1	0.0016652904	0.0217767423	0.0000000000	0.2563879074	0.7201700600
1	0.0013249833	0.0484122840	0.0805212891	0.0002547292	0.8694867143
2	0.3382857265	0.0491706013	0.3040722501	0.2248918532	0.0835795688
0	0.0025766292	0.0027230143	0.0160201773	0.2670785432	0.7116016360
1	0.1015852451	0.1443963284	0.1879315701	0.2917528253	0.2743340310
0	0.0125618954	0.0000031632	0.2111286656	0.7072344517	0.0690718240
0	0.1609198076	0.0502095545	0.0003923465	0.6251346710	0.1633436203
2	0.7266397878	0.0450057719	0.1602947376	0.0000354960	0.0680242068
0	0.0108906541	0.0104769137	0.1349799303	0.8436524800	0.0000000219
0	0.0000000000	0.1939494837	0.0859317970	0.6656633335	0.0544553857
0	0.0040965006	0.0006972253	0.0076151525	0.9000370852	0.0875540365
1	0.8950641349	0.0000007503	0.0686854256	0.0362412667	0.0000084225
1	0.0181741854	0.0000573298	0.0000000309	0.7605346877	0.2212337662
2	0.1520508475	0.3460801086	0.5018565296	0.0000123323	0.0000001819
1	0.2864584161	0.1173486412	0.0000000000	0.5262601454	0.0699327973
1	0.0954484832	0.1202635268	0.0937964271	0.6723936845	0.0180978785
0	0.0697657769	0.1177314836	0.0644543057	0.4056330498	0.3424153840
0	0.3070122223	0.2689899428	0.0012974986	0.2669065442	0.1557937922
1	0.0920930365	0.0092725443	0.0179517179	0.1906854521	0.6899972492
0	0.0706998514	0.0000002231	0.0019965288	0.9273033967	0.0000000000
0	0.1971237692	0.0000000000	0.0360657777	0.7430224135	0.0237880396
1	0.1883367411	0.0090685783	0.3721213522	0.0718060320	0.3586672964
0	0.1799851477	0.0000000000	0.2983227813	0.3627441634	0.1589479075
1	0.0610207989	0.0066640676	0.0020335595	0.9228213889	0.0074601850
1	0.5389447281	0.0104326852	0.0000000000	0.4504550241	0.0001675626
0	0.0576642106	0.0298791992	0.2190738684	0.5101642401	0.1832184817
0	0.4216591463	0.0790973479	0.0000000000	0.0961601188	0.4030833870
2	0.1367406120	0.0249689820	0.0000000000	0.4749487471	0.3633416590
0	0.1191424443	0.0104733209	0.0000002353	0.6482752665	0.2221087330
0	0.0352463516	0.0000040122	0.0000000000	0.0712167375	0.8935328986
1	0.0212491104	0.0543869543	0.7211937269	0.0000112245	0.2031589840
1	0.0000731994	0.0000037347	0.0002398717	0.3251732778	0.6745099164
0	0.0008737560	0.0923869303	0.0000001056	0.0594299633	0.8473092448
1	0.1443529227	0.0332688920	0.0553506847	0.1564208782	0.6106066224
1	0.1151116548	0.0011808687	0.0009589346	0.0768242245	0.8059243174
1	0.0021945704	0.0000000000	0.1207628640	0.3905265050	0.4865160606
2	0.0000003154	0.9585788713	0.0312447907	0.0099481932	0.0002278294
