0	0.0579601638	0.1941994333	0.6992371188	0.0294029609	0.0192003233
0	0.3349698462	0.0407851574	0.0837043359	0.1314587137	0.4090819468
0	0.0404366246	0.0057739410	0.9140772452	0.0397121885	0.0000000007
0	0.0000099275	0.6838124239	0.0000468496	0.0323037604	0.2838270386
1	0.0000000012	0.2623817393	0.6948038293	0.0407693083	0.0020451219
0	0.4985639719	0.3252129557	0.1582638078	0.0179460843	0.0000131802
0	0.1859002482	0.2634238611	0.4530562169	0.0590499346	0.0385697393
0	0.0059327310	0.8299730250	0.0517936836	0.0025702322	0.1097303283
1	0.2971402178	0.0000002292	0.3220811585	0.2997862352	0.0809921594
0	0.2739315675	0.0060174038	0.0083988964	0.6364502797	0.0752018526
0	0.1403134849	0.7976576458	0.0286611858	0.0333253863	0.0000422973
0	0.1786179020	0.4914223807	0.1087350586	0.0960578123	0.1251668464
1	0.0668034977	0.0731532282	0.8339167692	0.0000239198	0.0261025850
0	0.4439346818	0.1470038435	0.1670543540	0.1585270839	0.0834800368
1	0.0000573752	0.4452662597	0.4258395116	0.1288368536	0.0000000000
1	0.1643557776	0.3371507559	0.4352598093	0.0543858483	0.0088478090
0	0.0168248739	0.0379780299	0.7837662824	0.0037373752	0.1576934386
0	0.0857304420	0.0021616513	0.8522647150	0.0517895398	0.0080536518
1	0.0000000126	0.0719273733	0.1912922346	0.5751429727	0.1616374067
1	0.0919945975	0.8536731004	0.0307006118	0.0134590094	0.0101726810
0	0.4747472993	0.0000033104	0.1984515257	0.2575761288	0.0692217358
1	0.1210807252	0.4994888505	0.0114658112	0.1314402924	0.2365243206
0	0.0329856439	0.0930613006	0.4187875457	0.3419699810	0.1131955287
0	0.0203831658	0.4175297880	0.2226345425	0.3052341206	0.0342183831
0	0.0032648458	0.5869733661	0.3421199218	0.0310350098	0.0366068565
0	0.0217443338	0.0407416462	0.5383705434	0.1412489589	0.2578945176
1	0.0513261132	0.5096284862	0.0284850702	0.3537830548	0.0567772756
0	0.4804080935	0.2018883402	0.2130319178	0.1042703845	0.0004012639
1	0.0168581726	0.0025829147	0.9796966830	0.0007116565	0.0001505733
1	0.0019279116	0.0964571175	0.6847899237	0.2166960713	0.0001289759
0	0.2200493827	0.0250858284	0.6351625066	0.1197017593	0.0000005231
0	0.0482998285	0.7206768950	0.2306645492	0.0001753680	0.0001833594
0	0.0000001372	0.6156817055	0.2758407218	0.1084774355	0.0000000000
0	0.9150938681	0.0118226618	0.0708877631	0.0000000000	0.0021957070
0	0.1699975756	0.2085147769	0.1584320173	0.4630155483	0.0000400820
2	0.6650434096	0.0357541879	0.0903096691	0.0394084743	0.1694842591
0	0.0000054512	0.5539844003	0.0989029681	0.3471071804	0.0000000000
0	0.3746781695	0.0338912417	0.2455039766	0.0810441340	0.2648824782
1	0.0712948703	0.5501451162	0.0867714211	0.1655317560	0.1262568364
0	0.1150425229	0.6459348587	0.0608618213	0.1380050281	0.0401557690
0	0.0000000000	0.3718670494	0.0000000000	0.0230529930	0.6050799576
0	0.0683958434	0.0308284860	0.2846789605	0.0216765048	0.5944202053
0	0.0513656308	0.5687967445	0.0574409616	0.1493506544	0.1730460087
1	0.7425767855	0.1078938551	0.1461975752	0.0020007811	0.0013310031
0	0.3402563278	0.0287545745	0.5983255346	0.0265119734	0.0061515897
1	0.3809330725	0.0000004001	0.0779260954	0.0099313888	0.5312090433
0	0.2799535616	0.0000065415	0.5540052962	0.1660346007	0.0000000000
0	0.2343394124	0.0000000000	0.7348466502	0.0308139217	0.0000000158
2	0.0024110486	0.5504105549	0.4308850076	0.0152851559	0.0010082329
0	0.0218443425	0.0628654891	0.3103684732	0.6049216919	0.0000000034
1	0.0130650713	0.2854441554	0.0035537876	0.6817190449	0.0162179408
1	0.0119188061	0.2134444408	0.0210725753	0.6126208436	0.1409433342
1	0.7761293338	0.1646559723	0.0591932528	0.0000108777	0.0000105633
1	0.0106277464	0.1406814191	0.0409393485	0.5370253153	0.2707261707
0	0.0136429258	0.8354967800	0.0017223251	0.1491374660	0.0000005031
0	0.0001868519	0.0374888908	0.0992173573	0.8413541866	0.0217527134
0	0.0300342914	0.0017746688	0.6992220926	0.2689689449	0.0000000023
1	0.0400316643	0.0179960653	0.0370621998	0.5443755168	0.3605345538
0	0.0716939673	0.0232105753	0.7582936835	0.0473244571	0.0994773168
0	0.0033166846	0.3281115038	0.1927471813	0.4758246299	0.0000000004
0	0.0708073524	0.0427594933	0.7663693605	0.1200634313	0.0000003625
1	0.0078838737	0.0002860629	0.2851436632	0.3816370771	0.3250493231
0	0.0000297925	0.2950017472	0.0744360976	0.1824330373	0.4480993253
1	0.2251128855	0.0530781231	0.2794744230	0.3061587190	0.1361758495
0	0.0060210436	0.1739869893	0.0278230695	0.7910803874	0.0010885102
0	0.2345258532	0.4565234452	0.2312024786	0.0774717344	0.0002764887
0	0.0494493329	0.8189102421	0.0523232198	0.0736685271	0.0056486781
0	0.0030775366	0.7367703027	0.0978790045	0.0739774363	0.0882957199
0	0.0000000000	0.0254110179	0.7189878820	0.2234574542	0.0321436458
0	0.1935159531	0.0000000404	0.1322468963	0.6724105437	0.0018265665
0	0.5630077535	0.2020402135	0.0298786743	0.2049270800	0.0001462787
0	0.0198871777	0.3674736330	0.0181874866	0.4108437265	0.1836079763
1	0.0050775492	0.5278820586	0.0244521673	0.3341540337	0.1084341912
0	0.4191138252	0.0000008206	0.1871910835	0.3936939281	0.0000003425
1	0.0000000000	0.0721629875	0.7346433100	0.0511405404	0.1420531621
0	0.2345025144	0.3721108854	0.0011241283	0.3922624719	0.0000000000
2	0.1092016042	0.2074227877	0.1044974794	0.1912868803	0.3875912485
0	0.0000000000	0.8187119360	0.1216565418	0.0497923796	0.0098391427
0	0.0070770262	0.0641032076	0.9075699883	0.0016000755	0.0196497024
1	0.0530043338	0.0228143286	0.9089372771	0.0152031372	0.0000409233
1	0.0205001392	0.0692066725	0.7198197697	0.0199486957	0.1705247229
2	0.0064315201	0.8837185172	0.1090757129	0.0007742465	0.0000000032
0	0.1333598765	0.0000000000	0.2124445057	0.1438173265	0.5103782913
0	0.0000556095	0.0003108763	0.0002947183	0.4992954183	0.5000433777
0	0.1421916375	0.8317491716	0.0232771611	0.0027820298	0.0000000000
1	0.0002311191	0.0205383166	0.2023512760	0.0004818089	0.7763974794
0	0.0000064309	0.2145446395	0.6132732797	0.1705548500	0.0016207999
0	0.0000047913	0.2381265140	0.0520089505	0.3220427087	0.3878170355
0	0.0189691057	0.0994557850	0.0000000001	0.3603197676	0.5212553416
0	0.0804665093	0.6324741016	0.0836337130	0.2006921997	0.0027334764
0	0.5135310135	0.1252976811	0.1598667339	0.2006521133	0.0006524582
0	0.0000000000	0.0807162808	0.0991054602	0.3180471946	0.5021310645
1	0.2656672631	0.5322137047	0.0803581708	0.0553223543	0.0664385071
0	0.0004456196	0.0819531242	0.0724767507	0.6644901362	0.1806343693
0	0.2472635272	0.4692892086	0.2703893623	0.0044017257	0.0086561762
0	0.1013496372	0.0439447149	0.6810290403	0.1724216328	0.0012549747
0	0.3179836076	0.0484612655	0.0930044997	0.5405506273	0.0000000000
0	0.0999305706	0.3327247279	0.0034178342	0.5473005970	0.0166262703
1	0.0020447595	0.0048758962	0.9846264750	0.0084526117	0.0000002576
0	0.2418410115	0.0432675953	0.3606455503	0.3534879787	0.0007578641
