0	0.0715390386	0.0000000041	0.1399309619	0.6985008062	0.0900291893
1	0.0004421185	0.0000000000	0.0025353289	0.0130986606	0.9839238919
0	0.0000000000	0.0290712679	0.0027937469	0.0000448808	0.9680901044
0	0.0608293042	0.0018846469	0.0509851781	0.8611143390	0.0251865318
0	0.1354552281	0.1923747997	0.1216389501	0.5486076597	0.0019233623
0	0.0495155807	0.1345078489	0.0002892322	0.8156873381	0.0000000000
0	0.0000000006	0.0863538819	0.0893872900	0.8242586460	0.0000001815
0	0.5718142256	0.0000609214	0.0000044168	0.3260041289	0.1021163073
0	0.4549493900	0.0537540399	0.0001919440	0.3577021885	0.1334024376
0	0.0004323702	0.0000000000	0.1157811628	0.8820554367	0.0017310302
1	0.0396159855	0.3780571812	0.0000000000	0.5244691716	0.0578576616
2	0.0722769449	0.1176627318	0.0325242483	0.6348462370	0.1426898380
0	0.0081449823	0.0699110369	0.0135524091	0.0899571666	0.8184344051
0	0.3499832291	0.0370638541	0.1019399024	0.5110130067	0.0000000076
0	0.0309627935	0.0989298229	0.0004011844	0.7452373433	0.1244688560
1	0.0001883424	0.7599392558	0.0026959057	0.2370924855	0.0000840106
0	0.0055075208	0.0618037722	0.8889421670	0.0437095098	0.0000370301
0	0.0113325900	0.0000001018	0.0311035753	0.7151003270	0.2424634059
1	0.0143524129	0.0004695348	0.0005263269	0.1259522767	0.8586994487
0	0.3363778860	0.0000041640	0.0128688932	0.4788373218	0.1719117350
1	0.6267351794	0.3005641614	0.0044015705	0.0682934292	0.0000056595
0	0.0000000000	0.5188602982	0.0000000005	0.4659644455	0.0151752559
1	0.0823927837	0.0680355390	0.0027842545	0.6669992534	0.1797881693
0	0.0001003414	0.1639119871	0.0017161279	0.8342715436	0.0000000000
1	0.0872957427	0.0257881879	0.0542730299	0.8295989592	0.0030440802
0	0.0003660199	0.7165131112	0.0000000000	0.2399741370	0.0431467320
0	0.0000000000	0.0000000098	0.0009743623	0.8889324044	0.1100932235
0	0.2228775257	0.0000000000	0.0066674124	0.1698045997	0.6006504621
0	0.5364446858	0.0701681869	0.2412045077	0.1521781649	0.0000044548
0	0.0250355893	0.0000109276	0.1060675441	0.6144939116	0.2543920274
0	0.1942931780	0.0004412203	0.0905285432	0.5302893434	0.1844477151
0	0.2941043612	0.0824959564	0.0128541461	0.5919442256	0.0186013107
0	0.0000000000	0.0000000000	0.0063946238	0.6843487247	0.3092566516
0	0.0084459250	0.1898111240	0.1400493466	0.4536954599	0.2079981445
2	0.0457544659	0.0005896220	0.0394325849	0.8719593529	0.0422639744
1	0.0006924606	0.1369403956	0.0085891259	0.5751325405	0.2786454774
0	0.0159021547	0.0000000022	0.0414608269	0.9425175289	0.0001194873
0	0.0000515301	0.2638121166	0.0127657644	0.6155167213	0.1078538675
1	0.0306248283	0.1619713240	0.1131037063	0.0393072296	0.6549929117
1	0.0486000503	0.0198567639	0.0858240258	0.8457191595	0.0000000005
1	0.0000000000	0.0002038437	0.0000000000	0.4725061159	0.5272900404
0	0.1357147504	0.0942192954	0.4460513941	0.2330030241	0.0910115359
0	0.2025607374	0.0000000104	0.0063173177	0.3499392507	0.4411826838
0	0.1762283097	0.0000312978	0.1281821954	0.6931817148	0.0023764823
0	0.1958738115	0.1249708572	0.5859323156	0.0928393621	0.0003836536
1	0.7704923108	0.1043383789	0.0000316992	0.1251376110	0.0000000000
1	0.5432258846	0.1405444435	0.0001719946	0.3160576773	0.0000000000
1	0.0044729592	0.0054093277	0.0000070975	0.9878924988	0.0022181168
1	0.1718838033	0.0059718450	0.1634838493	0.6136559141	0.0450045883
2	0.1623643945	0.0533655519	0.0028604754	0.0261316750	0.7552779032
2	0.4737348738	0.0049831870	0.1208320055	0.0140644142	0.3863855196
0	0.1357299340	0.0000132302	0.0224635399	0.7476591993	0.0941340966
0	0.0012413595	0.0238772956	0.8458107455	0.0000000000	0.1290705994
0	0.2085000728	0.0284281831	0.3782905078	0.3847684259	0.0000128105
1	0.6016312833	0.0000082425	0.1421191854	0.0688086212	0.1874326677
0	0.0006089347	0.2821541784	0.2343123473	0.3020497616	0.1808747781
0	0.0062245130	0.0000064195	0.0000000062	0.9937690614	0.0000000000
0	0.0048571793	0.3178838618	0.1556928179	0.4606170619	0.0609490791
1	0.1358667095	0.0000005893	0.1048970552	0.6885379395	0.0706977065
0	0.2318649840	0.0027684274	0.7205510800	0.0425757281	0.0022397806
0	0.1559195622	0.2142972384	0.0097561565	0.6198601419	0.0001669010
1	0.9341216422	0.0033355965	0.0040332610	0.0417556725	0.0167538278
0	0.8493317856	0.0807822180	0.0000191643	0.0315571938	0.0383096383
0	0.2744753969	0.1352611276	0.2465886883	0.2637444836	0.0799303035
0	0.0004505097	0.3235889099	0.0289630873	0.6469974826	0.0000000105
1	0.0000000000	0.0102949844	0.9679756648	0.0001347982	0.0215945526
0	0.1336337594	0.0218896744	0.0233332401	0.5493397015	0.2718036246
0	0.0065791620	0.8509705280	0.1021091190	0.0371499933	0.0031911977
0	0.3208124242	0.0000000000	0.0003015163	0.0013519407	0.6775341187
1	0.4680566008	0.0010392061	0.0132272625	0.5116849483	0.0059919823
0	0.0000000000	0.5116732196	0.0012772121	0.4126603677	0.0743892006
2	0.1395488381	0.0000000001	0.0023689880	0.7592070762	0.0988750976
0	0.1029474882	0.0229624083	0.0676435001	0.3870155046	0.4194310988
1	0.0001734851	0.4035788932	0.0004207289	0.0291857065	0.5666411863
0	0.0249326702	0.1054497391	0.8326124070	0.0356517800	0.0013534037
0	0.6628455526	0.0007048773	0.0000000000	0.0024545817	0.3339949884
1	0.0101638027	0.4255418718	0.1324195738	0.3974034430	0.0344713087
0	0.2417067945	0.0000000000	0.0005222702	0.7577709353	0.0000000000
0	0.0000000000	0.0259762894	0.0581398305	0.0429697821	0.8729140980
0	0.3347444122	0.6436834362	0.0003793480	0.0201135512	0.0010792524
1	0.1002358985	0.0001194430	0.0754923626	0.0315394756	0.7926128204
2	0.2226372775	0.6001661749	0.0044491249	0.1173257933	0.0554216295
0	0.0361965341	0.7205818655	0.0018522315	0.2405776851	0.0007916838
1	0.3403334059	0.1119061511	0.0000301123	0.3303375408	0.2173927899
1	0.0001001085	0.0642505761	0.0011394948	0.9319349417	0.0025748790
1	0.0446250873	0.0000000000	0.2213908976	0.1492789925	0.5847050227
0	0.6945051186	0.0585330947	0.0321652667	0.2091756754	0.0056208446
0	0.5873531273	0.0006820062	0.0934511141	0.2648594485	0.0536543040
1	0.0114141661	0.0192551817	0.0204816500	0.6454221813	0.3034268209
0	0.0000457991	0.4888550625	0.0420818327	0.4690068740	0.0000104318
0	0.2826352423	0.0003664076	0.6397914544	0.0483898490	0.0288170467
0	0.2963325879	0.2975414121	0.3408762800	0.0652497200	0.0000000000
0	0.0359371603	0.0034256553	0.2293503997	0.6962146612	0.0350721235
1	0.1548796677	0.0000005485	0.0185778887	0.7134378524	0.1131040427
1	0.1699284682	0.0051557879	0.1056714474	0.0043027355	0.7149415610
0	0.0730669736	0.0004811941	0.4157991235	0.5097849400	0.0008677688
0	0.0712428336	0.0256600695	0.0000000287	0.8886704488	0.0144266194
0	0.0302867234	0.0002432309	0.0042952140	0.9603281086	0.0048467232
0	0.0019426906	0.0206365193	0.0154110683	0.5817413117	0.3802684101
0	0.2594962810	0.0252293368	0.0015539315	0.2569367941	0.4567836566
