0	0.1911356023	0.0489451968	0.5376917309	0.1535821110	0.0686453589
0	0.0000006042	0.0000000000	0.4205975025	0.3834329938	0.1959688995
0	0.2852005594	0.2762204854	0.2891460367	0.0009226797	0.1485102388
0	0.0000000000	0.0000271738	0.9951450279	0.0042064461	0.0006213522
1	0.1937336278	0.5612282591	0.0383912630	0.2066450576	0.0000017925
0	0.0365761084	0.0638237620	0.0064390770	0.8931609012	0.0000001515
0	0.0000078452	0.2056199061	0.7197764835	0.0558104395	0.0187853257
1	0.0002373999	0.1360154173	0.2518907964	0.2921584838	0.3196979026
0	0.0601736631	0.1387164011	0.2486985268	0.0936691966	0.4587422125
1	0.0229370809	0.0583537495	0.0525915358	0.8532148725	0.0129027613
0	0.4719776393	0.0181189271	0.2770505703	0.2328528633	0.0000000000
0	0.7229403094	0.0000008836	0.1156793058	0.0012764028	0.1601030984
0	0.1247344341	0.3547925791	0.4878704079	0.0172608460	0.0153417329
0	0.4841739831	0.0144889468	0.0477314262	0.2819395086	0.1716661354
1	0.0086650263	0.5903885045	0.1272103757	0.2550937109	0.0186423826
0	0.0000231243	0.0164015803	0.3076122191	0.2918949287	0.3840681477
1	0.0037545918	0.1469488341	0.3345120525	0.5147845216	0.0000000000
0	0.0602250161	0.6656699340	0.2388879730	0.0334716540	0.0017454228
1	0.0808254840	0.4421921709	0.1804269622	0.1728747954	0.1236805875
0	0.0077824749	0.3744780770	0.0041216136	0.1650834726	0.4485343619
0	0.1809711331	0.2087520428	0.3599248972	0.2503519269	0.0000000000
1	0.3521427820	0.0418295684	0.3529719720	0.2530556772	0.0000000004
0	0.7563818119	0.1573542035	0.0332978450	0.0445116931	0.0084544466
1	0.2794924214	0.0001125652	0.1222818829	0.2998124004	0.2983007301
1	0.0192712120	0.0001152900	0.0015597447	0.9790535968	0.0000001565
1	0.5568636521	0.0154553125	0.0609486572	0.1277115269	0.2390208512
1	0.6950519073	0.0074871911	0.0809038377	0.0880521470	0.1285049168
1	0.8519324830	0.0508775950	0.0000000000	0.0927437000	0.0044462219
0	0.4960763103	0.2445271561	0.2212939613	0.0362032276	0.0018993447
0	0.2238695559	0.0363593654	0.1790664307	0.4276344811	0.1330701669
0	0.0000011379	0.0990848816	0.1580214491	0.7428924214	0.0000001099
0	0.0622726786	0.0030110390	0.3092635952	0.6049808989	0.0204717883
1	0.0154173568	0.1011876713	0.2613952216	0.6219997422	0.0000000082
0	0.0000021649	0.0013590397	0.0001229445	0.9984269490	0.0000889019
1	0.0865058564	0.1259362235	0.1552720761	0.5992974035	0.0329884405
0	0.0486799468	0.0008249079	0.5847643999	0.0676844467	0.2980462988
1	0.0000000000	0.3694308481	0.1620956483	0.4417135569	0.0267599467
1	0.0876788484	0.7674043972	0.0374161446	0.0560629181	0.0514376916
0	0.0001541063	0.0295708627	0.5523201473	0.4179548837	0.0000000000
0	0.1385852683	0.0000004361	0.1656979244	0.0684964017	0.6272199694
0	0.3646126769	0.0892547138	0.4389389334	0.0903912861	0.0168023899
2	0.0091453010	0.0744638268	0.0010618414	0.6640494702	0.2512795607
0	0.0000833730	0.0218544589	0.8833078059	0.0917851362	0.0029692260
0	0.0000042840	0.2420875314	0.7015388247	0.0000008854	0.0563684745
0	0.0649748529	0.2957710607	0.1969621408	0.4422919457	0.0000000000
1	0.0000173598	0.2242427536	0.2720558968	0.3533005827	0.1503834071
0	0.0000100009	0.8156300672	0.1843486483	0.0000000000	0.0000112835
1	0.3500329303	0.0000015833	0.5987040604	0.0512601827	0.0000012434
0	0.0206365577	0.1116282311	0.7042757595	0.1329550545	0.0305043972
0	0.0014631187	0.3742065130	0.0000000000	0.4681364048	0.1561939635
0	0.0002533301	0.5372794972	0.2957642290	0.0974822624	0.0692206813
0	0.0010047552	0.6333717084	0.1699922675	0.1567378686	0.0388934002
1	0.0000000000	0.1318579782	0.8217300888	0.0230202912	0.0233916417
1	0.1598893011	0.2436238342	0.1614011854	0.4350856793	0.0000000000
0	0.8762686376	0.0363504827	0.0151743447	0.0648450086	0.0073615265
0	0.0009687825	0.0003289719	0.9538449102	0.0058501155	0.0390072199
0	0.3092928984	0.1479057092	0.2344691307	0.0169387561	0.2913935056
0	0.0035709115	0.8723880589	0.0452965487	0.0787397617	0.0000047192
0	0.0198195447	0.0199787324	0.8494527460	0.0000067412	0.1107422357
0	0.0564561998	0.3564349873	0.0038138718	0.5832946017	0.0000003394
1	0.0191707884	0.0143196479	0.0035876014	0.9590873881	0.0038345741
1	0.0764865547	0.0425697951	0.0003674732	0.4641634369	0.4164127400
0	0.0515610429	0.0113857344	0.2800009469	0.6570517635	0.0000005123
0	0.1322760725	0.2003861330	0.0000000086	0.2841959439	0.3831418421
0	0.0600693075	0.4581175735	0.0155593465	0.4522921632	0.0139616092
1	0.0000000000	0.3265529420	0.6697222024	0.0032949750	0.0004298806
1	0.1125093822	0.0597255451	0.6729056443	0.1406531823	0.0142062461
2	0.0358028621	0.4281889905	0.4853001140	0.0272631918	0.0234448416
1	0.0333802588	0.0265795942	0.9366110312	0.0003216207	0.0031074952
0	0.8057834734	0.0258644285	0.1654887596	0.0011012533	0.0017620852
0	0.0279866199	0.0607014426	0.0753611045	0.7259175600	0.1100332731
1	0.0003865230	0.0016838305	0.5662575144	0.4084524513	0.0232196809
0	0.0732253204	0.7499011843	0.0859912445	0.0908783103	0.0000039405
0	0.6675568765	0.0203131460	0.0809057873	0.2312178736	0.0000063166
1	0.0850034447	0.0013637281	0.1508100300	0.7421605195	0.0206622777
1	0.0000042065	0.9328982709	0.0210107540	0.0006463230	0.0454404456
0	0.0450995326	0.0002503228	0.5020797564	0.4173329412	0.0352374470
0	0.2893037759	0.0000000657	0.1368542044	0.2879666520	0.2858753021
1	0.0827730897	0.4253753210	0.3968159947	0.0677568846	0.0272787099
1	0.7278771426	0.1487404556	0.0256014221	0.0710385743	0.0267424054
1	0.0003684728	0.5349966780	0.0000000000	0.3753962597	0.0892385895
1	0.0033422272	0.0014676175	0.9893243382	0.0056119713	0.0002538458
1	0.9372622902	0.0602573424	0.0024802508	0.0000000000	0.0000001166
0	0.0273951679	0.0915302499	0.1271129848	0.7464401002	0.0075214972
0	0.0308858892	0.0000063734	0.9060466010	0.0630611364	0.0000000000
0	0.0162948911	0.0922686411	0.0000000120	0.8892312562	0.0022051997
0	0.0007721407	0.4364295462	0.0005132608	0.2501318506	0.3121532017
0	0.2820666066	0.1133325611	0.5317509655	0.0728496642	0.0000002027
0	0.0031310812	0.0218336416	0.7483923391	0.0036685139	0.2229744242
1	0.0557792999	0.0258676763	0.1406318416	0.7080140971	0.0697070850
0	0.7178880162	0.0693637472	0.0553377690	0.0396983222	0.1177121455
0	0.0000000000	0.0399489227	0.8224649932	0.1338203594	0.0037657247
0	0.1098267370	0.0184927057	0.0069319481	0.0106274038	0.8541212055
0	0.6014562025	0.1616853612	0.1609842236	0.0277555610	0.0481186517
1	0.2399224622	0.3426731210	0.3313429587	0.0000000000	0.0860614581
1	0.0000000001	0.0268022537	0.2063220215	0.3961173545	0.3707583701
0	0.0000412240	0.0429019404	0.2546629136	0.7023795803	0.0000143417
1	0.0171252206	0.6049282491	0.1227157796	0.0326992970	0.2225314537
0	0.0000001765	0.1320326374	0.4560234158	0.1946515383	0.2172922321
1	0.6414258985	0.0009226274	0.3507154538	0.0045999507	0.0023360696
