0	0.0001291592	0.1159194703	0.8051788185	0.0787725462	0.0000000057
0	0.0000005923	0.4111038668	0.2248303179	0.3499240332	0.0141411898
0	0.0462196849	0.3637245503	0.0189719904	0.5375592508	0.0335245236
0	0.1200967253	0.1147658415	0.2980634491	0.0659140555	0.4011599285
0	0.0122306977	0.8528299115	0.0166901938	0.0749893453	0.0432598517
0	0.1228487202	0.1569825681	0.0156929989	0.1774334362	0.5270422766
1	0.0174634042	0.0478175028	0.8549298035	0.0344640286	0.0453252608
0	0.0000000690	0.1383358788	0.6310163929	0.2254505633	0.0051970960
0	0.0101428342	0.3768601286	0.0251557886	0.3362743109	0.2515669376
1	0.0129654396	0.2920731393	0.6532349011	0.0047104490	0.0370160710
0	0.0067917996	0.1381343789	0.0828547229	0.7397165192	0.0325025793
1	0.0000000003	0.9360984569	0.0554069240	0.0084030843	0.0000915344
0	0.0038749803	0.3793659541	0.5020174197	0.0013216942	0.1134199517
1	0.2077596001	0.3045906593	0.0135642977	0.0001509840	0.4739344589
2	0.0333350695	0.3706179834	0.2643529750	0.2937062999	0.0379876722
1	0.1185837606	0.0140081038	0.0000467500	0.8053921153	0.0619692702
0	0.0000000000	0.3430128221	0.1990681677	0.4219912524	0.0359277579
0	0.0000235244	0.5842845423	0.3753831986	0.0403063026	0.0000024321
0	0.0862561071	0.2216198196	0.0041271951	0.6204572718	0.0675396065
1	0.0025656852	0.0000000267	0.0723972421	0.7433849467	0.1816520993
0	0.0186391441	0.0504117190	0.0092873142	0.0000002943	0.9216615284
1	0.4173884357	0.5789922361	0.0006329124	0.0029864158	0.0000000000
1	0.6464197330	0.0726485299	0.0214242592	0.2592415818	0.0002658962
1	0.1986618067	0.2129067410	0.0054163971	0.5623244657	0.0206905895
0	0.1896887363	0.5242565308	0.0034609124	0.1986466010	0.0839472195
0	0.0898705594	0.0000000000	0.3633502220	0.5322783348	0.0145008839
0	0.2658604163	0.1928227505	0.3756134034	0.1657034298	0.0000000000
1	0.1984396345	0.0000000001	0.5882530048	0.0999855079	0.1133218526
1	0.0207700984	0.0000000138	0.8951729287	0.0596081825	0.0244487766
1	0.0000000000	0.6795269645	0.2793502689	0.0374983317	0.0036244348
0	0.0896751789	0.0371906832	0.0100358693	0.5487847720	0.3143134967
2	0.0700888032	0.0269984428	0.4950145937	0.4057546099	0.0021435505
1	0.0000000000	0.0005431610	0.0016201112	0.1181764297	0.8796602981
1	0.0725136242	0.1271701201	0.7387920979	0.0130167946	0.0485073632
0	0.0090485334	0.0000000279	0.0879452183	0.4658086281	0.4371975923
0	0.0000299250	0.0647467985	0.1339240147	0.7758313784	0.0254678834
0	0.6284582953	0.0146320834	0.0715350751	0.2002802573	0.0850942889
1	0.3107800940	0.2675062287	0.2673798021	0.1543322778	0.0000015973
1	0.0952191844	0.6985034358	0.0987884014	0.0981583404	0.0093306379
0	0.0000088724	0.2343549113	0.5272698338	0.1903558664	0.0480105161
1	0.0040291348	0.9923214519	0.0007717673	0.0028754678	0.0000021782
0	0.0367393146	0.1996466976	0.7636139811	0.0000000067	0.0000000000
0	0.1994078258	0.1414876016	0.2147598099	0.1527364301	0.2916083326
0	0.0519432580	0.3648450114	0.2741701363	0.2892254893	0.0198161050
0	0.0000000057	0.5323856088	0.3685134182	0.0219419045	0.0771590628
0	0.0249531697	0.0067258058	0.5269928078	0.0882275697	0.3531006470
0	0.1019174571	0.0011641766	0.1698250110	0.5657331016	0.1613602536
0	0.0273962540	0.1197470994	0.1176054253	0.0112977348	0.7239534864
1	0.0000023946	0.0003984332	0.8616246949	0.1365624548	0.0014120225
0	0.1102265475	0.2053961396	0.6489231709	0.0354541420	0.0000000000
1	0.2609418477	0.1291353447	0.1795136690	0.0154235202	0.4149856186
1	0.0399309030	0.0087531754	0.8833820167	0.0290613629	0.0388725420
2	0.0236115907	0.1298654445	0.6598173804	0.0008099111	0.1858956733
1	0.1893424784	0.3262272520	0.3958095167	0.0049652707	0.0836554822
1	0.0000000000	0.0065473461	0.0133368215	0.9800563851	0.0000594472
1	0.7061123783	0.0960281599	0.0533034077	0.1139690491	0.0305870050
0	0.0051950689	0.8815595995	0.0001563246	0.0106284488	0.1024605581
0	0.6008109194	0.3121872406	0.0030753965	0.0820262886	0.0019001550
1	0.6422240686	0.1043044813	0.1058902898	0.1475792099	0.0000019504
1	0.0397007211	0.0434113721	0.1829317253	0.6065665297	0.1273896518
0	0.2312715904	0.3755220078	0.0000000000	0.3931674001	0.0000390016
0	0.0075382961	0.0106186236	0.9817698321	0.0000001254	0.0000731228
1	0.0318700475	0.2354657463	0.0217437618	0.7109204436	0.0000000008
1	0.0038700665	0.2165623004	0.7671701028	0.0053321856	0.0070653447
1	0.1441343643	0.0000000000	0.3398818838	0.3758339218	0.1401498301
2	0.2280505300	0.0149105050	0.7570375322	0.0000011174	0.0000003154
0	0.0790421680	0.0772520688	0.5307320656	0.0035092248	0.3094644728
1	0.8856254951	0.0013088852	0.0617462349	0.0391151676	0.0122042172
0	0.1052073852	0.7807431232	0.0000000188	0.1130702118	0.0009792611
0	0.0020324473	0.0048615914	0.4410898372	0.5463082044	0.0057079196
0	0.4168959728	0.2058476352	0.3354604348	0.0373218737	0.0044740835
0	0.4679861311	0.2701917002	0.2608067113	0.0010154451	0.0000000123
0	0.0027742408	0.0000000001	0.1690151616	0.8079427916	0.0202678058
1	0.1202843608	0.1624461340	0.1744172206	0.0018144376	0.5410378470
0	0.3239405648	0.2094660075	0.0313096618	0.4342086648	0.0010751010
1	0.0840743721	0.8004135806	0.0413257604	0.0699012026	0.0042850843
0	0.1684456520	0.0061235630	0.6533056879	0.1641574986	0.0079675985
0	0.0000001844	0.2312886194	0.2199542043	0.1496446764	0.3991123156
0	0.0027580183	0.9838894981	0.0007522616	0.0013297803	0.0112704418
1	0.0574297070	0.1802518985	0.0020990302	0.1150411737	0.6451781905
1	0.0000000000	0.0612281282	0.7869418882	0.1366539020	0.0151760816
0	0.0238797760	0.0462732003	0.8969329258	0.0329140979	0.0000000000
0	0.0000408453	0.0001023942	0.1775002792	0.5097995477	0.3125569337
1	0.0000010875	0.8738672024	0.0033205241	0.0080295360	0.1147816499
0	0.1349535681	0.0414942581	0.6526496282	0.1421159108	0.0287866348
0	0.2317647137	0.0007415243	0.2938451167	0.3929687339	0.0806799113
1	0.0007789623	0.0119746942	0.1859782390	0.7981903139	0.0030777906
0	0.0000123896	0.0086593175	0.9690416604	0.0067061237	0.0155805088
0	0.0001924703	0.0010834369	0.4995590449	0.3571252837	0.1420397642
1	0.0015160684	0.8204434116	0.0006305937	0.1354008944	0.0420090319
0	0.0018940224	0.0070401421	0.8402729799	0.1507928556	0.0000000000
0	0.0000716551	0.0162649443	0.8499728647	0.1336905359	0.0000000000
0	0.0000291698	0.0212463085	0.1163431207	0.5216097780	0.3407716230
0	0.0799096460	0.5720894248	0.1026476454	0.0360160845	0.2093371993
0	0.0010537640	0.1150916558	0.8600542116	0.0228843150	0.0009160536
1	0.3415291514	0.4044945467	0.0292669323	0.1601070095	0.0646023600
2	0.0612350991	0.0053950905	0.6729994854	0.0462618012	0.2141085238
0	0.1662764856	0.2152765917	0.3506803044	0.2580886204	0.0096779979
0	0.4623357322	0.1949246828	0.0000479311	0.3420425375	0.0006491164
1	0.0846490220	0.7531691558	0.1573444162	0.0000037772	0.0048336288
