0	0.0884768449	0.0107184632	0.0224739735	0.1442742137	0.7340565048
1	0.0000000000	0.0277489947	0.0000002856	0.9708642786	0.0013864411
0	0.1172224976	0.2258841763	0.1066834189	0.5496124195	0.0005974876
0	0.6673654454	0.0000000000	0.0000000000	0.1779582417	0.1546763130
0	0.1274799444	0.0215430033	0.0187422185	0.7188314592	0.1134033747
2	0.6924476945	0.3025120972	0.0000957274	0.0049444689	0.0000000120
0	0.0000000000	0.0151481425	0.8208050486	0.1599067487	0.0041400603
0	0.3484093830	0.0035738490	0.0000000000	0.0166622666	0.6313545015
1	0.6371000560	0.1183987569	0.1198992599	0.0793402224	0.0452617048
0	0.0000062207	0.0347297676	0.4334490300	0.0000000226	0.5318149592
0	0.0063187913	0.2385022998	0.0006785308	0.0000398620	0.7544605161
1	0.0986711372	0.8259892746	0.0000068148	0.0652757609	0.0100570124
0	0.0072038792	0.0103347634	0.0861969048	0.5509685561	0.3452958966
0	0.8318189857	0.0036344564	0.0004002509	0.1626286937	0.0015176133
0	0.0000094706	0.0637956777	0.0000000192	0.9241527859	0.0120420466
1	0.0376127036	0.0000000033	0.0000000000	0.9611260455	0.0012612476
0	0.0044555642	0.0006845586	0.4917020445	0.3280087657	0.1751490671
1	0.0000000016	0.6046099106	0.0250223822	0.3701871612	0.0001805444
1	0.8161237257	0.0198717607	0.0911608606	0.0496086245	0.0232350284
1	0.4005553230	0.1241455120	0.0088942821	0.4366751691	0.0297297137
1	0.0000051512	0.4891296949	0.0000122157	0.4555749928	0.0552779453
0	0.7244763933	0.1369901058	0.1362669984	0.0000000000	0.0022665025
0	0.0737226443	0.0204201363	0.1888568920	0.6012822628	0.1157180646
1	0.0000004281	0.4716800132	0.0216592976	0.5066602432	0.0000000179
1	0.0101145006	0.6003512905	0.0065680477	0.3829661612	0.0000000000
0	0.2961935318	0.0000000000	0.0011047879	0.6922195334	0.0104821470
1	0.7467072162	0.2179896417	0.0000000000	0.0147418789	0.0205612631
0	0.0001258548	0.0000000000	0.0037630752	0.0948027518	0.9013083181
0	0.2985607494	0.1110777797	0.0000000066	0.5363020373	0.0540594270
0	0.0189968819	0.1268333231	0.8036761942	0.0490129843	0.0014806165
0	0.8313706871	0.0315727028	0.0005554317	0.0816891728	0.0548120057
0	0.0192290899	0.0387304376	0.1002960469	0.7496240435	0.0921203821
0	0.0000000119	0.1872151950	0.0263347668	0.0304570987	0.7559929276
0	0.1389115611	0.3333699893	0.1061408982	0.0000000000	0.4215775513
0	0.0115900296	0.0222273208	0.2016501099	0.1318683731	0.6326641666
0	0.0036788106	0.0114265745	0.9411365157	0.0117269719	0.0320311274
0	0.0528388743	0.1070728143	0.8173487099	0.0048626276	0.0178769738
0	0.0149698401	0.0000175211	0.0084472449	0.9765653820	0.0000000118
0	0.4530501665	0.4314489154	0.0071870423	0.0740728743	0.0342410015
0	0.4399657733	0.1585222635	0.0001166332	0.4013953300	0.0000000000
0	0.5254547966	0.0080341167	0.0051197416	0.4558710187	0.0055203265
0	0.0000016124	0.6736042398	0.1667569482	0.1594380072	0.0001991924
1	0.7065102015	0.0507226905	0.1155538017	0.1266406526	0.0005726538
0	0.2284508798	0.0635131659	0.0437111206	0.0004441871	0.6638806467
0	0.4612864093	0.4308830456	0.0327584269	0.0368975168	0.0381746014
2	0.0379139711	0.8590299804	0.0000416378	0.1030144107	0.0000000000
0	0.0008785744	0.1132181045	0.0002335957	0.2892404992	0.5964292262
0	0.0631954657	0.3167229163	0.3042904582	0.1881768691	0.1276142907
1	0.0000007175	0.6729033305	0.0059902659	0.3211056861	0.0000000000
0	0.0139290600	0.0000000000	0.0000000000	0.0335908678	0.9524800722
1	0.4986623869	0.0010969001	0.0152734154	0.4849672976	0.0000000000
1	0.0007606318	0.0000235918	0.3422124176	0.6570033588	0.0000000000
0	0.1677830921	0.0176297660	0.0000154019	0.7700802150	0.0444915249
1	0.7438870542	0.0609099474	0.0000316134	0.1914856389	0.0036857461
0	0.0001921810	0.1981642853	0.0225143312	0.6669456003	0.1121836021
1	0.0000000000	0.1774227392	0.0000000004	0.7803045603	0.0422727001
0	0.1912668991	0.6774323637	0.0139665864	0.0090053056	0.1083288452
0	0.0000005893	0.0175702639	0.0232937802	0.3136136061	0.6455217606
0	0.0498506973	0.0000000072	0.0000000000	0.4247136789	0.5254356166
0	0.8118740505	0.0008067617	0.0668387772	0.0855533320	0.0349270786
0	0.4812966976	0.0002188463	0.0550345300	0.4633239864	0.0001259398
1	0.2772911454	0.2014821198	0.0000000126	0.5211288863	0.0000978359
1	0.0000680433	0.9334497989	0.0221204785	0.0416882647	0.0026734146
0	0.0665430958	0.2688699569	0.1987001810	0.2750637093	0.1908230569
0	0.0316582681	0.2857318419	0.2025789286	0.1042917312	0.3757392302
1	0.0089910901	0.0850578976	0.0072259480	0.8986018134	0.0001232509
2	0.4396101749	0.3056878129	0.0125623812	0.2421396310	0.0000000000
1	0.0000000000	0.9127807791	0.0000036779	0.0713493050	0.0158662380
0	0.2290025206	0.0216164193	0.0236310009	0.0198935737	0.7058564856
0	0.0143613094	0.0000000000	0.0262188578	0.0085199139	0.9508999189
1	0.0000004924	0.4143588601	0.0378663620	0.5477742854	0.0000000000
1	0.0084580469	0.8932450689	0.0887776926	0.0090024495	0.0005167420
1	0.8042061495	0.0390773549	0.0000000000	0.0000000014	0.1567164942
1	0.7391297015	0.0006702651	0.0005812941	0.2467909512	0.0128277880
0	0.2016826239	0.0006123121	0.0239819608	0.6242274697	0.1494956336
1	0.0051976973	0.4943050109	0.0168805211	0.4836165113	0.0000002594
0	0.0000976551	0.0187091029	0.1440352100	0.6218407340	0.2153172980
0	0.0037017171	0.0280101678	0.2979159151	0.6660111611	0.0043610389
0	0.6328553836	0.0000000074	0.0894966454	0.2718434142	0.0058045495
0	0.0886914905	0.3647086084	0.4068582955	0.0397538434	0.0999877623
0	0.0000606115	0.0013843701	0.0012479126	0.8622117935	0.1350953122
1	0.3309596177	0.4419751456	0.0000002380	0.0755934235	0.1514715752
0	0.1057161718	0.0000000018	0.3166724158	0.0914114869	0.4861999236
0	0.0021180977	0.0001373103	0.1996906056	0.7713453313	0.0267086551
1	0.1118756654	0.1221375519	0.0000000000	0.6496498621	0.1163369206
0	0.0415851393	0.0000932171	0.0044826959	0.5367803044	0.4170586432
1	0.1629916503	0.6295998012	0.0019226358	0.2054859126	0.0000000000
0	0.0000204273	0.0000369003	0.0148859299	0.9538680907	0.0311886518
0	0.3260560563	0.0024099904	0.0201239132	0.0011820555	0.6502279846
1	0.9357606977	0.0283850694	0.0111561726	0.0246980602	0.0000000000
0	0.0297834756	0.4789881780	0.0000000000	0.4912156717	0.0000126747
1	0.1442122701	0.4634048749	0.0000002284	0.3244641568	0.0679184698
1	0.8521379987	0.0005311830	0.0545646141	0.0927662043	0.0000000000
1	0.4473964656	0.1962857233	0.0025715493	0.3490689112	0.0046773506
1	0.1218750127	0.7072849539	0.0365213205	0.1299189797	0.0043997333
0	0.0001509252	0.0210264717	0.7999174836	0.1789051194	0.0000000000
1	0.0826114785	0.0000033818	0.0000175554	0.9173675843	0.0000000000
0	0.1595577215	0.0000000000	0.0758060446	0.5964986236	0.1681376103
0	0.0923130194	0.2524465330	0.0676588923	0.2895733651	0.2980081901
0	0.0907273121	0.0000000000	0.0632701942	0.5788264287	0.2671760650
