1	0.0000000000	0.1685105941	0.2215833841	0.6050522213	0.0048538005
0	0.4844913801	0.0062514313	0.4835794899	0.0000000000	0.0256776987
0	0.0239961287	0.0926385674	0.2292477612	0.1389696953	0.5151478475
0	0.0190031388	0.4932029396	0.1402853226	0.1326556599	0.2148529391
0	0.2705661888	0.6702618648	0.0576922185	0.0014456407	0.0000340872
0	0.0088156311	0.9197723054	0.0302270205	0.0227635807	0.0184214623
0	0.0000000093	0.2512293249	0.6136656953	0.1351049704	0.0000000000
0	0.0000000457	0.4465860656	0.2668966196	0.2865172691	0.0000000000
0	0.0000088989	0.1739207088	0.1088742385	0.6633583326	0.0538378213
0	0.1163669911	0.0015751085	0.0164257799	0.0000031382	0.8656289823
0	0.0001202497	0.1692078132	0.0925630639	0.7269752417	0.0111336315
1	0.0004475073	0.0018696196	0.9928678815	0.0032470011	0.0015679905
1	0.0231228650	0.0000129932	0.9181182107	0.0013683620	0.0573775691
0	0.0052587821	0.9292048263	0.0173832298	0.0456643113	0.0024888507
0	0.0000000000	0.0789786508	0.8592508758	0.0007672559	0.0610032175
0	0.0000018790	0.0672995754	0.0226757367	0.9099293472	0.0000934617
0	0.1632386469	0.4681739852	0.1822045552	0.1863828127	0.0000000000
0	0.1768458721	0.4575146807	0.0000000000	0.0074604820	0.3581789651
2	0.0009822738	0.0256401586	0.9701782327	0.0004629231	0.0027364119
2	0.0000022421	0.0981062081	0.8936163165	0.0010516258	0.0072236075
0	0.2076411263	0.0439084971	0.0737143350	0.5704453777	0.1042906638
1	0.0106004944	0.4325847337	0.2441259989	0.0039888305	0.3086999426
1	0.0000006946	0.0012171270	0.9241528139	0.0000001527	0.0746292118
0	0.0008054721	0.4995535393	0.2780535179	0.1581808029	0.0634066678
0	0.0000031924	0.2151703484	0.0054302453	0.3031168519	0.4762793619
2	0.0005690998	0.0120394984	0.8984194260	0.0047178115	0.0842541642
0	0.2343564522	0.4101917286	0.3401014005	0.0000004782	0.0153499406
0	0.0001937106	0.0636736777	0.8682225464	0.0413052148	0.0266048505
0	0.0042129678	0.0000870655	0.5620797859	0.3527714839	0.0808486968
0	0.3085338288	0.1005532397	0.4273578832	0.1635517758	0.0000032724
0	0.0004921656	0.5032399077	0.4068025656	0.0629934571	0.0264719040
0	0.2787424607	0.1122601359	0.0822092552	0.0000000051	0.5267881431
0	0.0030329132	0.1303618668	0.8580561864	0.0021663155	0.0063827181
0	0.0139680482	0.1088401011	0.7827427468	0.0070291475	0.0874199564
0	0.1898032511	0.4042580631	0.0333642676	0.1875123336	0.1850620845
0	0.0115470568	0.1943258080	0.1213250438	0.6477420942	0.0250599972
0	0.2324022504	0.4852075570	0.1468241141	0.0147747000	0.1207913785
0	0.1307132923	0.8028801227	0.0664062267	0.0000000000	0.0000003584
1	0.0029405547	0.0427032639	0.8968949122	0.0098504779	0.0476107913
1	0.0096728698	0.0020751295	0.9287627748	0.0390578439	0.0204313820
0	0.5126657701	0.2836547578	0.0032011744	0.1470381725	0.0534401252
0	0.0064451773	0.0713948311	0.2795311054	0.5118694344	0.1307594518
0	0.3825086481	0.4063093050	0.2111794738	0.0000025731	0.0000000000
0	0.1204584565	0.7577060310	0.0586031183	0.0632208195	0.0000115747
0	0.0127072762	0.3183679043	0.0002680194	0.6686543836	0.0000024166
0	0.3491155986	0.3016020813	0.0251498833	0.0245247148	0.2996077220
0	0.0000607588	0.0058204238	0.8297784784	0.1642794071	0.0000609319
0	0.0315268482	0.0039523853	0.0123623515	0.9521584149	0.0000000000
0	0.3230728419	0.1432815716	0.4835811724	0.0174473273	0.0326170867
1	0.0098374107	0.0449314423	0.8813839663	0.0295992826	0.0342478980
0	0.0872585048	0.1122619868	0.6211020663	0.1356922325	0.0436852096
0	0.4410047203	0.3085802053	0.0400628947	0.1927793262	0.0175728535
0	0.0776154401	0.1277354060	0.0201265357	0.7667879215	0.0077346966
0	0.1218890785	0.4760903016	0.3135998858	0.0653134746	0.0231072596
1	0.0011059457	0.0695262206	0.9004139343	0.0289535926	0.0000003068
1	0.0028858575	0.0485280232	0.9485329127	0.0000334981	0.0000197085
0	0.0787425175	0.0740965478	0.3579267571	0.4870943887	0.0021397889
0	0.0008669171	0.3154289120	0.2286604660	0.1049628842	0.3500808207
0	0.0228235165	0.3734424684	0.4921058098	0.1116278067	0.0000003986
1	0.0002404906	0.0001040272	0.8957329485	0.1039225337	0.0000000000
0	0.0010893977	0.1389718748	0.0146531126	0.8182355833	0.0270500316
0	0.0045466443	0.0954373760	0.0069072185	0.7321979077	0.1609108534
0	0.1847041535	0.5437027155	0.0559824819	0.0724301387	0.1431805104
0	0.6968850138	0.1859933238	0.1137696663	0.0033519829	0.0000000132
0	0.1071006459	0.0425762189	0.8103347480	0.0040265996	0.0359617875
1	0.0019835392	0.0366805109	0.9476634631	0.0000002469	0.0136722399
0	0.0003213335	0.0602142964	0.8713444919	0.0150633713	0.0530565069
0	0.0961019280	0.6622327740	0.0000867305	0.2248857880	0.0166927794
0	0.3191287884	0.0419388489	0.1805561089	0.1651085247	0.2932677292
0	0.0062448933	0.0514765462	0.9016007854	0.0131279037	0.0275498714
1	0.0029999752	0.2623431552	0.7168507280	0.0103723907	0.0074337510
0	0.0002309445	0.3537365764	0.0164529540	0.6290330084	0.0005465167
0	0.0000206152	0.0036625942	0.6176993041	0.1254125388	0.2532049478
0	0.4861886915	0.0956304438	0.0770062708	0.0167313332	0.3244432606
0	0.1404692357	0.5744693931	0.1985791997	0.0239499989	0.0625321726
2	0.0113084676	0.0017367643	0.9802223551	0.0001697280	0.0065626851
1	0.0382944734	0.6994723234	0.2397793856	0.0224235955	0.0000302221
0	0.1146466974	0.0654501840	0.4156586449	0.2798103024	0.1244341713
0	0.0028528444	0.7757374833	0.0525253552	0.1383094276	0.0305748896
0	0.0109018386	0.0503427810	0.0190886155	0.7011323318	0.2185344330
1	0.0050196785	0.0046522670	0.8984314561	0.0872935359	0.0046030625
0	0.0482148570	0.0006424371	0.9055922450	0.0172775976	0.0282728633
0	0.0013398243	0.0311026679	0.4872945832	0.4519026391	0.0283602855
0	0.0000344215	0.6984725613	0.3012236355	0.0002693816	0.0000000000
1	0.0196660089	0.4478720046	0.0046545241	0.5278074510	0.0000000113
0	0.6921330300	0.0000060416	0.1903231488	0.1174312914	0.0001064882
1	0.0034906423	0.1472390750	0.8428532108	0.0064168990	0.0000001728
1	0.0272223418	0.0264754683	0.8661442328	0.0760904946	0.0040674625
1	0.0287108441	0.0000079972	0.9687539206	0.0000005043	0.0025267337
0	0.0008362493	0.6322144416	0.0140146678	0.0000779621	0.3528566792
0	0.0225635171	0.7498407470	0.1062228677	0.1213724070	0.0000004612
0	0.0000001598	0.0511539209	0.1808962637	0.7498459506	0.0181037050
1	0.0052740262	0.0019302931	0.9815289793	0.0105086500	0.0007580514
1	0.0335439195	0.0005745066	0.9036844125	0.0515201018	0.0106770596
0	0.0000063917	0.3642954260	0.4643483497	0.1410066572	0.0303431755
1	0.1753143369	0.1463674762	0.6631383091	0.0011569887	0.0140228892
1	0.0015976657	0.0035486311	0.9668054086	0.0021493203	0.0258989744
0	0.0481676914	0.0087794385	0.5614894896	0.3626314296	0.0189319509
0	0.0035632570	0.5788583758	0.0229943922	0.2603653115	0.1342186634
1	0.0158759871	0.0016160304	0.9798102497	0.0002600639	0.0024376690
