0	0.1796683432	0.5195349763	0.1934883540	0.0827871711	0.0245211555
0	0.1009995381	0.0025677862	0.6035845540	0.2475696654	0.0452784562
0	0.0003514783	0.5034949956	0.0001104572	0.4960400708	0.0000029981
2	0.0342500975	0.0000555426	0.9510294276	0.0144312507	0.0002336816
1	0.0013891612	0.2178031510	0.7735394415	0.0066909068	0.0005773395
0	0.0312523371	0.0987750251	0.3331630508	0.0426127729	0.4941968142
0	0.0757691025	0.5759307612	0.0465543860	0.2379002625	0.0638454878
0	0.0001366472	0.0841633776	0.0032250472	0.6145560268	0.2979189013
0	0.1254024899	0.2607071060	0.4997629953	0.0392266624	0.0749007464
0	0.0466196710	0.4220619124	0.3544990685	0.1698087791	0.0070105691
0	0.7568757148	0.0000000060	0.2387404522	0.0001997900	0.0041840371
0	0.0605228459	0.0110169000	0.7015704557	0.1916428722	0.0352469262
0	0.0016482190	0.1038551556	0.4286485940	0.4629709989	0.0028770324
0	0.0129280259	0.5591787966	0.0695021220	0.2891409087	0.0692501468
2	0.0007154054	0.0001233204	0.9974304435	0.0013818805	0.0003489502
1	0.0883635547	0.0659857607	0.4985755921	0.3240370589	0.0230380335
0	0.0940854830	0.6798372963	0.2243806329	0.0014348730	0.0002617147
1	0.0000478225	0.0038304515	0.9851014611	0.0109979034	0.0000223615
2	0.0017801304	0.0205853814	0.9733324089	0.0031164340	0.0011856453
0	0.0018224086	0.3794180292	0.0133160403	0.5990377172	0.0064058046
0	0.0000235828	0.1041558111	0.0756230590	0.5033479562	0.3168495908
1	0.0018265051	0.0397739451	0.9567304289	0.0016646581	0.0000044628
0	0.0005416363	0.2942826017	0.0023163169	0.0007039251	0.7021555200
0	0.0149552943	0.0450223321	0.1507965578	0.7890633394	0.0001624764
0	0.9085906553	0.0036221589	0.0081752250	0.0015179555	0.0780940054
0	0.0203229441	0.1509684510	0.7612703962	0.0217224900	0.0457157186
0	0.0000000703	0.0371493427	0.6490463289	0.3137523642	0.0000518940
0	0.0037929980	0.5869846483	0.3734606305	0.0354981824	0.0002635408
1	0.3667901315	0.2807590439	0.2900228709	0.0621464114	0.0002815424
1	0.0027362232	0.0003135099	0.9767247079	0.0116075604	0.0086179986
0	0.0000306607	0.1806356067	0.0226974550	0.5988927514	0.1977435263
0	0.1121784776	0.3824016287	0.1408233746	0.3645965191	0.0000000000
0	0.0820809284	0.2438483863	0.6120405436	0.0002406832	0.0617894585
0	0.0000009299	0.1231391406	0.5379460188	0.3098779635	0.0290359472
0	0.0224865996	0.0316969318	0.9453947102	0.0000031164	0.0004186420
0	0.0449513320	0.8348909173	0.0093630402	0.0217438404	0.0890508701
0	0.0300608051	0.0319797205	0.1194727700	0.0077123858	0.8107743185
0	0.4469760221	0.0004364799	0.0661703885	0.4864169626	0.0000001469
1	0.0004443060	0.0161344124	0.9823053724	0.0011156416	0.0000002675
0	0.0181576718	0.1218279321	0.2930419935	0.5669724026	0.0000000000
1	0.0246455497	0.0932062409	0.6247316011	0.0146558770	0.2427607313
0	0.2517534586	0.3443483019	0.0518174741	0.2855366599	0.0665441055
0	0.0674174654	0.0154920475	0.5276775817	0.2911492236	0.0982636819
0	0.0117013764	0.8905105647	0.0432414531	0.0541506314	0.0003959744
0	0.0612699837	0.9185979901	0.0026968135	0.0052297088	0.0122055040
1	0.0266017973	0.0004231199	0.7456180158	0.1930818116	0.0342752555
1	0.0045568044	0.0012182548	0.9595169952	0.0346875360	0.0000204097
1	0.1044199147	0.0954365016	0.4972069186	0.3019635762	0.0009730889
0	0.0027188960	0.9306869730	0.0014171995	0.0240159994	0.0411609322
1	0.0019006283	0.2125683990	0.5439149152	0.2407541780	0.0008618796
1	0.0000142992	0.0416523638	0.9558877965	0.0024455405	0.0000000000
1	0.0911609390	0.6882234231	0.1983855417	0.0175016524	0.0047284438
0	0.1791917902	0.4834003301	0.0000000000	0.2818030482	0.0556048315
1	0.0754822701	0.1097864932	0.7062123066	0.0084445992	0.1000743309
1	0.1988300445	0.0007466009	0.7937770634	0.0065859452	0.0000603459
1	0.1263442629	0.2063908588	0.6084812360	0.0001341931	0.0586494492
0	0.3172987514	0.0235955513	0.3464670386	0.2881263532	0.0245123056
1	0.0436037700	0.1199687445	0.5202692528	0.2440807447	0.0720774880
0	0.0104968443	0.9180633351	0.0327989557	0.0386408472	0.0000000177
0	0.0634884077	0.8041690698	0.1114546145	0.0001116901	0.0207762179
0	0.0242462946	0.8663292695	0.0066242960	0.0297926743	0.0730074657
1	0.0532863403	0.2744505090	0.6720809613	0.0000000000	0.0001821893
0	0.0018793180	0.5454155650	0.1186703658	0.0195660764	0.3144686748
0	0.0314624465	0.2521639733	0.3167856567	0.2907829438	0.1088049797
0	0.0474992866	0.1755803836	0.0038599325	0.2138155941	0.5592448033
1	0.0001660274	0.0410963536	0.9586872181	0.0000504009	0.0000000000
1	0.0000082915	0.0036717244	0.9938919646	0.0024242237	0.0000037957
0	0.5240154456	0.1499572436	0.2037114734	0.1196230405	0.0026927969
0	0.0071271621	0.5458495834	0.0000017892	0.3496270890	0.0973943763
0	0.1268677559	0.0526369916	0.0448086216	0.6880426674	0.0876439636
1	0.0002107342	0.0023798041	0.9925599508	0.0034032717	0.0014462392
0	0.0147708956	0.2914705923	0.0849716908	0.4337024409	0.1750843804
0	0.0102804377	0.3516787689	0.2005326660	0.0000000000	0.4375081274
1	0.0000000000	0.0366306378	0.4997084865	0.0552251049	0.4084357708
1	0.0000944032	0.0002341599	0.9942190016	0.0052575630	0.0001948723
2	0.0089478572	0.0032485808	0.9875414248	0.0000000000	0.0002621371
0	0.0679388275	0.0000000000	0.3496725704	0.5187072789	0.0636813232
0	0.0000000013	0.6568726544	0.0417271673	0.3003422675	0.0010579095
0	0.0666279498	0.2786269477	0.4137243503	0.2378231853	0.0031975669
0	0.0416784561	0.0012118140	0.1933829507	0.1732296775	0.5904971017
0	0.0743279780	0.0239744296	0.9015338296	0.0001138029	0.0000499599
0	0.0001182377	0.5414405669	0.1819538223	0.2672546088	0.0092327644
1	0.3228561813	0.0000000003	0.4797544395	0.1548753349	0.0425140440
0	0.0077395773	0.5355854603	0.1976642146	0.0001644147	0.2588463331
0	0.2076782651	0.1698527737	0.0065744281	0.5989840183	0.0169105148
1	0.0001163753	0.0000582668	0.9904019177	0.0000130058	0.0094104345
0	0.0000000000	0.3256876026	0.5766186110	0.0126597769	0.0850340095
0	0.3942688927	0.2505482858	0.0756080099	0.2795748116	0.0000000000
0	0.0000000000	0.0170080920	0.1795059010	0.0008092917	0.8026767153
1	0.0186464719	0.0503052147	0.8733197346	0.0086397880	0.0490887908
0	0.0096160771	0.2292673232	0.5654629931	0.0000003586	0.1956532480
0	0.0262885296	0.3680154735	0.1787403932	0.2815878136	0.1453677901
1	0.0000571123	0.1858310686	0.6934724745	0.0013613475	0.1192779972
0	0.0000000000	0.0000000000	0.0980375883	0.2852045022	0.6167579095
1	0.0142665203	0.0248480604	0.8721549286	0.0865958466	0.0021346442
0	0.0174439052	0.0070037438	0.0643337098	0.9112186413	0.0000000000
1	0.0000014015	0.0000000000	0.8760725404	0.0488554370	0.0750706211
0	0.0153982059	0.6837787286	0.0918739889	0.2037367035	0.0052123731
0	0.0181935297	0.0501456349	0.5138755097	0.0034872358	0.4142980898
1	0.0001974379	0.0040072377	0.9795529960	0.0098250764	0.0064172519
