0	0.0834787691	0.0578864138	0.3090434500	0.0181253248	0.5314660423
0	0.0020814233	0.0221709202	0.0000000000	0.7552687401	0.2204789164
0	0.1298103641	0.0367179220	0.0502947832	0.7809387170	0.0022382138
0	0.0074183169	0.0000000211	0.1190740205	0.3565575029	0.5169501387
1	0.8038377972	0.0275373209	0.0020646173	0.0000115896	0.1665486749
0	0.2852954144	0.0001503948	0.0000000005	0.2625605003	0.4519936901
1	0.3966328328	0.2697473084	0.0466145887	0.2858931911	0.0011120790
0	0.1049087583	0.0006171207	0.1006335067	0.7879714119	0.0058692024
1	0.6778748093	0.0000000000	0.2228976972	0.0020504251	0.0971770683
0	0.2731125836	0.0218198551	0.0291848958	0.6735234958	0.0023591697
0	0.0003528104	0.0524600829	0.0008979110	0.5576716352	0.3886175605
0	0.1526317700	0.0705229741	0.0000307595	0.5948984814	0.1819160150
0	0.6497951588	0.0014477951	0.0710321397	0.1116348341	0.1660900723
0	0.0025877334	0.4167517187	0.0066218694	0.2376740756	0.3363646029
1	0.0000000000	0.0022331026	0.0504783639	0.9142185190	0.0330700145
1	0.0745657942	0.0217635403	0.0001383362	0.8511218626	0.0524104667
1	0.0019822127	0.7669744594	0.2243362044	0.0067034599	0.0000036636
0	0.0000049347	0.0000000000	0.2043596425	0.0400717147	0.7555637082
0	0.4529933250	0.2053961025	0.0000683834	0.3407487259	0.0007934632
1	0.2221703070	0.7769855681	0.0000012027	0.0008184955	0.0000244268
1	0.3598752501	0.1130839114	0.0583290318	0.3326777116	0.1360340950
0	0.0000000454	0.1584261911	0.0042605559	0.8308099157	0.0065032919
0	0.0042157515	0.0714461055	0.0047254863	0.6813366329	0.2382760239
2	0.0001811782	0.9995730807	0.0002435806	0.0000021439	0.0000000166
0	0.5964778055	0.0140487638	0.0239844838	0.0891700154	0.2763189315
1	0.8193856084	0.0441892795	0.1120207528	0.0244043594	0.0000000000
1	0.0056926777	0.9033561286	0.0000728955	0.0908779963	0.0000003019
0	0.1462553027	0.1292084263	0.0000019407	0.0178864839	0.7066478464
0	0.2343779460	0.0000968514	0.0167844656	0.0756325352	0.6731082017
0	0.0002545409	0.0075972780	0.0154856762	0.1271418840	0.8495206209
1	0.3739151981	0.0044469805	0.0000035619	0.6128652938	0.0087689657
1	0.1403534494	0.2430875439	0.0000000036	0.6103704150	0.0061885882
2	0.0506690290	0.2649222055	0.0000000000	0.6844087655	0.0000000000
0	0.1245936332	0.0086521770	0.0017320110	0.1833626800	0.6816594989
0	0.7449991065	0.2453307116	0.0005381890	0.0090862104	0.0000457825
0	0.0040958161	0.0109477248	0.0050934477	0.9796923778	0.0001706336
1	0.1919240775	0.3345123481	0.0038958424	0.4695694061	0.0000983258
0	0.0000000000	0.0000939508	0.8371195694	0.0011172114	0.1616692684
0	0.0267915766	0.1274161570	0.0000000000	0.7195054187	0.1262868477
0	0.6950724458	0.1528914986	0.0387152718	0.0010157972	0.1123049866
0	0.6740203662	0.0700621644	0.0001362194	0.2557812500	0.0000000000
2	0.9514871397	0.0166795497	0.0000000000	0.0318333106	0.0000000000
2	0.7054064730	0.2644554784	0.0000000000	0.0301380485	0.0000000001
0	0.3254468963	0.0000210801	0.0020818959	0.6459937449	0.0264563828
1	0.0153950119	0.0418336370	0.0000000001	0.9262826707	0.0164886804
1	0.0267077257	0.1714278069	0.7535078079	0.0311004297	0.0172562298
2	0.2820508732	0.7179490417	0.0000000000	0.0000000850	0.0000000001
0	0.0001503204	0.2758159594	0.1057581906	0.2204281627	0.3978473668
0	0.2092877180	0.0045116794	0.0000006050	0.7415852366	0.0446147610
0	0.2676576934	0.0537950106	0.0059217468	0.4883192195	0.1843063297
0	0.1127537839	0.0127616043	0.2758355464	0.1433877114	0.4552613540
0	0.0000029223	0.0013972853	0.0601224333	0.9084644449	0.0300129142
0	0.0000000001	0.9322160369	0.0044583636	0.0367493136	0.0265762858
0	0.8331160745	0.0566450133	0.0000090022	0.0000000035	0.1102299064
1	0.5420749574	0.4085238004	0.0002271655	0.0272352385	0.0219388383
0	0.2543735422	0.5037201682	0.0000000000	0.2369160885	0.0049902011
1	0.2957144224	0.4183965327	0.0058374388	0.1582445724	0.1218070337
0	0.0070528200	0.0000000580	0.0008322722	0.0040395425	0.9880753072
0	0.0003888473	0.1478193350	0.0059868499	0.7920398355	0.0537651324
0	0.0649156032	0.8681992901	0.0060168877	0.0602986199	0.0005695992
1	0.0000000000	0.9988212621	0.0011330406	0.0000435732	0.0000021241
1	0.6155086644	0.3615059258	0.0054186389	0.0175667710	0.0000000000
0	0.1395103708	0.0615284111	0.0253386352	0.7431966771	0.0304259059
0	0.0000159224	0.0352955913	0.0045787746	0.0262021167	0.9339075951
0	0.2616784405	0.0467863648	0.2296242320	0.0727311225	0.3891798402
1	0.2314444105	0.0000000000	0.0000005285	0.7672466323	0.0013084287
0	0.0056268977	0.0000000000	0.0937006640	0.8826749682	0.0179974702
1	0.3373549135	0.1259207215	0.2698580321	0.2668458023	0.0000205307
0	0.1214498781	0.0389465851	0.0000000068	0.6427425183	0.1968610118
0	0.5826860426	0.2839033889	0.0979666493	0.0000000000	0.0354439192
0	0.0031865284	0.0001892517	0.2326016268	0.7627359910	0.0012866022
0	0.7161566859	0.0000000000	0.0031478874	0.1812334800	0.0994619467
1	0.0034626411	0.2378266724	0.2294618029	0.5252831026	0.0039657810
1	0.0195313631	0.3418755050	0.0000116400	0.6304984536	0.0080830383
1	0.7346615894	0.0129314823	0.0297321361	0.2226577917	0.0000170003
0	0.1582151347	0.1957189403	0.0573291801	0.5693305050	0.0194062398
1	0.7168301740	0.0148006814	0.0235882268	0.1318079518	0.1129729660
0	0.2270764192	0.0068879041	0.0008302470	0.7605219297	0.0046835000
0	0.0786923311	0.0011255244	0.2149435313	0.2831897162	0.4220488971
0	0.2028017132	0.0355798977	0.1400504306	0.6025664075	0.0190015509
0	0.3312165370	0.4425322211	0.0000459969	0.2082034664	0.0180017786
0	0.0640852397	0.3408222088	0.1993829774	0.3682290472	0.0274805268
1	0.0097813709	0.9891761454	0.0000000000	0.0010424837	0.0000000000
0	0.1510875651	0.2807446494	0.0000142235	0.0070446029	0.5611089591
0	0.0027712567	0.0848344377	0.8921871513	0.0197307433	0.0004764110
0	0.0281663443	0.2197354561	0.1784518444	0.1225059943	0.4511403610
0	0.4372849706	0.0000000340	0.0167151757	0.5450866973	0.0009131224
1	0.0729443798	0.9270453345	0.0000000000	0.0000060645	0.0000042212
0	0.3423281941	0.2282306363	0.0000056143	0.1412346781	0.2882008773
0	0.0000000144	0.4541214557	0.0023702928	0.4586114709	0.0848967663
1	0.0946068266	0.7706817959	0.0000294293	0.0176365880	0.1170453602
0	0.2644170009	0.0000170827	0.0001622782	0.7354029269	0.0000007113
0	0.0453594778	0.0182854297	0.1209442549	0.7925761535	0.0228346841
1	0.0698302815	0.1576490224	0.3435504986	0.4162955618	0.0126746357
1	0.0000012226	0.1065303922	0.0119436871	0.4962792843	0.3852454138
0	0.0442389875	0.0054820236	0.6155371463	0.2007658345	0.1339760080
0	0.0846613014	0.0357323505	0.1037896082	0.6744932718	0.1013234681
0	0.0789590968	0.0000000000	0.0000025528	0.0606760169	0.8603623335
0	0.0084020945	0.0000000141	0.0000071516	0.6243752199	0.3672155199
1	0.1086569821	0.0647589896	0.0000000000	0.7993005007	0.0272835276
