0	0.2075893809	0.1091187456	0.5848360044	0.0975327798	0.0009230892
0	0.0535954202	0.2090079052	0.0006449378	0.7365942316	0.0001575052
1	0.0000000000	0.0000857509	0.9984223489	0.0000376912	0.0014542090
1	0.0662039390	0.0026367155	0.4504081898	0.4588223743	0.0219287814
1	0.0421791504	0.0006691180	0.9407723729	0.0109744693	0.0054048894
1	0.0527364788	0.0008615455	0.9463999626	0.0000020131	0.0000000000
0	0.3565525932	0.0628766623	0.2410846667	0.0000452384	0.3394408394
1	0.0020590277	0.0004643940	0.9118222296	0.0856543474	0.0000000012
0	0.0003825417	0.0374925994	0.9285625514	0.0335263312	0.0000359763
0	0.0320186452	0.2790696733	0.1920442212	0.4180532637	0.0788141966
0	0.9586684554	0.0297925706	0.0093734440	0.0019639747	0.0002015553
1	0.4745416102	0.2528853792	0.1551076431	0.1143300040	0.0031353635
1	0.0854155001	0.5869923897	0.2213662720	0.0691807413	0.0370450969
0	0.0569467292	0.0222828540	0.5209961834	0.3996094037	0.0001648297
0	0.0245712246	0.0184843728	0.1541598034	0.6988822992	0.1039022999
0	0.0000217612	0.3157799062	0.6126810001	0.0135300123	0.0579873202
0	0.0097374661	0.0664341804	0.0489012797	0.8731336056	0.0017934682
0	0.3603094914	0.0251757954	0.1681991354	0.0004775972	0.4458379805
0	0.0369466341	0.9331392811	0.0245832224	0.0053308367	0.0000000258
1	0.0000000559	0.0151534715	0.9846530016	0.0001934710	0.0000000000
0	0.1290739707	0.5556765644	0.1657894842	0.1494599799	0.0000000007
0	0.1017938107	0.1474363294	0.0381659691	0.6498491720	0.0627547189
0	0.0146012069	0.5138724708	0.1527809982	0.1400110422	0.1787342818
1	0.0051319727	0.0705607949	0.8999094221	0.0000115497	0.0243862606
1	0.0022316903	0.0000000000	0.9862921729	0.0114760915	0.0000000452
1	0.0768900689	0.2430756137	0.6748449684	0.0013359632	0.0038533857
1	0.0586297795	0.0077097141	0.8481503354	0.0801783241	0.0053318469
0	0.0012283914	0.0792349420	0.0774694251	0.8418923673	0.0001748743
0	0.0118401702	0.0000609058	0.0224941899	0.0204067688	0.9451979652
0	0.0060323330	0.0386361482	0.0603436748	0.8694556131	0.0255322310
1	0.0260577789	0.0047853602	0.9664943219	0.0026364756	0.0000260635
1	0.0071354374	0.0019428611	0.9817278432	0.0088691078	0.0003247505
0	0.0078077739	0.5524824612	0.1436901082	0.2305611116	0.0654585451
2	0.0001518836	0.0018454269	0.9958742321	0.0007891443	0.0013393131
0	0.0000016179	0.9894264157	0.0083076831	0.0022639410	0.0000003423
1	0.0062017892	0.0081675501	0.9718613745	0.0135223990	0.0002468872
0	0.0000009318	0.5933372390	0.0775689564	0.3144873894	0.0146054834
0	0.0000000000	0.3643895501	0.3944755602	0.2373559777	0.0037789119
0	0.5075340359	0.0900444836	0.1384692488	0.2605398950	0.0034123368
1	0.2458659879	0.0023933630	0.5359349704	0.1932290432	0.0225766354
1	0.0032879360	0.2999109465	0.6738838807	0.0058564107	0.0170608261
2	0.0022446268	0.0000000000	0.9977051167	0.0000021049	0.0000481516
0	0.1093089228	0.0313266772	0.4911180095	0.2677764580	0.1004699325
0	0.0000348727	0.5112763936	0.2989638980	0.1884445710	0.0012802648
0	0.0205404811	0.0255829846	0.0490130366	0.9047565377	0.0001069600
0	0.0003121663	0.7097056002	0.1716068889	0.1183753446	0.0000000000
0	0.0992832448	0.4612133184	0.2976401384	0.1349645959	0.0068987025
0	0.0275046207	0.0125073887	0.7394502495	0.0966194593	0.1239182819
0	0.3851244086	0.0000529635	0.0646314306	0.4587308849	0.0914603125
2	0.0127327638	0.0065830676	0.9806309000	0.0000000000	0.0000532686
0	0.0239094786	0.2482138766	0.0000723662	0.6872067198	0.0405975589
0	0.0616952633	0.0243430953	0.0681461920	0.2014876595	0.6443277900
1	0.0134415460	0.5951745313	0.3883056654	0.0000000000	0.0030782572
0	0.0000403314	0.6768300515	0.0038817209	0.0101619718	0.3090859244
0	0.0490318205	0.9434920728	0.0071839026	0.0002922010	0.0000000032
1	0.3488601957	0.0000000000	0.4407619427	0.0058130700	0.2045647915
0	0.0083689280	0.6414111605	0.2097561193	0.1355306610	0.0049331313
0	0.1530951059	0.3539062722	0.3125623775	0.1238988703	0.0565373741
0	0.2668432926	0.2647057659	0.3712940186	0.0220534926	0.0751034303
0	0.0399431818	0.1301468031	0.1162358234	0.0771612377	0.6365129539
0	0.2514469389	0.0664879652	0.0709951487	0.5734507258	0.0376192213
0	0.0465668703	0.2134555978	0.3218544924	0.4148772354	0.0032458041
1	0.4049384914	0.2131995776	0.3724596503	0.0094011142	0.0000011664
1	0.3137668296	0.0067789858	0.1928543058	0.2846560788	0.2019438000
0	0.0032649806	0.1070698169	0.0428843722	0.0818983623	0.7648824679
1	0.0008278710	0.0120289936	0.9870276135	0.0000153514	0.0001001705
1	0.8086949502	0.0288177094	0.1364698655	0.0220985591	0.0039189157
1	0.0000163367	0.0247838642	0.8411194608	0.0020916288	0.1319887094
1	0.0129542716	0.0108466275	0.9417072177	0.0005534390	0.0339384442
1	0.0020979643	0.0021474139	0.9927204389	0.0000156914	0.0030184915
0	0.0000008370	0.0915540588	0.1525052063	0.7123141610	0.0436257370
2	0.0010505101	0.0004967991	0.9877712891	0.0008237928	0.0098576089
0	0.0896263990	0.1180015584	0.0017981854	0.7905737642	0.0000000929
0	0.1353557341	0.0036227073	0.4839672064	0.3770501261	0.0000042262
1	0.0025459385	0.0015947768	0.9663716013	0.0054911218	0.0239965615
0	0.0000085460	0.0320783004	0.5919313497	0.3542228740	0.0217589298
0	0.0019981535	0.0233020344	0.0000035240	0.0000013295	0.9746949585
0	0.7138862776	0.0000000015	0.0936414357	0.1576527941	0.0348194911
1	0.0863486889	0.0977897413	0.7634315431	0.0000022825	0.0524277442
0	0.0000000249	0.6624810501	0.1087912500	0.2287276313	0.0000000438
1	0.0008703282	0.0009630476	0.9369763584	0.0611902659	0.0000000000
1	0.0789156165	0.0704786845	0.6794669234	0.1709767971	0.0001619785
0	0.0000006273	0.7230972269	0.0000277228	0.0277631077	0.2491113154
0	0.4653331627	0.0527253364	0.4799532825	0.0019882167	0.0000000017
0	0.1097054289	0.1842613965	0.5118416490	0.1338605863	0.0603309394
0	0.0166462366	0.7345022054	0.0224147439	0.2191253198	0.0073114943
0	0.1520585321	0.2681125681	0.0002135417	0.4933854046	0.0862299536
1	0.0000143118	0.8425489743	0.1443556150	0.0010193797	0.0120617193
1	0.1467529718	0.1378136615	0.7152627250	0.0001706418	0.0000000000
0	0.1518939378	0.1775753242	0.6468250531	0.0202259517	0.0034797332
1	0.0405071339	0.0730773337	0.6450141774	0.1018438499	0.1395575052
0	0.6975925581	0.1667599405	0.0250393204	0.0162116270	0.0943965540
0	0.2077139276	0.5340285253	0.2408619571	0.0173953225	0.0000002675
0	0.0000003145	0.7660710087	0.0980550265	0.1355158747	0.0003577756
1	0.0025439209	0.0802966898	0.3758231261	0.5404785459	0.0008577173
0	0.0841912751	0.0170881385	0.0185025292	0.6483249207	0.2318931365
1	0.0256349835	0.2492874470	0.4790331383	0.1193742393	0.1266701919
0	0.0000369977	0.0750845724	0.0213237680	0.0050884446	0.8984662173
0	0.0000340610	0.2521397800	0.3088421906	0.2857764721	0.1532074963
0	0.0033311572	0.1773329371	0.6462014364	0.1685988235	0.0045356458
