1	0.5832055114	0.0520797621	0.0000032559	0.3647112903	0.0000001804
1	0.9998755113	0.0000260412	0.0000637411	0.0000003160	0.0000343904
1	0.4191008037	0.5081155381	0.0101227157	0.0004410851	0.0622198574
0	0.0497670932	0.0045946455	0.0000000000	0.9345633342	0.0110749271
1	0.3519893863	0.1187097233	0.4457989383	0.0343171576	0.0491847946
0	0.0000003545	0.1147429377	0.0154123939	0.4199762427	0.4498680713
2	0.2198888412	0.0843861657	0.0000000000	0.6957249931	0.0000000000
0	0.0064050418	0.0004591771	0.0000051972	0.8725679271	0.1205626567
0	0.1258188153	0.1033518005	0.0034219914	0.0491001632	0.7183072295
2	0.7445288165	0.2000804503	0.0000000000	0.0553907333	0.0000000000
0	0.0000894994	0.0437999602	0.0000038226	0.9318021339	0.0243045839
0	0.0013983577	0.0000000103	0.2296647214	0.0037109017	0.7652260089
1	0.0000003254	0.0077424890	0.0028531025	0.9890980725	0.0003060107
0	0.3885785589	0.0134689216	0.0001255160	0.5971363339	0.0006906696
0	0.0000000123	0.1136113936	0.0000000253	0.8841887826	0.0021997862
0	0.0000000058	0.4273476517	0.5698867003	0.0027656185	0.0000000237
1	0.2683450702	0.0026485091	0.0014089140	0.7275974283	0.0000000784
1	0.0002579640	0.6043554185	0.0000000000	0.3709221717	0.0244644459
0	0.0012057839	0.1895137647	0.0400938516	0.0239740980	0.7452125018
0	0.0000000000	0.3353155532	0.0435593724	0.1403384660	0.4807866084
0	0.2928846911	0.0002869640	0.0000000002	0.2828421282	0.4239862165
0	0.5324418708	0.3234776354	0.0794555730	0.0646217518	0.0000031690
0	0.0054703075	0.2342553210	0.0126443742	0.5210411846	0.2265888126
0	0.7218354660	0.0000552295	0.0094375439	0.2665693332	0.0021024273
0	0.0000034852	0.7233205361	0.1606614794	0.1160016706	0.0000128288
0	0.0002637605	0.0485715251	0.0002152999	0.6917873461	0.2591620684
1	0.0300728817	0.0642947789	0.0000001228	0.8127468132	0.0928854034
0	0.0013394471	0.5457004328	0.4012915974	0.0294918831	0.0221766396
2	0.0102425346	0.7761901769	0.0000000000	0.2135672885	0.0000000000
1	0.0885249446	0.1045631994	0.0012956311	0.8049699705	0.0006462544
0	0.0006598734	0.4487589595	0.1282305595	0.3257221529	0.0966284547
0	0.2432081913	0.0009365745	0.0056995813	0.4089515430	0.3412041099
0	0.1370601710	0.0000000000	0.2042176490	0.6581263535	0.0005958265
0	0.1031018772	0.4686779657	0.0052407702	0.3641451721	0.0588342147
0	0.1012202095	0.0000000008	0.0000000003	0.7730234212	0.1257563682
0	0.2211701745	0.5519219650	0.0000070871	0.1591259312	0.0677748422
0	0.5341607923	0.0000000000	0.0598958368	0.4017934931	0.0041498777
0	0.0011304877	0.1491174533	0.0580286127	0.2894269068	0.5022965395
1	0.8298083973	0.0558270399	0.0000789690	0.1142855938	0.0000000000
1	0.0000018481	0.5652372488	0.0002461541	0.3592596747	0.0752550744
1	0.7212957636	0.0788589831	0.0127469864	0.1870982669	0.0000000000
1	0.0350431995	0.2981252009	0.0000000000	0.6668314937	0.0000001059
1	0.0510417575	0.3809246266	0.1889661143	0.0766115692	0.3024559323
0	0.3301461781	0.1242279835	0.0001047800	0.3910096439	0.1545114144
1	0.1444413690	0.0396149790	0.0000000000	0.8158552816	0.0000883703
0	0.1022568871	0.7265864995	0.0973649325	0.0226154216	0.0511762593
1	0.2223971630	0.2174756806	0.1299050886	0.0460496174	0.3841724504
0	0.1544791982	0.0089430783	0.0825620141	0.7131788074	0.0408369021
0	0.4827048942	0.0000000000	0.0829652848	0.4343295318	0.0000002892
0	0.0031800421	0.0573269915	0.0869925767	0.1679203797	0.6845800100
0	0.0666844846	0.1763647066	0.1159446529	0.1733979076	0.4676082483
0	0.8072595646	0.1688510168	0.0000009538	0.0238871325	0.0000013324
0	0.0010591763	0.0000072126	0.0474629437	0.9240607024	0.0274099650
0	0.0027077984	0.0000000000	0.0654337843	0.0042339032	0.9276245141
1	0.0840723583	0.0057307758	0.0001606322	0.9100362338	0.0000000000
0	0.5452417349	0.0297052174	0.3685034062	0.0482952815	0.0082543601
0	0.0183270993	0.0000773150	0.9051029054	0.0009839514	0.0755087289
0	0.0034012175	0.4292354437	0.3498558363	0.1964771783	0.0210303242
0	0.0000013606	0.1713603352	0.4592379054	0.2674302917	0.1019701072
0	0.0706556209	0.0425453948	0.1303911887	0.3885547782	0.3678530175
0	0.7260754671	0.0043038709	0.0000005982	0.0444750611	0.2251450027
0	0.0377686899	0.3018085021	0.0524515895	0.3147586055	0.2932126129
1	0.0001806621	0.0149768805	0.0004523636	0.9718491885	0.0125409054
0	0.0281032998	0.0000000268	0.1117818375	0.0047135199	0.8554013160
0	0.0055537382	0.1626910635	0.5193960124	0.2495036940	0.0628554919
1	0.3502551398	0.1382951493	0.4211837503	0.0902659606	0.0000000000
0	0.2464249855	0.4438520823	0.0008538278	0.2487473081	0.0601217964
0	0.0031240139	0.0000000000	0.0000000000	0.7825752696	0.2143007165
1	0.1516336318	0.5115021337	0.0002336264	0.3366306081	0.0000000000
0	0.4589948769	0.0005635268	0.0002067706	0.5310323515	0.0092024741
1	0.3679152300	0.2226320825	0.3193697223	0.0876123665	0.0024705988
1	0.0009275261	0.5048604353	0.0000782166	0.4941131266	0.0000206954
0	0.0578605765	0.0286084568	0.0182944356	0.0000000000	0.8952365310
2	0.0177546570	0.7354405470	0.0000000000	0.2468047960	0.0000000000
0	0.0003618268	0.0000000712	0.0715523532	0.9044395893	0.0236461594
0	0.0140639453	0.8425042241	0.0000000486	0.1434317820	0.0000000000
0	0.0000000000	0.6320380913	0.1690775734	0.0095473240	0.1893370113
1	0.0007090221	0.9173914851	0.0000000682	0.0818994244	0.0000000002
1	0.3199804518	0.5281965319	0.0089356380	0.1428873782	0.0000000000
0	0.0456864415	0.0000049060	0.0118355955	0.9056331904	0.0368398667
0	0.0572727704	0.0124697183	0.0247930903	0.0041367309	0.9013276901
0	0.0045758902	0.0000000000	0.4642160887	0.5311946167	0.0000134044
0	0.5765296341	0.0714628066	0.0106938963	0.1960595929	0.1452540701
1	0.0000000000	0.4279908203	0.5152904541	0.0567187256	0.0000000000
1	0.0000052325	0.9999802969	0.0000139915	0.0000004242	0.0000000549
1	0.0463684695	0.2175430295	0.0245513013	0.7115371997	0.0000000000
1	0.4577643813	0.3193142304	0.0004813717	0.0221163713	0.2003236453
0	0.7010335913	0.0003065895	0.0027367519	0.2959200543	0.0000030130
0	0.0404586026	0.0097682091	0.0087887380	0.8954556578	0.0455287925
0	0.0220776136	0.0001844348	0.2696581442	0.7079833653	0.0000964421
1	0.0129729513	0.1054809795	0.1259849660	0.7555462058	0.0000148973
0	0.2673404806	0.0168877939	0.0013311421	0.1324181649	0.5820224186
1	0.9118899834	0.0000371830	0.0182674644	0.0086169453	0.0611884239
1	0.0464907253	0.7324394747	0.0004649456	0.2206048539	0.0000000005
1	0.6531420663	0.0578031990	0.0000000000	0.2890481504	0.0000065844
0	0.0383609246	0.0005213172	0.2043867570	0.7566179742	0.0001130269
0	0.0330762978	0.8258109322	0.0391350004	0.1019415049	0.0000362647
0	0.0217399390	0.1367210622	0.0000000000	0.0906682197	0.7508707791
0	0.0007035922	0.0005645860	0.0066654254	0.1935561190	0.7985102774
0	0.7077059456	0.0000000000	0.0000000000	0.0393877208	0.2529063336
