0	0.0119420173	0.0001749125	0.0000000000	0.3033895950	0.6844934752
0	0.1015379006	0.0028659420	0.0952033590	0.6242319899	0.1761608085
0	0.1895586199	0.0445206362	0.1490379094	0.4162525883	0.2006302462
0	0.4210159372	0.4860269350	0.0122334185	0.0773741002	0.0033496091
0	0.0108929228	0.0005156635	0.0000000000	0.7937777683	0.1948136454
0	0.0632013132	0.0433319237	0.2039912972	0.6147340391	0.0747414267
1	0.0295094315	0.7622216417	0.0334047835	0.1748641432	0.0000000000
0	0.0167746533	0.0086822835	0.1549486685	0.7527451870	0.0668492076
0	0.4005543304	0.0023183922	0.0042484836	0.5272764716	0.0656023222
0	0.0729075352	0.0093226226	0.0463268713	0.0224481811	0.8489947898
0	0.0001893715	0.0150921561	0.7044293120	0.2300306505	0.0502585100
0	0.7848929305	0.0000000000	0.0000000000	0.0002398389	0.2148672306
0	0.2271753665	0.0000004862	0.3262767283	0.0750247012	0.3715227178
1	0.2051814290	0.0131912614	0.2300832414	0.5498448496	0.0016992187
0	0.0049477791	0.1377578541	0.0887932683	0.2079446966	0.5605564019
1	0.0289156332	0.0412288060	0.0000110531	0.9296879298	0.0001565779
1	0.0000000000	0.0014109072	0.0000481195	0.0241413241	0.9743996492
1	0.0000012239	0.1929380440	0.7774298063	0.0296309259	0.0000000000
0	0.0051829482	0.0000000000	0.0041797548	0.9906111606	0.0000261364
1	0.0000000284	0.2688764907	0.0348158603	0.6963076206	0.0000000000
0	0.0405189983	0.5894302061	0.0825344093	0.2517196908	0.0357966955
0	0.0035567450	0.6460572420	0.2620799570	0.0857419303	0.0025641258
1	0.0097736002	0.8502616230	0.1399404987	0.0000000000	0.0000242781
1	0.0407360149	0.0478173128	0.0000001068	0.9114465580	0.0000000075
0	0.0046011723	0.0044149821	0.0526158364	0.9375585896	0.0008094195
0	0.2072129301	0.0079911533	0.1156150834	0.6249290668	0.0442517664
1	0.2858071828	0.7134364512	0.0000008277	0.0004948611	0.0002606772
0	0.0325422069	0.0001834771	0.0413909302	0.9071468824	0.0187365033
1	0.0000000000	0.7505904576	0.1402472579	0.1091622761	0.0000000085
0	0.0017854859	0.0057228810	0.0176347972	0.9506756339	0.0241812020
0	0.9401930270	0.0036439439	0.0249493182	0.0093077957	0.0219059151
0	0.0011820790	0.0000010619	0.0000002953	0.9977323357	0.0010842281
0	0.2383724014	0.0000000000	0.0737936900	0.4016460131	0.2861878954
1	0.4726070161	0.0512234408	0.3770784087	0.0855964107	0.0134947237
1	0.2300809421	0.6361488241	0.0317051445	0.1020650893	0.0000000000
0	0.5372789698	0.1615522284	0.0000000000	0.2717692597	0.0293995421
0	0.6678929409	0.0713881646	0.2351814314	0.0100749471	0.0154625160
0	0.0476436718	0.1170181096	0.3046507524	0.0146788555	0.5160086108
0	0.0000000001	0.0863054042	0.0000000051	0.9135199273	0.0001746633
0	0.3499038093	0.0001268454	0.0000771284	0.6468310374	0.0030611796
1	0.0271275565	0.0012878947	0.1006019457	0.8707898882	0.0001927149
0	0.2538785541	0.0000027360	0.5237185472	0.2160323432	0.0063678195
1	0.4773889045	0.0161577762	0.4060110213	0.0995331497	0.0009091483
0	0.2346240865	0.0006861650	0.0241315122	0.6476054007	0.0929528357
0	0.0121822674	0.0333450338	0.3700931818	0.5837772770	0.0006022400
1	0.7104129077	0.2871392842	0.0010370032	0.0014108050	0.0000000000
0	0.0065180035	0.0000000000	0.0205030011	0.9467189399	0.0262600554
0	0.4068602951	0.0000000008	0.1348833464	0.4024161835	0.0558401742
0	0.0000000000	0.0000000000	0.0000595911	0.9991495408	0.0007908680
0	0.2349785250	0.4201812977	0.0000275421	0.2473983793	0.0974142559
0	0.0330422249	0.0000000748	0.1646788088	0.4662730476	0.3360058438
0	0.1050553667	0.0192896787	0.0123110067	0.3117076639	0.5516362840
1	0.9606651727	0.0040233552	0.0063621782	0.0289429784	0.0000063153
1	0.1099949999	0.4949302390	0.0015824501	0.3934923006	0.0000000104
0	0.6667688831	0.0000000000	0.0564497215	0.1499158533	0.1268655420
1	0.8659248799	0.0006607448	0.0000194547	0.1333949205	0.0000000001
1	0.4741641644	0.1029801153	0.0000000033	0.4228557170	0.0000000000
1	0.0036426466	0.0313496028	0.0000422800	0.9649654705	0.0000000001
0	0.3454069943	0.2832860917	0.3318588399	0.0011335069	0.0383145671
0	0.0010271686	0.0013575065	0.0000888750	0.9942547972	0.0032716528
1	0.0325688933	0.0037568179	0.0000000000	0.9636742887	0.0000000000
0	0.0786841863	0.0000000000	0.0560019492	0.0272512257	0.8380626389
0	0.2177181310	0.0004850210	0.5938051513	0.0093416539	0.1786500429
1	0.0047283659	0.7162070360	0.1014232709	0.1774804948	0.0001608324
0	0.2168439023	0.0343678020	0.0001494539	0.0000000000	0.7486388418
2	0.8877132582	0.0166269963	0.0040897421	0.0915700034	0.0000000000
0	0.2515262670	0.0004383917	0.1660495466	0.5819857946	0.0000000000
1	0.7145222685	0.0254081366	0.0000000011	0.2599126877	0.0001569061
0	0.0000000015	0.0000000000	0.0034398314	0.3102322899	0.6863278771
1	0.0000678163	0.6089618676	0.0242284024	0.3667419137	0.0000000000
0	0.0642267452	0.0114948883	0.0202896200	0.8874264720	0.0165622744
1	0.0510496181	0.9385607244	0.0000000000	0.0000007054	0.0103889521
1	0.4382263388	0.2864880902	0.2752854857	0.0000000853	0.0000000000
1	0.1062652869	0.6270136788	0.0030698344	0.0519708479	0.2116803520
1	0.8869768682	0.0000000607	0.0000000000	0.1129631103	0.0000599607
1	0.0170983729	0.1441330902	0.3330903169	0.0455612227	0.4601169973
0	0.0364659168	0.0000000000	0.0406612298	0.2668054809	0.6560673726
0	0.0000331856	0.0000000218	0.0347236627	0.4998894204	0.4653537095
0	0.7550476413	0.0000000000	0.0551675357	0.0066219867	0.1831628363
0	0.1387810328	0.2457950736	0.0000109954	0.3299186677	0.2854942304
0	0.0979736499	0.0627837462	0.0038951909	0.2560221948	0.5793252182
0	0.0291361094	0.0000000000	0.0000000086	0.4478220407	0.5230418414
1	0.5438472038	0.0157760557	0.0024069087	0.3326659821	0.1053038497
0	0.0594555604	0.0237854491	0.0097555219	0.7611294691	0.1458739994
0	0.9999832076	0.0000163835	0.0000003958	0.0000000129	0.0000000003
1	0.3547652081	0.5969464886	0.0000232413	0.0474151241	0.0008499379
1	0.2077073468	0.4296071693	0.0266824203	0.3360030636	0.0000000000
0	0.3155807997	0.0107473714	0.0020939702	0.1620180289	0.5095598298
1	0.0008730131	0.4009301312	0.0000021934	0.4097141789	0.1884804834
1	0.2845218842	0.0034458255	0.0000882177	0.7036500461	0.0082940264
1	0.1014033247	0.1289248326	0.0011220876	0.6515960381	0.1169537169
0	0.0576010348	0.0818554470	0.0000000000	0.4453698830	0.4151736351
0	0.0269488074	0.0616242173	0.0000000000	0.8127596668	0.0986673085
0	0.4783692586	0.0312383469	0.0495164647	0.3442792375	0.0965966924
1	0.1382946138	0.3884723217	0.2441651158	0.2290679487	0.0000000000
0	0.0117741851	0.0000257232	0.0843239253	0.8550515331	0.0488246333
0	0.7631351362	0.0607061961	0.0761642224	0.0999940635	0.0000003818
0	0.9246834699	0.0137770850	0.0032636428	0.0294864642	0.0287893380
0	0.5050716258	0.0000000000	0.3529045948	0.1416411425	0.0003826368
0	0.1293552943	0.1721111504	0.0839826126	0.6145509427	0.0000000000
