0	0.0492935352	0.0010724333	0.3552977378	0.0096560439	0.5846802497
2	0.0048460349	0.0188891559	0.9240356070	0.0437062962	0.0085229060
1	0.0014680153	0.0063355719	0.9769722640	0.0120463299	0.0031778190
1	0.0877929324	0.1733244232	0.6186924322	0.0984669343	0.0217232778
0	0.0000000008	0.1174565981	0.4272783592	0.4552646425	0.0000003994
0	0.0370250606	0.2334576980	0.1043088051	0.6252084362	0.0000000000
0	0.2638956921	0.2792048633	0.3160226936	0.1171223238	0.0237544273
2	0.0006829055	0.0118742296	0.9865263032	0.0009001718	0.0000163900
1	0.0000000000	0.0581483329	0.5229365353	0.4109399145	0.0079752173
1	0.0000000842	0.0055152301	0.6654266472	0.2732818972	0.0557761413
0	0.0598996646	0.7823888435	0.1424183439	0.0018033021	0.0134898458
0	0.0231721462	0.2095998214	0.0005869099	0.6587112021	0.1079299203
0	0.2264559480	0.1946076275	0.0944227116	0.4841677432	0.0003459697
0	0.1582617700	0.4884814014	0.0205451303	0.3140583924	0.0186533060
1	0.1505756369	0.0271561139	0.7409208051	0.0119756514	0.0693717928
0	0.0000003529	0.1140877669	0.1514838233	0.3000725807	0.4343554762
0	0.4585347121	0.0049830318	0.3189855181	0.2174967380	0.0000000000
0	0.1164526182	0.0977852816	0.5245360894	0.1897176216	0.0715083892
1	0.0176194932	0.5568752158	0.4007154913	0.0002254874	0.0245643123
0	0.3264043191	0.0063559779	0.0583407633	0.5749272347	0.0339717050
0	0.0772588172	0.0000007291	0.2841242128	0.1038601990	0.5347560419
2	0.0000111305	0.0000000059	0.9999888532	0.0000000095	0.0000000010
0	0.0715320840	0.8709606238	0.0052242809	0.0519027755	0.0003802359
0	0.2426903130	0.5691630212	0.0238996535	0.0164217569	0.1478252555
1	0.0822821345	0.0231453975	0.7874051677	0.0000001720	0.1071671284
0	0.0000000029	0.0001267121	0.4710888029	0.5287589554	0.0000255266
0	0.6016517319	0.0726212258	0.0098259993	0.3159010430	0.0000000000
0	0.0000976740	0.0234358361	0.9470774123	0.0000000028	0.0293890749
0	0.0506674544	0.2139631475	0.0184111109	0.6201746740	0.0967836132
0	0.0000000000	0.1147210272	0.2269891093	0.3868411809	0.2714486826
1	0.0087853807	0.0180324477	0.9611554849	0.0017307693	0.0102959174
1	0.0205243028	0.0107417084	0.9556367003	0.0125947445	0.0005025440
0	0.0192753673	0.9462626586	0.0282685245	0.0052510123	0.0009424373
0	0.2536421480	0.0492288661	0.4958517115	0.1988293649	0.0024479095
0	0.0279050263	0.1231546121	0.8271228413	0.0218174975	0.0000000229
1	0.0000007286	0.1319279102	0.8465545508	0.0004498338	0.0210669766
0	0.0354892875	0.1454043728	0.7605300040	0.0580705284	0.0005058073
0	0.0928215224	0.5340095030	0.1783442799	0.0320914594	0.1627332353
0	0.0000000000	0.1852992896	0.0962956024	0.7184051079	0.0000000001
0	0.0594678993	0.2639267629	0.1177417878	0.5588187043	0.0000448456
0	0.1420159920	0.0049780863	0.6696448063	0.1833611153	0.0000000000
2	0.0022321472	0.0000403525	0.9976943619	0.0000000005	0.0000331379
0	0.0000006239	0.6847324412	0.3149383314	0.0000002208	0.0003283827
1	0.0831710419	0.0134400925	0.8881716560	0.0152075709	0.0000096387
0	0.7482891981	0.0000172395	0.2422932665	0.0021393173	0.0072609786
1	0.0970337279	0.8337528120	0.0654100518	0.0000630894	0.0037403190
0	0.0365014364	0.0421931166	0.0130602800	0.8481923495	0.0600528176
0	0.0236454708	0.0658179417	0.3517833683	0.5074230405	0.0513301787
0	0.0249136450	0.3506102968	0.1691444549	0.2036305648	0.2517010385
1	0.0000030555	0.0403768298	0.9210927316	0.0087145451	0.0298128380
0	0.0151732823	0.4779165959	0.0411296776	0.3756014179	0.0901790263
0	0.0210789839	0.0083208922	0.7920238491	0.1571917749	0.0213844999
0	0.1465736433	0.0017577897	0.3369613130	0.5138047308	0.0009025232
1	0.1202521231	0.5147191072	0.3413260728	0.0237026969	0.0000000000
1	0.0132195266	0.0782459548	0.8185539360	0.0090912033	0.0808893793
0	0.0030153227	0.0009002677	0.0716642307	0.8069969560	0.1174232229
0	0.0014280323	0.3899701371	0.4174838704	0.0437196758	0.1473982844
1	0.0403827985	0.2514463475	0.5969750276	0.0549195487	0.0562762778
0	0.7027742885	0.1330385206	0.0447071187	0.0845978753	0.0348821970
0	0.0000059588	0.0079107623	0.0010146665	0.9100426056	0.0810260068
1	0.0337385130	0.0029660249	0.9126647689	0.0337436603	0.0168870329
0	0.0000220668	0.9258165517	0.0290427193	0.0176339282	0.0274847340
0	0.2549745285	0.4562456953	0.2608671259	0.0000000033	0.0279126470
0	0.0818379559	0.4599041179	0.0002190654	0.4435910195	0.0144478412
1	0.0282390227	0.1934585384	0.7570076888	0.0000000398	0.0212947104
1	0.0056398617	0.0135127104	0.5738917978	0.2618200305	0.1451355996
0	0.0847129540	0.0052081561	0.5941443928	0.3159314035	0.0000030936
0	0.2058687879	0.1250400470	0.5792087779	0.0838177256	0.0060646616
0	0.0005221563	0.5536243417	0.0377145309	0.2710311032	0.1371078679
1	0.0004124430	0.0276575821	0.9443919656	0.0024766723	0.0250613370
1	0.0077165349	0.0124373604	0.9010828929	0.0003064744	0.0784567374
0	0.9002625078	0.0095663198	0.0901691949	0.0000019774	0.0000000000
0	0.0307425039	0.7120383489	0.2283495510	0.0281090446	0.0007605515
0	0.0000000000	0.2479066889	0.4599803346	0.1450241228	0.1470888537
0	0.2987163338	0.1886453732	0.1573929957	0.3092939217	0.0459513756
0	0.0082494904	0.0485525751	0.0015622113	0.9416353137	0.0000004094
0	0.4718044433	0.0448374907	0.2381729113	0.1817059047	0.0634792499
1	0.0075026831	0.0662125930	0.6000726395	0.3249131119	0.0012989726
1	0.0104956538	0.0885872627	0.7574823591	0.1396834190	0.0037513054
0	0.0915554922	0.3979564336	0.4289276253	0.0239340902	0.0576263588
0	0.0028146112	0.7676662782	0.0248420520	0.1385139106	0.0661631480
0	0.0000020482	0.7900824342	0.1069343663	0.0976669032	0.0053142480
0	0.0044812316	0.6076184979	0.3878979909	0.0000022771	0.0000000025
0	0.0152948852	0.6575120604	0.2608233820	0.0134299391	0.0529397333
0	0.0024879764	0.5951733392	0.2170334875	0.1853051970	0.0000000000
1	0.0094131467	0.0240843438	0.9602824316	0.0038110411	0.0024090368
1	0.1272351107	0.0891147369	0.6995719263	0.0821783646	0.0018998614
0	0.0035485241	0.1007003397	0.1693511488	0.5522979646	0.1741020227
0	0.0000000129	0.2916036641	0.3077252064	0.3468083627	0.0538627539
0	0.0334663491	0.6280472861	0.0691975381	0.2635366707	0.0057521560
0	0.2257347658	0.1250570574	0.0584842865	0.4615956921	0.1291281982
1	0.3074586960	0.4209147682	0.2370724472	0.0231423933	0.0114116954
1	0.0386517461	0.0000000000	0.9502401242	0.0111006370	0.0000074927
0	0.0018908006	0.3521463340	0.5881846990	0.0575921792	0.0001859872
0	0.0000311892	0.8274195791	0.1163872854	0.0561155636	0.0000463828
0	0.0002362090	0.6934478312	0.0006662068	0.0183435633	0.2873061897
0	0.0000000001	0.0320491002	0.1861526224	0.1062315246	0.6755667527
0	0.0232634630	0.1505085316	0.5766193861	0.2490612485	0.0005473709
0	0.0830291663	0.6080943386	0.0128197874	0.2069974488	0.0890592589
0	0.0007612746	0.0053385973	0.5506566775	0.2154151151	0.2278283354
