0	0.0000898361	0.2563061933	0.1320662186	0.6115021949	0.0000355571
1	0.5253634792	0.0033673274	0.0000115743	0.4557626461	0.0154949731
0	0.0000004246	0.0333706745	0.9351729185	0.0314559819	0.0000000005
0	0.0000441330	0.2688908147	0.0000004311	0.0000000000	0.7310646211
0	0.9235779271	0.0131330879	0.0128411842	0.0081036683	0.0423441325
2	0.4864603513	0.0068941049	0.4009831176	0.0873892063	0.0182732199
0	0.0001639135	0.4786373760	0.3979406371	0.0750000899	0.0482579836
0	0.0013064525	0.0856561946	0.0046731025	0.8426234920	0.0657407583
0	0.1775371145	0.0587764883	0.0115396455	0.0249617636	0.7271849881
0	0.0023717407	0.0000043720	0.9767472421	0.0000001329	0.0208765124
