0	0.0415094491	0.2468213605	0.3003412707	0.1573491722	0.2539787475
0	0.0001035408	0.3955183888	0.0220794057	0.5330979064	0.0492007583
0	0.0020260744	0.2392314518	0.0000000000	0.7562689863	0.0024734875
1	0.3689942270	0.1089259839	0.2253232127	0.0006732247	0.2960833517
2	0.0008769522	0.7002324664	0.0708422929	0.0000011387	0.2280471498
0	0.1285154288	0.1171806617	0.6767330791	0.0014925763	0.0760782541
0	0.2252972706	0.0000007776	0.2629054500	0.2640672897	0.2477292121
0	0.0245988951	0.0913400387	0.0026526234	0.8466828972	0.0347255456
0	0.4811808843	0.0025955978	0.5130267973	0.0025383985	0.0006583221
0	0.1036434821	0.2179761686	0.2139760533	0.3924313288	0.0719729672
