0	0.0011651367	0.0009058262	0.0022303997	0.1533192935	0.8423793439
0	0.7921786743	0.0000651293	0.0000054394	0.1496312353	0.0581195217
0	0.0000000000	0.1679016916	0.0001613762	0.2647960853	0.5671408470
0	0.0328997706	0.2094735373	0.6725645461	0.0000000485	0.0850620974
0	0.0368928725	0.3147427579	0.6464012122	0.0000000009	0.0019631564
0	0.0481144230	0.4222528428	0.3006149941	0.1722721363	0.0567456038
1	0.2558759879	0.0000000000	0.7181045734	0.0019918445	0.0240275942
0	0.0245354671	0.0005463002	0.0135386639	0.0585871812	0.9027923876
0	0.0263323770	0.3248877087	0.4694383589	0.0050977832	0.1742437722
2	0.3230473824	0.6134700915	0.0036330939	0.0000000000	0.0598494322
