0	0.1195638677	0.0000000086	0.1043262692	0.7139924842	0.0621173702
2	0.0084564193	0.0285515829	0.0043156471	0.2494959158	0.7091804349
0	0.0546655205	0.1914095728	0.3003999594	0.4535249473	0.0000000000
0	0.0805607625	0.0132032965	0.0197241534	0.7354454011	0.1510663864
0	0.0056824922	0.3687539926	0.0456872448	0.5798745528	0.0000017175
0	0.0000056523	0.2921518804	0.2404938352	0.1165380871	0.3508105450
0	0.0121732428	0.5138910436	0.1542430801	0.3133791387	0.0063134948
0	0.4650960757	0.1204460574	0.3607955265	0.0083637198	0.0452986206
1	0.0043652953	0.0021361741	0.0011546861	0.9726391625	0.0197046819
0	0.0003951743	0.0008371061	0.3720373162	0.4936074593	0.1331229441
