0	0.0035994333	0.4333233471	0.4437212779	0.0054201927	0.1139357490
0	0.1229482040	0.5303186772	0.1256884080	0.0678890385	0.1531556723
0	0.0008231943	0.0152626730	0.8343343451	0.0021727753	0.1474070124
0	0.1750712044	0.3296043116	0.0000026322	0.3515667161	0.1437551357
0	0.1830507857	0.0000181837	0.7995982561	0.0173327742	0.0000000002
0	0.0049079960	0.6883050973	0.0647530920	0.2303332486	0.0117005662
2	0.0000152979	0.0117721795	0.9881716276	0.0000382427	0.0000026523
0	0.0000004499	0.0000000000	0.0501954009	0.9460609189	0.0037432304
1	0.0596385729	0.0389846291	0.3306062163	0.5506468176	0.0201237641
0	0.2539534236	0.0005255789	0.2323966527	0.3920654060	0.1210589388
