0	0.3062967660	0.5346253819	0.0000000126	0.1497741568	0.0093036826
1	0.0000055501	0.0012550001	0.6913018389	0.2941042593	0.0133333516
0	0.1287757392	0.0525119155	0.3431045430	0.3640002122	0.1116075901
0	0.0068239000	0.0000110773	0.7124132230	0.2795884538	0.0011633458
2	0.0007760960	0.0009783462	0.9969446217	0.0012338849	0.0000670513
0	0.0700966913	0.2397593786	0.2460384511	0.0399421634	0.4041633156
0	0.0065872850	0.8620917087	0.0077859228	0.0139142083	0.1096208752
0	0.3449324602	0.1723256764	0.1334747742	0.2721348518	0.0771322374
0	0.3182492526	0.2933014281	0.3548531297	0.0335961895	0.0000000001
0	0.0495046766	0.1718292650	0.0000000122	0.7337843981	0.0448816481
