2	0.0000013166	0.0453605177	0.8658029547	0.0887460780	0.0000891330
0	0.1297663412	0.6178441705	0.1790988793	0.0468856759	0.0264049330
0	0.0000824695	0.0778039903	0.9197978281	0.0023150310	0.0000006812
0	0.0402300571	0.2428424186	0.5011509339	0.0002808606	0.2154957298
1	0.0745981942	0.3134014076	0.5654050680	0.0434258081	0.0031695222
0	0.4133838102	0.4428361989	0.0102507466	0.0173264876	0.1162027567
0	0.2876568077	0.0425936838	0.0171639890	0.6525770197	0.0000084998
0	0.5957678619	0.0001299354	0.0969077444	0.1749564731	0.1322379852
0	0.4267330058	0.0212978501	0.0254915676	0.0958123922	0.4306651844
0	0.1929874156	0.0000357046	0.2244702996	0.5825065316	0.0000000486
