0	0.1748456484	0.3209877145	0.2006482181	0.0000000164	0.3035184027
0	0.4564468549	0.0380294727	0.5055229393	0.0000007332	0.0000000000
2	0.0014461558	0.1362228872	0.8463926471	0.0159383099	0.0000000000
0	0.0429529253	0.0208526737	0.0000371647	0.0000661552	0.9360910811
0	0.0000000000	0.0000000008	0.3156205370	0.0013966868	0.6829827755
0	0.1167039903	0.0026856352	0.1420393597	0.2365271276	0.5020438872
0	0.3077689297	0.0042791022	0.3312214090	0.0132478781	0.3434826810
1	0.0651186346	0.0751404088	0.8414238171	0.0001453672	0.0181717723
0	0.0086758884	0.0000002458	0.6362499022	0.3550001580	0.0000738055
0	0.0031387377	0.0752332866	0.0678307184	0.2435139310	0.6102833263
