0	0.8337182668	0.1662817332	0.0000000000
0	0.0244530822	0.0110333206	0.9645135972
0	0.4086110798	0.0828456654	0.5085432548
0	0.1821373017	0.0021836059	0.8156790924
0	0.5780441619	0.0394088824	0.3825469557
0	0.3977499381	0.6022500619	0.0000000000
1	0.2070209716	0.5773139701	0.2156650583
1	0.5930178852	0.2974680108	0.1095141041
0	0.4385154681	0.0000001142	0.5614844177
0	0.0018060356	0.1425696514	0.8556243130
0	0.1292893569	0.1302945605	0.7404160827
0	0.0000012664	0.6317336362	0.3682650974
0	0.7540690736	0.0005626697	0.2453682567
0	0.0000000000	0.7441575884	0.2558424116
0	0.2765888470	0.0024565631	0.7209545899
1	0.7273891946	0.2411836107	0.0314271947
0	0.7244195343	0.1721704226	0.1034100432
0	0.0840605176	0.0000403924	0.9158990900
1	0.0000000000	0.9981504697	0.0018495303
0	0.0958331804	0.9041668196	0.0000000000
0	0.8297084071	0.0919167240	0.0783748689
0	0.9949880538	0.0000421428	0.0049698034
0	0.0379006814	0.2239179495	0.7381813691
0	0.4185842582	0.5734920375	0.0079237043
0	0.5578263061	0.4421736939	0.0000000000
0	0.8735656082	0.0334796991	0.0929546927
0	0.7346632318	0.2653219477	0.0000148205
0	0.1466078061	0.8533921920	0.0000000019
0	0.0050263797	0.0010094509	0.9939641694
0	0.3710126540	0.5144202119	0.1145671342
0	0.4919096596	0.3711597774	0.1369305630
0	0.9559068049	0.0030196280	0.0410735671
0	0.0021713451	0.0000000000	0.9978286549
0	0.0000000000	0.9439810779	0.0560189221
0	0.1193973587	0.8563815728	0.0242210684
0	0.9258174584	0.0000000000	0.0741825416
1	0.2117350406	0.7103601023	0.0779048572
0	0.1466325473	0.0506966017	0.8026708510
0	0.0979528191	0.8497028971	0.0523442838
1	0.5872760673	0.2069049387	0.2058189941
1	0.2004855147	0.1134524125	0.6860620728
0	0.0965224673	0.8880058530	0.0154716798
0	0.2086053281	0.0095117844	0.7818828875
0	0.0623576654	0.0000000000	0.9376423346
0	0.1733591653	0.3503867128	0.4762541219
0	0.4461104477	0.0193413184	0.5345482339
0	0.9999162758	0.0000000000	0.0000837242
2	0.5549717514	0.0486619228	0.3963663258
0	0.2247232952	0.0888928247	0.6863838802
0	0.3632817294	0.5223415107	0.1143767598
0	0.0425083414	0.9480399178	0.0094517408
0	0.3675962560	0.4666663850	0.1657373590
0	0.7980143270	0.1454771741	0.0565084988
0	0.0059777926	0.1380928741	0.8559293334
0	0.5521067192	0.0000155206	0.4478777602
0	0.0017234554	0.1971774093	0.8010991353
0	0.0444933738	0.0000739330	0.9554326933
0	0.7324165132	0.0226436563	0.2449398305
0	0.0247274815	0.0624937231	0.9127787954
0	0.1980540906	0.5133970030	0.2885489064
0	0.2356399202	0.0000000000	0.7643600798
0	0.0589052355	0.9410767894	0.0000179751
0	0.0652345662	0.7165393367	0.2182260971
0	0.0480380679	0.1383584375	0.8136034946
0	0.0009807781	0.9381355779	0.0608836439
0	0.5021021190	0.4662304596	0.0316674215
0	0.4760727073	0.1863360925	0.3375912002
0	0.1157212914	0.7477402621	0.1365384465
0	0.8458860185	0.0062164096	0.1478975719
0	0.2210052538	0.2379763617	0.5410183844
0	0.0871366440	0.2959467408	0.6169166152
0	0.0014900297	0.3374015997	0.6611083706
0	0.2981459131	0.7018540188	0.0000000681
0	0.7554401467	0.2441847135	0.0003751398
0	0.9948056281	0.0042189915	0.0009753804
0	0.1922601304	0.0067760266	0.8009638430
0	0.6818482169	0.0000000000	0.3181517831
0	0.0022158989	0.0434212811	0.9543628201
0	0.6551532654	0.2105894552	0.1342572794
0	0.0001627986	0.0497778755	0.9500593258
0	0.0219198785	0.0889670022	0.8891131193
0	0.0163726340	0.6094130891	0.3742142769
1	0.1042678026	0.0000015397	0.8957306577
1	0.1449196513	0.3232203682	0.5318599805
0	0.4269092743	0.3604477939	0.2126429318
0	0.3672036365	0.5915493165	0.0412470470
0	0.1875157959	0.0257396296	0.7867445746
0	0.7228623583	0.2675591523	0.0095784894
0	0.0178742186	0.4998376025	0.4822881789
0	0.4030683423	0.2788330468	0.3180986110
0	0.0998782918	0.0000000002	0.9001217080
0	0.0225286579	0.3830148063	0.5944565357
0	0.0000000053	0.0232937012	0.9767062935
0	0.0251125404	0.9051975872	0.0696898724
0	0.1356089745	0.6517670381	0.2126239873
0	0.3882147807	0.6081601895	0.0036250298
0	0.8763188905	0.0296485533	0.0940325562
1	0.9658460905	0.0182226085	0.0159313010
0	0.6458140707	0.0218491059	0.3323368233
0	0.2675541191	0.6147830043	0.1176628765
