0	0.0000000003	0.0121011454	0.9878988543
0	0.0380772014	0.9619127817	0.0000100169
0	0.2636850987	0.0004443781	0.7358705233
0	0.0134187114	0.0087857358	0.9777955528
0	0.3131562496	0.0120208131	0.6748229373
0	0.0005481608	0.2053626849	0.7940891543
0	0.0000000000	0.1692285318	0.8307714682
0	0.1954943364	0.2854621054	0.5190435582
0	0.7378965611	0.0008525977	0.2612508413
0	0.0427182836	0.0411489191	0.9161327973
0	0.0000417711	0.7738510427	0.2261071863
0	0.0022760768	0.7609655326	0.2367583907
0	0.0188848153	0.9474056285	0.0337095562
1	0.9983969947	0.0015890355	0.0000139698
0	0.1969886500	0.4586248826	0.3443864674
0	0.0005679376	0.4804401384	0.5189919240
0	0.0167062090	0.9229201975	0.0603735935
0	0.9825478060	0.0151811235	0.0022710705
1	0.0000002278	0.0000275364	0.9999722358
1	0.0235647922	0.5899991196	0.3864360882
1	0.0000986587	0.9267346301	0.0731667111
0	0.5385073933	0.3756952562	0.0857973505
0	0.0875783853	0.0095215959	0.9029000188
0	0.2667242473	0.7128246984	0.0204510542
0	0.0096172345	0.0000000000	0.9903827655
0	0.0189472720	0.3575546899	0.6234980380
0	0.9800035098	0.0196968685	0.0002996216
0	0.1893473288	0.3855374648	0.4251152065
0	0.0010692989	0.0775725225	0.9213581786
0	0.0306820781	0.9693179219	0.0000000000
0	0.0092056906	0.9808087552	0.0099855542
0	0.0000000000	0.0012481502	0.9987518498
0	0.0068488324	0.2350002716	0.7581508961
0	0.3704090391	0.1021856502	0.5274053107
1	0.0004886710	0.9735623701	0.0259489589
0	0.0000000000	0.7155278577	0.2844721423
0	0.7518714169	0.2479157180	0.0002128651
0	0.0000000000	0.9971414871	0.0028585128
0	0.0168560224	0.9467846907	0.0363592869
0	0.3529446888	0.5671621119	0.0798931993
0	0.0022659561	0.5367525688	0.4609814751
0	0.0348846226	0.0124841040	0.9526312734
0	0.4098873814	0.1809441889	0.4091684296
0	0.0873859000	0.8444786825	0.0681354176
0	0.4568877694	0.1168546883	0.4262575422
0	0.0690299764	0.0077257708	0.9232442528
0	0.0343194348	0.0001856314	0.9654949338
0	0.3381985332	0.5002249093	0.1615765575
0	0.0000047797	0.3438481664	0.6561470539
0	0.0000000000	0.5196786043	0.4803213957
0	0.0000011735	0.0019895243	0.9980093022
0	0.0565791510	0.0040908215	0.9393300276
0	0.0004413858	0.1234176058	0.8761410084
1	0.9674704829	0.0238139729	0.0087155442
0	0.6051273266	0.1512056733	0.2436670001
0	0.0009890015	0.0214831934	0.9775278051
0	0.0324913016	0.5782522184	0.3892564800
1	0.2122611395	0.0000000000	0.7877388605
0	0.8126258931	0.0646062266	0.1227678803
0	0.0029484694	0.9970515306	0.0000000000
0	0.0000000310	0.0000094898	0.9999904791
0	0.2739727242	0.0207172399	0.7053100359
0	0.2073535938	0.3865503913	0.4060960149
1	0.0227030029	0.1583050358	0.8189919613
0	0.0289759904	0.1180289783	0.8529950313
0	0.0143278845	0.5280636914	0.4576084241
0	0.0480945023	0.3702693192	0.5816361785
0	0.0000000000	0.9537019193	0.0462980807
0	0.9348455433	0.0336772933	0.0314771634
0	0.4182696408	0.2566812275	0.3250491318
0	0.0005733525	0.1824641213	0.8169625263
0	0.8304770418	0.1582857912	0.0112371670
0	0.9187801437	0.0761854017	0.0050344546
0	0.0000000000	0.0721437974	0.9278562026
0	0.0026935603	0.0053272562	0.9919791835
0	0.0644931462	0.9354303422	0.0000765116
0	0.0608619266	0.4229447847	0.5161932887
0	0.0000152087	0.0441402849	0.9558445063
1	0.0004930468	0.9994973850	0.0000095681
0	0.5821113327	0.0169359413	0.4009527260
1	0.0000310890	0.9828777350	0.0170911760
0	0.2021701584	0.6613060322	0.1365238094
0	0.0000010521	0.5514298606	0.4485690873
1	0.0712721358	0.6412325580	0.2874953061
0	0.0803581290	0.8991532742	0.0204885968
0	0.0000000000	0.9195957798	0.0804042201
0	0.1266410303	0.3515271968	0.5218317729
1	0.0373456654	0.1951853311	0.7674690035
0	0.0231540625	0.8319023165	0.1449436210
0	0.0153373579	0.1262221726	0.8584404695
0	0.4314779533	0.0322667084	0.5362553383
0	0.2214854240	0.0387977429	0.7397168331
0	0.0000178937	0.0315733155	0.9684087908
0	0.3159067975	0.2977488435	0.3863443590
2	0.0313199291	0.1747246240	0.7939554468
0	0.0037914905	0.6485112240	0.3476972855
0	0.0040824422	0.9725683231	0.0233492346
0	0.7231514669	0.2468723005	0.0299762326
0	0.4500084669	0.1026160131	0.4473755200
0	0.0145510226	0.7762652875	0.2091836900
