0	0.9993812654	0.0006187346	0.0000000000
0	0.0020244319	0.4169084690	0.5810670991
0	0.0001283124	0.0044353949	0.9954362927
0	0.6019383932	0.0375853768	0.3604762300
0	0.0751033195	0.0939913980	0.8309052826
0	0.2235510992	0.7648175731	0.0116313277
0	0.4413538349	0.0914341050	0.4672120601
1	0.5374730463	0.0001548694	0.4623720843
0	0.0836876950	0.0157353775	0.9005769275
0	0.0048188612	0.7553779309	0.2398032079
0	0.5109599564	0.0000849473	0.4889550963
0	0.0304947315	0.0892599574	0.8802453111
0	0.1239963515	0.0155460259	0.8604576226
0	0.1720379349	0.1360829863	0.6918790788
0	0.8409263289	0.1586458233	0.0004278479
0	0.0425906069	0.9574093925	0.0000000005
0	0.0412028916	0.4429513858	0.5158457226
0	0.9999571181	0.0000000001	0.0000428818
0	0.0622864341	0.4594532159	0.4782603500
0	0.4712501993	0.1508906248	0.3778591759
0	0.8682128948	0.1196400273	0.0121470779
0	0.7311820442	0.2665323889	0.0022855669
0	0.3390949521	0.5932268084	0.0676782395
0	0.9395141590	0.0604852458	0.0000005952
0	0.5893718022	0.0096181569	0.4010100409
2	0.8077752531	0.0573866276	0.1348381193
1	0.0012236977	0.8718853081	0.1268909942
0	0.7770529906	0.0423355637	0.1806114456
0	0.9439080969	0.0352709544	0.0208209488
0	0.0010196361	0.0000052675	0.9989750964
0	0.4907881090	0.0152867069	0.4939251841
0	0.2134886302	0.5109582227	0.2755531471
0	0.0681047395	0.7609881779	0.1709070826
0	0.0126053010	0.4561241756	0.5312705234
0	0.0051145296	0.9725086942	0.0223767762
0	0.4565072217	0.4621511815	0.0813415968
0	0.5847796528	0.0957310993	0.3194892478
0	0.2309278262	0.2387099201	0.5303622536
0	0.4623998454	0.0015971526	0.5360030021
0	0.5011510271	0.4924865532	0.0063624197
1	0.6297190895	0.0747462334	0.2955346771
0	0.9860047505	0.0106805942	0.0033146553
0	0.4214714635	0.4858747864	0.0926537501
0	0.1356478668	0.0000000000	0.8643521332
0	0.0000397149	0.3060418899	0.6939183952
0	0.0000001287	0.0000000000	0.9999998713
0	0.9755303154	0.0008156038	0.0236540808
0	0.0577306034	0.5160752137	0.4261941829
0	0.0885234512	0.6070247889	0.3044517599
0	0.3141555953	0.2728119112	0.4130324934
0	0.4824302017	0.5175697983	0.0000000000
0	0.1008291487	0.2859635897	0.6132072617
0	0.4493181619	0.0000000000	0.5506818381
0	0.0531875927	0.8992242477	0.0475881596
0	0.2542493952	0.5193566708	0.2263939341
0	0.5763201236	0.0000000012	0.4236798752
0	0.9486852000	0.0513128076	0.0000019924
1	0.0412715660	0.2915628922	0.6671655418
0	0.0033514037	0.0003092273	0.9963393689
0	0.1237170418	0.1805348502	0.6957481080
0	0.1642266416	0.0888079774	0.7469653810
0	0.0000767429	0.7703659626	0.2295572945
0	0.8470352790	0.1508006250	0.0021640960
0	0.0729280841	0.0001708551	0.9269010608
1	0.9228746755	0.0707762626	0.0063490619
0	0.9606344026	0.0034136920	0.0359519054
0	0.3799202112	0.3505234254	0.2695563635
0	0.9996336190	0.0003661942	0.0000001867
0	0.6795278448	0.0001106031	0.3203615522
1	0.9251363269	0.0000000000	0.0748636731
0	0.5528981030	0.4459593367	0.0011425603
0	0.0035978803	0.9484668132	0.0479353066
0	0.0242150632	0.9757849368	0.0000000000
0	0.5015665160	0.3730303528	0.1254031312
0	0.2897382309	0.7102617691	0.0000000000
1	0.9765485230	0.0000622637	0.0233892133
0	0.2711560207	0.0083180404	0.7205259388
0	0.7411346320	0.1014106744	0.1574546936
0	0.9332686620	0.0306554722	0.0360758658
0	0.6301672970	0.0595253189	0.3103073841
0	0.9989519070	0.0000000000	0.0010480930
0	0.9193590831	0.0009549430	0.0796859739
1	0.1985413806	0.8012100871	0.0002485323
0	0.1896470382	0.2132700604	0.5970829014
0	0.0000000000	0.0518342542	0.9481657458
0	0.0000000277	0.0000001977	0.9999997746
0	0.3182824424	0.0269688871	0.6547486705
0	0.2072595015	0.1943194975	0.5984210010
0	0.9574179949	0.0090350981	0.0335469069
0	0.0000000000	0.8929248298	0.1070751702
0	0.6842458491	0.0388545724	0.2768995786
0	0.6453337401	0.0027885665	0.3518776933
0	0.3184921625	0.5855420268	0.0959658108
0	0.3245316783	0.6722183797	0.0032499420
0	0.9620146983	0.0256644466	0.0123208551
0	0.0847908106	0.0224497403	0.8927594491
0	0.9429560055	0.0570439945	0.0000000000
0	0.0641303894	0.0526923866	0.8831772240
0	0.0000266042	0.0484264968	0.9515468989
0	0.0297589370	0.6964772816	0.2737637814
