0	0.8879300773	0.1100858619	0.0019840608
0	0.1664507541	0.5423730378	0.2911762082
0	0.4716644207	0.0210131934	0.5073223860
1	0.0445074303	0.1032494074	0.8522431623
0	0.9096752980	0.0838678436	0.0064568584
0	0.9390409444	0.0000355141	0.0609235416
0	0.0011751549	0.9986325534	0.0001922917
0	0.1459170576	0.0200890272	0.8339939152
0	0.3925967156	0.6049339141	0.0024693703
0	0.9892563904	0.0000000000	0.0107436096
0	0.0916794794	0.9083193636	0.0000011569
0	0.6725931249	0.2790204236	0.0483864515
0	0.9820496501	0.0119536000	0.0059967499
0	0.2624376465	0.0000008038	0.7375615497
0	0.8367103036	0.1217898900	0.0414998065
0	0.0015587170	0.0249874442	0.9734538388
0	0.9342622653	0.0536481413	0.0120895934
0	0.0000004120	0.3167296568	0.6832699312
0	0.8473964470	0.1526035530	0.0000000000
0	0.8290622060	0.0878730500	0.0830647440
0	0.6414020950	0.3573994499	0.0011984552
0	0.0029641620	0.9970220767	0.0000137613
0	0.3479411695	0.6421939114	0.0098649191
0	0.9473554881	0.0512275914	0.0014169205
0	0.0201544831	0.0000000000	0.9798455169
0	0.2246481031	0.7752250762	0.0001268207
0	0.1471061059	0.0517484789	0.8011454151
0	0.0000000000	0.0286693519	0.9713306481
1	0.2465892273	0.0072075281	0.7462032446
0	0.1154720756	0.6465995036	0.2379284208
0	0.0477986848	0.0004352184	0.9517660968
0	0.0016591534	0.1182208601	0.8801199865
0	0.0000000521	0.9423894785	0.0576104694
1	0.0362864322	0.0378400848	0.9258734830
0	0.0159680748	0.7651075917	0.2189243336
0	0.2027998449	0.0061901536	0.7910100015
0	0.4868960071	0.5130348999	0.0000690930
0	0.3872886010	0.6049518193	0.0077595796
1	0.9649795810	0.0040773915	0.0309430275
0	0.0000579980	0.0364120753	0.9635299267
0	0.4168474534	0.4191566171	0.1639959295
0	0.0000003708	0.7558670265	0.2441326027
0	0.0043861867	0.0000001280	0.9956136853
0	0.9439040261	0.0285493586	0.0275466153
0	0.0370274098	0.4755077436	0.4874648467
0	0.5245583830	0.0068135742	0.4686280429
0	0.5258852623	0.0004922582	0.4736224795
0	0.7943449569	0.0000000000	0.2056550431
0	0.3991255366	0.0001515730	0.6007228904
2	0.2614136248	0.7385863752	0.0000000000
0	0.0000000000	0.6708761316	0.3291238684
1	0.5594947142	0.0698155268	0.3706897589
0	0.2496009848	0.1305165150	0.6198825002
0	0.8042285076	0.0226197785	0.1731517139
0	0.0240702845	0.0000000000	0.9759297155
0	0.9429525933	0.0126409702	0.0444064364
0	0.2623612497	0.0033909724	0.7342477779
0	0.1365777118	0.2261130472	0.6373092410
0	0.1872115223	0.7263445340	0.0864439438
0	0.4596739840	0.0077026964	0.5326233196
0	0.0000000000	0.0289584297	0.9710415703
0	0.0000000004	0.7319981965	0.2680018031
0	0.1790879293	0.6789252170	0.1419868536
0	0.0000850671	0.7160745266	0.2838404063
0	0.0958288392	0.8608968845	0.0432742762
0	0.1904525159	0.2500241745	0.5595233096
0	0.6330868995	0.0023020885	0.3646110120
0	0.0000000000	0.2097988395	0.7902011605
0	0.0832294360	0.0000000050	0.9167705590
0	0.9795092686	0.0064611154	0.0140296159
0	0.5321687683	0.3886380295	0.0791932022
0	0.8040084047	0.0036850576	0.1923065377
0	0.1355937465	0.0000000000	0.8644062535
0	0.0195159687	0.0868406846	0.8936433467
0	0.0272179316	0.2279640888	0.7448179796
0	0.5927752158	0.3531100468	0.0541147374
0	0.0000000000	0.2661107933	0.7338892067
0	0.2802628194	0.4275508430	0.2921863376
0	0.9995917473	0.0000000000	0.0004082526
0	0.6286412288	0.0000000000	0.3713587712
0	0.0096252104	0.0129363406	0.9774384490
0	0.9986336049	0.0000128804	0.0013535146
0	0.1958573387	0.0382598097	0.7658828516
1	0.0541754191	0.0949608927	0.8508636882
0	0.9913246679	0.0084126788	0.0002626533
0	0.8825823077	0.0000000001	0.1174176922
0	0.1651781912	0.4879515824	0.3468702264
0	0.7015157199	0.2613725829	0.0371116972
0	0.8472958722	0.1527038228	0.0000003050
0	0.9789891179	0.0206109181	0.0003999640
1	0.0811989773	0.3732449334	0.5455560893
0	0.2003657297	0.0000002047	0.7996340656
0	0.3728181615	0.0022577861	0.6249240524
1	0.9335833435	0.0635537689	0.0028628876
0	0.5243012219	0.4756987746	0.0000000036
0	0.9071351948	0.0872797063	0.0055850989
0	0.1097768261	0.8898920400	0.0003311339
0	0.2889729579	0.6542315107	0.0567955315
0	0.0316878269	0.9422298007	0.0260823725
0	0.3911001649	0.1523533060	0.4565465290
