0	0.9999993570	0.0000006430	0.0000000000
0	0.9992028200	0.0000126458	0.0007845342
0	0.4947625051	0.4881078601	0.0171296347
0	0.7706160344	0.2293839656	0.0000000000
0	0.7655238518	0.0020766305	0.2323995178
1	0.9467544375	0.0532451410	0.0000004215
0	0.4718775201	0.3245354609	0.2035870190
0	0.0000001612	0.3621234940	0.6378763447
0	0.0334234133	0.0222121487	0.9443644380
0	0.7676115536	0.0107133775	0.2216750690
0	0.9658034967	0.0015560294	0.0326404738
0	0.4250568245	0.2451890937	0.3297540819
0	0.4278522973	0.0930978078	0.4790498948
0	0.9999457757	0.0000001690	0.0000540553
0	0.8270228242	0.1675386101	0.0054385657
1	0.1843897109	0.0000434181	0.8155668710
0	0.0429215764	0.9082412059	0.0488372177
0	0.5389782901	0.0000873021	0.4609344077
0	0.0426961628	0.0292001836	0.9281036536
1	0.8335647216	0.0156885867	0.1507466917
0	0.1691660055	0.8271873155	0.0036466790
0	0.0000000003	0.0234186061	0.9765813937
0	0.1675402846	0.0042342335	0.8282254819
0	0.4944706431	0.0089195722	0.4966097847
0	0.0489130417	0.0033340751	0.9477528832
0	0.9272134037	0.0000438386	0.0727427577
0	0.4422225045	0.0321334826	0.5256440130
0	0.0021536315	0.0000000000	0.9978463685
1	0.0721258121	0.9225927296	0.0052814583
0	0.0000000001	0.8864618987	0.1135381012
0	0.0980128562	0.0528171665	0.8491699773
1	0.2070614990	0.5068031786	0.2861353225
0	0.0000009725	0.1453049808	0.8546940467
0	0.4712026460	0.2616055769	0.2671917771
0	0.9658549472	0.0060173417	0.0281277111
0	0.0175707059	0.5632355628	0.4191937312
0	0.0653746985	0.0007212634	0.9339040380
0	0.1044534721	0.0000000227	0.8955465052
0	0.2842647123	0.4321464410	0.2835888467
0	0.9407746765	0.0592246649	0.0000006586
0	0.3224130301	0.4918738389	0.1857131310
0	0.0593826871	0.3186229795	0.6219943334
0	0.8507445597	0.0251859851	0.1240694551
0	0.4294613157	0.5100056109	0.0605330734
0	0.8840189881	0.1156836367	0.0002973751
0	0.1372305323	0.0000008994	0.8627685683
0	0.6010773316	0.3929440200	0.0059786484
0	0.0256879204	0.0064252292	0.9678868503
2	0.1564026911	0.6765008691	0.1670964398
0	0.6717668911	0.0574486737	0.2707844352
0	0.0001741324	0.0063329285	0.9934929391
0	0.0030827705	0.7248735831	0.2720436464
0	0.2778084131	0.6084404158	0.1137511711
1	0.0381424944	0.0358177144	0.9260397913
0	0.6635991739	0.0144983823	0.3219024438
0	0.6495531680	0.2264343191	0.1240125129
0	0.8367079268	0.0968616378	0.0664304354
0	0.3151103875	0.6723494149	0.0125401976
0	0.9691902219	0.0001357415	0.0306740367
0	0.7334177615	0.0000000001	0.2665822384
1	0.0029191851	0.2947593150	0.7023214999
0	0.7487256677	0.1069543102	0.1443200221
0	0.1763760236	0.4365425065	0.3870814699
1	0.0153769656	0.8629361925	0.1216868419
0	0.1894786638	0.6754948727	0.1350264635
0	0.7683576379	0.2297760194	0.0018663427
0	0.2459838662	0.3988839284	0.3551322054
0	0.0318404008	0.9496195130	0.0185400863
0	0.0000000000	0.0002120541	0.9997879459
0	0.4002579173	0.0334154605	0.5663266222
0	0.6134656312	0.0008793416	0.3856550272
0	0.5960266649	0.0000000118	0.4039733232
0	0.9263905478	0.0000000000	0.0736094522
1	0.0000000000	0.1625724944	0.8374275056
0	0.0523242573	0.3307553024	0.6169204403
1	0.0000034854	0.3049177338	0.6950787808
0	0.6132438283	0.3436272200	0.0431289517
0	0.3043982292	0.6951575079	0.0004442629
0	0.8357848642	0.0000014290	0.1642137068
1	0.7679605817	0.0276370208	0.2044023975
0	0.0090876167	0.9909062834	0.0000060999
0	0.0222666029	0.0000000000	0.9777333971
0	0.0942775517	0.5308409800	0.3748814683
0	0.0120131812	0.7562066042	0.2317802146
0	0.0087123092	0.8683959822	0.1228917086
0	0.0414474661	0.0000000095	0.9585525244
0	0.7751090411	0.2079542528	0.0169367061
0	0.5537234231	0.0122766378	0.4339999392
0	0.4185600829	0.0515164507	0.5299234664
0	0.0004347128	0.0673948309	0.9321704563
1	0.0075267449	0.0000092812	0.9924639739
0	0.0760322428	0.0000004390	0.9239673181
0	0.9287463919	0.0711239198	0.0001296883
0	0.7195298085	0.0000840369	0.2803861546
0	0.2390680336	0.7605059708	0.0004259956
0	0.8469194896	0.0318731483	0.1212073621
0	0.6512829408	0.3026628960	0.0460541632
0	0.2943916577	0.2402835891	0.4653247532
0	0.4897385226	0.0764079435	0.4338535339
0	0.4900838687	0.2272614541	0.2826546772
