0	0.2427941743	0.0000000000	0.7572058257
0	0.0604109298	0.7292244548	0.2103646154
1	0.3555356389	0.6403695217	0.0040948394
0	0.3331141711	0.0007395166	0.6661463122
0	0.1491274098	0.8003472070	0.0505253832
0	0.3627722263	0.0117455624	0.6254822113
0	0.0992186098	0.6234459388	0.2773354514
0	0.5160153457	0.4273435748	0.0566410795
0	0.9197406084	0.0382634090	0.0419959826
0	0.1912042741	0.1796367075	0.6291590185
0	0.1097186045	0.3882080302	0.5020733653
0	0.6907478755	0.3086617318	0.0005903927
0	0.0934165396	0.9059293423	0.0006541182
0	0.0039938145	0.1270122556	0.8689939299
0	0.0014850994	0.1213047431	0.8772101575
0	0.8759084433	0.0320928616	0.0919986951
0	0.9113059456	0.0541748379	0.0345192165
0	0.5657974297	0.4027963086	0.0314062617
0	0.1254116524	0.0971137676	0.7774745801
0	0.8633906423	0.0002932282	0.1363161295
0	0.2483130888	0.5186896277	0.2329972836
0	0.0071465679	0.0305361161	0.9623173160
0	0.0690599426	0.0000067828	0.9309332746
1	0.1099169115	0.0000340654	0.8900490232
0	0.0017011650	0.0000006422	0.9982981928
0	0.0682137246	0.0035617165	0.9282245588
0	0.9554982426	0.0336411609	0.0108605965
0	0.8515650674	0.0072844977	0.1411504349
0	0.6148684889	0.0007163218	0.3844151893
0	0.2679241253	0.7274320560	0.0046438187
0	0.4088137001	0.3819628441	0.2092234557
0	0.0038880373	0.8624347008	0.1336772619
0	0.0015073084	0.2063533720	0.7921393196
0	0.6162942176	0.3670302809	0.0166755016
0	0.0000000000	0.0162220306	0.9837779694
0	0.1500791249	0.6654359937	0.1844848814
0	0.4628938276	0.0497647829	0.4873413895
0	0.9291755021	0.0166669356	0.0541575623
0	0.7583879818	0.0442347193	0.1973772989
0	0.0911056959	0.5757647912	0.3331295128
0	0.6107322062	0.0000130391	0.3892547547
0	0.0277083070	0.0000000077	0.9722916853
0	0.0067707508	0.7949759209	0.1982533284
0	0.6477879764	0.0012827372	0.3509292864
1	0.0349195140	0.8984062017	0.0666742843
1	0.0000000023	0.7355919735	0.2644080242
0	0.0758448939	0.8128008044	0.1113543017
0	0.9348976639	0.0444134611	0.0206888750
0	0.6577343047	0.1350042796	0.2072614157
0	0.0415690361	0.3240598604	0.6343711035
1	0.3088680492	0.3836338034	0.3074981474
0	0.0003628643	0.0943656578	0.9052714780
0	0.9895547348	0.0000280752	0.0104171900
0	0.0052315696	0.9929415856	0.0018268448
0	0.8477670418	0.0082269712	0.1440059870
0	0.7814423146	0.0226215004	0.1959361849
0	0.1000561423	0.0148182494	0.8851256083
0	0.0057852787	0.0083868016	0.9858279197
0	0.3397416557	0.4528537114	0.2074046329
0	0.3034860564	0.0996330081	0.5968809355
0	0.1241988983	0.0226448501	0.8531562517
0	0.0114564741	0.0069721277	0.9815713982
1	0.1366403626	0.0000000000	0.8633596374
1	0.0008799224	0.1721378277	0.8269822499
0	0.0104652784	0.8219754808	0.1675592409
0	0.0000000001	0.5278371897	0.4721628103
0	0.1300691990	0.3995221561	0.4704086450
0	0.1324115473	0.0442871703	0.8233012823
0	0.6749752429	0.0161251285	0.3088996286
0	0.3242008620	0.6510734556	0.0247256825
0	0.0516097192	0.1619668743	0.7864234065
0	0.0938172964	0.0000001009	0.9061826027
0	0.2262682147	0.0007169746	0.7730148107
1	0.1672846325	0.0393153051	0.7934000624
0	0.1409676525	0.8584572659	0.0005750816
1	0.0126447400	0.0072497589	0.9801055011
0	0.3918084426	0.2494342230	0.3587573344
0	0.3989685060	0.0112384464	0.5897930476
0	0.6060391475	0.3630795870	0.0308812656
0	0.4500106352	0.5189841850	0.0310051798
2	0.0008226399	0.9991693485	0.0000080116
1	0.8436578876	0.0582485516	0.0980935608
0	0.8783371015	0.0486632032	0.0729996952
0	0.8376827150	0.0791059566	0.0832113284
0	0.9067365012	0.0714615873	0.0218019115
0	0.5933376973	0.4058284210	0.0008338817
0	0.0178844431	0.3873503565	0.5947652004
0	0.7970445661	0.1214715784	0.0814838554
0	0.1779880570	0.0232347072	0.7987772358
0	0.5897517533	0.0716468041	0.3386014426
0	0.2535946547	0.0001410656	0.7462642798
0	0.0868995531	0.1715024181	0.7415980288
0	0.5873555386	0.4113617352	0.0012827262
0	0.0172626870	0.1123275495	0.8704097635
0	0.4076859036	0.2193253319	0.3729887645
0	0.8689878771	0.0025739799	0.1284381430
0	0.0000000000	0.4276543757	0.5723456243
0	0.9496206182	0.0000000023	0.0503793795
0	0.8049700171	0.0299450746	0.1650849083
0	0.8118986944	0.1820020213	0.0060992843
