0	0.0000018542	0.1058127895	0.8941853563
0	0.0000000368	0.9938994371	0.0061005260
0	0.9705756656	0.0001011919	0.0293231425
0	0.9911501573	0.0088436952	0.0000061475
0	0.0000886817	0.2161565689	0.7837547494
0	0.0000037603	0.2341683129	0.7658279268
0	0.0009221596	0.0331073805	0.9659704599
0	0.3601716594	0.5055404030	0.1342879376
0	0.8672111859	0.0003286012	0.1324602130
0	0.0013957514	0.3176743932	0.6809298554
0	0.0000000008	0.9723254460	0.0276745532
0	0.2117079511	0.2515832757	0.5367087732
0	0.0132814462	0.7162326253	0.2704859285
1	0.1654165536	0.4059188559	0.4286645905
0	0.0000226256	0.0061699962	0.9938073782
0	0.2376878593	0.2223103701	0.5400017706
0	0.0949789730	0.0048837402	0.9001372868
0	0.1773451068	0.6950318998	0.1276229934
0	0.4126016613	0.3927956342	0.1946027045
0	0.0000001849	0.0485801054	0.9514197097
0	0.2055435552	0.7944564439	0.0000000010
0	0.0055699136	0.3049948339	0.6894352525
0	0.0916897879	0.4143690255	0.4939411866
1	0.2586757001	0.3481989893	0.3931253106
0	0.0365219864	0.0000821272	0.9633958864
0	0.0000000000	0.0073006327	0.9926993673
0	0.0029503103	0.0267950992	0.9702545905
0	0.0046129675	0.0378607357	0.9575262968
0	0.4636242716	0.0844501649	0.4519255635
0	0.1189319864	0.1694001558	0.7116678578
0	0.0003953464	0.6904918888	0.3091127648
0	0.0883882010	0.2741785792	0.6374332199
1	0.0000000001	0.1535952547	0.8464047452
0	0.1538538193	0.0085395470	0.8376066337
0	0.2703477183	0.2976255028	0.4320267789
0	0.1186275625	0.3110083457	0.5703640918
0	0.8506156359	0.0151627026	0.1342216615
0	0.0683818636	0.7392764214	0.1923417150
0	0.0000265879	0.5944263014	0.4055471107
0	0.3286691588	0.0886912852	0.5826395560
2	0.8526762134	0.1037821570	0.0435416297
2	0.6463504810	0.1905106174	0.1631389016
0	0.0001226214	0.8629422562	0.1369351225
0	0.0000028550	0.0000000048	0.9999971403
0	0.0000000000	0.0001522845	0.9998477155
0	0.0000000626	0.0000000000	0.9999999374
0	0.0186608850	0.0002538003	0.9810853147
0	0.0002403950	0.0231156624	0.9766439426
0	0.1016942207	0.0028003550	0.8955054243
0	0.0336095145	0.7093473215	0.2570431640
0	0.0000000862	0.2927791418	0.7072207720
0	0.7142581769	0.2855725246	0.0001692985
0	0.1909948955	0.0729260548	0.7360790497
0	0.7082896522	0.2233902063	0.0683201415
0	0.2739474470	0.0247255006	0.7013270525
0	0.0005434908	0.7806376691	0.2188188401
0	0.0000039782	0.2969170076	0.7030790142
0	0.0000000007	0.0817006211	0.9182993782
0	0.0000000307	0.9679518566	0.0320481127
0	0.0408754016	0.0067906894	0.9523339090
0	0.3566227329	0.6412509972	0.0021262699
0	0.9449336735	0.0080159915	0.0470503349
1	0.5511779136	0.4287039502	0.0201181362
0	0.1156805536	0.0154410593	0.8688783871
0	0.0000022325	0.0004634981	0.9995342694
0	0.0292150129	0.2986762726	0.6721087144
0	0.0183613118	0.5161561454	0.4654825428
0	0.3688706709	0.0067144698	0.6244148593
0	0.0879929330	0.5997805175	0.3122265496
0	0.0000000006	0.0008296127	0.9991703867
0	0.0018405041	0.9974576791	0.0007018168
0	0.1402669825	0.4305933409	0.4291396766
0	0.0000017275	0.0000014784	0.9999967941
0	0.0702406663	0.7368642115	0.1928951221
0	0.0122734591	0.0030614485	0.9846650924
0	0.0001048437	0.2860372326	0.7138579237
0	0.0054919072	0.9913704164	0.0031376764
0	0.5567156380	0.0928163142	0.3504680478
0	0.4199469428	0.4229557952	0.1570972619
0	0.0000005875	0.2122500395	0.7877493730
0	0.0000000000	0.9198929850	0.0801070150
1	0.0539502538	0.2566919274	0.6893578188
0	0.0189956940	0.3776675710	0.6033367349
0	0.0003160404	0.0006697083	0.9990142513
0	0.2136028126	0.0000000000	0.7863971874
1	0.0043883936	0.9950682636	0.0005433428
0	0.0921110988	0.8128406472	0.0950482540
0	0.0007648535	0.1919653716	0.8072697749
0	0.0331219951	0.5181692629	0.4487087419
0	0.0526490134	0.0445723848	0.9027786019
0	0.0000000029	0.1451696309	0.8548303662
0	0.9103067661	0.0464368415	0.0432563923
0	0.0000000000	0.3674197168	0.6325802832
0	0.0002357692	0.7494662117	0.2502980191
0	0.0000000000	0.0005747647	0.9994252353
0	0.7232601032	0.0324636434	0.2442762534
0	0.9946996881	0.0000001928	0.0053001191
0	0.7401496008	0.0499242440	0.2099261552
0	0.1591714347	0.7257589681	0.1150695972
0	0.0500974785	0.0021302196	0.9477723019
