0	0.9177893561	0.0506606812	0.0315499627
0	0.7386120314	0.2597943577	0.0015936109
0	0.3414628031	0.0000000052	0.6585371917
1	0.0013404471	0.9980259894	0.0006335635
0	0.0334522129	0.0000009683	0.9665468188
0	0.6518030172	0.0000000208	0.3481969620
0	0.5494552945	0.3926929421	0.0578517634
0	0.9047094901	0.0192235244	0.0760669855
0	0.1547719253	0.0690342326	0.7761938421
0	0.5493179572	0.2149559654	0.2357260774
1	0.0363728597	0.1162214452	0.8474056951
0	0.9401321523	0.0509227020	0.0089451457
0	0.2977785057	0.6946559413	0.0075655529
0	0.7804617160	0.0012216037	0.2183166804
0	0.0070416404	0.0000160023	0.9929423573
0	0.9992515275	0.0000000000	0.0007484725
0	0.7358835973	0.0000000000	0.2641164027
0	0.0182185646	0.0019159275	0.9798655080
2	0.1156992843	0.5822971403	0.3020035755
0	0.5128423731	0.4851260226	0.0020316043
1	0.0694801327	0.4378012364	0.4927186309
0	0.8598610500	0.0001394631	0.1399994869
0	0.1677425744	0.1633404325	0.6689169931
0	0.1341197623	0.6641036310	0.2017766068
0	0.0539073482	0.1927256256	0.7533670262
0	0.8687553076	0.1303032507	0.0009414416
0	0.0786386241	0.0030026244	0.9183587514
0	0.0001239010	0.0091001205	0.9907759786
0	0.9953092054	0.0046816027	0.0000091919
0	0.2805686831	0.7139853414	0.0054459754
0	0.4534618973	0.1194703708	0.4270677319
0	0.5039476957	0.2501437653	0.2459085390
0	0.8329452960	0.0001632471	0.1668914569
0	0.0136051536	0.1117021914	0.8746926550
0	0.7121710997	0.2018697235	0.0859591768
0	0.7922117662	0.0044414738	0.2033467601
0	0.1028286793	0.8792833099	0.0178880108
0	0.6766685532	0.3233314468	0.0000000000
0	0.0654508263	0.0000750562	0.9344741175
0	0.3321547500	0.0551178150	0.6127274350
1	0.0000959952	0.0000000000	0.9999040048
0	0.0000900796	0.0000019571	0.9999079633
0	0.9214334059	0.0779613294	0.0006052647
0	0.0507099752	0.3341929815	0.6150970433
1	0.5826182617	0.0691520951	0.3482296432
0	0.0772608301	0.6949521117	0.2277870582
0	0.6656502715	0.0960581232	0.2382916052
0	0.6859799450	0.0002235152	0.3137965398
1	0.1160422681	0.8837336514	0.0002240805
0	0.0381387925	0.0567416176	0.9051195899
0	0.9384537187	0.0180165872	0.0435296941
1	0.0084987023	0.0415407365	0.9499605611
0	0.9442521848	0.0067098330	0.0490379822
0	0.7993467890	0.0323742028	0.1682790082
0	0.3042958435	0.0574424868	0.6382616697
0	0.0000000014	0.9053288805	0.0946711181
0	0.5517214127	0.0517244385	0.3965541488
0	0.7841589325	0.1920779093	0.0237631582
0	0.9927325666	0.0072673779	0.0000000555
0	0.0498080203	0.9493396517	0.0008523280
0	0.9052005291	0.0015446067	0.0932548642
0	0.0731848724	0.1307388623	0.7960762654
0	0.3346536020	0.1447840190	0.5205623790
0	0.7424703921	0.1440458353	0.1134837726
0	0.7901061466	0.1141049741	0.0957888793
0	0.9451268353	0.0080973072	0.0467758574
1	0.1847948940	0.0713249312	0.7438801748
0	0.0748370715	0.2961370594	0.6290258691
0	0.0017014744	0.8844954310	0.1138030946
0	0.0955466067	0.0064733424	0.8979800509
0	0.9745278907	0.0078528505	0.0176192588
0	0.1405942370	0.8052877298	0.0541180332
0	0.0036064394	0.3480968704	0.6482966902
0	0.9668157701	0.0312365331	0.0019476968
1	0.7400414181	0.0582091869	0.2017493951
1	0.0000965136	0.3234698232	0.6764336633
0	0.1179072059	0.6670500611	0.2150427330
0	0.8039231148	0.0983463961	0.0977304890
1	0.0000000000	1.0000000000	0.0000000000
1	0.0151638747	0.1238889039	0.8609472213
0	0.0236707360	0.9744284680	0.0019007960
0	0.7375135356	0.2624864595	0.0000000049
1	0.9820750826	0.0177451419	0.0001797754
0	0.9424113826	0.0037561538	0.0538324636
1	0.0709025458	0.0000173918	0.9290800624
0	0.2305858094	0.6411946966	0.1282194941
0	0.0821249561	0.8874739510	0.0304010929
0	0.1078555167	0.6939966983	0.1981477849
0	0.8695168607	0.0000000951	0.1304830442
0	0.9999996660	0.0000003336	0.0000000004
0	0.0993954196	0.0932696310	0.8073349494
0	0.7193620026	0.0829549493	0.1976830481
0	0.0000532446	0.9999237673	0.0000229881
0	0.2087899039	0.0372871348	0.7539229613
0	0.3684536520	0.3160201834	0.3155261646
0	0.6905339936	0.0003438880	0.3091221183
0	0.2006552794	0.1048439628	0.6945007578
0	0.9999585692	0.0000000000	0.0000414308
0	0.8031097628	0.0087253408	0.1881648964
0	0.6301895429	0.0115665952	0.3582438618
