0	0.0098191995	0.0094128150	0.9807679855
1	0.1129087131	0.8870912867	0.0000000002
0	0.1193258071	0.5574030253	0.3232711676
0	0.2630016394	0.4490013204	0.2879970402
0	0.3195241743	0.4136372731	0.2668385526
0	0.8970412539	0.0123955705	0.0905631757
0	0.0000053539	0.8547135143	0.1452811318
0	0.0088855844	0.9907029621	0.0004114536
0	0.2079027568	0.0021896050	0.7899076382
0	0.0046140159	0.0710002753	0.9243857088
0	0.2969397212	0.7009190871	0.0021411917
1	0.0000000982	0.9826165442	0.0173833576
0	0.3882270410	0.0741046578	0.5376683012
0	0.0511015860	0.9484025383	0.0004958757
0	0.2836490484	0.6979949228	0.0183560288
0	0.7879567616	0.0672011258	0.1448421126
0	0.8349546547	0.1015967570	0.0634485883
0	0.0003338882	0.0617256068	0.9379405050
1	0.0000001309	0.9647010046	0.0352988646
0	0.9890871492	0.0087785900	0.0021342608
2	0.5261569838	0.4682673047	0.0055757115
0	0.5273285789	0.3655645509	0.1071068702
0	0.0000035468	0.0000000000	0.9999964532
0	0.0000003287	0.7005078781	0.2994917931
0	0.2036040258	0.7652889279	0.0311070462
0	0.0000839241	0.9986371237	0.0012789523
0	0.9967383073	0.0019910547	0.0012706379
0	0.6634547219	0.2254154689	0.1111298092
0	0.3647309628	0.5538371603	0.0814318769
0	0.0003389475	0.0625785257	0.9370825269
0	0.1588127023	0.8193494799	0.0218378178
0	0.0015108537	0.7948525339	0.2036366123
0	0.3241869927	0.0827545286	0.5930584788
1	0.0027608957	0.0017978422	0.9954412620
0	0.9557258736	0.0435848813	0.0006892451
0	0.0646749644	0.8277615975	0.1075634381
0	0.5718019201	0.0610599738	0.3671381062
0	0.9833636583	0.0166363406	0.0000000010
0	0.7062615642	0.0074094029	0.2863290328
0	0.6306861333	0.0655631766	0.3037506901
1	0.0003039544	0.9995209568	0.0001750888
0	0.7558835559	0.0012176423	0.2428988018
0	0.9638723736	0.0049074603	0.0312201661
0	0.8769511090	0.0744141558	0.0486347352
0	0.5169291066	0.0190293214	0.4640415721
0	0.9393132981	0.0589953658	0.0016913362
0	0.4723100675	0.2732562552	0.2544336773
0	0.8178756144	0.1161679529	0.0659564327
0	0.2523763292	0.0000000035	0.7476236673
0	0.7379238542	0.2298522462	0.0322238996
0	0.0257014126	0.0527374252	0.9215611622
0	0.9558067942	0.0135890268	0.0306041790
0	0.2912490515	0.6227438364	0.0860071121
0	0.0546687997	0.9453275722	0.0000036282
0	0.0004483953	0.7934619875	0.2060896172
0	0.9456901521	0.0013366249	0.0529732230
0	0.0000551353	0.4017563801	0.5981884846
0	0.9768771498	0.0231228342	0.0000000161
0	0.0077744023	0.9597163686	0.0325092291
0	0.0000760264	0.8849584955	0.1149654781
0	0.5388668061	0.0000964920	0.4610367019
0	0.2462529028	0.5293549219	0.2243921753
0	0.9454333822	0.0000002326	0.0545663852
0	0.8374876434	0.1293112190	0.0332011376
1	0.0009651860	0.5844805339	0.4145542800
0	0.1439850573	0.7761186574	0.0798962853
0	0.8609026241	0.0107792148	0.1283181612
0	0.9393610117	0.0346361921	0.0260027961
0	0.0028449048	0.8479172661	0.1492378290
0	0.5416710297	0.3919882265	0.0663407438
0	0.4425897361	0.5574102639	0.0000000000
0	0.2616826838	0.0055001735	0.7328171427
0	0.9201035451	0.0019629696	0.0779334852
0	0.9175468366	0.0824531634	0.0000000000
0	0.0000000286	0.1526657688	0.8473342026
0	0.4958934696	0.0018430730	0.5022634574
0	0.8043647444	0.1906066198	0.0050286358
0	0.9682850581	0.0307639979	0.0009509440
0	0.0090200940	0.3123403638	0.6786395422
0	0.3279394531	0.1850248443	0.4870357026
0	0.9670356201	0.0274840110	0.0054803689
0	0.9882571980	0.0117428020	0.0000000000
0	0.3276009982	0.5879953850	0.0844036168
0	0.6165292107	0.1481790370	0.2352917522
1	0.0081115870	0.9184928757	0.0733955373
1	0.0002385167	0.0688558643	0.9309056190
0	0.7984372062	0.2007164823	0.0008463115
0	0.2902253405	0.0033599738	0.7064146857
0	0.7044106049	0.0469172531	0.2486721420
0	0.0000005829	0.9999994171	0.0000000000
0	0.9963892078	0.0035975576	0.0000132346
0	0.1207932353	0.8786729510	0.0005338137
1	0.2039807335	0.3981371275	0.3978821389
0	0.4557165860	0.4548100579	0.0894733561
0	0.5325291927	0.4674708073	0.0000000000
0	0.0341189773	0.0004269389	0.9654540838
0	0.4217656222	0.4154266858	0.1628076920
0	0.0309637628	0.0728510781	0.8961851591
0	0.4235921104	0.1466078896	0.4298000000
0	0.9999420803	0.0000534111	0.0000045086
