0	0.0000190152	0.0008033733	0.9991776115
0	0.3602140346	0.6397859654	0.0000000000
0	0.7710790416	0.1454174236	0.0835035348
0	0.4849042113	0.4054017777	0.1096940110
0	0.1371807502	0.0000000000	0.8628192498
0	0.9678927707	0.0237596344	0.0083475948
0	0.2656427488	0.7332353391	0.0011219121
0	0.7820237935	0.2171060813	0.0008701253
0	0.4790066038	0.5209933962	0.0000000000
0	0.1839474915	0.4405154562	0.3755370523
0	0.8273758445	0.0101841571	0.1624399984
0	0.9852511790	0.0089796115	0.0057692096
0	0.9234597815	0.0000528903	0.0764873281
0	0.8696610665	0.1240305814	0.0063083522
0	0.4825733654	0.1213747010	0.3960519336
0	0.5787077728	0.0000068885	0.4212853387
0	0.1363418284	0.8394978869	0.0241602847
0	0.4425759773	0.1334036291	0.4240203937
0	0.8436181395	0.0003478726	0.1560339880
0	0.3449316400	0.6403971855	0.0146711745
0	0.6849643778	0.0096858962	0.3053497260
0	0.2272048085	0.0814593422	0.6913358493
0	0.3733038119	0.5208759939	0.1058201942
0	0.9024616002	0.0918610525	0.0056773473
0	0.5209552375	0.0093172757	0.4697274868
0	0.3517283549	0.0416547145	0.6066169306
0	0.6732659324	0.0000114550	0.3267226126
0	0.7004858957	0.2629766698	0.0365374344
0	0.7719339875	0.0165374211	0.2115285914
0	0.5089400640	0.0005542118	0.4905057242
0	0.0077065356	0.1894795040	0.8028139605
0	0.0897569345	0.0351605865	0.8750824790
0	0.5041848713	0.3356986114	0.1601165173
0	0.9197045010	0.0206206053	0.0596748937
0	0.0240212221	0.2203486402	0.7556301377
1	0.9319087734	0.0002926053	0.0677986213
0	0.3946802804	0.0985360040	0.5067837156
0	0.1260662132	0.0748663740	0.7990674128
0	0.8231204533	0.0113240053	0.1655555414
0	0.5832719780	0.3415096196	0.0752184024
0	0.9835101595	0.0000000000	0.0164898405
0	0.0036077485	0.6854301661	0.3109620854
1	0.8443580022	0.0689815088	0.0866604890
0	0.6701105754	0.0073264944	0.3225629302
0	0.9045195331	0.0021911417	0.0932893252
0	0.9927855209	0.0072144791	0.0000000000
0	0.0657847433	0.7264335078	0.2077817489
0	0.9975258902	0.0000531722	0.0024209376
0	0.7514869797	0.0141824647	0.2343305556
0	0.0006083890	0.1892800796	0.8101115314
0	0.0029514847	0.0147614201	0.9822870952
0	0.0000000000	0.0000000000	1.0000000000
0	0.0270574569	0.9662651105	0.0066774326
0	0.9997123045	0.0002838485	0.0000038470
0	0.0594075630	0.3964421812	0.5441502558
0	0.7792654292	0.0000182420	0.2207163287
0	0.7867240238	0.1667510058	0.0465249704
1	0.0895843063	0.1537968366	0.7566188571
0	0.5316787472	0.4443845450	0.0239367078
0	0.5023688646	0.2179766909	0.2796544445
1	0.1719858133	0.8057570616	0.0222571251
0	0.9113228914	0.0369459714	0.0517311373
0	0.6840257779	0.1422117686	0.1737624536
0	0.7049743024	0.2720727833	0.0229529142
0	0.7020734569	0.2192690284	0.0786575147
0	0.9978502421	0.0000005731	0.0021491848
0	0.4697306572	0.0001499980	0.5301193449
1	0.0669288820	0.0189196441	0.9141514739
0	0.0608087152	0.0072746251	0.9319166597
0	0.1706318522	0.7370210727	0.0923470751
0	0.0181512324	0.0000001251	0.9818486425
0	0.4874758988	0.1378926971	0.3746314040
0	0.0820727956	0.7150576145	0.2028695900
0	0.4983872555	0.0000000000	0.5016127445
0	0.1965306573	0.1631571979	0.6403121448
0	0.9942557527	0.0053862979	0.0003579494
0	0.9920991693	0.0033318941	0.0045689366
0	0.0473191384	0.7710086612	0.1816722004
1	0.0367725587	0.0000000000	0.9632274413
0	0.0000000000	0.0004286387	0.9995713613
0	0.0000852877	0.9999146866	0.0000000257
0	0.0923154178	0.6998261321	0.2078584501
0	0.7973180550	0.1423576506	0.0603242944
0	0.0905975797	0.0178331762	0.8915692441
0	0.7292646578	0.1258195332	0.1449158091
0	0.6550127833	0.3449857298	0.0000014868
0	0.1174529354	0.4431450926	0.4394019720
0	0.0249606601	0.0478301909	0.9272091490
0	0.4585556708	0.2948458529	0.2465984763
0	0.0086525815	0.0001467473	0.9912006713
2	0.7244449407	0.2620263136	0.0135287457
0	0.2537785310	0.1371843158	0.6090371532
0	0.1358447138	0.8466339547	0.0175213316
0	0.0148343503	0.5007567345	0.4844089152
0	0.4026801189	0.5130891480	0.0842307331
0	0.3601057313	0.0001354559	0.6397588128
0	0.1608872677	0.0019521916	0.8371605407
0	0.2922848862	0.0002825426	0.7074325712
1	0.0083143097	0.6707686752	0.3209170150
0	0.1143427777	0.0106884459	0.8749687764
