1	0.6214600595	0.0617711221	0.3167688184
0	0.2733228430	0.2377117592	0.4889653979
0	0.1950611119	0.7793865423	0.0255523458
0	0.7123297886	0.0000005814	0.2876696301
0	0.5275761264	0.2452069425	0.2272169311
1	0.7530146781	0.2326466064	0.0143387155
0	0.6765146258	0.0000000000	0.3234853742
0	0.2672565099	0.2032619746	0.5294815155
0	0.0764642671	0.0242776043	0.8992581285
0	0.0761853821	0.3873390238	0.5364755942
0	0.9999611164	0.0000000002	0.0000388834
0	0.3068179205	0.5354975698	0.1576845097
0	0.8896516779	0.0351648004	0.0751835216
0	0.0255988067	0.0006706324	0.9737305610
0	0.2146658917	0.0331555498	0.7521785585
0	0.7981530556	0.1518981797	0.0499487647
0	0.3987011477	0.5982947844	0.0030040679
0	0.0000113733	0.7357683434	0.2642202833
0	0.0160072423	0.8475344554	0.1364583023
0	0.1295907600	0.8704037390	0.0000055010
0	0.0677528680	0.9064421225	0.0258050095
0	0.1035529186	0.1349589231	0.7614881584
0	0.4686637641	0.4572675564	0.0740686795
0	0.0193912120	0.6828750960	0.2977336920
0	0.2980974095	0.6603857879	0.0415168026
1	0.6067784176	0.1750133531	0.2182082293
0	0.9585733752	0.0012181121	0.0402085127
0	0.0000310283	0.0441851343	0.9557838375
0	0.0776202644	0.5355029199	0.3868768157
0	0.1171447088	0.0239749274	0.8588803639
0	0.0483938326	0.7875639880	0.1640421794
0	0.0002787205	0.0637385299	0.9359827497
0	0.9020879269	0.0000000000	0.0979120731
0	0.0032097633	0.7942392828	0.2025509539
0	0.0043424797	0.5196075571	0.4760499632
1	0.8586870777	0.1010923852	0.0402205371
0	0.7079871320	0.2919381726	0.0000746954
0	0.4734158089	0.5265727998	0.0000113913
0	0.7216893048	0.0833445860	0.1949661092
0	0.5826022560	0.0030571759	0.4143405680
0	0.0519017230	0.7889234795	0.1591747975
0	0.7428465865	0.2571534135	0.0000000000
0	0.0001751017	0.2349791801	0.7648457183
0	0.0090884918	0.0000001089	0.9909113993
0	0.0024802614	0.9975197308	0.0000000078
0	0.7899747275	0.0000000000	0.2100252725
0	0.3563363636	0.0920126786	0.5516509578
0	0.5436745675	0.0451284523	0.4111969802
0	0.0304374297	0.1093059236	0.8602566467
0	0.9673406388	0.0182839222	0.0143754390
0	0.1312994126	0.0156290184	0.8530715690
0	0.0505788355	0.3532668120	0.5961543525
0	0.4907613594	0.0301464434	0.4790921972
0	0.9119204721	0.0490064401	0.0390730878
0	0.9592625568	0.0403726362	0.0003648070
0	0.9933384722	0.0036415333	0.0030199946
1	0.1530126278	0.2895824532	0.5574049191
0	0.3701035194	0.0006225025	0.6292739781
0	0.9802004598	0.0057514301	0.0140481101
0	0.0474097028	0.0053239129	0.9472663844
0	0.1226468053	0.7951646411	0.0821885536
0	0.0000584562	0.9996317359	0.0003098079
0	0.0930903018	0.4616210699	0.4452886284
0	0.0069205473	0.1082298731	0.8848495796
0	0.0018640895	0.1585120056	0.8396239049
0	0.7852091377	0.1409181623	0.0738727000
0	0.6144046222	0.1989864070	0.1866089708
0	0.0292950461	0.4253050871	0.5453998668
2	0.5802899758	0.0001959562	0.4195140680
0	0.8803735493	0.0231612706	0.0964651801
0	0.6860107853	0.1431387078	0.1708505069
0	0.3020982479	0.0436807538	0.6542209983
0	0.1749014283	0.3511527084	0.4739458633
1	0.9375946363	0.0430333248	0.0193720389
0	0.0672551754	0.4776961131	0.4550487115
0	0.0009051893	0.9988340334	0.0002607773
0	0.1231683042	0.7706904727	0.1061412232
0	0.2883371949	0.1817768375	0.5298859676
0	0.0516766848	0.0000000040	0.9483233112
0	0.0774763384	0.9191000855	0.0034235761
0	0.0636454353	0.6475247646	0.2888298001
1	0.1555201658	0.8084681242	0.0360117100
0	0.1404938350	0.8587717662	0.0007343989
0	0.0000871921	0.9364845822	0.0634282258
0	0.9937919404	0.0043149754	0.0018930842
1	0.9654218674	0.0004126229	0.0341655097
0	0.6907308728	0.2861567105	0.0231124167
0	0.7271222315	0.0000000203	0.2728777482
1	0.6905334713	0.2853589029	0.0241076258
0	0.0370429609	0.5621095297	0.4008475095
0	0.8518278533	0.0000000053	0.1481721414
0	0.0022975624	0.8519955452	0.1457068923
0	0.0350462635	0.1276110032	0.8373427333
0	0.1239225861	0.1147693846	0.7613080294
0	0.5588855606	0.1718758333	0.2692386061
0	0.0484322131	0.9509786124	0.0005891745
0	0.1306246783	0.8693616697	0.0000136520
0	0.9999985955	0.0000014045	0.0000000000
1	0.2544213114	0.1809886975	0.5645899911
1	0.6246587626	0.1695399486	0.2058012888
