0	0.0013463331	0.0296510171	0.9690026499
0	0.4898887263	0.0905772982	0.4195339755
0	0.0000265547	0.0000009071	0.9999725382
0	0.4586740710	0.0060309059	0.5352950231
0	0.4158235080	0.0195444046	0.5646320874
1	0.2349134501	0.0000000006	0.7650865493
0	0.0838835797	0.1749859366	0.7411304837
0	0.1228037625	0.7730403363	0.1041559012
0	0.0000000000	0.0001565727	0.9998434273
0	0.0590586017	0.0890765642	0.8518648342
0	0.0972430736	0.1783408334	0.7244160931
0	0.4595394203	0.2723359145	0.2681246652
0	0.0023240879	0.8107008421	0.1869750700
0	0.9552920386	0.0447076663	0.0000002951
0	0.0676001675	0.7319455558	0.2004542766
0	0.0000000468	0.9999999532	0.0000000000
0	0.5169172420	0.3573763752	0.1257063828
0	0.1042469133	0.6427823616	0.2529707251
0	0.7964272082	0.0067311031	0.1968416886
0	0.1988387027	0.0049036483	0.7962576491
0	0.5828196392	0.1872141577	0.2299662031
0	0.0004632168	0.0000002699	0.9995365134
0	0.0016943287	0.0834075661	0.9148981052
0	0.0467085546	0.4842666632	0.4690247821
1	0.0353586399	0.4762672025	0.4883741576
0	0.0022651263	0.0000603154	0.9976745583
0	0.0563286646	0.8690808664	0.0745904689
0	0.1212499878	0.5009805106	0.3777695015
0	0.1939125625	0.0000000000	0.8060874375
0	0.0847357136	0.2617236258	0.6535406606
0	0.0914424138	0.7641361404	0.1444214457
0	0.0108874454	0.0205441763	0.9685683783
0	0.0000000000	0.1487765819	0.8512234181
0	0.5742173215	0.0683115488	0.3574711297
0	0.0000000008	0.0000104972	0.9999895021
0	0.0000023197	0.1010900712	0.8989076091
0	0.0577707211	0.0000016842	0.9422275947
0	0.4142832817	0.1586092008	0.4271075175
0	0.0000359621	0.2326654459	0.7672985920
0	0.9251713133	0.0573313097	0.0174973770
0	0.0500205510	0.4137161029	0.5362633462
0	0.1635362145	0.0001624076	0.8363013780
0	0.8474450410	0.0027987595	0.1497561996
0	0.0967990310	0.0001141690	0.9030868000
0	0.3595634157	0.6172498523	0.0231867320
0	0.1516221961	0.0001329313	0.8482448727
0	0.1348555110	0.8651444420	0.0000000470
0	0.1435803019	0.0316478070	0.8247718910
0	0.1888133161	0.1487490023	0.6624376817
0	0.0004196958	0.6844109355	0.3151693688
0	0.3401143698	0.1868989391	0.4729866911
0	0.3276920462	0.0126349912	0.6596729626
0	0.0692375468	0.0000375423	0.9307249109
0	0.0001272592	0.3697265174	0.6301462233
0	0.0903400770	0.0000093015	0.9096506215
0	0.3507209653	0.2031936639	0.4460853708
0	0.0251690294	0.0061125170	0.9687184536
0	0.0052888398	0.6815499049	0.3131612554
0	0.6138062834	0.0000000000	0.3861937166
0	0.0463905802	0.0000000000	0.9536094198
0	0.6671314563	0.0413527495	0.2915157942
0	0.0476495733	0.4992444328	0.4531059939
0	0.1128052765	0.8697982596	0.0173964639
0	0.2512518771	0.0000000013	0.7487481215
0	0.0277239753	0.0010916568	0.9711843680
0	0.9751015536	0.0184635863	0.0064348601
0	0.6658248574	0.0000000000	0.3341751426
0	0.0999516362	0.3359295285	0.5641188353
0	0.1331935262	0.1565000885	0.7103063853
0	0.6162789003	0.0027003067	0.3810207930
2	0.1261443260	0.0603225701	0.8135331039
0	0.6209764098	0.1591619560	0.2198616342
0	0.0001722775	0.9946973227	0.0051303998
0	0.0003229191	0.8828375943	0.1168394865
0	0.5707167505	0.0972634368	0.3320198127
0	0.0128386837	0.1910083668	0.7961529495
0	0.1046940874	0.0000517018	0.8952542109
0	0.0000839596	0.0297517005	0.9701643399
0	0.8335717025	0.0000000141	0.1664282834
0	0.1594267004	0.4893995572	0.3511737425
0	0.8272442567	0.0141608790	0.1585948643
0	0.0000056176	0.0007216303	0.9992727520
0	0.6479921004	0.1482878176	0.2037200820
0	0.9730805032	0.0269192877	0.0000002091
0	0.0775823881	0.0024840150	0.9199335969
0	0.6069488559	0.0000093725	0.3930417716
1	0.0015846536	0.0093069134	0.9891084331
0	0.0011977845	0.0000041642	0.9987980513
1	0.9871698508	0.0000005451	0.0128296041
0	0.8523902072	0.0884022493	0.0592075435
0	0.4068945758	0.5867611443	0.0063442799
0	0.9925605395	0.0003130119	0.0071264486
0	0.0357201374	0.6504620270	0.3138178356
0	0.5817278817	0.4182705975	0.0000015208
0	0.7367372386	0.2529624870	0.0103002744
0	0.1168062690	0.7860002016	0.0971935294
0	0.6342929586	0.2518646061	0.1138424353
0	0.2075716434	0.7097400830	0.0826882737
0	0.9860580914	0.0012231627	0.0127187459
0	0.9746836760	0.0253159993	0.0000003248
