0	0.8786970070	0.0000007479	0.1213022451
0	0.6834653121	0.2411495172	0.0753851707
2	0.0111380794	0.0897643873	0.8990975334
0	0.3856615887	0.6028476866	0.0114907247
0	0.3355066418	0.6552634037	0.0092299545
0	0.7054358881	0.0556821133	0.2388819985
0	0.1716793459	0.8278377066	0.0004829475
0	0.1408591328	0.0051245923	0.8540162749
0	0.8912739547	0.0005027119	0.1082233334
0	0.2567103381	0.3635288918	0.3797607701
0	0.9948673624	0.0000291767	0.0051034608
1	0.5895153708	0.0015215237	0.4089631055
0	0.9483550808	0.0515557963	0.0000891229
1	0.0223645209	0.5129631241	0.4646723550
0	0.1328445911	0.8671517665	0.0000036424
0	0.5149926094	0.0801207059	0.4048866847
0	0.0108196073	0.0000000000	0.9891803927
0	0.0751988125	0.6975554612	0.2272457263
0	0.7556142986	0.0560929578	0.1882927437
0	0.0259248524	0.9712616162	0.0028135315
0	0.2285886756	0.0898168023	0.6815945221
0	0.0000000028	0.8031387041	0.1968612931
0	0.9999667266	0.0000332732	0.0000000002
0	0.0036982475	0.3549484752	0.6413532774
1	0.3352716048	0.0911550932	0.5735733020
0	0.0882622443	0.0016518615	0.9100858941
1	0.0020075142	0.0237394477	0.9742530381
1	0.0120379085	0.4115161987	0.5764458927
0	0.0458148586	0.0000000000	0.9541851414
0	0.9782284564	0.0217715436	0.0000000000
0	0.6892432881	0.3098402947	0.0009164172
0	0.9995955248	0.0004044750	0.0000000002
0	0.0259934781	0.9597710502	0.0142354717
1	0.6570128790	0.3394777250	0.0035093960
0	0.0000030220	0.2844924357	0.7155045423
0	0.9841115949	0.0146721185	0.0012162866
1	0.8865657035	0.0845211917	0.0289131048
0	0.7752939782	0.1350284585	0.0896775633
0	0.7761934438	0.0010568889	0.2227496673
0	0.8200120128	0.0030287038	0.1769592835
1	0.9377806552	0.0184683690	0.0437509757
0	0.8117578618	0.0000004006	0.1882417376
0	0.8508490750	0.1268827680	0.0222681570
0	0.6623719014	0.3375074787	0.0001206200
0	0.8762196827	0.0104057582	0.1133745590
0	0.1214400842	0.5540646225	0.3244952934
0	0.8505937011	0.1493329039	0.0000733951
0	0.4464136792	0.5514529634	0.0021333574
0	0.0000000000	0.0011841040	0.9988158960
0	0.4548802009	0.5450897586	0.0000300405
0	0.6390149860	0.3061470593	0.0548379548
1	0.0000000177	0.0000640547	0.9999359276
0	0.7242577909	0.0000000000	0.2757422091
0	0.0062722891	0.0218399468	0.9718877641
0	0.0852445478	0.0000014564	0.9147539958
0	0.0239899118	0.0000000023	0.9760100860
0	0.2541532325	0.7369822906	0.0088644769
0	0.1303457591	0.8696265516	0.0000276893
0	0.0392559618	0.9607416675	0.0000023707
0	0.0016659427	0.4484635380	0.5498705193
0	0.2809965808	0.7190022717	0.0000011476
0	0.5280604583	0.1898105788	0.2821289629
0	0.8278014267	0.1714435073	0.0007550660
0	0.2353751788	0.0046461810	0.7599786402
1	0.6515562052	0.3169958708	0.0314479240
0	0.5430660718	0.4569339282	0.0000000000
0	0.7253109835	0.0868906105	0.1877984060
0	0.6078466220	0.0496778304	0.3424755476
0	0.0794123241	0.0331169842	0.8874706917
0	0.0016997422	0.0035185283	0.9947817295
0	0.0469433978	0.6293461853	0.3237104169
1	0.0000045531	0.7780887798	0.2219066671
0	0.4607210417	0.2306593408	0.3086196175
0	0.2639760814	0.1880549362	0.5479689824
0	0.1655837950	0.4697625365	0.3646536685
0	0.4825030919	0.3030061822	0.2144907259
0	0.7797939714	0.1395244740	0.0806815545
0	0.4429293287	0.1250317954	0.4320388759
0	0.1985622389	0.7915483028	0.0098894583
0	0.2984582378	0.1683839523	0.5331578099
1	0.9942072310	0.0021416178	0.0036511512
0	0.7484890290	0.2506016514	0.0009093197
0	0.5024539837	0.0354034283	0.4621425880
0	0.4392663420	0.0000007394	0.5607329186
0	0.0000000005	0.8703724338	0.1296275657
0	0.0356907533	0.0000000453	0.9643092015
0	0.3386661152	0.6265373599	0.0347965249
0	0.1977076570	0.7660809568	0.0362113863
0	0.0980536851	0.7880380916	0.1139082232
0	0.2854951061	0.6365752457	0.0779296482
0	0.0544566471	0.0019575142	0.9435858387
0	0.9931429674	0.0068570326	0.0000000000
0	0.0000000000	0.4134123511	0.5865876489
0	0.4849435202	0.5039435864	0.0111128934
0	0.6217667056	0.0486173701	0.3296159243
0	0.0158470220	0.0088386890	0.9753142890
0	0.3640843743	0.1289302801	0.5069853456
0	0.0110422721	0.9625562413	0.0264014866
0	0.2550186737	0.6602959896	0.0846853367
0	0.8901215391	0.0391313819	0.0707470790
