0	0.2643351533	0.0650771304	0.6705877164
0	0.3522372062	0.2953932495	0.3523695443
0	0.0267725362	0.5453509367	0.4278765271
0	0.0000770752	0.2364491641	0.7634737607
0	0.8838005292	0.0654084779	0.0507909929
0	0.0302215521	0.5277052126	0.4420732352
0	0.0158245299	0.2836900857	0.7004853844
0	0.1864099219	0.8082225240	0.0053675541
0	0.1615945557	0.6462369848	0.1921684595
0	0.7059395262	0.0000000000	0.2940604738
0	0.4387960104	0.0049628552	0.5562411344
0	0.0000000042	0.8525502334	0.1474497624
0	0.0037632275	0.0343864295	0.9618503430
0	0.2195568347	0.6962903921	0.0841527732
0	0.2033701120	0.7912805488	0.0053493392
0	0.0538804326	0.3496813101	0.5964382574
0	0.2704166153	0.2095282535	0.5200551312
0	0.4731429207	0.0215777166	0.5052793626
0	0.0445084854	0.6898251382	0.2656663764
0	0.3719172156	0.6178513189	0.0102314655
0	0.0000000000	0.3150890090	0.6849109910
1	0.0061645265	0.3103803100	0.6834551634
0	0.0438303868	0.5085821012	0.4475875120
0	0.2749560640	0.6153308858	0.1097130502
0	0.1269723364	0.7981428308	0.0748848329
0	0.0014802891	0.9976375341	0.0008821767
0	0.0568977298	0.1037423114	0.8393599588
0	0.1609610434	0.8016932975	0.0373456591
0	0.0183328004	0.0853631993	0.8963040003
0	0.0000048414	0.0272946996	0.9727004591
0	0.4645528116	0.0003201736	0.5351270148
0	0.0000000004	0.7345578375	0.2654421621
0	0.1140405852	0.8859586800	0.0000007348
0	0.0652994548	0.8620007078	0.0726998374
0	0.1432975936	0.0002149521	0.8564874543
0	0.0211704246	0.0803878873	0.8984416881
0	0.0004658917	0.0275945877	0.9719395206
2	0.0199195949	0.0229952993	0.9570851058
0	0.5649412024	0.2600445115	0.1750142861
0	0.9667993104	0.0113654518	0.0218352378
0	0.0000036357	0.1154487996	0.8845475648
0	0.0620806017	0.0328386714	0.9050807269
0	0.0000000000	0.6773631575	0.3226368425
0	0.0882302848	0.0529614047	0.8588083105
1	0.0000001142	0.3215772314	0.6784226544
0	0.0017355447	0.0634967566	0.9347676987
0	0.4402727586	0.2148674126	0.3448598288
1	0.0010733297	0.1928406196	0.8060860506
0	0.5787161876	0.3911468030	0.0301370094
0	0.1026059108	0.3807479038	0.5166461854
0	0.0000000000	0.7551127209	0.2448872791
0	0.0060076709	0.3249206048	0.6690717243
1	0.3871539664	0.5993423410	0.0135036926
0	0.0000000001	0.2921602059	0.7078397940
0	0.3000139458	0.4672904844	0.2326955699
0	0.0379872100	0.0120651764	0.9499476136
0	0.0138207272	0.9471348434	0.0390444294
0	0.3119471058	0.6880528942	0.0000000000
0	0.0326417977	0.0223281061	0.9450300962
0	0.0000000735	0.7725876075	0.2274123190
0	0.0431895147	0.0196808591	0.9371296262
0	0.0216616727	0.1122550369	0.8660832904
0	0.2312434686	0.2958011041	0.4729554273
0	0.1120967758	0.8537579614	0.0341452628
0	0.0000446176	0.4493749335	0.5505804489
0	0.4566021325	0.0008483236	0.5425495439
0	0.5647959814	0.4334775720	0.0017264466
0	0.0000000000	0.1040757821	0.8959242179
0	0.0514241317	0.0092252349	0.9393506333
0	0.0517911124	0.5650217626	0.3831871250
0	0.0000000000	0.8495079020	0.1504920980
0	0.6019243923	0.3980754725	0.0000001352
0	0.0000001409	0.9986645468	0.0013353123
0	0.2689363312	0.2191619740	0.5119016948
0	0.6392722586	0.0836827953	0.2770449461
0	0.8985302487	0.0979708932	0.0034988581
0	0.0815629103	0.8172681417	0.1011689479
0	0.0000000000	0.4216156634	0.5783843366
0	0.1953514376	0.4399983989	0.3646501635
0	0.2942343726	0.6361468326	0.0696187948
0	0.0994606473	0.5611535898	0.3393857629
0	0.0382310746	0.8243559995	0.1374129259
0	0.6832728870	0.0390233076	0.2777038055
0	0.0000631604	0.1082273287	0.8917095109
0	0.0430833804	0.0170260576	0.9398905619
0	0.5468992316	0.0003704367	0.4527303317
0	0.0668495136	0.7706845812	0.1624659052
0	0.1580415853	0.0000012267	0.8419571879
0	0.0000000006	0.0154771282	0.9845228712
0	0.0000466976	0.7565786726	0.2433746298
0	0.0373120594	0.5028575309	0.4598304097
0	0.4536670494	0.3314426479	0.2148903026
0	0.3419222537	0.3155613970	0.3425163492
0	0.0000000000	0.9819149497	0.0180850503
0	0.6036637858	0.2767492877	0.1195869265
0	0.0000020407	0.0763733626	0.9236245967
0	0.2261764324	0.2103965394	0.5634270282
0	0.0447027853	0.7333966970	0.2219005176
0	0.0997799694	0.5502602464	0.3499597842
0	0.1738578814	0.8099754173	0.0161667014
