0	0.0000132022	0.8917047042	0.1082820936
0	0.6401838172	0.0627874011	0.2970287817
0	0.1411650371	0.0731522847	0.7856826782
0	0.0000000000	0.9070753626	0.0929246374
0	0.0000008605	0.2073905051	0.7926086344
0	0.0000000000	0.0083299591	0.9916700409
0	0.1032864161	0.8967135839	0.0000000000
0	0.3612118179	0.1719617440	0.4668264381
0	0.7517660695	0.0042927630	0.2439411675
0	0.0017534578	0.0270790619	0.9711674804
0	0.0000000006	0.0949280283	0.9050719712
0	0.0018269916	0.9980724373	0.0001005711
0	0.8273284428	0.0351384197	0.1375331375
0	0.0355103770	0.0684554565	0.8960341665
0	0.0000000000	0.5947922764	0.4052077236
2	0.0000000000	0.3082785092	0.6917214908
1	0.0027130914	0.2114793778	0.7858075309
0	0.0000000000	0.0000319792	0.9999680208
0	0.2380663753	0.3636818872	0.3982517375
0	0.2762758691	0.5108733546	0.2128507762
0	0.6885727593	0.0000000628	0.3114271778
0	0.0061203822	0.9865563409	0.0073232769
0	0.0300233114	0.0000000000	0.9699766886
0	0.0014479230	0.3851165413	0.6134355357
0	0.0002140346	0.5603524421	0.4394335234
0	0.0464856701	0.0000099657	0.9535043641
0	0.1254082658	0.2156094949	0.6589822394
0	0.0000030311	0.7960954012	0.2039015676
0	0.0001737445	0.6317075964	0.3681186590
0	0.0000857358	0.6350000063	0.3649142579
0	0.4605577185	0.4201901873	0.1192520942
0	0.3230031349	0.0000000000	0.6769968651
0	0.0007158925	0.9992841008	0.0000000068
0	0.0016260809	0.0201653780	0.9782085411
0	0.3193744682	0.0000000111	0.6806255207
0	0.0640671203	0.6702519711	0.2656809086
0	0.4754794216	0.5212344109	0.0032861675
0	0.3903116325	0.0000000819	0.6096882857
0	0.1676432883	0.0000000000	0.8323567117
0	0.0648813847	0.2460711359	0.6890474794
0	0.0000000123	0.7733149919	0.2266849958
0	0.4929182460	0.0228855031	0.4841962509
0	0.1095464940	0.8888882738	0.0015652322
0	0.6364888740	0.0928613862	0.2706497399
0	0.0003576815	0.0360019315	0.9636403869
0	0.0000000068	0.0000003085	0.9999996846
0	0.7130922888	0.2869077111	0.0000000000
0	0.0194134463	0.1438855693	0.8367009844
0	0.0000000000	0.4815384679	0.5184615321
0	0.1825230797	0.0000032591	0.8174736611
0	0.3302298838	0.1342032699	0.5355668463
0	0.0012769113	0.8272563563	0.1714667323
0	0.9767899275	0.0000093745	0.0232006980
0	0.0000663509	0.8098892789	0.1900443702
0	0.2179900755	0.7810225593	0.0009873652
0	0.0000075471	0.9999271040	0.0000653488
0	0.0192900987	0.9125375190	0.0681723823
0	0.0000000000	0.8227753832	0.1772246168
0	0.0000000170	0.7422219968	0.2577779862
0	0.0241866908	0.0059839568	0.9698293524
0	0.0000000000	0.3014777274	0.6985222726
0	0.1269125031	0.8003140240	0.0727734729
0	0.1453305982	0.2053021719	0.6493672299
0	0.0000000000	0.9972237540	0.0027762460
0	0.2082933197	0.1460104876	0.6456961927
0	0.0000000000	0.9995497213	0.0004502787
0	0.0000000000	0.9860782867	0.0139217133
1	0.0000000047	0.9999999953	0.0000000000
0	0.0924718293	0.0355191774	0.8720089933
0	0.0000001719	0.0502978114	0.9497020167
0	0.4192909281	0.0538770528	0.5268320192
0	0.6973432359	0.1652336102	0.1374231539
0	0.0171124684	0.0113906000	0.9714969316
0	0.2764490962	0.4067736354	0.3167772684
0	0.0027948976	0.9317562768	0.0654488256
0	0.0083120622	0.0020873044	0.9896006333
0	0.0001362050	0.9688926792	0.0309711157
0	0.0247956498	0.2187151206	0.7564892296
1	0.0000000000	0.0628814336	0.9371185664
0	0.2034166455	0.1646884705	0.6318948840
0	0.0003143981	0.9996765723	0.0000090296
0	0.0000000525	0.0112598982	0.9887400493
0	0.0020804354	0.6680085649	0.3299109997
0	0.0099156344	0.5667375753	0.4233467902
0	0.0000000000	0.2251220555	0.7748779445
0	0.0000002727	0.0000013318	0.9999983954
0	0.7902002831	0.2085645604	0.0012351565
0	0.0118226445	0.8553482683	0.1328290872
0	0.6950318100	0.0382456511	0.2667225389
0	0.0000006636	0.2460390656	0.7539602709
0	0.0011565780	0.9819035516	0.0169398704
0	0.4685722309	0.3690502936	0.1623774755
0	0.0000226134	0.3396945908	0.6602827958
0	0.0110417744	0.3683044799	0.6206537456
1	0.0000761701	0.9997518712	0.0001719588
1	0.2857403378	0.2564476739	0.4578119883
0	0.0513087694	0.9238295844	0.0248616462
0	0.4563432736	0.2201188109	0.3235379155
1	0.6306072652	0.2960829926	0.0733097422
0	0.0469639395	0.7060253359	0.2470107246
