0	0.0140784279	0.9174219364	0.0684996357
1	0.0000000295	0.1562343702	0.8437656004
0	0.1567006115	0.1456936461	0.6976057424
0	0.7089345790	0.2084414342	0.0826239868
0	0.9333010455	0.0000042727	0.0666946818
0	0.7504330120	0.2194841579	0.0300828302
0	0.0011473473	0.0260244784	0.9728281743
0	0.0046877259	0.9450308957	0.0502813785
1	0.7511138689	0.0000007079	0.2488854231
0	0.9228159353	0.0714676972	0.0057163676
0	0.0043447636	0.0084014070	0.9872538294
0	0.7429399084	0.2294974559	0.0275626358
0	0.0321288238	0.9640065691	0.0038646071
0	0.8306860050	0.0996953533	0.0696186417
1	0.2240311915	0.6370809664	0.1388878421
1	0.1494575465	0.0674212896	0.7831211639
0	0.9684333962	0.0277697159	0.0037968878
0	0.1657473998	0.8341946098	0.0000579904
0	0.8483121599	0.1212847716	0.0304030685
0	0.0017255544	0.2094164489	0.7888579968
0	0.9562626987	0.0005067066	0.0432305947
0	0.9927874022	0.0000213397	0.0071912581
0	0.0000000000	0.7899873337	0.2100126663
0	0.0003841519	0.3718875257	0.6277283224
0	0.5148942313	0.0232871713	0.4618185974
0	0.0642427981	0.2963121910	0.6394450108
0	0.0000039109	0.9523332216	0.0476628675
1	0.1865424848	0.3854351461	0.4280223691
0	0.3866724701	0.0085599833	0.6047675466
0	0.3687036673	0.5702664629	0.0610298698
0	0.0016584089	0.3435331173	0.6548084738
0	0.0000043897	0.9999951931	0.0000004172
0	0.0571308392	0.0523632438	0.8905059170
0	0.0000000000	0.0023580209	0.9976419791
0	0.8072231765	0.1927768235	0.0000000000
0	0.0121354239	0.0012675346	0.9865970415
0	0.0065427635	0.4141414315	0.5793158050
0	0.9992356703	0.0000063273	0.0007580023
1	0.3697772603	0.0242886084	0.6059341313
0	0.0263197854	0.9717959951	0.0018842195
0	0.0108105835	0.2400329840	0.7491564324
0	0.6749543325	0.0055162989	0.3195293686
0	0.6522034599	0.3037848609	0.0440116792
0	0.9218605797	0.0406457347	0.0374936856
0	0.1026119148	0.0000000000	0.8973880852
0	0.8841554856	0.0000308416	0.1158136728
0	0.8454570990	0.0152279527	0.1393149483
0	0.0114904670	0.6385479669	0.3499615660
0	0.6662131926	0.1304647670	0.2033220404
0	0.0131785894	0.6601221287	0.3266992819
1	0.0000485859	0.2731950323	0.7267563818
1	0.0000020018	0.0716637888	0.9283342094
0	0.9102202570	0.0775790920	0.0122006510
0	0.7860169153	0.0001281678	0.2138549169
0	0.3801851407	0.6065093254	0.0133055338
0	0.6248878844	0.3397691466	0.0353429690
0	0.6968255563	0.0281303763	0.2750440675
0	0.9859227757	0.0078666570	0.0062105673
0	0.7631727486	0.0000000000	0.2368272514
0	0.3421406549	0.1532798625	0.5045794826
1	0.1480804377	0.1693977153	0.6825218470
0	0.4880581501	0.0001345662	0.5118072838
0	0.0891475098	0.0592625401	0.8515899501
0	0.1699796891	0.0002259091	0.8297944018
0	0.7391784609	0.0032773622	0.2575441769
0	0.1093114834	0.3000907372	0.5905977794
0	0.4068169579	0.0002402409	0.5929428012
0	0.9376550097	0.0017133159	0.0606316744
1	0.8288394912	0.0000000000	0.1711605088
0	0.0000000000	0.0318499835	0.9681500165
0	0.1093293457	0.8788797314	0.0117909230
0	0.0005369236	0.9462815060	0.0531815704
0	0.1633474598	0.6274997224	0.2091528177
2	0.7734161883	0.1715002640	0.0550835478
0	0.6148833858	0.3851166142	0.0000000000
0	0.0636816890	0.0000000000	0.9363183110
0	0.4996253324	0.2232462028	0.2771284648
0	0.7883747064	0.0000001200	0.2116251735
0	0.2464020574	0.7535979381	0.0000000044
0	0.4914845243	0.1426406508	0.3658748249
0	0.1434972658	0.0215988931	0.8349038410
0	0.9583961847	0.0306189117	0.0109849036
0	0.2828034495	0.5321223952	0.1850741553
0	0.6247823687	0.1708219728	0.2043956585
0	0.0289162294	0.9672906200	0.0037931507
0	0.7487895315	0.0003991475	0.2508113210
0	0.1357652719	0.8194922522	0.0447424759
0	0.2204420807	0.0001010840	0.7794568353
0	0.4850482477	0.0088917900	0.5060599623
0	0.0612987700	0.0121393412	0.9265618888
0	0.6116175006	0.0762598121	0.3121226874
0	0.0520808712	0.7656260377	0.1822930910
0	0.3015526679	0.0162659109	0.6821814212
1	0.0289785218	0.2676789032	0.7033425750
0	0.6759083127	0.0000021890	0.3240894983
1	0.1130239927	0.1445798990	0.7423961083
0	0.8382262488	0.0023346999	0.1594390512
0	0.2398475450	0.1267025052	0.6334499499
0	0.3413241904	0.6487321998	0.0099436098
0	0.8346573782	0.0001422810	0.1652003408
