1	0.0103217960	0.9438114729	0.0458667311
0	0.1818636409	0.5237424581	0.2943939010
0	0.0094378025	0.5232762197	0.4672859778
0	0.3755676709	0.0964070005	0.5280253285
0	0.0000001249	0.0827101233	0.9172897518
0	0.6358426469	0.3265618017	0.0375955514
0	0.0034163615	0.4179819894	0.5786016491
0	0.0972215640	0.8887268677	0.0140515683
0	0.2550832716	0.7439514573	0.0009652710
0	0.0708630990	0.6358815487	0.2932553522
0	0.4917781887	0.4367544825	0.0714673287
0	0.1022557923	0.2279664576	0.6697777501
0	0.9622427333	0.0281981950	0.0095590716
0	0.0000526207	0.0410477293	0.9588996501
0	0.9200761057	0.0638995954	0.0160242989
0	0.0932210838	0.1430025916	0.7637763246
0	0.0091768644	0.9793926942	0.0114304414
0	0.1311058927	0.0112590710	0.8576350362
0	0.1142501888	0.0056147628	0.8801350484
0	0.1463597354	0.7142468975	0.1393933671
0	0.0020708238	0.1987735867	0.7991555895
0	0.0022392818	0.7696805760	0.2280801422
1	0.0027761562	0.4233307527	0.5738930911
0	0.0100937557	0.1176950552	0.8722111891
0	0.6260820242	0.0372386327	0.3366793431
0	0.6712844194	0.1207004972	0.2080150835
1	0.0262972292	0.1474203488	0.8262824220
0	0.3390910996	0.0023542493	0.6585546511
0	0.9785184828	0.0214815172	0.0000000000
0	0.0125591202	0.1659783554	0.8214625243
0	0.0003383547	0.0691504129	0.9305112324
0	0.0013238343	0.5047971267	0.4938790390
0	0.0000000000	0.3426810259	0.6573189741
2	0.0000000000	0.4554652514	0.5445347486
0	0.4671745801	0.0303339890	0.5024914309
0	0.0427444307	0.0052980116	0.9519575577
0	0.9699859527	0.0000570477	0.0299569997
0	0.0090617966	0.0097566877	0.9811815157
0	0.0000002831	0.0353196490	0.9646800679
0	0.4280850232	0.0009955458	0.5709194311
0	0.2491936803	0.0001508751	0.7506554446
0	0.0746325141	0.2513548443	0.6740126416
0	0.0511954215	0.6143231069	0.3344814716
1	0.0000615804	0.0165528395	0.9833855801
0	0.0350947990	0.0028161668	0.9620890341
0	0.0000000156	0.6370629452	0.3629370392
0	0.4351173867	0.2862774907	0.2786051226
0	0.0000270752	0.1547190949	0.8452538300
0	0.9424528998	0.0000012706	0.0575458295
0	0.0212354841	0.6610075312	0.3177569847
0	0.0000149781	0.0635620528	0.9364229691
0	0.2845036494	0.0000057645	0.7154905861
0	0.0571133470	0.0031625790	0.9397240741
0	0.0259194746	0.8482509671	0.1258295583
0	0.2615876524	0.4885422727	0.2498700750
0	0.0001886877	0.9906161164	0.0091951959
0	0.4193163698	0.0481004009	0.5325832292
0	0.0810325756	0.3523690693	0.5665983550
0	0.0006319591	0.1688595847	0.8305084562
0	0.6252739771	0.2091509292	0.1655750937
0	0.1893092857	0.8096404341	0.0010502802
0	0.0069136700	0.6943229499	0.2987633801
0	0.1638525264	0.6779994738	0.1581479997
0	0.0032498465	0.0459043624	0.9508457911
0	0.6574645434	0.3030282253	0.0395072312
0	0.5754376502	0.3449099776	0.0796523722
0	0.0065955541	0.9498862314	0.0435182145
0	0.7762832576	0.2033107800	0.0204059624
0	0.0204042988	0.0723439185	0.9072517827
1	0.0000000477	0.9796720223	0.0203279300
0	0.0226802128	0.0193622242	0.9579575629
0	0.0002345485	0.0036743786	0.9960910729
0	0.0000000000	0.0221288438	0.9778711562
0	0.0000000000	0.0445050151	0.9554949849
0	0.0000000000	0.9603159248	0.0396840752
1	0.0003815869	0.5230639179	0.4765544951
0	0.0005799210	0.9839056183	0.0155144607
0	0.0886321126	0.0427788402	0.8685890472
0	0.7034010135	0.2962784980	0.0003204885
0	0.0048735440	0.3600533878	0.6350730682
0	0.3950321694	0.0217273516	0.5832404790
0	0.0086793533	0.8976687436	0.0936519030
0	0.7047199606	0.1659726396	0.1293073997
0	0.0357156396	0.0374188474	0.9268655130
1	0.6051537640	0.3788545860	0.0159916500
0	0.0152379755	0.4849316363	0.4998303882
0	0.0000000001	0.0997568347	0.9002431652
0	0.0027041370	0.1379850695	0.8593107935
1	0.0007976497	0.3524178339	0.6467845164
0	0.0172726194	0.0262287908	0.9564985898
0	0.9950649499	0.0049256927	0.0000093574
0	0.3864772409	0.5893146912	0.0242080679
0	0.0061374857	0.5804073835	0.4134551308
0	0.8009597992	0.1982030438	0.0008371570
0	0.0066612776	0.7095318887	0.2838068337
0	0.0245520679	0.5545462685	0.4209016637
0	0.4043264234	0.3934256712	0.2022479054
0	0.3935907994	0.0044149930	0.6019942076
0	0.7861343350	0.1777708488	0.0360948162
0	0.4208469963	0.0133548006	0.5657982031
