0	0.6776526398	0.0809572510	0.2413901092
1	0.0887851730	0.1333453137	0.7778695133
0	0.9381652044	0.0613021014	0.0005326942
0	0.1298165765	0.0277062554	0.8424771681
0	0.7412631724	0.2574127388	0.0013240888
1	0.6984428626	0.0467475837	0.2548095538
0	0.0083324739	0.0030760420	0.9885914841
0	0.9525961726	0.0040000144	0.0434038129
0	0.9881421067	0.0010952720	0.0107626213
1	0.3764029706	0.2678888477	0.3557081817
1	0.8941624357	0.0720737986	0.0337637658
0	0.3270787112	0.6646330588	0.0082882300
0	0.8342152363	0.1083322065	0.0574525573
0	0.9283366428	0.0716588266	0.0000045305
0	0.4340830490	0.5640888683	0.0018280827
0	0.8650299432	0.0004822920	0.1344877647
0	0.3747014697	0.4523745117	0.1729240186
0	0.0569581333	0.9415932419	0.0014486248
0	0.1519128225	0.8480871775	0.0000000000
0	0.2163980620	0.7031390944	0.0804628436
0	0.7920386493	0.0471758785	0.1607854722
0	0.7885481734	0.0000000000	0.2114518266
0	0.1390566387	0.8588363531	0.0021070082
0	0.7516713433	0.2477350233	0.0005936333
0	0.3556797938	0.6413403221	0.0029798841
0	0.7976357190	0.2023642810	0.0000000000
1	0.9833801109	0.0079489754	0.0086709138
2	0.5723428447	0.0650316978	0.3626254575
0	0.9082137666	0.0917014253	0.0000848081
0	0.4118653460	0.5767283699	0.0114062841
0	0.2872863036	0.1335934960	0.5791202004
1	0.9582298585	0.0000000000	0.0417701415
0	0.6621205481	0.1505673260	0.1873121259
0	0.9977478684	0.0000000247	0.0022521069
0	0.1753977272	0.0074677441	0.8171345287
1	0.0371485319	0.3107879030	0.6520635651
0	0.7194172533	0.0078585772	0.2727241695
0	0.2877325292	0.7122674708	0.0000000000
0	0.9672321761	0.0000000045	0.0327678194
1	0.8084541112	0.0781722787	0.1133736101
0	0.9073032833	0.0705036673	0.0221930495
1	0.3834420256	0.0315246140	0.5850333604
0	0.4387162833	0.5612753831	0.0000083336
0	0.0000000000	0.0105745046	0.9894254954
0	0.0004268106	0.7982644512	0.2013087382
0	0.6660650570	0.3335608703	0.0003740727
0	0.1721100704	0.6131640932	0.2147258363
0	0.5921747423	0.3699635181	0.0378617395
0	0.5669712365	0.2192022908	0.2138264727
0	0.9723909675	0.0190714080	0.0085376245
0	0.4118582445	0.4725159395	0.1156258160
0	0.3690242530	0.6281343762	0.0028413708
1	0.3116311399	0.4532109141	0.2351579460
0	0.9536622118	0.0164742390	0.0298635492
1	0.0033853485	0.3341253526	0.6624892989
1	0.3514159282	0.0611034281	0.5874806437
0	0.3441153197	0.1575184065	0.4983662738
1	0.5613196196	0.3785552431	0.0601251373
0	0.1147499612	0.8422424517	0.0430075871
0	0.1696592863	0.2635552686	0.5667854451
0	0.0032099865	0.9957216868	0.0010683267
0	0.8636645726	0.1238886723	0.0124467550
0	0.4416602968	0.3190056371	0.2393340661
0	0.0012803833	0.8561381574	0.1425814594
0	0.2727096919	0.0000006519	0.7272896562
0	0.0204407909	0.7116032066	0.2679560024
0	0.9612556532	0.0374380938	0.0013062531
0	0.7677100148	0.2301687628	0.0021212224
0	0.0000113883	0.9983109010	0.0016777107
0	0.7518889913	0.1330248803	0.1150861283
0	0.0301100367	0.0296022538	0.9402877096
1	0.0816872834	0.0134689772	0.9048437394
0	0.1537888256	0.7548201247	0.0913910497
0	0.4935920981	0.4781440772	0.0282638247
1	0.5485247473	0.4461343348	0.0053409179
0	0.7729704237	0.0200143604	0.2070152160
1	0.6358930560	0.0002470093	0.3638599347
0	0.4842736606	0.2953152399	0.2204110995
0	0.9582022182	0.0417977818	0.0000000000
0	0.7860366423	0.0067383862	0.2072249715
0	0.7120693679	0.2199530499	0.0679775822
0	0.9787749475	0.0193280993	0.0018969532
1	0.0008428070	0.1587075679	0.8404496251
0	0.4533436764	0.5466563236	0.0000000000
1	0.0601238082	0.2543690948	0.6855070970
0	0.3670800692	0.6329198097	0.0000001211
0	0.2562506284	0.3476398787	0.3961094929
0	0.2607653363	0.7373207515	0.0019139121
0	0.8030670157	0.1841980964	0.0127348879
0	0.6869385532	0.2819848560	0.0310765908
0	0.8151975555	0.0004518332	0.1843506113
1	0.7634715543	0.2363942700	0.0001341757
1	0.0000001100	0.0001969419	0.9998029481
0	0.9181837600	0.0133049417	0.0685112983
0	0.0408620440	0.8552254909	0.1039124651
1	0.2209236023	0.7064453449	0.0726310528
0	0.9521883370	0.0431406684	0.0046709946
0	0.1630918974	0.0267362682	0.8101718343
0	0.4305923245	0.5694076755	0.0000000000
0	0.0000019944	0.9905060974	0.0094919083
