0	0.2365007395	0.0588975052	0.7046017553
0	0.4334125432	0.5665007186	0.0000867382
0	0.0523459547	0.0334822958	0.9141717495
0	0.8022389064	0.1977610509	0.0000000428
1	0.0444981116	0.8697769397	0.0857249487
0	0.0161701382	0.1275526691	0.8562771927
0	0.1725869044	0.8268860842	0.0005270114
0	0.7258094369	0.2129975374	0.0611930257
0	0.4254140736	0.5745844676	0.0000014588
1	0.0464736866	0.8864600468	0.0670662666
0	0.0270073951	0.5227239285	0.4502686764
0	0.8879616714	0.1044780008	0.0075603278
1	0.0000000001	0.9856992254	0.0143007745
0	0.6606532775	0.3393467225	0.0000000000
0	0.0000000928	0.0184743375	0.9815255697
0	0.7690904672	0.0000000155	0.2309095173
0	0.7995246474	0.0392323082	0.1612430444
0	0.0009206210	0.2234107640	0.7756686149
1	0.4535583860	0.2435340732	0.3029075408
0	0.8725462296	0.1205967340	0.0068570364
0	0.0909926280	0.7936152143	0.1153921576
0	0.0000000000	0.9775077091	0.0224922909
0	0.4650204163	0.0000050134	0.5349745703
0	0.2761461028	0.2537828403	0.4700710569
1	0.0144282284	0.9751342965	0.0104374751
0	0.3388662859	0.5924720042	0.0686617099
0	0.8806933992	0.0256702631	0.0936363377
0	0.0009229734	0.5012670186	0.4978100080
0	0.0121929686	0.1369627743	0.8508442571
0	0.0000571574	0.1755401935	0.8244026491
0	0.4018131153	0.5421208441	0.0560660406
0	0.0048102265	0.0015755476	0.9936142259
0	0.2041623432	0.0025299558	0.7933077010
0	0.5547280502	0.3181205884	0.1271513614
0	0.4749585290	0.5249518030	0.0000896680
0	0.3764508579	0.0001288648	0.6234202773
0	0.0000001338	0.3081010526	0.6918988136
0	0.1823971928	0.0000126737	0.8175901336
1	0.3159871744	0.3336518085	0.3503610171
0	0.9776942762	0.0108104850	0.0114952388
0	0.9560831614	0.0207665246	0.0231503139
0	0.1669721661	0.2476240910	0.5854037430
0	0.0792408454	0.6459888161	0.2747703386
0	0.7262186886	0.1791727379	0.0946085736
0	0.7893959778	0.0010367719	0.2095672503
1	0.0789349075	0.2831597642	0.6379053283
0	0.0050414352	0.9616061408	0.0333524241
0	0.5277208482	0.4275054701	0.0447736817
0	0.4772030656	0.1282089373	0.3945879971
0	0.0377169380	0.9179064345	0.0443766275
0	0.1036471247	0.5129955320	0.3833573432
0	0.0332724186	0.1082108420	0.8585167394
0	0.0000000009	0.3504753729	0.6495246262
0	0.3875284833	0.5423361504	0.0701353663
0	0.7497213799	0.0020492504	0.2482293698
1	0.4764336530	0.4592882812	0.0642780658
1	0.0059488996	0.9940511004	0.0000000000
0	0.5033923061	0.0000000506	0.4966076433
0	0.4528989239	0.0000016761	0.5470994001
0	0.8123183301	0.0113998327	0.1762818372
1	0.0032862353	0.1011818500	0.8955319147
0	0.7342168707	0.0350381287	0.2307450006
0	0.9898921841	0.0062878281	0.0038199878
1	0.9599861553	0.0244643851	0.0155494596
1	0.4843270856	0.5156729140	0.0000000004
0	0.3743929471	0.0083943683	0.6172126846
0	0.9100639612	0.0604390577	0.0294969811
0	0.8912546643	0.0145117874	0.0942335483
1	0.5774998671	0.3235605253	0.0989396076
0	0.2854200337	0.1927053957	0.5218745707
2	0.0030765724	0.8460758400	0.1508475877
1	0.1457180423	0.8522038046	0.0020781531
0	0.7178051733	0.2804078230	0.0017870038
0	0.9725815858	0.0148578133	0.0125606009
2	0.8849989415	0.1149943479	0.0000067106
0	0.9961231048	0.0000000000	0.0038768952
0	0.0000002741	0.4109344840	0.5890652419
0	0.1696746545	0.0240989200	0.8062264256
0	0.0081992031	0.2871331946	0.7046676023
1	0.0000000000	0.0000007304	0.9999992696
0	0.9583496398	0.0267228559	0.0149275043
0	0.9132049673	0.0000000000	0.0867950327
0	0.0041310047	0.9923699809	0.0034990144
0	0.0000000101	0.1580878202	0.8419121697
0	0.2790439350	0.7209560650	0.0000000000
0	0.0000000002	0.0113518833	0.9886481165
0	0.2514413801	0.7485080606	0.0000505593
0	0.2377000577	0.1273900626	0.6349098796
0	0.2616689854	0.7338137927	0.0045172219
1	0.8099154459	0.0685999866	0.1214845676
0	0.2479673269	0.0046424141	0.7473902590
1	0.0016192315	0.3480733737	0.6503073948
0	0.8827142364	0.0618593673	0.0554263963
0	0.2271877311	0.3380182763	0.4347939926
0	0.0005747345	0.4831053361	0.5163199294
1	0.4151601515	0.4743166374	0.1105232110
0	0.0099131930	0.5584810731	0.4316057339
0	0.3126414139	0.0980912448	0.5892673413
0	0.9770946479	0.0228747302	0.0000306219
0	0.6147730107	0.0256517223	0.3595752670
