0	0.0651722542	0.4563453294	0.4784824164
0	0.0111479639	0.0724635774	0.9163884587
1	0.1072831510	0.6587524957	0.2339643534
1	0.0004818488	0.8982781883	0.1012399629
0	0.6278620063	0.1453708277	0.2267671660
0	0.5928803807	0.3855229593	0.0215966600
0	0.1151279510	0.8750725864	0.0097994627
1	0.0080124084	0.9919115572	0.0000760344
0	0.6973723045	0.2062183984	0.0964092971
0	0.1050498947	0.1213813460	0.7735687593
0	0.0719789511	0.3020131430	0.6260079060
0	0.8000794125	0.0000000035	0.1999205840
1	0.0000003273	0.2151675558	0.7848321169
1	0.6615881745	0.2037067259	0.1347050996
0	0.1702508450	0.8200364162	0.0097127388
0	0.0000000000	0.0179635492	0.9820364508
0	0.0050839077	0.0001296579	0.9947864345
0	0.0402511765	0.4972803371	0.4624684864
0	0.0008605574	0.9873040316	0.0118354110
0	0.0000000128	0.6602623468	0.3397376404
0	0.8112926274	0.0151036487	0.1736037239
0	0.9651171588	0.0339644087	0.0009184324
0	0.0275069280	0.0765634543	0.8959296177
0	0.0726850197	0.7095816797	0.2177333006
1	0.5070301951	0.2074610399	0.2855087650
0	0.9596542203	0.0000029208	0.0403428589
0	0.0007636212	0.4628716468	0.5363647321
1	0.8548929412	0.1026268640	0.0424801947
0	0.0339563650	0.9247454043	0.0412982307
0	0.6144664621	0.0072148646	0.3783186733
0	0.1178043665	0.0400982562	0.8420973773
0	0.3374569936	0.4990824083	0.1634605980
0	0.0129388906	0.0118054089	0.9752557006
0	0.6885354951	0.0028979953	0.3085665096
0	0.2867186857	0.0000000003	0.7132813141
0	0.1621126740	0.8349546901	0.0029326360
0	0.4180693670	0.5745196627	0.0074109703
0	0.1238562366	0.8758783899	0.0002653735
0	0.0023443131	0.9922200284	0.0054356584
0	0.3496787639	0.4837878045	0.1665334316
0	0.1181468605	0.0030295432	0.8788235963
0	0.2961003316	0.0012166121	0.7026830563
0	0.5518414438	0.0430317192	0.4051268369
0	0.0000027713	0.1364242553	0.8635729735
0	0.5350882227	0.0408007465	0.4241110308
0	0.2870978972	0.0627050138	0.6501970890
0	0.0599565705	0.9400432226	0.0000002068
0	0.2193804821	0.0017465027	0.7788730152
0	0.4247049330	0.3582804599	0.2170146071
0	0.9980653544	0.0000063297	0.0019283159
0	0.1370882457	0.8625394987	0.0003722556
1	0.1014005718	0.5764544759	0.3221449524
0	0.1139212477	0.6445739408	0.2415048115
1	0.0278502143	0.8356584859	0.1364912998
2	0.0238866559	0.1853740810	0.7907392630
1	0.1518307521	0.0063886388	0.8417806091
0	0.0120442358	0.0132639783	0.9746917859
0	0.8679028774	0.0154400494	0.1166570732
2	0.0347894330	0.4320461899	0.5331643771
0	0.9969251247	0.0002366932	0.0028381822
0	0.9230559461	0.0000000000	0.0769440539
0	0.0002215437	0.0443210238	0.9554574325
0	0.0667192422	0.3011146650	0.6321660929
0	0.0013988819	0.9493471178	0.0492540003
0	0.0246937080	0.0002969150	0.9750093770
0	0.0650040491	0.7420247998	0.1929711511
0	0.0113730380	0.0261765029	0.9624504591
0	0.7041223092	0.0194811631	0.2763965278
0	0.0600898977	0.7064573937	0.2334527086
0	0.3456123054	0.0087518379	0.6456358567
2	0.8433989565	0.0761100701	0.0804909734
0	0.0076666352	0.2501208038	0.7422125610
0	0.0105336948	0.5576102746	0.4318560306
0	0.5673049215	0.3848234529	0.0478716256
0	0.1565563267	0.4392585871	0.4041850862
0	0.1750880518	0.2297469895	0.5951649586
0	0.0078470591	0.3183566699	0.6737962710
0	0.2839328530	0.0000047341	0.7160624130
1	0.8793124145	0.0115625595	0.1091250260
0	0.0004224248	0.4207371552	0.5788404200
2	0.2640223944	0.3709352534	0.3650423523
1	0.6567405761	0.2078854965	0.1353739274
0	0.4459412889	0.0006286916	0.5534300195
1	0.0092448518	0.1347390333	0.8560161150
0	0.0368543673	0.1567664164	0.8063792162
0	0.9803781841	0.0174168401	0.0022049758
0	0.0210653669	0.1055152496	0.8734193835
1	0.3145859683	0.5531218493	0.1322921823
0	0.9182805597	0.0021526992	0.0795667411
0	0.4558818779	0.5440601177	0.0000580044
0	0.3744003056	0.0812794144	0.5443202800
0	0.9999576680	0.0000419996	0.0000003324
0	0.0332583094	0.2656195964	0.7011220942
2	0.0729704304	0.3241360475	0.6028935221
0	0.4991769058	0.4244009937	0.0764221005
0	0.0088058834	0.7696808989	0.2215132177
0	0.3813908339	0.4307532806	0.1878558854
0	0.9882787462	0.0087626916	0.0029585622
0	0.0410963067	0.6609673202	0.2979363731
0	0.0064708526	0.0831480316	0.9103811157
