0	0.0062191211	0.0000000000	0.9937808789
1	0.1317352047	0.0182180273	0.8500467681
0	0.0578980248	0.4521353186	0.4899666566
0	0.0124573519	0.0696991694	0.9178434787
0	0.0000420677	0.0000000000	0.9999579323
1	0.5421702608	0.0000580498	0.4577716894
0	0.0314627568	0.4645916591	0.5039455841
0	0.0434108013	0.0826413125	0.8739478862
0	0.0000003478	0.1198992275	0.8801004247
1	0.0225253251	0.9759715362	0.0015031387
0	0.2404285774	0.0223013955	0.7372700272
0	0.5168204470	0.4823124362	0.0008671168
0	0.0007397891	0.0477993377	0.9514608732
0	0.3317105771	0.0073439496	0.6609454733
0	0.9856656897	0.0000063004	0.0143280098
0	0.0018960962	0.0005501004	0.9975538034
1	0.8906130063	0.0653849377	0.0440020561
0	0.0939317809	0.0013543717	0.9047138474
0	0.8178497145	0.0006973044	0.1814529811
0	0.0728749263	0.8343771946	0.0927478792
0	0.0000000061	0.0496330545	0.9503669394
0	0.0118103155	0.1052478049	0.8829418796
1	0.5035308434	0.0006293807	0.4958397759
0	0.6621289301	0.3378610442	0.0000100257
1	0.0000326393	0.1552050562	0.8447623045
0	0.2821868879	0.0028217683	0.7149913437
0	0.4554064799	0.2264811714	0.3181123486
0	0.0000000000	0.9035467735	0.0964532265
0	0.1060134354	0.0000000275	0.8939865371
0	0.0167185926	0.0037060328	0.9795753746
0	0.0000361940	0.0300038828	0.9699599232
1	0.0602838265	0.1754546129	0.7642615607
0	0.0015146431	0.0753707145	0.9231146423
1	0.4451779549	0.0000000000	0.5548220451
0	0.9765572680	0.0000004639	0.0234422681
0	0.0838150869	0.0000242216	0.9161606916
0	0.5772852352	0.2868171360	0.1358976288
0	0.4695289634	0.4115131702	0.1189578663
1	0.7747197795	0.2238368126	0.0014434079
0	0.2001471574	0.5273185324	0.2725343102
0	0.0017389496	0.0135304689	0.9847305815
0	0.6402946272	0.1807089278	0.1789964450
0	0.0000187432	0.2531637259	0.7468175309
0	0.0007668924	0.0366309164	0.9626021913
0	0.1041870611	0.0240775402	0.8717353987
0	0.0000000002	0.1754972200	0.8245027799
0	0.0844030061	0.3010886976	0.6145082962
0	0.7022951696	0.0000000000	0.2977048304
0	0.0000009414	0.0180996777	0.9818993809
0	0.0314581540	0.0419174569	0.9266243890
0	0.0035866928	0.0252112992	0.9712020080
0	0.0000000072	0.0004120572	0.9995879355
0	0.0957265451	0.4454228055	0.4588506495
1	0.0000000000	0.0392293201	0.9607706799
0	0.0018047737	0.0009698484	0.9972253779
2	0.1810578580	0.1253763097	0.6935658323
0	0.9243168238	0.0080106358	0.0676725404
0	0.0910905140	0.2418928995	0.6670165865
0	0.0009907489	0.0000149813	0.9989942698
0	0.9073523067	0.0873079205	0.0053397728
0	0.0389235018	0.0005110957	0.9605654025
0	0.0000000000	0.4124830433	0.5875169567
1	0.1102172791	0.0009215206	0.8888612003
1	0.2259057300	0.0573833494	0.7167109206
0	0.0087715049	0.0000000000	0.9912284951
0	0.1332441009	0.0002982408	0.8664576583
0	0.0153242754	0.0008240137	0.9838517110
0	0.0094556063	0.0236600791	0.9668843146
1	0.0011135030	0.0311737959	0.9677127011
0	0.7339880483	0.0588032991	0.2072086526
0	0.0017315698	0.1365611052	0.8617073250
0	0.9798519346	0.0000000042	0.0201480612
0	0.5366474762	0.4434344663	0.0199180576
1	0.0003021687	0.3784979219	0.6211999094
0	0.0000000003	0.8536758595	0.1463241402
0	0.0000000019	0.0008806073	0.9991193909
0	0.0000000000	0.0659362396	0.9340637604
0	0.2155347179	0.0001924991	0.7842727830
0	0.0000000000	0.0000000000	1.0000000000
0	0.0709973107	0.0651238959	0.8638787934
0	0.0006466331	0.6085964214	0.3907569455
0	0.6840097451	0.0000000000	0.3159902549
0	0.0016449113	0.0249649613	0.9733901275
0	0.0000000000	0.0000000000	1.0000000000
0	0.0015213158	0.9052997238	0.0931789604
0	0.0007241991	0.0237806983	0.9754951026
0	0.9803272553	0.0196727447	0.0000000000
0	0.1119165034	0.0000000033	0.8880834933
0	0.3263485157	0.0000000005	0.6736514839
1	0.0000000000	0.9889066561	0.0110933439
1	0.0000002858	0.5670901217	0.4329095925
0	0.0000880148	0.0139884783	0.9859235068
1	0.0516150605	0.2205436237	0.7278413158
0	0.0113269900	0.1186582533	0.8700147567
0	0.0000176926	0.0271416212	0.9728406862
0	0.0002334995	0.0759700198	0.9237964807
0	0.1194551096	0.5082357142	0.3723091761
0	0.0004597192	0.0226447955	0.9768954853
0	0.0402849725	0.0113684920	0.9483465355
1	0.0030317614	0.8492572092	0.1477110294
