0	0.1401209016	0.7868135892	0.0730655091
0	0.9125267352	0.0470133673	0.0404598975
0	0.8947000113	0.0130920042	0.0922079845
1	0.3032766395	0.1372023288	0.5595210317
0	0.0024643841	0.8434697983	0.1540658177
0	0.0105178450	0.0014849284	0.9879972266
0	0.7389787444	0.0015386036	0.2594826520
0	0.0001028086	0.0267300882	0.9731671032
0	0.9733303787	0.0266696101	0.0000000112
0	0.0000000000	0.9754450795	0.0245549205
1	0.4981432824	0.1172860713	0.3845706462
0	0.0392053181	0.0129466014	0.9478480805
0	0.0435928803	0.9211849873	0.0352221324
0	0.0000000055	0.9313905624	0.0686094321
0	0.9855622362	0.0064190009	0.0080187629
0	0.1084469871	0.0000026722	0.8915503407
1	0.0004239731	0.0779999955	0.9215760313
0	0.0603599469	0.0000000000	0.9396400531
0	0.1720789135	0.6776060346	0.1503150520
0	0.2294011443	0.7656133989	0.0049854568
0	0.7481914081	0.2166817377	0.0351268542
0	0.0927256574	0.9072743395	0.0000000030
0	0.1145368968	0.0877092860	0.7977538172
0	0.5318348796	0.0040053750	0.4641597454
0	0.9658129394	0.0222048932	0.0119821674
1	0.3309431264	0.1279731927	0.5410836809
0	0.4877470773	0.5121253168	0.0001276059
1	0.0025053573	0.0036708291	0.9938238135
0	0.2078346222	0.2464617208	0.5457036571
0	0.0000200029	0.9339316059	0.0660483913
0	0.4376929437	0.4163161329	0.1459909234
0	0.0855178668	0.0002660110	0.9142161222
0	0.0760034338	0.8952591839	0.0287373823
0	0.7044267866	0.2874581406	0.0081150728
2	0.6107617640	0.0212636069	0.3679746291
2	0.0003605138	0.0008070302	0.9988324561
0	0.8434899209	0.0399665552	0.1165435239
1	0.0526797673	0.0159762585	0.9313439742
1	0.1389800269	0.1547301296	0.7062898435
0	0.0512526557	0.0584041860	0.8903431583
0	0.5607785717	0.2020672967	0.2371541317
0	0.2960357906	0.6857098526	0.0182543569
0	0.0194646579	0.8493367570	0.1311985851
0	0.1578945526	0.5551452040	0.2869602434
0	0.1073294481	0.5494073385	0.3432632133
0	0.0463528996	0.5281554641	0.4254916362
0	0.0355443867	0.1757893384	0.7886662749
0	0.8071309193	0.1917801384	0.0010889423
0	0.7915988553	0.0000271182	0.2083740265
0	0.2104317938	0.0655535250	0.7240146812
0	0.1985983495	0.7374272379	0.0639744125
0	0.0228828379	0.3972538425	0.5798633196
1	0.0871634927	0.0744341392	0.8384023681
0	0.0111719325	0.1335238979	0.8553041696
0	0.6015468548	0.0290336088	0.3694195363
1	0.0004201535	0.0729460499	0.9266337966
0	0.0235930547	0.0000000007	0.9764069446
1	0.0364966515	0.4526407512	0.5108625974
1	0.5370274589	0.0203963297	0.4425762114
0	0.3791215118	0.1605636641	0.4603148241
1	0.0752911517	0.1300382146	0.7946706337
0	0.1109330981	0.0099263971	0.8791405047
0	0.0159127367	0.9141226251	0.0699646382
0	0.3919704210	0.2436224252	0.3644071538
0	0.2749308824	0.7250690826	0.0000000350
1	0.1596904082	0.0796335525	0.7606760393
0	0.4460524974	0.5528889409	0.0010585617
0	0.9386875590	0.0106202569	0.0506921841
0	0.0958995009	0.1075509036	0.7965495955
1	0.0000780357	0.0223535929	0.9775683714
0	0.1195263596	0.8257338298	0.0547398106
0	0.0039561894	0.8677680503	0.1282757603
0	0.0301898379	0.0032146945	0.9665954676
0	0.1795908999	0.2190353106	0.6013737895
0	0.4493124267	0.5475441053	0.0031434680
0	0.0354431355	0.0612714483	0.9032854162
0	0.0000012086	0.0039265783	0.9960722131
0	0.3841689459	0.0000769692	0.6157540848
1	0.0463921933	0.0297025300	0.9239052767
0	0.0000000001	0.9644447890	0.0355552109
0	0.5738234391	0.1138834286	0.3122931323
0	0.8806081119	0.0054533976	0.1139384904
0	0.9334787973	0.0021532463	0.0643679564
0	0.1089865862	0.1172710570	0.7737423568
1	0.9519370408	0.0176679492	0.0303950101
0	0.7218974903	0.0002951720	0.2778073377
0	0.0342182580	0.9567703018	0.0090114402
0	0.3086976730	0.2083303649	0.4829719620
0	0.3651913045	0.5157517199	0.1190569757
0	0.1132893713	0.6368513037	0.2498593250
0	0.0107093264	0.3727944380	0.6164962356
0	0.0790811797	0.0221329067	0.8987859136
1	0.7969884607	0.0110956990	0.1919158403
0	0.0207195889	0.9548904355	0.0243899756
0	0.0763572426	0.0442047531	0.8794380043
1	0.2366768244	0.7506224483	0.0127007273
0	0.8723283083	0.0786848726	0.0489868192
0	0.0003352694	0.0621877531	0.9374769775
0	0.4797245494	0.0064565032	0.5138189474
0	0.0715337273	0.8180928125	0.1103734602
