0	0.0024477206	0.2443857437	0.3353417165	0.2121959300	0.2056288893
0	0.4174505366	0.0055294941	0.0194032918	0.0000000335	0.5576166440
0	0.0275174104	0.1316148443	0.0000000000	0.7364858739	0.1043818714
1	0.0686139772	0.0612687728	0.0142714092	0.8521172281	0.0037286127
0	0.6397532335	0.0003532198	0.1825498809	0.1771087903	0.0002348755
0	0.4220325601	0.0000000235	0.1373941859	0.1547920634	0.2857811671
0	0.0020811104	0.0002667800	0.1337778586	0.0443202383	0.8195540127
0	0.0654359568	0.0009010716	0.3907431040	0.0263158618	0.5166040057
0	0.8904084547	0.0406134927	0.0000000308	0.0361099343	0.0328680875
0	0.1666352683	0.0000627616	0.2326222089	0.6006797612	0.0000000000
0	0.2336364947	0.2402650090	0.0313830439	0.3519246434	0.1427908091
0	0.0283087142	0.5685322935	0.3371346486	0.0072397815	0.0587845622
0	0.0112897509	0.0306698756	0.0007882841	0.9572505260	0.0000015633
0	0.3816567130	0.0003384822	0.0000207215	0.5001113958	0.1178726875
0	0.0983274442	0.4208505940	0.2464770674	0.2021848877	0.0321600067
0	0.0000000000	0.0004709851	0.0983180442	0.4652475890	0.4359633818
0	0.3204182545	0.0577016143	0.4462659303	0.1341205308	0.0414936701
0	0.0407180222	0.0027981245	0.0701904503	0.0913408973	0.7949525057
0	0.0000000000	0.5003972882	0.4304368815	0.0456390490	0.0235267814
0	0.2149259109	0.0200814576	0.0000448018	0.2865354061	0.4784124237
1	0.0040489180	0.9369593154	0.0001417656	0.0000000003	0.0588500007
0	0.0003719468	0.0000000000	0.7866126807	0.1746902775	0.0383250950
0	0.0679966043	0.5990248128	0.0103950109	0.0231801940	0.2994033781
0	0.0002465538	0.8014502630	0.0045530056	0.0582617746	0.1354884031
0	0.1153413297	0.4798549852	0.1418282944	0.2169371238	0.0460382669
0	0.0013128641	0.0999428871	0.0000001978	0.0401804933	0.8585635577
0	0.0000000000	0.2947022373	0.2835367834	0.2145541737	0.2072068055
0	0.2816633136	0.5991389405	0.1017959792	0.0049153984	0.0124863683
0	0.2455556408	0.0389970230	0.0119102714	0.6180490407	0.0854880240
0	0.3199901862	0.0057178909	0.1994700150	0.0000000000	0.4748219080
0	0.3476830643	0.1247655171	0.0080719803	0.4796237962	0.0398556422
0	0.6576978501	0.2419286276	0.0478368572	0.0521230732	0.0004135919
0	0.0001105881	0.0000000086	0.0000525167	0.1252715440	0.8745653426
0	0.0844959311	0.6095722599	0.1667569562	0.0343806152	0.1047942376
0	0.0990344987	0.1903695322	0.0019170037	0.0979086967	0.6107702686
0	0.3491181334	0.0000001720	0.4724015584	0.1491270480	0.0293530882
0	0.0274961570	0.3938557687	0.2532505424	0.0006173059	0.3247802260
0	0.0957476164	0.0064913088	0.3883461922	0.5055437165	0.0038711660
0	0.0151866647	0.5731024824	0.4019611857	0.0096833219	0.0000663453
0	0.0023028214	0.3847804248	0.0102863412	0.4363803809	0.1662500316
0	0.0153670455	0.0099923861	0.0160609222	0.0484266452	0.9101530011
0	0.7123313944	0.0049239073	0.0893901768	0.1899982826	0.0033562389
0	0.0099967439	0.0000078601	0.3425521110	0.6285933719	0.0188499131
0	0.3280481229	0.0081945585	0.0207654681	0.4150162269	0.2279756236
0	0.0097108963	0.0354740229	0.6538501196	0.1386080088	0.1623569524
0	0.1540779025	0.0815494513	0.6392506439	0.0000000000	0.1251220024
1	0.1590585508	0.5873128888	0.1404354419	0.0101581472	0.1030349713
0	0.1189307360	0.3656469609	0.0007668583	0.2890603031	0.2255951417
0	0.0182824942	0.0014504629	0.0507429629	0.2234046198	0.7061194603
0	0.0025314028	0.3905138474	0.5852313998	0.0156045110	0.0061188390
0	0.5149417202	0.0003834852	0.1775892113	0.0000501931	0.3070353903
0	0.0872588243	0.3302132879	0.0357474005	0.5287985214	0.0179819659
0	0.0007400203	0.2130828208	0.0052583726	0.1374716989	0.6434470874
0	0.0046271040	0.5535574942	0.4086819506	0.0000000044	0.0331334468
2	0.0173648045	0.0091687805	0.0000000419	0.2962154946	0.6772508786
0	0.3040856803	0.0647165485	0.6276875490	0.0000000010	0.0035102212
0	0.3780289942	0.0089118047	0.0000397693	0.0000102857	0.6130091461
0	0.0110942301	0.8030024779	0.0000456763	0.1216731160	0.0641844997
0	0.0000009804	0.9176689984	0.0202977013	0.0582729058	0.0037594141
0	0.3298958364	0.5412545718	0.0003307480	0.1265714582	0.0019473856
0	0.0243754497	0.1145831076	0.2916091541	0.0027395530	0.5666927356
0	0.0229073064	0.0143785487	0.0043454540	0.9547670213	0.0036016696
0	0.3411018306	0.0539724374	0.0000003405	0.1070491230	0.4978762685
0	0.4648266393	0.2495134325	0.0000008477	0.2847865892	0.0008724913
0	0.5102680443	0.0000000005	0.1072487540	0.2659548299	0.1165283713
0	0.0059801927	0.7860341166	0.1282013580	0.0602900280	0.0194943046
0	0.0219159526	0.5724740517	0.1009461105	0.0000519839	0.3046119012
0	0.8572457072	0.0205112005	0.0000002195	0.0647854961	0.0574573767
0	0.0146474044	0.1313623062	0.8144053077	0.0395849817	0.0000000000
0	0.9082707900	0.0350319816	0.0012993376	0.0282453780	0.0271525128
0	0.0311897322	0.2289921734	0.0767292619	0.0441332312	0.6189556013
0	0.2730015664	0.1832259048	0.1758536079	0.1471208223	0.2207980985
0	0.1810842308	0.8027432710	0.0131422597	0.0030146533	0.0000155851
0	0.0000000000	0.3398142756	0.2858510332	0.0186448757	0.3556898155
0	0.0962101706	0.8317743674	0.0095439666	0.0383832133	0.0240882821
0	0.0000212598	0.0136030019	0.4392191490	0.5471565840	0.0000000052
1	0.0978556742	0.6659820548	0.0466715357	0.1798486021	0.0096421333
0	0.2946811672	0.3244362153	0.0784971852	0.2949895166	0.0073959156
0	0.3322148649	0.0352278691	0.0010705341	0.0588574419	0.5726292899
0	0.0342191203	0.0000897447	0.2499553291	0.3759998931	0.3397359128
0	0.5880927146	0.0211482280	0.0001415727	0.0426289234	0.3479885613
0	0.5435652408	0.4561180556	0.0000000006	0.0003167007	0.0000000024
0	0.4996167993	0.0005919672	0.0676289463	0.0036882758	0.4284740113
0	0.0357354015	0.0638871879	0.4666333962	0.4322415885	0.0015024259
1	0.1536557115	0.1481188278	0.0889998234	0.4351427334	0.1740829039
1	0.0000703127	0.9062075396	0.0000000000	0.0607369647	0.0329851829
0	0.2626642615	0.1692647021	0.0000000000	0.3013790996	0.2666919368
0	0.0152827598	0.0295486331	0.9192358691	0.0166782604	0.0192544775
0	0.0875519361	0.0010504908	0.7563594702	0.0896069873	0.0654311157
0	0.0002335592	0.4219213862	0.0808699968	0.3634312848	0.1335437730
0	0.6689844100	0.0331784288	0.2834455753	0.0000000000	0.0143915860
0	0.9304686062	0.0277877667	0.0267794747	0.0077602575	0.0072038949
0	0.0363134309	0.1835257587	0.7798615170	0.0000000000	0.0002992934
0	0.0069911196	0.0833061974	0.0780182490	0.0752156601	0.7564687739
0	0.0247520692	0.4936121501	0.0471495658	0.1884816917	0.2460045232
0	0.0461190506	0.0359264433	0.2375735049	0.2597251183	0.4206558829
0	0.2257068367	0.0000000006	0.4314050547	0.0092945341	0.3335935739
1	0.1820080052	0.2019904813	0.1765553126	0.2018692457	0.2375769552
0	0.0012269238	0.8145288090	0.0944513362	0.0890366670	0.0007562640
0	0.0058398499	0.0000443074	0.8626011563	0.0915796076	0.0399350789
