1	0.8698880579	0.0690548696	0.0384550875	0.0224017406	0.0002002443
0	0.0000001428	0.0028651016	0.0085691145	0.0000000001	0.9885656411
0	0.0023487773	0.0058171943	0.0934199484	0.0354591304	0.8629549496
0	0.0026593716	0.2358604040	0.3615241114	0.0012927737	0.3986633394
0	0.5737898306	0.0359142768	0.0000005559	0.2209177406	0.1693775962
1	0.1221678236	0.0108631014	0.8519535341	0.0004407349	0.0145748060
0	0.3260165454	0.0506813875	0.4861576761	0.1368392595	0.0003051315
0	0.0803323260	0.0417902712	0.4407235189	0.2395447004	0.1976091835
0	0.1647772013	0.0532454312	0.6675439939	0.0047955741	0.1096377995
0	0.0000008062	0.0225580440	0.1339985679	0.8373261075	0.0061164745
0	0.0027366830	0.0059879269	0.2063598703	0.0444393578	0.7404761621
0	0.0058597949	0.1172514911	0.0065501410	0.8607772054	0.0095613676
0	0.0051776955	0.2284660875	0.0720528264	0.6722178629	0.0220855277
0	0.0651968966	0.1570250815	0.0011347351	0.7766416187	0.0000016681
0	0.2597699056	0.0212574597	0.0000650627	0.7185444943	0.0003630777
0	0.0000366230	0.0595475842	0.0542135604	0.8772050893	0.0089971431
0	0.0035332753	0.4111128922	0.2207192100	0.3646346225	0.0000000000
0	0.2220578835	0.0053349393	0.0708285014	0.6474072804	0.0543713954
1	0.6650943442	0.0828759991	0.0433907963	0.0150411982	0.1935976622
0	0.1548763085	0.1629569000	0.2102718159	0.0144598938	0.4574350818
0	0.0063891493	0.5213712460	0.0181608583	0.3189306656	0.1351480809
0	0.4273449452	0.0002651050	0.0000000000	0.0000000005	0.5723899493
0	0.0216250676	0.6624340404	0.2800205592	0.0359132113	0.0000071215
0	0.6802683238	0.1624086674	0.0451772070	0.0788869950	0.0332588068
0	0.0144416124	0.2097216147	0.0753354320	0.0092040503	0.6912972906
1	0.0048596150	0.0156647283	0.9491707307	0.0297962555	0.0005086706
0	0.1342029298	0.0746315219	0.2923937935	0.0545598269	0.4442119280
0	0.7530497233	0.0124459090	0.0132773485	0.2115777748	0.0096492443
0	0.0214426609	0.2259445303	0.0999211616	0.6190149676	0.0336766796
0	0.3964680988	0.4709154136	0.0575681570	0.0613261924	0.0137221383
0	0.0516854140	0.0121213440	0.0001030135	0.0000029854	0.9360872432
0	0.1724211342	0.0000000000	0.1131652881	0.7144135777	0.0000000000
0	0.1208028157	0.3179278144	0.0000017908	0.4474946748	0.1137729043
0	0.5188146514	0.0090331464	0.4613412677	0.0069154490	0.0038954855
0	0.0239828563	0.3999087709	0.3420981200	0.0151582072	0.2188520455
0	0.2279987995	0.1178961949	0.0044089484	0.0442943434	0.6054017139
0	0.0240559109	0.8418711975	0.0996613284	0.0012562174	0.0331553458
0	0.0360378794	0.0001140130	0.5696112818	0.3289374497	0.0652993761
1	0.0047553142	0.0180117050	0.5679706217	0.0344892920	0.3747730671
0	0.1384894735	0.0811284833	0.0950215101	0.0030684334	0.6822920998
0	0.1940001700	0.4001435792	0.0370838694	0.2452220558	0.1235503256
0	0.5577155715	0.0015410027	0.3841183414	0.0435399382	0.0130851462
0	0.1800155259	0.4571468321	0.3618385480	0.0009429155	0.0000561784
0	0.8884493081	0.0000006178	0.1023650251	0.0090907034	0.0000943456
0	0.0914282102	0.0012697302	0.0000000189	0.0473451444	0.8599568964
0	0.2414258068	0.0272764119	0.4042084478	0.0435363020	0.2835530315
0	0.2126296295	0.1231084107	0.0810019437	0.4555074877	0.1277525284
0	0.0097356484	0.4562937464	0.3525831539	0.1813798480	0.0000076033
0	0.1711908055	0.1059752818	0.0001573191	0.0000152100	0.7226613835
0	0.0000701890	0.0005587813	0.9858892971	0.0087512580	0.0047304746
0	0.0507286641	0.0158060101	0.0436170164	0.2406937933	0.6491545161
0	0.2035689897	0.1529381926	0.2719520922	0.1711087509	0.2004319746
0	0.0355035803	0.0059509130	0.0083923648	0.6881439130	0.2620092289
0	0.4265036221	0.2142880304	0.0276695575	0.0885638918	0.2429748982
0	0.0848197656	0.3290271073	0.0017788105	0.4010803330	0.1832939835
0	0.9392540002	0.0123017028	0.0029445170	0.0080029639	0.0374968161
1	0.2393659815	0.0036929525	0.3585610140	0.0716989653	0.3266810867
0	0.8822211554	0.1133563371	0.0000000000	0.0017578407	0.0026646668
0	0.0384528817	0.2655403563	0.0089271742	0.0014414727	0.6856381152
0	0.0000000008	0.1063329129	0.0000001061	0.5554617214	0.3382052588
0	0.0746179984	0.0131688325	0.4803800788	0.4318330903	0.0000000000
0	0.1719769651	0.5620877431	0.0194891630	0.1991887348	0.0472573941
0	0.0494432387	0.3193076695	0.1167750448	0.3262561603	0.1882178867
0	0.1424678072	0.1276277949	0.4962560986	0.0017289664	0.2319193329
1	0.0000000643	0.1618824979	0.5259478211	0.1248362211	0.1873333957
0	0.0000156840	0.3300380306	0.2785619244	0.3877232089	0.0036611521
0	0.0003485664	0.0659073133	0.6909335953	0.2422793304	0.0005311947
0	0.3952200126	0.0164391595	0.3074109775	0.2632752734	0.0176545770
0	0.1991805092	0.2393240197	0.0156507625	0.1797200103	0.3661246983
2	0.0736546699	0.2607356191	0.0008533754	0.5156414662	0.1491148694
0	0.3627258055	0.0324624792	0.0085869261	0.0455564671	0.5506683221
0	0.0046532595	0.0918070040	0.5377838376	0.0480649030	0.3176909959
0	0.4007198139	0.1202688062	0.0002453231	0.3848075972	0.0939584596
0	0.0291621102	0.1674153362	0.1323688683	0.2061475806	0.4649061047
0	0.1150359894	0.0832175729	0.0243706924	0.7500585282	0.0273172171
0	0.0202533056	0.0082638650	0.4873584331	0.0485266775	0.4355977188
0	0.0131171040	0.1891311625	0.7920755611	0.0000034742	0.0056726981
0	0.2341360106	0.1094606661	0.0205517716	0.2213970343	0.4144545175
1	0.4660757437	0.0016081021	0.3679042593	0.0906967368	0.0737151581
0	0.2378571303	0.0696176699	0.0111546394	0.0027620910	0.6786084694
0	0.2316094388	0.0135435007	0.0000002309	0.2172231642	0.5376236653
0	0.0009341332	0.2009005895	0.0658083960	0.7120553771	0.0203015042
1	0.2103454479	0.3414420147	0.4155713714	0.0003706033	0.0322705628
0	0.8002382687	0.1369258665	0.0179732153	0.0110003476	0.0338623019
0	0.0001182056	0.4795573270	0.1957881639	0.2280342641	0.0965020394
0	0.1914147008	0.0796178217	0.4590263233	0.0000000000	0.2699411541
0	0.2225509370	0.5013113599	0.0034283069	0.0995918029	0.1731175933
0	0.0000000426	0.1258760352	0.6274511995	0.1400202721	0.1066524506
0	0.4206948817	0.1564268383	0.0001323419	0.0474710688	0.3752748693
0	0.2609903920	0.1400859562	0.3354864185	0.1491257419	0.1143114913
0	0.0033730882	0.0013788462	0.3605145425	0.0000000135	0.6347335096
0	0.0373351508	0.0007789624	0.8809744883	0.0009848452	0.0799265533
0	0.6780165267	0.0753879920	0.0155264587	0.2269488479	0.0041201747
0	0.0115010858	0.3307256255	0.3239270018	0.0578415663	0.2760047206
0	0.0297035167	0.0248580543	0.5800011370	0.3654372918	0.0000000002
0	0.0028938461	0.1796858589	0.0390777181	0.7763394104	0.0020031665
0	0.0083403011	0.0000000000	0.1021569670	0.6090946989	0.2804080331
0	0.1847290243	0.0014626920	0.6973061649	0.1161568572	0.0003452615
0	0.0641714409	0.0175439632	0.0000000171	0.9182845682	0.0000000107
0	0.3587571228	0.4753828813	0.0196482465	0.0000962648	0.1461154845
