0	0.8103405776	0.0141378438	0.0000342922	0.1563239606	0.0191633258
0	0.1837878305	0.2586757437	0.0789987331	0.2808640168	0.1976736760
0	0.1108029305	0.1679121798	0.5373450300	0.1761058567	0.0078340030
0	0.5259705523	0.2357842035	0.1534724934	0.0847727498	0.0000000010
0	0.5052000948	0.0275617144	0.0036374519	0.2334210313	0.2301797075
0	0.0000000089	0.0317487679	0.0227526283	0.0000000000	0.9454985949
0	0.3521943094	0.2930925813	0.1069040585	0.2464352677	0.0013737831
0	0.0010525216	0.7281817510	0.2276167048	0.0431020938	0.0000469287
0	0.4976834504	0.0024608432	0.3745972738	0.0047783138	0.1204801187
0	0.0022323943	0.0282295161	0.0285109245	0.8916600092	0.0493671559
0	0.4774012513	0.3119925378	0.0322407694	0.1264176229	0.0519478186
0	0.0224323797	0.0855729126	0.3390490023	0.0056423979	0.5473033075
0	0.3252784501	0.6168999629	0.0459271574	0.0067417380	0.0051526916
0	0.0000587991	0.2641416184	0.1214315244	0.2214374925	0.3929305656
0	0.1097347985	0.6225799978	0.0000845780	0.2675961523	0.0000044734
0	0.7095977091	0.2350920483	0.0000047760	0.0043062467	0.0509992199
1	0.0000000000	0.0156400475	0.1116358654	0.0227242191	0.8499998679
0	0.8044257794	0.0426373056	0.1248126597	0.0211231043	0.0070011510
0	0.0389671666	0.5768020633	0.0560592075	0.2275389841	0.1006325784
0	0.0000647816	0.0001014249	0.0359715531	0.1886148945	0.7752473459
0	0.0787828673	0.0823622849	0.1665694936	0.2062146231	0.4660707312
0	0.0585345673	0.6190800227	0.0976789100	0.0008462301	0.2238602699
0	0.0706280722	0.0549795135	0.4119672100	0.0225291947	0.4398960095
0	0.0142152839	0.0086484306	0.8459333925	0.0732237608	0.0579791322
0	0.0870045816	0.2989916616	0.1642195764	0.4359222454	0.0138619350
0	0.4453275403	0.0000024664	0.5007465540	0.0461844642	0.0077389750
0	0.1900797016	0.4179446548	0.0032885222	0.2448915546	0.1437955668
0	0.2806651108	0.5162449121	0.1192821670	0.0028841554	0.0809236546
0	0.4418976057	0.0652505444	0.0075808161	0.0000001779	0.4852708559
0	0.0750520207	0.4056155381	0.0000061006	0.1989252882	0.3204010524
0	0.2014268709	0.1339202176	0.0000000000	0.6625074601	0.0021454514
1	0.1159693650	0.0028847867	0.1717491725	0.0000001469	0.7093965288
0	0.7383916731	0.0250161719	0.2225382692	0.0003480331	0.0137058527
0	0.0761375456	0.0007386240	0.0294797341	0.0324362414	0.8612078548
0	0.1695338492	0.0214250512	0.5722653351	0.0005038241	0.2362719404
0	0.1358174402	0.6830390054	0.0885291616	0.0923717929	0.0002425999
0	0.1336050961	0.1774729005	0.0589545639	0.0045785752	0.6253888644
0	0.2390038988	0.0639819337	0.0199261849	0.2913427636	0.3857452190
0	0.0824432112	0.0604469006	0.1267003047	0.7304078353	0.0000017482
0	0.5236054798	0.0000000010	0.1036965807	0.3726965335	0.0000014050
0	0.7436319644	0.0000000000	0.0315322456	0.0007535123	0.2240822777
0	0.0000067947	0.0031557751	0.8767074449	0.0165323183	0.1035976671
0	0.0000323649	0.0058368408	0.4804257099	0.4178701568	0.0958349276
0	0.0000151396	0.0269265031	0.4155869635	0.0077589541	0.5497124397
0	0.5045810746	0.2566581354	0.1696189932	0.0267695083	0.0423722885
0	0.4573545737	0.1153165140	0.1126613139	0.2834683186	0.0311992798
1	0.3508007865	0.0704625686	0.0003260254	0.4607742474	0.1176363720
1	0.0262400847	0.0862293642	0.7520766502	0.0000278042	0.1354260967
0	0.1583941974	0.7070019626	0.0173648805	0.0065068522	0.1107321073
0	0.0000000000	0.1662375175	0.0000000000	0.8070728150	0.0266896675
0	0.0020045207	0.0702940353	0.0060792043	0.8827401076	0.0388821320
0	0.0000000042	0.0911359906	0.0070161015	0.8353114710	0.0665364326
0	0.4604352600	0.0128774549	0.4238705227	0.0589160711	0.0439006913
0	0.0020093091	0.2550163040	0.0024746445	0.0818477994	0.6586519430
0	0.0200731805	0.0378030994	0.7614502495	0.1785100599	0.0021634106
1	0.0824387137	0.5005585376	0.0100912903	0.0113963534	0.3955151050
0	0.0657939613	0.8257372954	0.0000001049	0.1083345291	0.0001341092
0	0.0031575659	0.5646090585	0.3498777586	0.0001070474	0.0822485695
0	0.8856230167	0.0008984327	0.0247126992	0.0332644758	0.0555013756
0	0.4848458531	0.1587220426	0.0000000035	0.0873449708	0.2690871300
0	0.6497044221	0.0001230334	0.1288086316	0.0047537441	0.2166101688
0	0.0007471775	0.0009625243	0.5787781801	0.2237533076	0.1957588105
0	0.5091854157	0.0123819626	0.0635744993	0.0000000000	0.4148581224
1	0.1592283062	0.4538119543	0.0000000000	0.2822804220	0.1046793174
0	0.0031113064	0.0054928480	0.0246313813	0.7280717580	0.2386927063
0	0.0046413775	0.3920661005	0.0031226619	0.2909359315	0.3092339285
0	0.1487813672	0.3460764036	0.0942576592	0.0240955022	0.3867890678
0	0.3238350625	0.1863217343	0.0987725487	0.0248008555	0.3662697989
1	0.2698498749	0.0000016216	0.0000770951	0.0000000082	0.7300714001
0	0.0902518856	0.5905199025	0.3057781329	0.0077668420	0.0056832371
0	0.8224618321	0.0794160506	0.0633263732	0.0115816937	0.0232140504
0	0.0001937127	0.3775335755	0.4748479481	0.1474171013	0.0000076623
0	0.0471057961	0.5037764990	0.0008518602	0.4482578836	0.0000079611
0	0.4742383419	0.0000000079	0.0000343124	0.4640466027	0.0616807350
0	0.7495954553	0.1794178977	0.0174200337	0.0528129828	0.0007536305
1	0.3458186721	0.0076534809	0.3825834356	0.0740244358	0.1899199755
0	0.0418946513	0.0228114875	0.1274651486	0.3952938571	0.4125348555
2	0.0002737270	0.5775811576	0.0173522542	0.0017833065	0.4030095546
0	0.0045530316	0.0161287981	0.2837032693	0.6547899552	0.0408249458
0	0.3610456331	0.0017634386	0.2416646547	0.3955075574	0.0000187162
0	0.0368354660	0.9301274282	0.0224522525	0.0016914479	0.0088934053
0	0.2114997098	0.0002481203	0.1169673451	0.5091975039	0.1620873209
0	0.1499943659	0.3362456826	0.2163438445	0.1517123604	0.1457037466
0	0.0433316270	0.0617147489	0.0924588199	0.8024948041	0.0000000000
0	0.1390646329	0.1120394127	0.0252486202	0.0784540458	0.6451932884
0	0.8796174121	0.0041676072	0.0044227923	0.0003155156	0.1114766728
0	0.7166615540	0.0000002085	0.1258833041	0.0123128972	0.1451420361
0	0.0112673161	0.0937958196	0.3009351052	0.1282875666	0.4657141925
1	0.0293012741	0.0350830758	0.1667314138	0.0479117486	0.7209724877
1	0.7292083340	0.2148202728	0.0556188392	0.0003406071	0.0000119469
0	0.3852776032	0.1350820912	0.1858484438	0.2868103759	0.0069814859
0	0.0001695894	0.2535132362	0.7101136170	0.0323797169	0.0038238405
0	0.0741881772	0.4156431667	0.1707945602	0.0094698712	0.3299042247
0	0.0842476513	0.0750497938	0.8029687045	0.0331922153	0.0045416351
0	0.0000956989	0.0236953557	0.0000000093	0.8988412533	0.0773676829
0	0.0872788978	0.7541888296	0.0278410779	0.1284158497	0.0022753451
0	0.2262454844	0.2872605256	0.4543599725	0.0005354337	0.0315985839
0	0.0570015831	0.1948704696	0.2569460210	0.4769528218	0.0142291045
0	0.0389101852	0.1144438042	0.0581272129	0.3671742189	0.4213445788
0	0.0226322604	0.8253228819	0.1168759449	0.0253746428	0.0097942701
