1	0.2403830248	0.0266234812	0.0620652855	0.3565555176	0.3143726909
0	0.1223777440	0.6368996549	0.1342356091	0.0931303010	0.0133566910
0	0.0709189373	0.0971179407	0.0570207201	0.7747497650	0.0001926368
0	0.0251687684	0.5291687953	0.0000237874	0.4056606641	0.0399779848
0	0.1564437746	0.0058816720	0.0037418457	0.5000526238	0.3338800839
0	0.7323315833	0.1997475593	0.0025552249	0.0008862544	0.0644793781
0	0.2500715791	0.4484108960	0.0058397176	0.2853528168	0.0103249905
0	0.1685363132	0.0282403910	0.3092035161	0.3162040016	0.1778157781
0	0.0022123595	0.0005483216	0.5256750319	0.0867113557	0.3848529314
0	0.1836819469	0.0000081768	0.8161156712	0.0000204491	0.0001737559
2	0.0059705755	0.0000000000	0.4270858328	0.0984693856	0.4684742061
0	0.3259496391	0.1650312488	0.0899409127	0.2838240555	0.1352541439
0	0.2519210386	0.3025047817	0.3961559698	0.0492056936	0.0002125164
0	0.0664959643	0.0517128414	0.0042718041	0.7227679111	0.1547514790
0	0.0838902235	0.4081810917	0.3954587347	0.0828461353	0.0296238148
0	0.4540691503	0.0183395440	0.0002077097	0.2177544885	0.3096291075
0	0.0610345109	0.2471716172	0.1221378547	0.5565387382	0.0131172790
0	0.0749864249	0.0136739050	0.0617997429	0.3347679275	0.5147719997
1	0.0067361216	0.3734354177	0.0811921077	0.0193020709	0.5193342821
0	0.0263602454	0.2554806138	0.0000000000	0.0012342707	0.7169248701
0	0.0091478027	0.0768457943	0.0010299994	0.9105939706	0.0023824330
0	0.4176965105	0.5609000718	0.0000000422	0.0143582891	0.0070450864
0	0.0832434815	0.5267321469	0.2390484667	0.0591214691	0.0918544359
0	0.1497266138	0.3941982794	0.0243248009	0.0000000000	0.4317503059
0	0.7725055372	0.1575467683	0.0282733773	0.0011239636	0.0405503535
0	0.2629811474	0.0892588733	0.0000000000	0.6194081288	0.0283518505
0	0.5490847422	0.0605654064	0.0000073504	0.3903231032	0.0000193978
0	0.0000862211	0.5920667004	0.3794056245	0.0284414540	0.0000000000
0	0.0052933009	0.1271374612	0.0177452543	0.8101523966	0.0396715871
0	0.0861172297	0.0169978109	0.3296672112	0.5323200381	0.0348977100
0	0.1456950156	0.0000032934	0.4322426832	0.0000112200	0.4220477879
0	0.0145124534	0.1372484375	0.8075853244	0.0402893209	0.0003644638
0	0.0426789817	0.0837017803	0.8539677770	0.0080876827	0.0115637783
0	0.0196913147	0.2662294359	0.4014186504	0.0334187286	0.2792418704
0	0.0299808471	0.4124005250	0.0576406959	0.4995874486	0.0003904835
0	0.0002599641	0.2450296661	0.0000000848	0.7544275716	0.0002827135
0	0.0000128574	0.1203747696	0.5565474954	0.3230638827	0.0000009948
1	0.8144044490	0.0001055325	0.0000363028	0.1793892091	0.0060645066
0	0.2308193541	0.0367177008	0.2688900671	0.4634266850	0.0001461930
0	0.0033170011	0.0000010399	0.3418959427	0.5586833785	0.0961026378
0	0.3554076396	0.2941685274	0.1135265080	0.0651920522	0.1717052728
0	0.3364997781	0.4509314576	0.0200643272	0.1836917441	0.0088126930
0	0.9563549376	0.0196586948	0.0050638935	0.0007805637	0.0181419103
0	0.0304229529	0.2742484113	0.3330400855	0.0032686728	0.3590198775
0	0.3526839538	0.0013279770	0.1230269355	0.1522901756	0.3706709581
0	0.0126758993	0.4729512602	0.0548268778	0.0083094047	0.4512365580
0	0.2435561531	0.0871253517	0.6603697624	0.0000000000	0.0089487329
0	0.0000015935	0.1309436978	0.2537746668	0.0076293978	0.6076506442
0	0.6094139766	0.0823448125	0.0015762158	0.0005651431	0.3060998520
0	0.2015428323	0.0071989771	0.1127835564	0.0002629924	0.6782116418
0	0.3827493347	0.0094264412	0.5015709087	0.0119319062	0.0943214092
0	0.1288772403	0.0094805295	0.7793790647	0.0009332961	0.0813298694
0	0.4495954818	0.0238536621	0.0176394485	0.1053193254	0.4035920821
0	0.1282068875	0.0002169413	0.1093882053	0.1668947963	0.5952931696
0	0.0278835925	0.0023157952	0.8446027975	0.1129950104	0.0122028043
0	0.8699953274	0.0000504168	0.0760103401	0.0144041411	0.0395397746
0	0.0052578964	0.2009438499	0.3293007246	0.4623149967	0.0021825325
0	0.5543525078	0.2577297262	0.0021796748	0.0402636379	0.1454744533
0	0.0896800122	0.1781443983	0.4474993386	0.2758944975	0.0087817534
0	0.0000192092	0.8468802560	0.0000778143	0.0017245497	0.1512981707
0	0.0849896057	0.0839693666	0.0100665913	0.8209392069	0.0000352294
0	0.1026014200	0.1456166525	0.0000263297	0.6190746811	0.1326809166
0	0.2764732648	0.0185721825	0.1857697434	0.1898403022	0.3293445071
0	0.0000000258	0.0000058517	0.0000000000	0.9867131493	0.0132809732
0	0.7076584090	0.1159756038	0.0250500362	0.0011884743	0.1501274766
0	0.6796494645	0.0005046255	0.0581001676	0.0000014450	0.2617442973
0	0.2052896431	0.2189551868	0.0083867100	0.0000015832	0.5673668769
0	0.0000000000	0.0501045205	0.0000000003	0.5521433777	0.3977521015
1	0.2268365204	0.1455862170	0.3889072438	0.0000000000	0.2386700188
0	0.9048482526	0.0888775283	0.0046963904	0.0015778287	0.0000000000
0	0.0011873176	0.9792721033	0.0094871932	0.0020734785	0.0079799074
0	0.0499643665	0.0091347854	0.7897510084	0.0144314086	0.1367184311
0	0.1741477532	0.0000000000	0.4974438903	0.0606295459	0.2677788106
0	0.0327421899	0.0175615260	0.2211807002	0.6865764180	0.0419391659
0	0.4811991138	0.0003543511	0.0157821957	0.0000600950	0.5026042444
0	0.0008883255	0.1031950331	0.3374628296	0.0047245044	0.5537293074
0	0.0835234717	0.2555268819	0.0012213725	0.0952261273	0.5645021466
0	0.8318041645	0.0327456516	0.0579043602	0.0000000008	0.0775458229
0	0.5537841142	0.1011110125	0.0989398211	0.0003035722	0.2458614801
0	0.0073744191	0.7574834207	0.0004783172	0.0000027752	0.2346610680
0	0.0794994354	0.0000000000	0.5390188723	0.3444169207	0.0370647716
0	0.0000120227	0.1791668958	0.0113507551	0.7272182733	0.0822520531
0	0.4870792206	0.0023696175	0.0000385369	0.3407666900	0.1697459350
0	0.3627554996	0.0818706691	0.2418871774	0.1822885508	0.1311981031
1	0.0001830685	0.0000000000	0.7869952818	0.1690989707	0.0437226790
0	0.1643355129	0.0188350140	0.7619313457	0.0050757172	0.0498224102
0	0.0808142823	0.6505710196	0.0249060954	0.2246276220	0.0190809807
0	0.0000017627	0.0629317693	0.0010268414	0.9360396256	0.0000000010
0	0.2013162501	0.0024872426	0.1330095976	0.2282856176	0.4349012920
0	0.1791622043	0.0824903847	0.2078283306	0.3738970118	0.1566220686
0	0.0349665581	0.3016517459	0.0003864184	0.2239268448	0.4390684329
0	0.2006924136	0.0002198819	0.0678340531	0.0021707544	0.7290828970
0	0.0001556745	0.6944472475	0.1777990356	0.0616719231	0.0659261193
0	0.3936143959	0.0308178340	0.1831967058	0.2213383895	0.1710326748
0	0.2903383092	0.0000017296	0.3635211616	0.3257036848	0.0204351148
0	0.1053416775	0.0829334788	0.0224206674	0.3693838723	0.4199203040
0	0.1573421728	0.4043615554	0.1521767116	0.0327465681	0.2533729922
0	0.4036295455	0.0154105712	0.5543434076	0.0258191721	0.0007973036
0	0.0246378910	0.6276136036	0.1487274357	0.1487127709	0.0503082987
1	0.2970500289	0.5145513885	0.0000154826	0.1874021415	0.0009809585
