0	0.2327373113	0.2366391989	0.3370228502	0.1935507820	0.0000498577
0	0.1587945452	0.0752735879	0.6098699357	0.0977224831	0.0583394482
0	0.5684516643	0.0100600315	0.0841595961	0.0736717466	0.2636569615
0	0.3554853180	0.2213031536	0.4148381128	0.0067152678	0.0016581478
0	0.0746060450	0.0012306108	0.0000732169	0.0433779874	0.8807121400
0	0.3147947369	0.0153202689	0.1458104863	0.0000012778	0.5240732301
0	0.3140578352	0.5116586594	0.1469002548	0.0271792497	0.0002040010
2	0.0000024453	0.0030716109	0.0669422246	0.4612950535	0.4686886656
0	0.0000068478	0.1956293727	0.6401542600	0.1640669405	0.0001425790
0	0.3224661302	0.2106496732	0.0000324987	0.0000000000	0.4668516979
0	0.1248027817	0.6881550114	0.0101503387	0.1553063826	0.0215854856
0	0.1476811088	0.2593022911	0.0488713294	0.0104887681	0.5336565026
0	0.2604285384	0.1488002427	0.0379367237	0.0075674159	0.5452670793
0	0.3276139268	0.0052948077	0.0155257715	0.5709517656	0.0806137286
0	0.1459506527	0.2414686578	0.5990959118	0.0090818134	0.0044029644
0	0.0034776618	0.0140586981	0.1048319193	0.0000004484	0.8776312724
0	0.0961272348	0.0592433485	0.6387946237	0.0830072969	0.1228274961
0	0.0478013051	0.1949282842	0.0311107796	0.7139182309	0.0122414002
0	0.0077263891	0.8680788728	0.0394571834	0.0620005448	0.0227370099
0	0.0349079652	0.0000849652	0.1552080706	0.8090438694	0.0007551296
0	0.2723954241	0.0277009267	0.1839869644	0.3148137637	0.2011029211
0	0.3832064884	0.2742005791	0.0086908422	0.3338211122	0.0000809782
0	0.6007176185	0.2455647282	0.0280233099	0.1256382048	0.0000561385
0	0.0333468979	0.0106705863	0.4072201206	0.0496750481	0.4990873471
0	0.6046785442	0.0000944429	0.2678579403	0.1273687096	0.0000003631
0	0.0045643780	0.0144467999	0.0934661086	0.8766598851	0.0108628285
0	0.1703463800	0.3406375987	0.2599642208	0.2290477496	0.0000040508
0	0.0000002859	0.6546802773	0.0000000154	0.1717387421	0.1735806792
0	0.0039184907	0.0000000000	0.0230131238	0.1413300175	0.8317383680
1	0.2048215511	0.0036849711	0.0008306250	0.0160038825	0.7746589702
0	0.0659342688	0.5536155432	0.3235335667	0.0060126959	0.0509039254
0	0.1519898689	0.6215006679	0.1146168192	0.0776791324	0.0342135116
0	0.0880633208	0.2789057823	0.4386853110	0.0601313845	0.1342142014
0	0.0018331193	0.4746455129	0.0109833145	0.0034540489	0.5090840044
0	0.1958260290	0.1807259918	0.5942254682	0.0000000265	0.0292224846
0	0.0143775868	0.7255291824	0.1286496738	0.0011029627	0.1303405942
0	0.0058614251	0.2175096945	0.4386633209	0.0003223490	0.3376432105
0	0.3425321638	0.0000015524	0.0000093788	0.5849348330	0.0725220719
0	0.0338275804	0.0952796073	0.5262830915	0.0144778765	0.3301318443
0	0.0098845516	0.0084121143	0.0437247107	0.0050510006	0.9329276228
0	0.0158387487	0.0000076165	0.0070731524	0.0000091847	0.9770712977
0	0.3062770286	0.0755338876	0.2641033159	0.2586348186	0.0954509493
0	0.4148049731	0.1307680909	0.3312624399	0.1039907774	0.0191737187
0	0.7123190104	0.0940046868	0.0163694151	0.0041132524	0.1731936353
0	0.0016232451	0.0142354628	0.2684012414	0.5568900414	0.1588500093
0	0.0002608865	0.0628603446	0.5749371780	0.0000994283	0.3618421625
0	0.6452205232	0.1171540288	0.1618440499	0.0663527140	0.0094286842
0	0.1396679603	0.3424969372	0.3192999826	0.1966688804	0.0018662395
0	0.6543961729	0.1946393757	0.0078329655	0.1001909756	0.0429405104
0	0.0727005852	0.0007084623	0.8396539863	0.0862112976	0.0007256687
0	0.0749920145	0.0004098706	0.0399338469	0.6686194323	0.2160448358
0	0.2594619314	0.0005264764	0.0000288469	0.1102824874	0.6297002580
0	0.0000142402	0.1587033905	0.0000232346	0.0000326553	0.8412264794
0	0.4734242463	0.0188841292	0.2572755684	0.2450951788	0.0053208772
0	0.0000003774	0.0101610199	0.9551484909	0.0323098150	0.0023802970
0	0.0520508402	0.0109116840	0.0162112519	0.2456178748	0.6752083491
0	0.0420211863	0.1928802940	0.5831884515	0.0489278063	0.1329822619
0	0.3865044335	0.1775683181	0.0251698527	0.2990436044	0.1117137913
0	0.0006140071	0.0218243067	0.2045803492	0.0082117785	0.7647695585
0	0.3161007474	0.0049929789	0.0700593672	0.1496005698	0.4592463367
0	0.0194616272	0.1186387689	0.0403941760	0.0880057816	0.7334996463
0	0.8858305039	0.0352132021	0.0001166658	0.0021636454	0.0766759828
0	0.0000607510	0.0565525982	0.5916071587	0.2835603874	0.0682191047
0	0.1409610204	0.5752511466	0.0003650777	0.0088862034	0.2745365520
1	0.1572761453	0.0481758885	0.7944898340	0.0000544177	0.0000037145
0	0.5675529912	0.2827591986	0.0238838451	0.0953236052	0.0304803599
0	0.7384835905	0.1644716785	0.0035477201	0.0425453569	0.0509516539
0	0.4356498055	0.1046401042	0.1745923850	0.0852043434	0.1999133619
0	0.0474918806	0.5903056437	0.0000000000	0.0012049271	0.3609975486
0	0.1461352263	0.0769882697	0.0040243899	0.7278361362	0.0450159779
0	0.0000215370	0.7674252512	0.1289239906	0.0637884763	0.0398407449
0	0.0012970051	0.1303731826	0.0405069858	0.7331213553	0.0947014713
1	0.9629879422	0.0000000000	0.0133837137	0.0228573062	0.0007710379
0	0.0825656828	0.3157489802	0.2555527601	0.3457104645	0.0004221123
0	0.0664586894	0.1813653873	0.0403246506	0.0285844695	0.6832668032
0	0.1135254438	0.2646843874	0.0000000026	0.6212021700	0.0005879962
0	0.0000614065	0.6765822827	0.3081954642	0.0000000016	0.0151608450
0	0.2466967271	0.4765391568	0.0026684014	0.2004487268	0.0736469879
0	0.0213606257	0.0763987501	0.5468562856	0.0048127778	0.3505715608
0	0.0454905470	0.0102248942	0.7988314481	0.1271217259	0.0183313848
0	0.0000000004	0.0046362513	0.0028035909	0.9922239152	0.0003362422
0	0.0006914145	0.1478091603	0.0544157015	0.3107584107	0.4863253130
0	0.0000000013	0.0160697212	0.8187089211	0.1631942015	0.0020271548
0	0.0544046435	0.0000000000	0.8799736233	0.0227408920	0.0428808412
0	0.0038391571	0.0000059021	0.0125014059	0.8123832966	0.1712702383
0	0.6510834255	0.0008249894	0.1097437607	0.1543109244	0.0840368999
0	0.0507115997	0.0677485679	0.0008462361	0.0015690773	0.8791245190
0	0.2726909374	0.0285547490	0.4321336143	0.0439275758	0.2226931236
0	0.1386512651	0.2778438013	0.0509094129	0.5035717656	0.0290237550
0	0.0122614860	0.0678205950	0.4299390923	0.3532319814	0.1367468453
1	0.1334020950	0.4829213229	0.1599106487	0.0106970705	0.2130688629
0	0.0398346099	0.5827689724	0.2883926224	0.0000117289	0.0889920664
0	0.0287181471	0.0805106881	0.0305653122	0.7325756777	0.1276301750
0	0.0591996380	0.2358218321	0.1874154058	0.5175555617	0.0000075625
0	0.0035061801	0.0032188854	0.1314223540	0.8434927710	0.0183598095
0	0.6457821867	0.0015536658	0.0965170549	0.2245871401	0.0315599525
0	0.6665196569	0.2997147323	0.0014708695	0.0002815293	0.0320132119
0	0.0335591450	0.0106561129	0.1093249584	0.3552188562	0.4912409274
0	0.0508073743	0.0226909001	0.4584655969	0.0000000001	0.4680361285
0	0.5975855244	0.2027971717	0.1847739455	0.0135943171	0.0012490412
