0	0.0990137636	0.5197453946	0.0186715448	0.1522188623	0.2103504347
0	0.8559973519	0.0912651702	0.0074327765	0.0440525023	0.0012521991
0	0.1109996571	0.3643257522	0.2261522840	0.0000509764	0.2984713302
1	0.1115228055	0.0000660273	0.2427334847	0.3257102558	0.3199674267
0	0.1089241629	0.0747424489	0.0362656451	0.6488276540	0.1312400891
0	0.9371318768	0.0286058208	0.0294875064	0.0039300989	0.0008446972
0	0.2982153566	0.0898914451	0.5480381149	0.0637441038	0.0001109796
0	0.8032699810	0.1483495805	0.0076092755	0.0000551821	0.0407159810
1	0.1261467507	0.0003643485	0.0136402661	0.4196708057	0.4401778290
0	0.0613087574	0.0446097105	0.0998665483	0.0124618815	0.7817531024
0	0.9265264217	0.0043379404	0.0365204736	0.0032749337	0.0293402307
0	0.0174260717	0.1816551754	0.4984600367	0.1265139549	0.1759447613
0	0.6275896862	0.0007488448	0.0113258859	0.3603355831	0.0000000000
0	0.0680908447	0.0008659880	0.0000123613	0.0706961773	0.8603346288
1	0.0032363981	0.0000000000	0.4479726237	0.4900568928	0.0587340854
0	0.0730695319	0.4697019633	0.4557088227	0.0000041812	0.0015155009
0	0.0108098815	0.0064766130	0.9616093433	0.0141022977	0.0070018645
0	0.0000000017	0.6998761163	0.0998752295	0.1593683855	0.0408802669
0	0.0952592579	0.0431401523	0.3408616568	0.4744231812	0.0463157518
0	0.0000000000	0.0005834022	0.2551795312	0.0086521824	0.7355848842
0	0.8013997628	0.0000000047	0.0000002338	0.1985999987	0.0000000000
1	0.0036656697	0.1170850480	0.8627976432	0.0111783503	0.0052732887
0	0.2524510832	0.0035574365	0.0906330117	0.5007185434	0.1526399252
0	0.0000000000	0.3710030562	0.0137345164	0.1914385137	0.4238239137
0	0.0001287474	0.4253717429	0.0659113619	0.1351700676	0.3734180802
0	0.0149141725	0.0006096366	0.0000000000	0.9678459127	0.0166302783
0	0.0004125961	0.3727086494	0.1597814612	0.4192258923	0.0478714009
0	0.5311713260	0.0000002008	0.0040451739	0.0604044678	0.4043788315
0	0.5837100267	0.0006176501	0.4024552405	0.0107518746	0.0024652081
0	0.3356178412	0.3397750276	0.0000321642	0.0108271045	0.3137478625
0	0.3246636582	0.1027482198	0.1164407605	0.1512839300	0.3048634315
0	0.2970218140	0.3586149519	0.1990116620	0.0047007390	0.1406508332
0	0.2464702613	0.1980256210	0.4156906741	0.0000000399	0.1398134035
0	0.2964284916	0.4048914013	0.0018873395	0.0966950595	0.2000977081
0	0.2306782563	0.0148899412	0.2171414096	0.0716135069	0.4656768860
0	0.6176580641	0.0320870650	0.2102335048	0.0224304872	0.1175908790
0	0.4227960487	0.0001656968	0.2934490674	0.0177199384	0.2658692487
0	0.1208310236	0.4041937363	0.0933074795	0.2314803047	0.1501874559
0	0.0882972010	0.2285937642	0.0005716820	0.1501919197	0.5323454330
0	0.6621410507	0.0756699669	0.1111663356	0.0040386650	0.1469839818
0	0.3372131399	0.0162714592	0.1070298874	0.3131524475	0.2263330660
0	0.1743795861	0.6316623924	0.0039468682	0.0617609319	0.1282502214
0	0.9756013746	0.0045316282	0.0116226279	0.0015444688	0.0066999004
0	0.3417788553	0.1849231833	0.1851792395	0.0485160074	0.2396027145
0	0.2183152998	0.1091861409	0.2405030195	0.1661689663	0.2658265735
0	0.0000000000	0.4640996176	0.3529371047	0.0825067604	0.1004565172
0	0.0074956634	0.4747633812	0.0033866594	0.4924162453	0.0219380506
0	0.0249112256	0.1226157681	0.0000000015	0.2904148611	0.5620581437
0	0.0373083013	0.8091190253	0.0154623411	0.0530183515	0.0850919809
0	0.4711261613	0.0020713768	0.0248578100	0.1745919770	0.3273526750
0	0.1744434580	0.5942264785	0.0796064155	0.0086116116	0.1431120364
0	0.0235414968	0.9470775872	0.0059139911	0.0234638590	0.0000030658
0	0.0190382403	0.0030360859	0.9339116556	0.0076896911	0.0363243270
1	0.1747871765	0.0000779752	0.0007670495	0.4662753545	0.3580924444
0	0.0005960468	0.0000003017	0.6895138430	0.0252051964	0.2846846121
1	0.0000003560	0.4101475051	0.1941455059	0.3879152497	0.0077913834
0	0.0139821740	0.0996445348	0.4211471129	0.0177364414	0.4474897370
0	0.0873664910	0.3171408851	0.2531947394	0.3333752296	0.0089226548
0	0.1228229418	0.7086348632	0.0154131351	0.0201333132	0.1329957466
0	0.6492964371	0.0480477312	0.0201839889	0.0162235935	0.2662482493
0	0.5104287606	0.0041616088	0.0539054773	0.0000050488	0.4314991044
0	0.0704510859	0.0272197744	0.8895339674	0.0048549050	0.0079402673
0	0.1453026864	0.0772534388	0.1959791945	0.4974867175	0.0839779628
1	0.0303759926	0.0034490924	0.5057351598	0.0054924068	0.4549473484
0	0.0000407681	0.6486891237	0.3175426171	0.0330406797	0.0006868113
0	0.1456770521	0.4930518127	0.0046219354	0.0000073413	0.3566418585
0	0.1384049842	0.0281753066	0.8330656256	0.0000000014	0.0003540821
0	0.5255768361	0.0000096363	0.3509488644	0.0000004469	0.1234642162
0	0.0000000000	0.0164734724	0.6592490541	0.0019391701	0.3223383034
0	0.0418976460	0.9270274050	0.0239887550	0.0042367040	0.0028494900
0	0.0000003820	0.0538414935	0.0733948031	0.5062520849	0.3665112365
0	0.3296605425	0.0028892472	0.0000000000	0.6290706780	0.0383795323
0	0.0734585942	0.0765032774	0.0002149938	0.1534600862	0.6963630485
1	0.9338547706	0.0191820068	0.0200495642	0.0269124914	0.0000011670
2	0.1037612800	0.2158836730	0.1374669358	0.0018368604	0.5410512508
0	0.0046847406	0.0015454751	0.0075113743	0.0000000000	0.9862584100
0	0.6233993190	0.0000000086	0.2185376675	0.1020902199	0.0559727851
0	0.0056546267	0.2632135735	0.6775915824	0.0000821693	0.0534580482
0	0.0144342556	0.2400516133	0.0547838940	0.0913303806	0.5993998564
0	0.0924838532	0.0009467554	0.0347384526	0.7998052534	0.0720256854
1	0.5073809895	0.0000000418	0.2651258732	0.0000000676	0.2274930278
0	0.2344496454	0.0610485360	0.2304764378	0.4480757858	0.0259495951
0	0.3317423566	0.0007348683	0.1934872182	0.2987758190	0.1752597378
0	0.0622919461	0.5032581982	0.1065815616	0.0773231664	0.2505451276
0	0.5388260663	0.1321598819	0.0000005894	0.0704683214	0.2585451411
0	0.0000001524	0.0228428438	0.7618735879	0.0054037327	0.2098796832
0	0.3376043128	0.0800075750	0.1195908591	0.4363285628	0.0264686904
1	0.1281991351	0.4211251329	0.0142857366	0.4157439107	0.0206460847
0	0.5057701641	0.0001998488	0.4795939549	0.0004921149	0.0139439173
0	0.0000102204	0.0061517083	0.4446390876	0.1977326361	0.3514663477
0	0.1640900202	0.0000420954	0.4949083824	0.0180144243	0.3229450777
0	0.4931487420	0.0002711702	0.0984227950	0.0015652392	0.4065920536
0	0.6111371625	0.1035963140	0.0000000646	0.2831440386	0.0021224204
0	0.2582911198	0.1076204572	0.0613795746	0.2640619898	0.3086468586
0	0.3634710180	0.0000116170	0.3350943710	0.1872052922	0.1142177018
0	0.0009545783	0.1379632533	0.0481147743	0.7118120086	0.1011553854
0	0.0288126630	0.0588950060	0.5303168271	0.3426190306	0.0393564734
0	0.2901322557	0.0319347231	0.4841060122	0.0001333937	0.1936936152
0	0.6518395907	0.0205895446	0.0006134670	0.2509987880	0.0759586098
0	0.0448103481	0.3338164896	0.0000038494	0.0023781522	0.6189911606
