0	0.0835150720	0.4775306379	0.0609574806	0.3624755184	0.0155212911
0	0.0655059197	0.0325435055	0.1050485743	0.7856862159	0.0112157846
0	0.0990561164	0.0000353668	0.0208983566	0.6228114876	0.2571986726
0	0.3876481042	0.0000007785	0.0020281327	0.5416844172	0.0686385674
0	0.0139458834	0.7559788955	0.0114032974	0.0005260102	0.2181459134
0	0.0002839059	0.2197064843	0.5449067482	0.2190460147	0.0160568468
0	0.4854025421	0.0865471109	0.0670442340	0.2608860728	0.1001200401
0	0.0000000000	0.0050377419	0.9463530748	0.0486091832	0.0000000000
0	0.0135136544	0.2033355270	0.3527910874	0.0132996454	0.4170600857
0	0.3022241697	0.4278678305	0.0472078871	0.1945393004	0.0281608122
0	0.0104155258	0.4906485254	0.0095535761	0.0000000000	0.4893823728
1	0.4534241573	0.0688034165	0.0002773753	0.2982112793	0.1792837716
2	0.0005680311	0.6693307313	0.1908387330	0.0246839914	0.1145785132
0	0.0015681373	0.1259091391	0.8708407183	0.0016820053	0.0000000000
0	0.0174992108	0.1488554854	0.2888287169	0.1922311252	0.3525854617
0	0.0506219093	0.0059064076	0.9170709310	0.0046315089	0.0217692432
0	0.0609537676	0.0078615111	0.0018419075	0.2679038209	0.6614389929
1	0.0443592793	0.6539638491	0.0042014629	0.0124818668	0.2849935419
0	0.6515153158	0.0630238278	0.0010201004	0.2838890490	0.0005517070
0	0.0000000032	0.3500661919	0.5098814904	0.1050346593	0.0350176552
1	0.0000000000	0.0065882954	0.5416277748	0.0152515242	0.4365324056
0	0.0156682246	0.0064899776	0.8340933998	0.0451175002	0.0986308978
1	0.0000006990	0.1070837218	0.2993773964	0.5935381788	0.0000000039
0	0.0002086467	0.0108335599	0.5029531387	0.4859286493	0.0000760054
0	0.4838841097	0.2110636438	0.0126661321	0.1474009741	0.1449851403
0	0.0000116133	0.0011234525	0.0918798351	0.9069404027	0.0000446964
0	0.0186120563	0.4246853669	0.0121031679	0.1599721841	0.3846272248
0	0.0331969887	0.0022272878	0.8631243281	0.0118106856	0.0896407098
0	0.2805749695	0.2297317204	0.2930952361	0.1963026427	0.0002954313
0	0.3921293452	0.3491002393	0.1546222726	0.0663129968	0.0378351460
0	0.4166417866	0.0949219502	0.0000247252	0.3797989230	0.1086126150
0	0.0053668025	0.5109519453	0.4793260711	0.0000000000	0.0043551810
0	0.2151998982	0.0479954504	0.0167885162	0.7115188323	0.0084973029
1	0.4558964427	0.0560517355	0.2739397969	0.0692874803	0.1448245445
0	0.0000000000	0.2147468033	0.0126722043	0.0356377430	0.7369432494
0	0.0000036303	0.1333397914	0.7369481051	0.0000000198	0.1297084535
0	0.7631664607	0.0392245398	0.1413616048	0.0017669693	0.0544804255
0	0.0000000000	0.1003938885	0.0000470326	0.7174407093	0.1821183697
0	0.7427304897	0.0000000001	0.0700207074	0.0034463310	0.1838024718
0	0.0894251484	0.0119015819	0.0012293691	0.8641946757	0.0332492249
1	0.7564629522	0.0081447748	0.0268019383	0.1544304210	0.0541599137
0	0.1353974391	0.1379675428	0.0085576527	0.7045072558	0.0135701096
0	0.0049504889	0.0031182019	0.2784665879	0.0000311460	0.7134335753
0	0.0325141400	0.0311177649	0.1729417233	0.1955924969	0.5678338750
0	0.4821185618	0.1278187813	0.3026772446	0.0670937058	0.0202917065
0	0.3996794343	0.0000889169	0.0015661155	0.3901681638	0.2084973695
0	0.0273178597	0.5684027581	0.0225589846	0.1986836374	0.1830367602
0	0.2072221131	0.0747475928	0.0011843168	0.7161204782	0.0007254991
0	0.0403394009	0.8944500320	0.0448155878	0.0200505132	0.0003444661
0	0.2324825566	0.0011146076	0.0126356831	0.2958655596	0.4579015931
0	0.1115739748	0.3068144943	0.5595932993	0.0043391775	0.0176790541
0	0.0000000001	0.2252928432	0.6543241307	0.0012008903	0.1191821356
0	0.0097076398	0.0205949670	0.0533407946	0.1828982214	0.7334583772
0	0.0840766759	0.0026391484	0.2122385441	0.6449179318	0.0561276998
0	0.5577982026	0.0002853010	0.3153029736	0.0832295717	0.0433839511
0	0.0763248684	0.2956762974	0.5412155945	0.0850500729	0.0017331668
0	0.0379484680	0.0793555785	0.0730651956	0.8089429464	0.0006878115
0	0.0000000000	0.5165270408	0.1617973739	0.0042738174	0.3174017680
0	0.0198682896	0.0000484697	0.0268841952	0.0341518007	0.9190472448
0	0.0000284574	0.0000000010	0.4857065529	0.4289429232	0.0853220655
0	0.3151775443	0.0000170424	0.0179760583	0.0000000000	0.6668293550
0	0.0021499690	0.0187734361	0.0007604818	0.8015114762	0.1768046369
0	0.1293923899	0.0000945853	0.2805531690	0.5637427591	0.0262170967
0	0.0247196148	0.2098904544	0.6423529795	0.1228712545	0.0001656968
0	0.1248283929	0.0000000106	0.0000000000	0.3653196601	0.5098519364
0	0.3986002160	0.1561691039	0.2578435996	0.0862512479	0.1011358326
0	0.0634103848	0.0214553547	0.1313243727	0.7240414905	0.0597683973
0	0.2012091319	0.0264544277	0.0000078748	0.6662659256	0.1060626400
0	0.2308670396	0.3373629266	0.2579544255	0.0022311249	0.1715844834
0	0.9178019883	0.0469038175	0.0229563351	0.0000023002	0.0123355589
0	0.8603655912	0.0012633870	0.0034323089	0.0381706296	0.0967680833
0	0.3706573254	0.0554274923	0.1453182627	0.4282469368	0.0003499828
0	0.0179205567	0.0612838015	0.0050649737	0.5990409308	0.3166897373
0	0.0000000823	0.7754008836	0.0356787754	0.1291944665	0.0597257922
1	0.0028629135	0.0794146963	0.2826534886	0.2628732895	0.3721956122
0	0.7836893677	0.1050942287	0.0580205350	0.0480571344	0.0051387342
0	0.0071362216	0.5988051443	0.0022278091	0.3709745523	0.0208562728
0	0.0000798608	0.1500718372	0.2139037477	0.2188454365	0.4170991178
1	0.3748512473	0.0033988216	0.5094044371	0.0260682945	0.0862771996
0	0.0395302592	0.0401907086	0.0000044775	0.1296739079	0.7906006469
1	0.0160356216	0.7001125368	0.2081622802	0.0016759786	0.0740135827
0	0.0011711564	0.0000071050	0.0639879501	0.7848729608	0.1499608277
0	0.0000000879	0.7721348173	0.0657067174	0.0000056995	0.1621526779
0	0.0399915459	0.0511302669	0.0000579511	0.5048844862	0.4039357499
0	0.3708099223	0.2202714438	0.0025311473	0.3131968708	0.0931906159
0	0.1294352114	0.8666368055	0.0002512007	0.0001782593	0.0034985231
0	0.1005621289	0.0180926227	0.7895876120	0.0176822696	0.0740753669
0	0.7654047012	0.0504776006	0.0446121881	0.0172868576	0.1222186524
0	0.0271966768	0.7556998421	0.2064879304	0.0106155351	0.0000000157
1	0.9309141370	0.0000675023	0.0687942628	0.0000000803	0.0002240176
0	0.0000000000	0.8340709427	0.0000142631	0.0432391206	0.1226756736
0	0.0000000000	0.0000000000	0.0000662474	0.8994797602	0.1004539924
0	0.0000050397	0.3190156090	0.0000000000	0.3882770367	0.2927023146
0	0.2394088954	0.0174833727	0.4421274994	0.0082985574	0.2926816751
0	0.0406426388	0.4373740633	0.4842042103	0.0016381243	0.0361409632
0	0.1668691691	0.5768814425	0.1742770708	0.0702885825	0.0116837350
0	0.0077543858	0.0267555194	0.0923067953	0.7827871261	0.0903961734
0	0.0095473132	0.9654585877	0.0249339847	0.0000001565	0.0000599579
0	0.3552936375	0.0031282929	0.4797471588	0.0000000007	0.1618309101
0	0.9160243097	0.0007057723	0.0366576300	0.0270450119	0.0195672760
