0	0.0000613417	0.0158486032	0.8917087628	0.0737517732	0.0186295191
0	0.1026530369	0.5975530662	0.2983623254	0.0000133072	0.0014182643
0	0.0145761090	0.2477889925	0.6628403452	0.0747945072	0.0000000461
0	0.0676371717	0.9237291719	0.0000000000	0.0056061244	0.0030275320
0	0.2929814446	0.0000000152	0.0000083708	0.0022053474	0.7048048220
0	0.0585528836	0.2320265128	0.3403125981	0.1464809641	0.2226270414
0	0.2422280370	0.0150211856	0.0964512747	0.1729252554	0.4733742473
0	0.6771716926	0.1884241747	0.0151338675	0.1039970405	0.0152732247
0	0.0028943913	0.3612451072	0.0000027249	0.2792263216	0.3566314550
0	0.0759984578	0.0570796309	0.8168570812	0.0057650074	0.0442998228
1	0.0009698446	0.2333213071	0.0788085431	0.5277947650	0.1591055401
0	0.1236396441	0.7143776798	0.0001255904	0.1618570858	0.0000000000
0	0.0093275649	0.0364148890	0.0467459138	0.3910977487	0.5164138836
1	0.6359204297	0.0019595577	0.0030340516	0.3587914658	0.0002944952
0	0.1225773761	0.0595911541	0.0637044243	0.0553940808	0.6987329648
0	0.5033102895	0.0006217263	0.0000000000	0.3264283351	0.1696396490
0	0.0205233579	0.0016090333	0.0039637703	0.9173640686	0.0565397698
0	0.7201104756	0.0291702708	0.2035956836	0.0103245139	0.0367990561
0	0.0000081233	0.4524624710	0.4344029589	0.0082913538	0.1048350931
0	0.1390521633	0.5778773516	0.0000392663	0.0000021680	0.2830290508
0	0.7769976533	0.0000000000	0.0649261534	0.1068431005	0.0512330928
1	0.0690561392	0.4219007919	0.2657939280	0.2432488124	0.0000003286
0	0.2804591336	0.2217475982	0.0000000000	0.0057825818	0.4920106864
0	0.9382501649	0.0122237573	0.0000098860	0.0005052754	0.0490109164
0	0.0000056145	0.0281714483	0.0227946316	0.9323233279	0.0167049777
0	0.1836785651	0.4449424700	0.1366858538	0.0000000799	0.2346930312
0	0.0668771222	0.1696761622	0.2015096572	0.5618802932	0.0000567652
0	0.0000000604	0.5140165430	0.0976897020	0.3610701611	0.0272235336
0	0.2533494797	0.0133004630	0.0192372987	0.4759931147	0.2381196439
0	0.0000156574	0.0015293683	0.0619053865	0.8534723274	0.0830772604
0	0.3050207478	0.1583095954	0.0004987305	0.4250240129	0.1111469134
0	0.0604167302	0.1621705536	0.0000425092	0.3381746277	0.4391955793
0	0.0055025031	0.0008723520	0.0080074812	0.4552019343	0.5304157294
0	0.1028570638	0.8410996268	0.0179002539	0.0026765361	0.0354665194
0	0.3236155707	0.0898617030	0.0604642650	0.0650061812	0.4610522801
1	0.0725571285	0.0260179441	0.7514395652	0.1073508761	0.0426344861
0	0.0069604912	0.0002360568	0.0925384109	0.8598219833	0.0404430578
1	0.0609766227	0.0607719373	0.8222252938	0.0004708404	0.0555553058
0	0.3585989061	0.1043690883	0.4921949048	0.0447827393	0.0000543615
0	0.0039983964	0.1459052519	0.6874552424	0.0945599786	0.0680811306
0	0.8809150632	0.0277324191	0.0232238453	0.0541662425	0.0139624299
0	0.0034620018	0.7008588913	0.0201996830	0.2754740988	0.0000053250
0	0.3075319941	0.0282987655	0.2262279677	0.3029074108	0.1350338618
0	0.0999255815	0.3452468555	0.0440363354	0.1843817444	0.3264094831
0	0.0935792672	0.0002586816	0.4394098917	0.0004093216	0.4663428379
0	0.0532017801	0.0004828485	0.0298086100	0.0221264560	0.8943803054
0	0.0574358059	0.0000025994	0.1977158807	0.2757086519	0.4691370620
0	0.3799657159	0.4616038927	0.0009779917	0.1574523997	0.0000000000
0	0.0009727535	0.1192573453	0.5602626761	0.3192020048	0.0003052203
0	0.5751610741	0.0343019833	0.0607017990	0.3030814293	0.0267537143
0	0.0905802090	0.0049908485	0.0448865941	0.1762175173	0.6833248311
0	0.1672507118	0.6040595768	0.0548361507	0.0337580892	0.1400954715
0	0.0000455933	0.9674553281	0.0000054154	0.0146498182	0.0178438451
0	0.3425560055	0.2144267470	0.1370083863	0.3050383938	0.0009704674
0	0.8155753907	0.0051878249	0.0167408391	0.0475327514	0.1149631939
0	0.1789909137	0.0425627520	0.0391962707	0.0000000003	0.7392500634
0	0.0023353126	0.0088194438	0.7832124568	0.0968766182	0.1087561686
0	0.2772253287	0.0093001313	0.5974132391	0.0433486592	0.0727126417
0	0.0262325452	0.0000599099	0.9057283372	0.0617868475	0.0061923602
0	0.0076637826	0.1441258139	0.0000006467	0.8482034797	0.0000062770
0	0.1031446425	0.4271453917	0.0000336895	0.3735317753	0.0961445009
0	0.0908988833	0.0299512229	0.6908949633	0.1882237094	0.0000312211
0	0.0020255695	0.0026842429	0.0060930144	0.8575781929	0.1316189803
0	0.0360002618	0.5579682355	0.0879974796	0.0675893213	0.2504447018
0	0.1688457720	0.0188613635	0.0889820025	0.3609153572	0.3623955047
0	0.0000000000	0.5364126080	0.1112452245	0.3219532750	0.0303888925
0	0.0410435171	0.0113632934	0.0366151711	0.9088289474	0.0021490710
0	0.0516119943	0.0000000000	0.4701088305	0.1995631098	0.2787160654
0	0.8547180209	0.0396534154	0.0899010577	0.0010556054	0.0146719006
0	0.0175276595	0.3447019626	0.2079064728	0.2598692740	0.1699946311
2	0.1848266732	0.2304532184	0.5847175399	0.0000004712	0.0000020973
0	0.0071943523	0.9041599468	0.0212817540	0.0000261454	0.0673378014
0	0.0002984879	0.0753483532	0.0281402169	0.5784232950	0.3177896470
0	0.5010589035	0.0004728446	0.1065369730	0.3275997677	0.0643315112
0	0.0051804463	0.9902174850	0.0046020687	0.0000000000	0.0000000000
0	0.0298118115	0.0898873751	0.0000791941	0.0121169064	0.8681047128
0	0.2000401438	0.0010672635	0.0142559237	0.0000183056	0.7846183635
0	0.0441412209	0.3360869682	0.0000000000	0.0028554633	0.6169163477
0	0.1361540512	0.2011052085	0.3387228627	0.0718019550	0.2522159225
0	0.1862355612	0.0422779905	0.1650459598	0.2489103168	0.3575301717
0	0.0082201775	0.0222907752	0.7179746024	0.0015581913	0.2499562536
0	0.0005371421	0.1427202495	0.1775325287	0.3616620098	0.3175480699
0	0.0839895826	0.1696784957	0.4318166058	0.2164510691	0.0980642468
0	0.1070646381	0.4027364854	0.0016086293	0.4587071227	0.0298831246
0	0.1473500145	0.1887187160	0.4801134792	0.0326364250	0.1511813652
0	0.0225477796	0.0158026360	0.5126953216	0.4489542627	0.0000000002
0	0.4125465317	0.2657446533	0.3212745972	0.0004342155	0.0000000023
0	0.2209661032	0.0985644950	0.3290618859	0.0091797226	0.3422277934
0	0.1699917476	0.3392749297	0.3392021475	0.0024966756	0.1490344997
0	0.4330211271	0.0113840492	0.0000001348	0.1117731338	0.4438215551
0	0.0099941624	0.0273285075	0.0622713474	0.0275966043	0.8728093785
0	0.0111771574	0.8654472937	0.0000000000	0.1176399250	0.0057356240
0	0.1132323986	0.0000008169	0.1195308616	0.7542632785	0.0129726443
0	0.0240306549	0.0601121988	0.8012996269	0.0740550737	0.0405024457
0	0.0000818261	0.1128401637	0.1326736947	0.1557902187	0.5986140969
0	0.0003228918	0.3466151110	0.6441542378	0.0000163961	0.0088913633
0	0.5641009701	0.2209977787	0.0005532878	0.0000457894	0.2143021739
0	0.0167091764	0.1875873317	0.0006040877	0.4754865258	0.3196128783
1	0.8191300232	0.0062097573	0.0000020693	0.0712222051	0.1034359451
0	0.2385501911	0.3589885443	0.0530741968	0.1417437069	0.2076433610
