0	0.0442168486	0.0055620301	0.0001209055	0.4496132962	0.5004869197
0	0.1395359937	0.0232801271	0.7011033550	0.1360805207	0.0000000036
0	0.1745064707	0.3942229252	0.1524906546	0.0000162574	0.2787636920
0	0.0240252566	0.1017279422	0.2727135374	0.5963481848	0.0051850790
0	0.1877916135	0.1335738872	0.0147562136	0.5995799188	0.0642983668
0	0.0000127442	0.4849038817	0.0528795559	0.4283327192	0.0338710990
0	0.2996851303	0.6996945597	0.0000014301	0.0001316170	0.0004872630
0	0.0743709942	0.3156051529	0.4324012702	0.1712739755	0.0063486072
0	0.0032467825	0.8241434358	0.0549358544	0.0950892359	0.0225846914
0	0.1500389001	0.0218054098	0.0377811140	0.0010558382	0.7893187379
0	0.0021718221	0.1015940686	0.5720415647	0.3241808241	0.0000117205
0	0.0050706087	0.1003258399	0.6816704238	0.1950774191	0.0178557086
1	0.0821713209	0.0324289918	0.6242923944	0.0000000000	0.2611072929
0	0.0152961473	0.0000209893	0.0000356818	0.0001626719	0.9844845097
0	0.0000224532	0.9053999642	0.0751333002	0.0089073336	0.0105369488
0	0.2596758443	0.2351451074	0.0647315391	0.0076813760	0.4327661333
0	0.4312016846	0.0021522043	0.0170309209	0.5495916766	0.0000235136
2	0.0146522881	0.4494538752	0.5285775499	0.0043372213	0.0029790655
0	0.1493184857	0.0004835786	0.8220077471	0.0278988702	0.0002913184
0	0.1434812550	0.0000230695	0.8552951390	0.0011952019	0.0000053346
0	0.0171165631	0.3724714245	0.0000000000	0.0476472469	0.5627647655
0	0.7358544208	0.0014847832	0.0000238638	0.0070646074	0.2555723247
0	0.9073826595	0.0005813178	0.0000651189	0.0182242763	0.0737466275
0	0.0000027198	0.0000000003	0.5353060217	0.0002962647	0.4643949935
0	0.0000000895	0.2019668661	0.0029645699	0.6994208326	0.0956476419
0	0.0003201450	0.0112509070	0.0000075249	0.2311364603	0.7572849627
0	0.0000000136	0.0531705071	0.2731062998	0.6637629760	0.0099602034
1	0.4517604212	0.3194381730	0.2287695101	0.0000203892	0.0000115065
0	0.5282507738	0.1753931586	0.0350790884	0.1777285627	0.0835484165
0	0.9223098112	0.0027103877	0.0000000000	0.0311226872	0.0438571139
0	0.2781059626	0.0000000002	0.0001264031	0.2103030961	0.5114645380
0	0.8981324233	0.0166102534	0.0852246065	0.0000063264	0.0000263904
0	0.2296374593	0.0109239993	0.0724565520	0.4504071254	0.2365748640
0	0.0048782874	0.7047831987	0.0528038477	0.2351710349	0.0023636313
0	0.3761388877	0.0000000004	0.2901774787	0.3309149163	0.0027687170
0	0.1421283955	0.1676963567	0.4847501039	0.2054251439	0.0000000000
0	0.0000000000	0.0000395918	0.0000000000	0.2240002166	0.7759601916
0	0.0000020670	0.0359186646	0.6692929711	0.1755435821	0.1192427152
0	0.2195121791	0.0000003602	0.6630711782	0.0443399913	0.0730762912
0	0.4383585652	0.0750557386	0.4807880786	0.0056971152	0.0001005024
0	0.0000021591	0.0178162045	0.0477750810	0.8336375159	0.1007690395
0	0.0926129137	0.3305830960	0.2716721515	0.2999235719	0.0052082668
0	0.1012985287	0.0817911114	0.4011511360	0.0424096965	0.3733495274
0	0.0004895067	0.0000000000	0.1059022597	0.7425929793	0.1510152543
0	0.3781784512	0.0000000000	0.0229877436	0.2928811480	0.3059526573
0	0.9506436765	0.0004673650	0.0281429127	0.0004690905	0.0202769554
0	0.3378546015	0.3837259243	0.0110680911	0.2445854719	0.0227659111
0	0.0013116646	0.0601071321	0.0006857673	0.0049416193	0.9329538166
1	0.0002249698	0.1254055738	0.0577359213	0.7897069456	0.0269265895
0	0.1078107861	0.1492744575	0.0679307862	0.0697618092	0.6052221610
1	0.0312801723	0.0179042042	0.4130292950	0.1981620911	0.3396242374
1	0.0682015346	0.7136222455	0.0006606721	0.2175044781	0.0000110696
0	0.1959235643	0.0639984025	0.4858245240	0.0172510096	0.2370024996
1	0.0929941691	0.1254462668	0.5812867163	0.2000432608	0.0002295870
0	0.3045536887	0.2026046762	0.1055623718	0.0269589587	0.3603203045
0	0.4173250314	0.1956012745	0.2136333309	0.0770076462	0.0964327171
0	0.0280306329	0.3377587932	0.0333087351	0.3302700457	0.2706317931
0	0.4262566325	0.3371297577	0.1482767536	0.0882253880	0.0001114683
1	0.9074824162	0.0016960122	0.0535135616	0.0297923587	0.0075156513
0	0.8136446336	0.0000012507	0.0210678573	0.1652862584	0.0000000000
0	0.0043157247	0.0290501798	0.0307283933	0.1343752581	0.8015304441
0	0.0000000096	0.0790341664	0.0425953584	0.8745034671	0.0038669985
0	0.0000531550	0.1882312956	0.0001651871	0.5136339050	0.2979164573
0	0.0070020003	0.0300654719	0.2153492589	0.2011887645	0.5463945044
0	0.0291421621	0.3388145151	0.0456033328	0.0963880891	0.4900519008
0	0.5354374262	0.0073896366	0.0181448284	0.0000581984	0.4389699105
1	0.3277517426	0.1499923722	0.1796109478	0.0355493741	0.3070955633
0	0.0757026884	0.4302759301	0.4870238878	0.0055188617	0.0014786320
0	0.0573676791	0.5358437949	0.2046667207	0.0239433535	0.1781784518
0	0.7565465314	0.0102336862	0.0926377754	0.0735345827	0.0670474242
0	0.0016627512	0.7813623462	0.1953739540	0.0049276846	0.0166732639
0	0.0175171344	0.7304049515	0.0000000298	0.1018980317	0.1501798526
0	0.0000000008	0.0151352370	0.0002180373	0.8881367758	0.0965099492
1	0.4902575095	0.0456054032	0.4590131832	0.0000000000	0.0051239042
0	0.0309506975	0.0084241956	0.1543737337	0.7707468882	0.0355044851
0	0.1982230587	0.0783548292	0.0080783403	0.6569078335	0.0584359383
0	0.0000000029	0.0090313605	0.0285889223	0.1459573415	0.8164223728
0	0.0873581954	0.0353901560	0.0032803044	0.8590096790	0.0149616652
0	0.4249973612	0.5281261099	0.0005308862	0.0463453370	0.0000003057
1	0.0009615124	0.9921266121	0.0026336439	0.0042782316	0.0000000000
0	0.3414460093	0.0172987242	0.1028849955	0.0375476904	0.5008225805
0	0.0420981839	0.0431435475	0.0000000000	0.9120142732	0.0027439954
0	0.0066326365	0.5696253388	0.3568749151	0.0000006774	0.0668664322
0	0.0073834628	0.0000753366	0.8118755182	0.1011934159	0.0794722665
0	0.3210344281	0.5380263057	0.0442724359	0.0962322293	0.0004346010
0	0.9682896698	0.0000867259	0.0058938191	0.0257297823	0.0000000029
0	0.2187246993	0.1540690170	0.3613309065	0.0000000065	0.2658753707
0	0.0336343282	0.8872649663	0.0000000000	0.0000004161	0.0791002893
0	0.3510031982	0.0063023748	0.5850905731	0.0490820839	0.0085217699
0	0.0130985326	0.1133606209	0.0951964429	0.1462523180	0.6320920856
0	0.0342200460	0.3227976885	0.6356138573	0.0073684075	0.0000000007
0	0.1025236548	0.0000423386	0.0702447164	0.0073301458	0.8198591443
0	0.2681766880	0.0048420888	0.0013556950	0.7256255282	0.0000000000
0	0.1779932707	0.3296725662	0.4923193962	0.0000037550	0.0000110120
0	0.0375727556	0.6714382359	0.2201603939	0.0708286146	0.0000000000
0	0.0000509061	0.1581652366	0.2214694978	0.6026552151	0.0176591444
0	0.0581118106	0.1737093460	0.0000000004	0.6637554861	0.1044233569
0	0.2597149464	0.0051781181	0.0978946044	0.6371271065	0.0000852246
1	0.4326200525	0.0252918416	0.1528435559	0.3441824329	0.0450621171
0	0.0316582725	0.0643391096	0.0671295260	0.1006228006	0.7362502913
