0	0.0747297418	0.7529927567	0.0825973736	0.0209376403	0.0687424876
0	0.1438952197	0.4423989045	0.0009160311	0.0007599904	0.4120298543
0	0.5157512392	0.0362754487	0.0490836906	0.3846338956	0.0142557259
0	0.0358930832	0.0974630158	0.0178133713	0.7190194684	0.1298110614
0	0.0619112051	0.4482927617	0.1752921084	0.2896773508	0.0248265740
0	0.1942256191	0.2027020880	0.5815273877	0.0023460106	0.0191988947
0	0.0789257477	0.8797772986	0.0210389826	0.0000057991	0.0202521720
0	0.0625155375	0.8140182666	0.0000000000	0.0132421158	0.1102240801
0	0.1897632565	0.3632994619	0.0738960790	0.3715143855	0.0015268170
0	0.9398463941	0.0002004279	0.0000000000	0.0562137485	0.0037394295
0	0.0108269710	0.1197112318	0.0025220993	0.0000002324	0.8669394655
0	0.6493987652	0.0000000011	0.1229881577	0.0054778868	0.2221351892
0	0.0002919419	0.9989744507	0.0004301645	0.0001894602	0.0001139827
0	0.0058759087	0.0050806578	0.0092353091	0.9796822310	0.0001258935
0	0.1154220148	0.7643514756	0.0071165245	0.0693809414	0.0437290438
0	0.0366027828	0.0056560752	0.0022687304	0.8869199884	0.0685524233
0	0.0017222252	0.1978773423	0.4698826522	0.0000000000	0.3305177802
0	0.0009221747	0.2199609286	0.2178188810	0.1865428068	0.3747552089
0	0.0000000000	0.0117016829	0.2754273511	0.3376200092	0.3752509569
0	0.8976596396	0.0545037881	0.0050817910	0.0398513212	0.0029034601
0	0.1918688057	0.0029174807	0.7514566849	0.0537570044	0.0000000243
0	0.2466036799	0.0000268706	0.2171080106	0.5123782431	0.0238831959
0	0.0000000000	0.0002282153	0.9126299243	0.0000000342	0.0871418262
0	0.0002851683	0.0050330839	0.4379894670	0.5055131339	0.0511791470
0	0.0005067011	0.0318031759	0.1484356849	0.5907112893	0.2285431487
0	0.1530756393	0.0006584581	0.0000000001	0.0468332933	0.7994326092
0	0.0042055876	0.0000350486	0.0030207099	0.9710427271	0.0216959268
0	0.0902468010	0.0000010459	0.9086997870	0.0010522795	0.0000000866
2	0.0523415088	0.3935111233	0.5506279953	0.0027691106	0.0007502620
0	0.3260584673	0.0222756835	0.0000009716	0.5449549109	0.1067099667
0	0.0000669388	0.0099114406	0.2302244374	0.0471098129	0.7126873703
1	0.1258002679	0.1408415307	0.6040511771	0.0334721303	0.0958348940
1	0.2228349545	0.3434374127	0.4335634392	0.0000823953	0.0000817984
0	0.6761200679	0.0850225449	0.0782473375	0.0156768872	0.1449331625
0	0.2188033002	0.0643066297	0.0000000000	0.0424019779	0.6744880922
0	0.0065560033	0.9387080657	0.0030524229	0.0008898211	0.0507936871
0	0.0301626263	0.0558299647	0.0003850708	0.1805441827	0.7330781554
0	0.0039019939	0.0295138689	0.0007893321	0.8188540172	0.1469407879
0	0.7368478515	0.0107396167	0.0115577749	0.0747099304	0.1661448266
0	0.0553939289	0.7094402727	0.2341451030	0.0000312768	0.0009894185
0	0.5257080143	0.0535548713	0.0842944139	0.2672647185	0.0691779821
0	0.0183534185	0.9104964403	0.0657421559	0.0021918390	0.0032161462
0	0.6796467036	0.0239378336	0.2964149645	0.0000000000	0.0000004984
0	0.0676454271	0.3044422270	0.0215788727	0.0828559366	0.5234775366
0	0.0522432688	0.7359456021	0.1569403055	0.0023347980	0.0525360256
0	0.0664106965	0.1898298012	0.3137202259	0.4298697455	0.0001695309
0	0.4593884700	0.0004190490	0.2996055763	0.0208682115	0.2197186932
1	0.3765628904	0.5682259035	0.0052225498	0.0000737139	0.0499149423
0	0.0719228861	0.0008661585	0.0350590866	0.0001078666	0.8920440022
0	0.2164249985	0.1870716653	0.3206803570	0.1805333537	0.0952896255
0	0.0268980832	0.0675777504	0.0000000006	0.8943715083	0.0111526574
0	0.0011112267	0.1588978782	0.8014596170	0.0385312780	0.0000000000
0	0.0028358376	0.0001146086	0.0012538621	0.1351209585	0.8606747332
0	0.1503204154	0.0345809712	0.0339310519	0.0394219714	0.7417455900
0	0.0000000000	0.2345015093	0.1035122049	0.3471558882	0.3148303976
0	0.0139562639	0.0080358981	0.9142695995	0.0038974171	0.0598408214
0	0.0183039768	0.0001047088	0.0228699452	0.1276948983	0.8310264709
0	0.1521454925	0.0886411227	0.6835107475	0.0530360027	0.0226666347
0	0.7257477514	0.0164405793	0.1092034096	0.1484187552	0.0001895045
1	0.0103905634	0.6885925443	0.0001252093	0.0210015532	0.2798901298
0	0.6430610310	0.0014893953	0.2636777286	0.0747337281	0.0170381171
0	0.1157900832	0.2324483198	0.1846048655	0.1059200690	0.3612366625
0	0.0114161701	0.2717334776	0.5903773995	0.0006283304	0.1258446224
0	0.4582479854	0.0123668938	0.1389225974	0.1013404694	0.2891220540
0	0.1355915146	0.0656457057	0.7905945031	0.0081016600	0.0000666166
0	0.1416354244	0.0190768755	0.3526179607	0.3880206089	0.0986491305
1	0.0000011182	0.5960686099	0.3214672800	0.0823927464	0.0000702454
0	0.0946509712	0.6256841553	0.2774616734	0.0000000000	0.0022032001
0	0.0439660679	0.0439248682	0.0875689880	0.3312010284	0.4933390475
0	0.0168419388	0.2063772014	0.0000037234	0.2871511819	0.4896259545
0	0.0256122158	0.0581726122	0.1689844164	0.0741374295	0.6730933261
0	0.3369034124	0.0000342934	0.0012068640	0.4218512038	0.2400042264
0	0.7956575801	0.0000001253	0.1021470607	0.0073112572	0.0948839768
0	0.0863942898	0.0149875615	0.4335621995	0.0013133559	0.4637425934
0	0.1869273414	0.0976123761	0.0196865555	0.5897690399	0.1060046871
0	0.1253683938	0.1665137174	0.5161031056	0.1288403434	0.0631744398
0	0.3023532421	0.0254150177	0.0007513136	0.1014780148	0.5700024117
0	0.0000212240	0.0078578686	0.0050786221	0.0000002910	0.9870419943
0	0.1383600980	0.0019769996	0.8282777215	0.0007392270	0.0306459539
0	0.4498529507	0.5056696919	0.0040209973	0.0001046102	0.0403517498
0	0.0543674238	0.7597551890	0.0000741652	0.0000184743	0.1857847477
0	0.0964200039	0.6279242460	0.2105723550	0.0028548724	0.0622285227
0	0.8082708288	0.0181049968	0.0525914317	0.0455661968	0.0754665459
0	0.1053447940	0.3337068371	0.0000064895	0.5120777975	0.0488640819
0	0.0403216847	0.1580042435	0.0059474221	0.0569919739	0.7387346758
0	0.1060030551	0.1778191394	0.5030778621	0.1892509500	0.0238489934
1	0.0102057758	0.8403914128	0.1458565747	0.0000013619	0.0035448748
0	0.0000000000	0.4150205676	0.3319843289	0.2473069680	0.0056881355
0	0.3928874951	0.3630296278	0.0421801734	0.2017233792	0.0001793245
0	0.4289876828	0.0589851350	0.4886437705	0.0000009395	0.0233824721
0	0.0998240676	0.0030750424	0.3126093522	0.2484683938	0.3360231441
0	0.0351946394	0.0555132278	0.0320840839	0.0314839325	0.8457241164
0	0.0286970185	0.2964858234	0.0092950557	0.6333299109	0.0321921915
0	0.2245126519	0.1917590105	0.0064131718	0.3792015764	0.1981135894
0	0.0739187623	0.2136122792	0.0045669168	0.0692157925	0.6386862492
0	0.0000037626	0.0013762294	0.3174377621	0.5497497112	0.1314325348
0	0.0135208502	0.5363917860	0.0292954679	0.2030206508	0.2177712451
0	0.0108571834	0.0002175541	0.7047845505	0.1274936569	0.1566470551
0	0.5229120928	0.0000000033	0.4585533804	0.0053898263	0.0131446972
0	0.7569492488	0.0406749228	0.1278624701	0.0321474347	0.0423659236
