0	0.0931736319	0.9067304844	0.0000958837
1	0.0547840564	0.0522795832	0.8929363604
2	0.6258834597	0.1159966483	0.2581198920
0	0.5737606526	0.1722131256	0.2540262219
0	0.2488344557	0.7491832256	0.0019823187
0	0.0120009686	0.8963501106	0.0916489208
0	0.9710956735	0.0002131578	0.0286911687
0	0.9940040530	0.0016353303	0.0043606167
0	0.0402515130	0.0027712763	0.9569772107
0	0.0019543638	0.0046178482	0.9934277880
0	0.9778217574	0.0013141585	0.0208640841
0	0.6395408725	0.0121304887	0.3483286388
0	0.0769783771	0.0000000000	0.9230216229
0	0.4595596840	0.0002405957	0.5401997203
0	0.9846177397	0.0000000004	0.0153822599
0	0.4158918669	0.0000000000	0.5841081331
0	0.2379463352	0.5403847265	0.2216689384
0	0.8531552735	0.0485677731	0.0982769534
0	0.9717106364	0.0000004875	0.0282888761
0	0.8347792938	0.1177144084	0.0475062978
0	0.2508105985	0.0722331104	0.6769562911
1	0.5106200852	0.4734485438	0.0159313710
0	0.1688831907	0.0006812607	0.8304355486
0	0.6986139689	0.0000000000	0.3013860311
0	0.5668475389	0.0001313093	0.4330211518
0	0.9114814542	0.0853574373	0.0031611085
0	0.9999982197	0.0000007899	0.0000009904
0	0.5690208743	0.0000022839	0.4309768418
0	0.0121617605	0.8248653452	0.1629728943
0	0.1238682789	0.0000000044	0.8761317166
0	0.8897801523	0.0528153770	0.0574044707
0	0.3629736756	0.0125003054	0.6245260190
0	0.9016156164	0.0804647871	0.0179195965
1	0.5632638326	0.2745434547	0.1621927126
0	0.6124702470	0.1576898765	0.2298398766
0	0.6140192190	0.2040340100	0.1819467710
0	0.0000005181	0.9999994819	0.0000000000
0	0.9710166547	0.0031525240	0.0258308212
2	0.2201513459	0.0036038293	0.7762448249
0	0.9595789239	0.0000760544	0.0403450217
0	0.5690075399	0.4309924515	0.0000000087
0	0.5255076694	0.1016139133	0.3728784173
0	0.0226808319	0.9769106626	0.0004085055
0	0.3646771666	0.2574673740	0.3778554593
0	0.3981487955	0.6018512045	0.0000000000
1	0.4966320677	0.0203227897	0.4830451426
0	0.9735970657	0.0003665443	0.0260363900
0	0.8797226032	0.0025846659	0.1176927309
0	0.3230834675	0.0000001595	0.6769163730
1	0.9997188105	0.0000256747	0.0002555148
0	0.5588295283	0.0000000000	0.4411704717
0	0.0634231872	0.9365768128	0.0000000000
0	0.9991657099	0.0000003581	0.0008339320
1	0.0317020494	0.0166071909	0.9516907597
0	0.0000000000	0.9999812832	0.0000187168
0	0.9088016887	0.0000000000	0.0911983113
0	0.1053954741	0.0286110563	0.8659934696
1	0.0285264100	0.0070285278	0.9644450622
0	0.9998560076	0.0000000006	0.0001439919
0	0.9082658076	0.0000000000	0.0917341924
0	0.4726559493	0.2546358684	0.2727081823
1	0.2018488534	0.5795164250	0.2186347216
0	0.0101689258	0.0492520330	0.9405790412
0	0.2832977850	0.7151538329	0.0015483821
0	0.6482414515	0.0705457763	0.2812127723
1	0.9867633810	0.0028652194	0.0103713996
0	0.3168157458	0.6424327569	0.0407514972
0	0.0344791178	0.9617272586	0.0037936235
0	0.2031957638	0.7761717704	0.0206324657
0	0.0425872235	0.0676689434	0.8897438331
0	0.0211446412	0.6612031682	0.3176521907
0	0.7104818062	0.1813112373	0.1082069566
0	0.6416517137	0.1487306287	0.2096176576
1	0.8021785653	0.0389188474	0.1589025873
1	0.5598203358	0.4401622168	0.0000174474
0	0.1445875971	0.7213004183	0.1341119845
1	0.7336472961	0.0274717758	0.2388809281
0	0.4529477107	0.4123344288	0.1347178605
0	0.0079267137	0.3485836859	0.6434896004
1	0.3609895745	0.6363003174	0.0027101081
0	0.5298400001	0.0794712700	0.3906887299
0	0.6936382128	0.0000440218	0.3063177654
1	0.0822399261	0.9141547027	0.0036053712
0	0.4920775537	0.0077670851	0.5001553612
1	0.0898307939	0.5446108155	0.3655583906
0	0.1943883157	0.0000069820	0.8056047023
0	0.8859936973	0.1091805164	0.0048257863
0	0.7663113550	0.0000151056	0.2336735394
0	0.9947953385	0.0052046615	0.0000000000
0	0.1003077684	0.0007749271	0.8989173045
0	0.9867774878	0.0004863887	0.0127361236
0	0.6783441471	0.2713743069	0.0502815460
0	0.6824394266	0.0016580374	0.3159025360
0	0.0169951832	0.0000050331	0.9829997837
0	0.0222524905	0.3653044159	0.6124430936
0	0.9986362433	0.0000002343	0.0013635224
0	0.9452044239	0.0531007012	0.0016948749
0	0.0297501220	0.9148852829	0.0553645951
0	0.9343637193	0.0000000000	0.0656362807
0	0.9857190968	0.0068844730	0.0073964303
