0	0.8903843796	0.0016745369	0.1079410835
1	0.6978827737	0.0662359556	0.2358812706
1	0.6947794779	0.0078883664	0.2973321557
1	0.0000000001	0.9999973326	0.0000026673
0	0.9999960460	0.0000004186	0.0000035354
1	0.1153732701	0.0000236235	0.8846031065
0	0.0816200741	0.2099440946	0.7084358313
0	0.0436264299	0.0662058817	0.8901676884
0	0.1759799285	0.3658157596	0.4582043120
0	0.8130533234	0.0195892173	0.1673574592
1	0.0462054754	0.0000006554	0.9537938692
0	0.0040418134	0.0002381726	0.9957200140
1	0.2038392619	0.7894671926	0.0066935455
1	0.6555899965	0.0104342815	0.3339757220
0	0.5468869464	0.4363461489	0.0167669047
1	0.1324758468	0.0350159015	0.8325082517
0	0.8836308620	0.1162809795	0.0000881584
0	0.9518997671	0.0021938590	0.0459063740
0	0.1106531872	0.0005388635	0.8888079493
0	0.4017024745	0.0037201251	0.5945774004
0	0.1583118506	0.7022091285	0.1394790210
0	0.6934775481	0.3054606274	0.0010618245
0	0.0000188785	0.0000000000	0.9999811215
0	0.3198942974	0.6800516006	0.0000541020
0	0.0000000331	0.6211007214	0.3788992454
0	0.5116785607	0.4883214393	0.0000000000
0	0.0563225895	0.0000001477	0.9436772629
0	0.3446186626	0.1069642848	0.5484170527
0	0.7446579521	0.1289607654	0.1263812825
1	0.9197488333	0.0000000087	0.0802511581
0	0.5446643084	0.0207682346	0.4345674570
1	0.9957820932	0.0041898251	0.0000280817
0	0.7014661466	0.2346584862	0.0638753672
0	0.0000875936	0.9888922252	0.0110201812
1	0.0889797645	0.0085643952	0.9024558403
0	0.2513787430	0.0171823653	0.7314388917
1	0.0113814637	0.5884466141	0.4001719222
0	0.9999909178	0.0000000000	0.0000090822
0	0.2433211909	0.0242942626	0.7323845466
0	0.9662549825	0.0000010982	0.0337439193
0	0.0048756929	0.0035589443	0.9915653628
0	0.6255570011	0.0667612688	0.3076817301
0	0.2569333293	0.6923497320	0.0507169387
0	0.8599935955	0.0790431891	0.0609632154
0	0.8872485783	0.1127514217	0.0000000000
0	0.2616906874	0.7382780353	0.0000312773
0	0.3004081196	0.1363916143	0.5632002660
0	0.0031923149	0.6794763337	0.3173313514
0	0.3830129433	0.6110118568	0.0059751999
1	0.5460886605	0.3691820902	0.0847292494
0	0.9989468361	0.0010328413	0.0000203226
0	0.7856203787	0.1145063307	0.0998732907
0	0.8829083167	0.0272993182	0.0897923650
0	0.0077673717	0.4022265575	0.5900060708
0	0.9272474687	0.0315122822	0.0412402491
1	0.4182056799	0.4301950950	0.1515992250
0	0.0000000002	0.1582846397	0.8417153601
0	0.5145172918	0.3285797947	0.1569029136
1	0.3245355182	0.1379649464	0.5374995354
1	0.6674264940	0.2634745287	0.0690989773
0	0.2557271490	0.6893908580	0.0548819930
0	0.4185452025	0.1065669661	0.4748878314
0	0.1788402721	0.7190204600	0.1021392679
0	0.2710991169	0.2240218008	0.5048790823
0	0.5090049453	0.0000079369	0.4909871178
0	0.3806429279	0.0094894039	0.6098676682
0	0.0000000000	0.4735046016	0.5264953984
0	0.9999999211	0.0000000000	0.0000000789
0	0.6026612604	0.0021598806	0.3951788590
1	0.0083714772	0.9201652593	0.0714632635
0	0.0517818614	0.8478933180	0.1003248206
0	0.0000016748	0.0009823621	0.9990159631
1	0.0046699124	0.0751135669	0.9202165207
2	0.3592067702	0.0000018927	0.6407913371
0	0.9748235586	0.0018830628	0.0232933786
0	0.4216822451	0.1788466735	0.3994710815
0	0.8796535646	0.0011437151	0.1192027203
0	0.3508689225	0.0005165312	0.6486145463
0	0.2458893294	0.0000774921	0.7540331785
1	0.3820292856	0.0380392977	0.5799314167
0	0.7986055132	0.0000000000	0.2013944868
0	0.2713196429	0.0559744287	0.6727059283
0	0.0000000173	0.4746887959	0.5253111868
0	0.9227930036	0.0772069461	0.0000000503
0	0.9168108501	0.0830148990	0.0001742508
0	0.0125385872	0.0516195748	0.9358418380
1	0.4661079173	0.0519399176	0.4819521651
1	0.0336661881	0.8052809713	0.1610528406
1	0.1196886987	0.0377903084	0.8425209929
0	0.4980581412	0.0006758562	0.5012660026
1	0.8706007842	0.1254761407	0.0039230752
1	0.2540732326	0.4576484326	0.2882783347
0	0.7118033673	0.0519938946	0.2362027381
0	0.3911588501	0.0922114657	0.5166296842
0	0.7159842635	0.2840157365	0.0000000000
1	0.0000000005	0.6704336414	0.3295663580
0	0.0682943832	0.0125455267	0.9191600901
0	0.2371860755	0.3977223492	0.3650915753
0	0.1239365280	0.8105331496	0.0655303224
0	0.1510221047	0.8077017598	0.0412761355
