0	0.7701253171	0.1726847069	0.0571899760
0	0.9631460122	0.0005626222	0.0362913657
1	0.1434105559	0.0109457297	0.8456437144
0	0.0000033424	0.0833845794	0.9166120782
0	0.7986581128	0.1620194033	0.0393224838
0	0.7867454861	0.0000207233	0.2132337906
0	0.8048374876	0.1371936095	0.0579689029
0	0.6214876468	0.0267116738	0.3518006794
0	0.0044149952	0.0151608538	0.9804241510
0	0.9538073538	0.0025906722	0.0436019740
0	0.2623683867	0.0000000001	0.7376316132
0	0.3774697554	0.6220677512	0.0004624935
1	0.4496740965	0.0084545461	0.5418713574
0	0.5300171652	0.0040948508	0.4658879840
0	0.3125711540	0.0481919038	0.6392369422
0	0.9983419233	0.0015118106	0.0001462661
0	0.0564506643	0.0002415992	0.9433077366
0	0.9988624085	0.0010937697	0.0000438219
1	0.1309137809	0.0314808626	0.8376053565
0	0.0116734382	0.0102083120	0.9781182497
0	0.9891471076	0.0000178332	0.0108350592
2	0.3089993710	0.6910006238	0.0000000051
0	0.8885361799	0.1031048372	0.0083589829
0	0.1478557689	0.0466247886	0.8055194425
0	0.9550405443	0.0270094009	0.0179500548
1	0.0785886733	0.7924625352	0.1289487915
0	0.2001663774	0.7050747494	0.0947588732
1	0.2502562537	0.0319135450	0.7178302012
0	0.7654339596	0.2345659744	0.0000000660
0	0.5404727526	0.0000000000	0.4595272474
0	0.1681381779	0.0005314342	0.8313303878
0	0.9179057188	0.0820917242	0.0000025569
0	0.0001314749	0.0163121452	0.9835563798
0	0.8813768586	0.0087078443	0.1099152971
0	0.9834661989	0.0000000000	0.0165338011
0	0.0184952030	0.0040140875	0.9774907094
0	0.4360042343	0.1315786245	0.4324171412
0	0.9816636246	0.0000000000	0.0183363754
0	0.0347830190	0.7106086991	0.2546082818
0	0.9100850291	0.0898823253	0.0000326456
0	0.7975037423	0.1205841497	0.0819121080
0	0.9992132200	0.0000001346	0.0007866454
0	0.4056858179	0.3503823017	0.2439318804
0	0.4731909787	0.2435248143	0.2832842070
1	0.6522080646	0.0562339127	0.2915580227
1	0.1088897545	0.0000760837	0.8910341618
0	0.8208736352	0.0205869869	0.1585393779
0	0.5548844275	0.1233585873	0.3217569852
1	0.0123185674	0.9876617454	0.0000196872
0	0.7751006816	0.0287648862	0.1961344322
0	0.0136920572	0.9695821197	0.0167258231
0	0.8916308685	0.1083691315	0.0000000000
0	0.9199791574	0.0000000000	0.0800208426
0	0.7519166355	0.0744566997	0.1736266648
1	0.0007123590	0.8265399979	0.1727476431
0	0.4341001420	0.3452481157	0.2206517424
1	0.0013535509	0.1113320659	0.8873143833
0	0.4280350660	0.5719649340	0.0000000000
0	0.1189328794	0.3651434019	0.5159237187
0	0.8202838444	0.1797161541	0.0000000015
0	0.8668658948	0.0821662421	0.0509678631
0	0.0217676274	0.2343449611	0.7438874115
0	0.5059829756	0.1340858685	0.3599311559
0	0.2243101529	0.7024580733	0.0732317738
1	0.7248984349	0.2093198941	0.0657816710
2	0.6166697475	0.0000129928	0.3833172598
1	0.7797857041	0.1979858165	0.0222284795
0	0.7821808858	0.1123091081	0.1055100061
0	0.9510543122	0.0000015163	0.0489441715
0	0.7381172460	0.0589901755	0.2028925785
1	0.7596416866	0.0638684733	0.1764898401
1	0.2176857726	0.7384988352	0.0438153922
0	0.9998238518	0.0000367550	0.0001393933
0	0.7368391136	0.0256077691	0.2375531173
0	0.5744352830	0.0000000000	0.4255647170
0	0.8131822025	0.1572945718	0.0295232257
0	0.2011640113	0.0000000064	0.7988359823
0	0.8564383590	0.0000005843	0.1435610566
0	0.9451078419	0.0518357943	0.0030563638
0	0.1204278422	0.8795721578	0.0000000000
1	0.6529251383	0.0255352177	0.3215396440
0	0.0145417587	0.3080529123	0.6774053290
1	0.0005351421	0.8406997924	0.1587650655
1	0.4300394260	0.0838120191	0.4861485550
0	0.4158215022	0.2989922025	0.2851862952
0	0.5911272677	0.1881246102	0.2207481222
0	0.9828773547	0.0171226453	0.0000000000
1	0.9442898003	0.0090114689	0.0466987308
0	0.0123246479	0.0494916429	0.9381837091
0	0.9173373136	0.0679614273	0.0147012591
0	0.0176967066	0.9788687076	0.0034345858
1	0.1085919600	0.2335641007	0.6578439393
0	0.3478732291	0.0524733633	0.5996534076
1	0.0552757622	0.0178531933	0.9268710445
0	0.5731613756	0.0010889069	0.4257497175
1	0.3536756052	0.0002108885	0.6461135063
0	0.3122683682	0.6562574003	0.0314742314
0	0.0092709082	0.9907290917	0.0000000000
2	0.6249897927	0.0011448811	0.3738653262
0	0.8722823350	0.0000592280	0.1276584370
