0	0.0944356300	0.9026727772	0.0028915928
1	0.0263512321	0.0300243143	0.9436244537
1	0.0542637420	0.0000000000	0.9457362580
1	0.8845344787	0.0000476339	0.1154178874
0	0.0046242732	0.1853090400	0.8100666868
0	0.6718184168	0.0000000000	0.3281815832
1	0.0554022880	0.0485709481	0.8960267639
0	0.6921769411	0.0005212188	0.3073018401
0	0.1382806814	0.3636864343	0.4980328843
0	0.5355688870	0.1304625969	0.3339685161
0	0.6155694939	0.0000000000	0.3844305061
0	0.1647104782	0.0012459384	0.8340435834
0	0.2297947336	0.0014811126	0.7687241538
0	0.9684033842	0.0000000000	0.0315966158
0	0.5412899026	0.1405887916	0.3181213058
1	0.5595778780	0.1287072698	0.3117148522
0	0.5358964994	0.1479916251	0.3161118755
0	0.7465171372	0.2127397875	0.0407430753
0	0.8575291929	0.0821184474	0.0603523596
2	0.9417848385	0.0113963781	0.0468187834
0	0.8609842858	0.0033417976	0.1356739166
0	0.1138558742	0.5709935014	0.3151506244
0	0.9994052204	0.0005927664	0.0000020132
0	0.0008898548	0.9957995127	0.0033106326
0	0.9970113347	0.0029845497	0.0000041156
1	0.2105007651	0.0000000000	0.7894992349
0	0.1054376588	0.7975081086	0.0970542326
0	0.9356296681	0.0023541547	0.0620161772
0	0.1832056918	0.6455876697	0.1712066385
0	0.1424885904	0.8207084452	0.0368029644
0	0.9913302065	0.0018482220	0.0068215715
0	0.0035769479	0.0275500160	0.9688730361
1	0.8868901230	0.0000111198	0.1130987572
0	0.9951219579	0.0047296537	0.0001483884
0	0.0095151638	0.0493836532	0.9411011830
0	0.9974129232	0.0003362931	0.0022507838
1	0.0688275740	0.8458326253	0.0853398007
0	0.3591353031	0.5827131979	0.0581514989
0	0.7646482589	0.0026042036	0.2327475375
0	0.0655169497	0.0518591213	0.8826239290
1	0.0000000055	0.0115188794	0.9884811151
0	0.2589748867	0.7135315037	0.0274936097
0	0.6815926036	0.1981455799	0.1202618165
1	0.6807958316	0.3108692284	0.0083349400
0	0.8060518712	0.0179987501	0.1759493786
1	0.9982702395	0.0000000000	0.0017297605
0	0.0073491013	0.4510982221	0.5415526767
0	0.2893445323	0.7101604680	0.0004949998
0	0.0566075643	0.0000000801	0.9433923556
0	1.0000000000	0.0000000000	0.0000000000
0	0.9841834891	0.0158052827	0.0000112282
0	0.0089567033	0.0000000675	0.9910432292
0	0.2058830045	0.0002089845	0.7939080111
1	0.7174105961	0.2675737540	0.0150156499
0	0.9391884504	0.0608115464	0.0000000032
1	0.8529477214	0.0389842631	0.1080680154
0	0.1224979182	0.8545933768	0.0229087050
0	0.0698020250	0.9295316501	0.0006663249
0	0.9695916492	0.0000000000	0.0304083508
0	0.0302088545	0.0638442795	0.9059468660
0	0.0260912380	0.0000933938	0.9738153682
1	0.7582436678	0.1489187984	0.0928375339
0	0.2617457806	0.0000000611	0.7382541583
0	0.0671208062	0.7367189589	0.1961602350
0	0.9643367600	0.0331636884	0.0024995516
1	0.2806421303	0.7193578697	0.0000000000
0	0.9998758387	0.0000000000	0.0001241613
0	0.2669577236	0.3288653057	0.4041769707
1	0.1590249347	0.0002985320	0.8406765332
0	0.6031804908	0.0157306718	0.3810888374
0	0.9960392981	0.0039602283	0.0000004736
0	0.9313231561	0.0024010227	0.0662758211
0	0.6444335018	0.3191193502	0.0364471481
0	0.4886015300	0.0002920971	0.5111063729
0	0.0595140056	0.0000076022	0.9404783922
0	0.0288928169	0.0161199106	0.9549872725
0	0.6966084619	0.3031366003	0.0002549378
0	0.7598969036	0.1825089996	0.0575940968
0	0.8831723645	0.0938871279	0.0229405076
0	0.9955088018	0.0044911982	0.0000000000
0	0.0279073053	0.0000000000	0.9720926947
0	0.3984339449	0.2440804607	0.3574855944
0	0.0126217767	0.9873760579	0.0000021654
0	0.3727921129	0.1564074416	0.4708004455
0	0.0664989158	0.0863579638	0.8471431203
0	0.7356415037	0.0004962722	0.2638622241
1	0.9216279455	0.0777409181	0.0006311365
0	0.3394012257	0.1252365830	0.5353621913
0	0.5738510551	0.0000000027	0.4261489422
0	0.4820450118	0.2576912520	0.2602637362
1	0.3675856217	0.3622742564	0.2701401219
1	0.0155757006	0.9518613345	0.0325629649
0	0.3735921199	0.1290570657	0.4973508145
0	0.0000369620	0.8638882848	0.1360747531
0	0.9662969224	0.0000086333	0.0336944443
2	0.0295944944	0.1906722020	0.7797333036
1	0.6891644425	0.1191835576	0.1916519999
0	0.2980813139	0.6848593882	0.0170592979
0	0.8803804249	0.1086303383	0.0109892369
0	0.5335551667	0.0661464586	0.4002983747
