1	0.2662645385	0.0015631364	0.7321723251
0	0.0080122273	0.1150666689	0.8769211038
0	0.9704161218	0.0000041086	0.0295797696
0	0.8762967541	0.0862599530	0.0374432929
0	0.9846884543	0.0152794378	0.0000321080
0	0.5570886038	0.0000000000	0.4429113962
2	0.8082290331	0.0000000000	0.1917709669
0	0.6769660853	0.3230325398	0.0000013749
0	0.0000000000	0.7204719113	0.2795280887
0	0.0173337547	0.4095077447	0.5731585006
0	0.4023878647	0.0034148210	0.5941973143
0	0.4151347726	0.0123408597	0.5725243678
1	0.4045792893	0.1088427875	0.4865779232
0	0.6874016939	0.3102138800	0.0023844261
0	0.7519997092	0.0950024831	0.1529978077
0	0.1690148301	0.5928614607	0.2381237092
1	0.7049635565	0.1115605043	0.1834759392
0	0.0693543030	0.3795657340	0.5510799630
1	0.4604655527	0.0987124420	0.4408220053
0	0.3945405478	0.0000002142	0.6054592379
0	0.9820087443	0.0063817535	0.0116095022
1	0.7214540492	0.0078180319	0.2707279189
1	0.0864652315	0.0641156522	0.8494191162
0	0.9824933368	0.0000000008	0.0175066623
0	0.3174799145	0.6825200855	0.0000000000
1	0.5051778283	0.4943799984	0.0004421733
0	0.6034699209	0.0127062072	0.3838238718
0	0.0142175606	0.9856471182	0.0001353211
0	0.0000068978	0.6259264899	0.3740666123
0	0.6642143360	0.0776068585	0.2581788054
1	0.3994412481	0.0151873098	0.5853714421
0	0.9728286836	0.0002468224	0.0269244940
0	0.9897766299	0.0000156223	0.0102077478
0	0.6960006861	0.3036778024	0.0003215116
0	0.9999972126	0.0000000000	0.0000027874
0	0.4106152725	0.5883494630	0.0010352644
0	0.3619718990	0.5264431238	0.1115849772
0	0.5146477628	0.1703998775	0.3149523597
0	0.1072780718	0.0233232073	0.8693987209
0	0.6213500704	0.1296129773	0.2490369523
0	0.3987704700	0.4286371476	0.1725923824
0	0.4856555730	0.0629745846	0.4513698424
0	0.3235581207	0.1778601163	0.4985817629
0	0.9890604304	0.0108964440	0.0000431256
1	0.9998403720	0.0001592083	0.0000004198
1	0.2606035508	0.0000003097	0.7393961395
1	0.9856814097	0.0143132597	0.0000053306
0	0.5700510480	0.0000000000	0.4299489520
0	0.5813889801	0.3837687218	0.0348422981
0	0.8844106018	0.0000000000	0.1155893982
0	0.4494799988	0.0000000048	0.5505199964
0	0.0775784154	0.7512004464	0.1712211382
1	0.6073058802	0.0505807645	0.3421133553
0	0.4101553386	0.5879677132	0.0018769481
0	0.4992289788	0.1134233398	0.3873476814
0	0.5609671384	0.0011755771	0.4378572845
0	0.0000134723	0.4494247394	0.5505617883
1	0.0004528914	0.0816725958	0.9178745129
0	0.5584795708	0.4246159729	0.0169044563
0	0.1201352223	0.8647143811	0.0151503966
0	0.0000174661	0.0368585437	0.9631239902
0	0.5547717672	0.2804690315	0.1647592013
1	0.0001608620	0.1554163248	0.8444228132
0	0.7655109823	0.0012398193	0.2332491985
0	0.9453816508	0.0387000334	0.0159183158
1	0.0115347652	0.2886484810	0.6998167537
1	0.6421526733	0.0000000000	0.3578473267
0	0.7472030134	0.1973101730	0.0554868136
0	0.8626419058	0.0306697845	0.1066883096
0	0.5324409993	0.4675590007	0.0000000000
0	0.6670319929	0.2105319077	0.1224360994
0	0.2198337062	0.7212750579	0.0588912359
0	0.7377898355	0.0703893839	0.1918207806
0	0.7887187690	0.0832272703	0.1280539606
0	0.3391248439	0.2513740622	0.4095010939
0	0.8969766557	0.0477608564	0.0552624880
0	0.4615653713	0.3204588097	0.2179758190
0	0.2008730434	0.0105771606	0.7885497960
0	0.0759401711	0.0000000000	0.9240598289
0	0.0000001824	0.9984509311	0.0015488866
1	0.6513091107	0.0186008254	0.3300900639
0	0.4502504614	0.3012609042	0.2484886344
0	0.9270233154	0.0719398620	0.0010368226
0	0.8742613322	0.1221033671	0.0036353007
0	0.2945190275	0.2658698266	0.4396111459
0	0.7597551524	0.2307088506	0.0095359970
0	0.5784034260	0.1061382924	0.3154582817
0	0.6488774666	0.0424745094	0.3086480240
0	0.5972346266	0.0107667851	0.3919985883
0	0.6736622362	0.0649087296	0.2614290342
0	0.9368877610	0.0028626911	0.0602495479
0	0.4139155049	0.0079752205	0.5781092746
1	0.2434391429	0.0000000001	0.7565608571
0	0.6417503319	0.0000000000	0.3582496681
1	0.6179624167	0.0056056854	0.3764318979
0	0.3881874062	0.6118125938	0.0000000001
0	0.4980244544	0.1506851248	0.3512904208
0	0.0371333419	0.9313523548	0.0315143032
0	0.0077643571	0.9921979225	0.0000377204
0	0.4324280988	0.1065369111	0.4610349900
