0	0.4177131792	0.0025246543	0.5797621666
0	0.9107366213	0.0111801571	0.0780832216
0	0.8202725310	0.0025906363	0.1771368327
0	0.7896202474	0.0002556879	0.2101240648
1	0.0345449641	0.6142663754	0.3511886605
0	0.5911252327	0.4088037939	0.0000709734
0	0.7202720003	0.2797279884	0.0000000113
0	0.9949235587	0.0045541765	0.0005222648
0	0.1652096629	0.1862353330	0.6485550041
0	0.1193265723	0.0000000000	0.8806734277
0	0.8927714744	0.1072285256	0.0000000000
0	0.0961006834	0.5814658717	0.3224334449
0	0.9113655990	0.0671044081	0.0215299929
0	0.0012024545	0.9987373749	0.0000601707
1	0.3309870552	0.2247906739	0.4442222710
0	0.3302391455	0.1213528659	0.5484079887
2	0.4480147048	0.1714547500	0.3805305453
0	0.5074652600	0.2693093321	0.2232254079
0	0.3257745105	0.4179302228	0.2562952668
1	0.0306263219	0.0000000008	0.9693736772
0	0.6764249942	0.3015248005	0.0220502053
0	0.9725921103	0.0150695313	0.0123383584
0	0.0982080846	0.6583069845	0.2434849308
0	0.1484511101	0.1064638257	0.7450850642
0	0.0246318066	0.9160251991	0.0593429943
1	0.1301654002	0.8553156375	0.0145189623
0	0.6184137047	0.0003631688	0.3812231265
0	0.2902416349	0.0005645742	0.7091937909
0	0.1040928913	0.5522310681	0.3436760406
0	0.1379277642	0.1753174473	0.6867547886
1	0.1177788516	0.8803675113	0.0018536371
1	0.0539249358	0.5638084372	0.3822666269
1	0.0431203908	0.3229946594	0.6338849498
0	0.9949034790	0.0050964074	0.0000001136
1	0.5366592300	0.1685091806	0.2948315894
0	0.9827454112	0.0094804541	0.0077741347
0	0.7700724594	0.1604097492	0.0695177914
0	0.6364887216	0.1953875774	0.1681237010
1	0.8393611780	0.0645208487	0.0961179733
0	0.2018430582	0.7954258315	0.0027311102
0	0.1305808805	0.7434913232	0.1259277963
0	0.0666589163	0.9181402510	0.0152008327
0	0.9214620403	0.0614398106	0.0170981491
0	0.9999872835	0.0000127165	0.0000000000
0	0.9410288943	0.0026179987	0.0563531071
0	0.7418559342	0.1386543869	0.1194896790
0	0.0139152018	0.6574495877	0.3286352105
1	0.9944956149	0.0000389759	0.0054654092
0	0.9992605113	0.0000994753	0.0006400134
1	0.0486731755	0.0006992103	0.9506276142
0	0.1546794857	0.1991500220	0.6461704923
0	0.0038210287	0.9914857220	0.0046932493
0	0.7897296672	0.2102703328	0.0000000000
0	0.9245939390	0.0000314885	0.0753745725
0	0.0000032122	0.0006278533	0.9993689345
1	0.9470009424	0.0000323281	0.0529667295
0	0.0000967567	0.3309265331	0.6689767102
0	0.6293578475	0.0016929277	0.3689492248
0	0.5014882283	0.0003500729	0.4981616988
0	0.5136643743	0.3634339075	0.1229017182
0	0.8493444149	0.0010016955	0.1496538897
0	0.1313002593	0.0000000098	0.8686997310
0	0.8703598923	0.1293729291	0.0002671785
1	0.3000720836	0.0000000120	0.6999279044
1	0.7196448584	0.0428181469	0.2375369947
0	0.2764629662	0.7224990329	0.0010380009
0	0.0633815373	0.7666867995	0.1699316631
0	0.1953284491	0.6627663510	0.1419051999
0	0.5574428309	0.0000000000	0.4425571691
2	0.6413466901	0.0000000043	0.3586533057
0	0.1380491294	0.8597641903	0.0021866803
1	0.2459198368	0.0124304756	0.7416496876
0	0.8431923275	0.0000026230	0.1568050495
1	0.7032168884	0.2206616042	0.0761215074
0	0.9958936527	0.0039618365	0.0001445108
0	0.6746060921	0.0255476750	0.2998462329
2	0.0199519887	0.0000022513	0.9800457600
0	0.1820631346	0.6332812272	0.1846556382
0	0.3059946326	0.0080544809	0.6859508865
0	0.8418460837	0.1581539163	0.0000000000
0	0.4113067175	0.0000000000	0.5886932825
1	0.4021064109	0.0125319359	0.5853616532
0	0.9152936501	0.0847063499	0.0000000000
0	0.6557012468	0.1547794683	0.1895192849
0	0.0383725754	0.9314937509	0.0301336738
0	0.9123137783	0.0211854014	0.0665008202
1	0.2337224516	0.7638797545	0.0023977939
0	0.6593894727	0.3405658267	0.0000447006
0	0.9839724842	0.0000994244	0.0159280914
0	0.0170818477	0.0422725889	0.9406455634
0	0.3515498430	0.0000000005	0.6484501565
0	0.0024921690	0.9699086313	0.0275991997
0	0.7461121973	0.0000000000	0.2538878027
0	0.0099413888	0.9179652580	0.0720933532
1	0.7893715167	0.0003276798	0.2103008035
0	0.7989763667	0.0003106387	0.2007129946
0	0.0366394514	0.8831290993	0.0802314493
0	0.0408999114	0.6172846372	0.3418154513
0	0.0013111227	0.0046526040	0.9940362732
0	0.6528955077	0.0109351400	0.3361693523
