0	0.8337848639	0.0702434783	0.0959716578
1	0.0921815109	0.0000000572	0.9078184319
0	0.0000250018	0.9954384633	0.0045365349
0	0.2010294087	0.6783755058	0.1205950855
1	0.2797895463	0.0000632373	0.7201472165
0	0.3831604678	0.2591436075	0.3576959247
0	0.5633764352	0.1105351953	0.3260883695
0	0.3040000223	0.1345368357	0.5614631420
0	0.9378270816	0.0621206292	0.0000522892
0	0.1239346682	0.8659753881	0.0100899437
0	0.8184714788	0.0452267311	0.1363017901
0	0.9525920636	0.0000000000	0.0474079364
0	0.8392786592	0.0898142681	0.0709070727
0	0.3832213559	0.5788721588	0.0379064853
0	0.3820955329	0.0070653218	0.6108391453
0	0.0000000000	0.1705716931	0.8294283069
0	0.9577314009	0.0348065663	0.0074620328
0	0.9736942767	0.0005018393	0.0258038841
0	0.0239943933	0.0124963638	0.9635092428
0	0.6664682024	0.0017354688	0.3317963288
0	0.4310779280	0.0011214524	0.5678006196
1	0.0550142343	0.4500366948	0.4949490709
0	0.5094573674	0.4824494499	0.0080931826
0	0.6676126451	0.0399250410	0.2924623138
0	0.9145365810	0.0485889411	0.0368744779
0	0.9099483670	0.0000066884	0.0900449446
0	0.9676601640	0.0180009435	0.0143388925
0	0.8425524830	0.0000022378	0.1574452792
2	0.3256546836	0.0025928273	0.6717524892
0	0.9239306731	0.0000000000	0.0760693269
1	0.7391549988	0.0000000032	0.2608449980
0	0.0082143608	0.0000001469	0.9917854923
0	0.3001073023	0.1236517719	0.5762409258
0	0.3545898950	0.0626626172	0.5827474877
0	0.7436743506	0.0000000003	0.2563256490
0	0.0216213480	0.0491843220	0.9291943300
0	0.9728446095	0.0014730060	0.0256823845
0	0.0000028003	0.6507081316	0.3492890681
0	0.0027563071	0.0625040835	0.9347396095
0	0.9848339892	0.0048397171	0.0103262937
0	0.2088063227	0.0001692981	0.7910243792
2	0.0165453899	0.9072609606	0.0761936495
0	0.0000364365	0.5479283519	0.4520352115
0	0.1317537259	0.0021005292	0.8661457450
0	0.9932985606	0.0062770908	0.0004243486
0	0.9242979722	0.0006986921	0.0750033357
0	0.6648957544	0.0015984809	0.3335057646
0	0.0800448315	0.4925552518	0.4273999167
0	0.0019652927	0.2488110086	0.7492236987
0	0.9971915682	0.0000000032	0.0028084287
0	0.1390686267	0.8421661718	0.0187652015
0	0.0871035336	0.2082535867	0.7046428797
0	0.9623421904	0.0227843192	0.0148734904
0	0.0000025781	0.0000000000	0.9999974219
0	0.9999977628	0.0000022372	0.0000000000
0	0.2105166908	0.6880964733	0.1013868360
0	0.0000554465	0.9016940925	0.0982504610
1	0.1222251143	0.4831038572	0.3946710285
0	0.3712045656	0.6285717847	0.0002236497
1	0.0000068919	0.0000002064	0.9999929017
0	0.1809460827	0.6903166086	0.1287373088
0	0.6902646071	0.0000000015	0.3097353914
0	0.6663288931	0.0928070949	0.2408640121
0	0.9274914510	0.0298589046	0.0426496444
0	0.8719814002	0.0108068670	0.1172117328
0	0.9971342507	0.0028641215	0.0000016278
0	0.9053546336	0.0000000104	0.0946453560
0	0.3807850731	0.3880239143	0.2311910127
1	0.0259079819	0.0045728101	0.9695192080
0	0.6388887546	0.0002879420	0.3608233034
0	0.9014726055	0.0222722292	0.0762551653
0	0.0000021620	0.4462569534	0.5537408846
0	0.4880473640	0.0076732854	0.5042793506
1	0.1734642462	0.0000000000	0.8265357538
0	0.9305201326	0.0694798660	0.0000000014
0	0.5726677522	0.3152226599	0.1121095879
0	0.2491515448	0.0021536165	0.7486948387
0	0.9998358096	0.0001639753	0.0000002152
0	0.8111447708	0.1888552292	0.0000000000
0	0.0002069958	0.0080315792	0.9917614249
0	0.7013476801	0.2806510618	0.0180012581
0	0.0303695215	0.3836044962	0.5860259823
0	0.3912071985	0.0032528627	0.6055399388
0	0.2571067570	0.0220925630	0.7208006800
0	0.6958796626	0.0187638248	0.2853565127
0	0.3605894134	0.0791696013	0.5602409852
0	0.7129347242	0.0000000022	0.2870652736
1	0.9653528486	0.0000010854	0.0346460661
0	0.9998242315	0.0001453599	0.0000304086
1	0.0301756133	0.8927871613	0.0770372254
0	0.9733621691	0.0232449862	0.0033928447
1	0.9999706773	0.0000047809	0.0000245417
0	0.0783851339	0.7607940683	0.1608207978
0	0.0000658844	0.2994958547	0.7004382609
1	0.9693517487	0.0306482481	0.0000000032
0	0.9225381458	0.0181997726	0.0592620816
0	0.4959412676	0.0904039372	0.4136547953
0	0.8601943869	0.0789399700	0.0608656431
0	0.0547911736	0.0000108085	0.9451980179
0	0.3774685116	0.6025012168	0.0200302717
