Values used for beta_0k(intercept). Sampled from -1.0 to 1.0 uniformly:
   1	0.2496907812
   2	-0.7933122195
   3	-0.8993200019
   4	-0.8435260827
   5	-0.9302339561
   6	0.1078211708
   7	0.7421710180
   8	0.8726329199
   9	0.9828843980
  10	-0.0836994456
  11	0.4756085773
  12	-0.2059213516
  13	-0.5610466882
  14	0.5668971213
  15	-0.8098662162
  16	0.8314379498
  17	-0.4265605897
  18	-0.8438082959
  19	0.5714713501
  20	-0.9668150623
  21	-0.1219137638
  22	-0.2237393911
  23	0.7994763282
  24	0.4559738249
  25	-0.1300737822
  26	0.4939438741
  27	-0.8073885311
  28	0.1945952459
  29	-0.5151345124
  30	0.8371305784
  31	-0.3308074748
  32	0.3765798294
  33	0.7197280195
  34	-0.6327872314
  35	0.6335667166
  36	-0.1040912772
  37	-0.8688313849
  38	0.1930479262
  39	-0.3433090198
  40	-0.7656421860
  41	-0.1361224974
  42	0.3076582053
  43	0.9768438395
  44	0.4330432733
  45	0.7728956411
  46	-0.5535936976
  47	-0.3969914873
  48	-0.8207060105
  49	0.3021158318
  50	-0.0750576991
  51	-0.3702691054
  52	-0.8017623135
  53	-0.5342265199
  54	0.1770167033
  55	0.3840533487
  56	0.6208106044
  57	0.8560641708
  58	0.0147466954
  59	0.7543403023
  60	-0.7263416436
  61	-0.7445998313
  62	-0.4182540819
  63	0.6080774633
  64	-0.6481979271
  65	-0.7404622742
  66	-0.0133489267
  67	-0.5054075327
  68	0.0281504378
  69	0.8664105185
  70	-0.0258054474
  71	0.1114245628
  72	0.2628198591
  73	-0.4490363159
  74	0.8678405531
  75	-0.9558816817
  76	0.3051328629
  77	-0.4427767315
  78	-0.1667078241
  79	0.9233409419
  80	-0.6735230203
  81	0.5805943715
  82	-0.5357503123
  83	-0.7722680799
  84	-0.9851674461
  85	-0.3241089006
  86	-0.9522246894
  87	-0.9367285491
  88	-0.9952672525
  89	0.0673560409
  90	0.6353510420
  91	0.6088142425
  92	0.4325550087
  93	-0.9328234333
  94	0.2338411593
  95	-0.0478957356
  96	0.1209272431
  97	0.3008649393
  98	0.7412541691
  99	-0.0142648192
 100	0.0520953996

Values used for beta_k(effect). Sampled from normal with mean 0 and std 1.0:
   1	0.3736579629
   2	-0.0393625424
   3	0.2954133610
   4	1.6771301808
   5	0.1464843238
   6	0.3550547592
   7	-0.7161026184
   8	0.6741333585
   9	0.7562187184
  10	0.6412869602
  11	-1.2016462081
  12	0.7199038423
  13	1.1456824919
  14	1.0784773152
  15	-0.1451728606
  16	0.8074760903
  17	-0.5203106871
  18	-0.7790353031
  19	-1.0647668895
  20	0.0291730967
  21	1.2560846334
  22	-0.3880577058
  23	-0.7086628984
  24	1.0593088502
  25	1.1324485680
  26	-0.6768104885
  27	-0.1964265444
  28	2.1920190874
  29	0.1220595248
  30	-0.8855703840
  31	2.6103696576
  32	0.5862222738
  33	-0.3866397360
  34	0.3030997768
  35	0.5926127063
  36	0.2606955666
  37	-0.1261828832
  38	1.1873023284
  39	-0.3051509697
  40	0.7900932578
  41	1.4799613832
  42	0.7811500290
  43	-1.4361580910
  44	-0.5286344800
  45	0.7200618301
  46	0.2706579751
  47	-0.2953618845
  48	-0.2766826504
  49	0.3516385675
  50	0.2084534589
  51	0.1968062250
  52	0.7159307309
  53	-0.8934389212
  54	0.1443552956
  55	1.0269321783
  56	0.5436511811
  57	-0.8516269856
  58	1.4624435992
  59	-0.6899334649
  60	0.6949281354
  61	-0.8423146812
  62	-0.8050565033
  63	0.0111590246
  64	-0.9945457703
  65	0.5191506789
  66	-1.0632586173
  67	-1.5883122923
  68	-0.7939682500
  69	1.4201096810
  70	-1.5243052200
  71	1.4240154597
  72	0.5316043241
  73	-0.4953620823
  74	0.2598036583
  75	-1.4195638266
  76	-0.9377127513
  77	0.0766223149
  78	1.4911609698
  79	-0.3317654120
  80	-0.6095455043
  81	0.1347667066
  82	-0.8307148419
  83	0.2271903554
  84	-0.5003680658
  85	-0.6142081085
  86	-0.8162598140
  87	-0.3922758736
  88	0.3298373872
  89	-0.0448755681
  90	1.5895345332
  91	-0.4044881437
  92	0.3448986652
  93	-2.7798240501
  94	0.1281709121
  95	-0.2397015565
  96	-0.2525289384
  97	-1.7123352066
  98	-0.2212783589
  99	-0.3579378055
 100	0.5581420804
