0	0.0000070495	0.6690994369	0.0078880857	0.3145239462	0.0084814817
0	0.2264928045	0.3325391988	0.0003330440	0.0549209907	0.3857139621
0	0.6149188187	0.1738628622	0.0575401513	0.1343501002	0.0193280676
1	0.4920127258	0.1551056767	0.0000000000	0.0153178195	0.3375637780
2	0.7862304246	0.0004537950	0.0001118399	0.2131763550	0.0000275855
0	0.0000223258	0.0934931438	0.0011208142	0.7802771883	0.1250865278
0	0.0145957805	0.0875945336	0.8548984942	0.0412060530	0.0017051386
0	0.6491532167	0.0000000000	0.0073544796	0.0081864099	0.3353058937
0	0.1710861871	0.1384269638	0.1142969382	0.0210939654	0.5550959454
0	0.3923813291	0.0775588617	0.3326565371	0.1885727238	0.0088305483
