1	0.3113852710	0.0015470031	0.3523818720	0.2627639970	0.0719218569
0	0.0659587878	0.6141202413	0.2093648204	0.1068761115	0.0036800390
0	0.0000647058	0.0484030695	0.2192178139	0.4295324941	0.3027819168
0	0.0859165601	0.0745550096	0.0000022856	0.0151570314	0.8243691132
0	0.0629684281	0.0021690445	0.8902535377	0.0400805791	0.0045284106
2	0.1414782536	0.6742907171	0.0005007328	0.1079502688	0.0757800277
0	0.4838981846	0.1477808671	0.3659392212	0.0022899641	0.0000917630
0	0.2674394609	0.2213956444	0.1297236559	0.2068409464	0.1746002923
0	0.7754252044	0.0077004678	0.0074160543	0.0009300916	0.2085281819
1	0.0248884364	0.0012741935	0.1113505219	0.6482969526	0.2141898956
