0	0.0153365416	0.6564833286	0.2698030192	0.0349738795	0.0234032312
0	0.0282546947	0.0000997132	0.3154566713	0.0094836850	0.6467052358
1	0.1277117688	0.1378794068	0.0118749553	0.0632873323	0.6592465368
2	0.0884381972	0.0241276378	0.8306073495	0.0391638043	0.0176630112
0	0.0000354865	0.6525871205	0.3455416943	0.0017236167	0.0001120819
0	0.0000006241	0.0165472187	0.2006404649	0.7398569354	0.0429547570
0	0.9438343174	0.0000000146	0.0261369421	0.0300287259	0.0000000000
0	0.0507837694	0.3024879251	0.1035348674	0.4796685207	0.0635249174
0	0.0304317683	0.2442006653	0.0383719583	0.0071153163	0.6798802918
0	0.1656068781	0.1824704851	0.0896155382	0.5623070986	0.0000000000
