0	0.3871802006	0.3182692258	0.0315523133	0.0372844380	0.2257138223
0	0.0291856221	0.1221043000	0.0000000000	0.7421736166	0.1065364613
1	0.0028411859	0.0141075686	0.0803510282	0.8850312767	0.0176689407
0	0.4350117860	0.5631252689	0.0011521303	0.0000000000	0.0007108148
0	0.1282234836	0.5670423691	0.2966106218	0.0000000110	0.0081235145
2	0.0110991475	0.0546886711	0.2636641572	0.3539575409	0.3165904833
0	0.8104391990	0.0000008282	0.0000000000	0.0000000000	0.1895599727
0	0.0061831847	0.0042351708	0.0000066938	0.6029597860	0.3866151647
0	0.0305360151	0.0013085247	0.2298846056	0.7094585315	0.0288123232
0	0.0302074454	0.0000015937	0.2120949994	0.1225106090	0.6351853525
