0	0.0998687226	0.3855749824	0.0012602143	0.0470318034	0.4662642772
1	0.0000001870	0.2873042661	0.5077578360	0.1449255740	0.0600121370
0	0.4133021330	0.0000005011	0.3589854110	0.0003959740	0.2273159809
0	0.3516674522	0.4574173258	0.0350220770	0.1508927248	0.0050004203
1	0.1149131242	0.0004332148	0.0598521529	0.8162918229	0.0085096852
0	0.0302253179	0.1994349845	0.0017323410	0.7672156140	0.0013917426
2	0.0029097201	0.4435922873	0.4848878785	0.0004071015	0.0682030126
0	0.0172440532	0.1974768018	0.0040396577	0.0000015565	0.7812379308
0	0.8457290520	0.1309236856	0.0019401299	0.0214071325	0.0000000000
0	0.1905896502	0.1529183521	0.0037797379	0.6021153157	0.0505969442
