0	0.0538885298	0.1491570836	0.0441680433	0.3257159738	0.4270703695
0	0.1912306873	0.0033899156	0.1315869729	0.6535423507	0.0202500735
1	0.0942811531	0.0687869744	0.6607094445	0.1762224277	0.0000000003
0	0.1207772011	0.2608666091	0.0254180551	0.4456888771	0.1472492576
0	0.0034660172	0.2838384488	0.2254756452	0.3558665790	0.1313533098
0	0.6182370540	0.2770931873	0.0000003051	0.1007901348	0.0038793188
0	0.0074301038	0.0247290638	0.0131527523	0.9227973236	0.0318907565
2	0.2003874811	0.0000232185	0.0511123012	0.0012531901	0.7472238091
0	0.2595599210	0.0034258598	0.3025678339	0.0078929479	0.4265534374
0	0.0000000089	0.0647362881	0.5277168627	0.0000003989	0.4075464414
