1	0.0000002663	0.0032615461	0.0000548906	0.8041205974	0.1925626996
0	0.0837467574	0.0125323768	0.7431340187	0.0208345428	0.1397523043
0	0.0648698128	0.2623473217	0.6555196343	0.0158900922	0.0013731391
0	0.0160270235	0.0071978867	0.0246088873	0.2344462766	0.7177199259
0	0.2409171219	0.0334754800	0.2075002595	0.5102305309	0.0078766077
2	0.0101587117	0.1364206687	0.2278793374	0.0528957380	0.5726455442
0	0.0834952191	0.0733649535	0.2607107200	0.0613482621	0.5210808453
0	0.1675927043	0.4533699995	0.0000000000	0.0000000576	0.3790372386
0	0.1408747649	0.0458795085	0.4369601334	0.1490161748	0.2272694184
0	0.0025257936	0.0002554048	0.9541961541	0.0001127720	0.0429098755
