0	0.0000008815	0.1289189435	0.3139271996	0.5571529747	0.0000000006
0	0.0194064976	0.0000000000	0.0002912705	0.9516529984	0.0286492336
1	0.1796584271	0.0045187708	0.0444480334	0.4323694419	0.3390053268
0	0.0003519969	0.0911056384	0.0097855660	0.8984394300	0.0003173688
1	0.1511710935	0.8146446517	0.0001035557	0.0046146019	0.0294660973
1	0.0000211636	0.1432043451	0.4147327027	0.3357135275	0.1063282610
0	0.0002247354	0.9329165685	0.0652487949	0.0000000000	0.0016099013
2	0.0008345502	0.0870221195	0.2930722856	0.6190499533	0.0000210914
0	0.4593185042	0.0219175127	0.2552077329	0.0038299890	0.2597262613
0	0.0248741505	0.3722973188	0.2262072761	0.3194682726	0.0571529820
