0	0.0025025499	0.0256189505	0.0020487271	0.1530100781	0.8168196943
0	0.0224382029	0.2391555708	0.2744190096	0.0000000001	0.4639872166
0	0.4700919884	0.1101817379	0.2446244117	0.1519610844	0.0231407776
0	0.0000000001	0.0196118213	0.0311926439	0.9491955347	0.0000000000
1	0.0067386301	0.0140692476	0.9557361172	0.0022691627	0.0211868424
0	0.1486563650	0.2266619894	0.0960461625	0.4842042549	0.0444312282
0	0.0177419961	0.5014247858	0.0001620567	0.4516131535	0.0290580078
2	0.7811291389	0.0000007571	0.0031720927	0.1902511764	0.0254468349
0	0.2340442422	0.0066601311	0.0243020838	0.2207864434	0.5142070995
1	0.0468272191	0.0374484669	0.2965892794	0.6002595350	0.0188754996
