0	0.2553530723	0.0171674611	0.0197928224	0.0872326850	0.6204539592
0	0.1623675914	0.2456034243	0.4217863244	0.1702252373	0.0000174226
0	0.2383364661	0.7425388235	0.0191240234	0.0000000477	0.0000006393
1	0.1079394728	0.8601992753	0.0275240459	0.0000523114	0.0042848945
2	0.0338182066	0.0010924513	0.1230776529	0.6431855100	0.1988261791
0	0.3538256263	0.0000116602	0.0503779906	0.0000000517	0.5957846712
0	0.0001713415	0.8846502651	0.0975545947	0.0050071887	0.0126166099
0	0.0150326030	0.6466000723	0.2226171799	0.0000000000	0.1157501447
0	0.7750213648	0.0219181595	0.0233993216	0.1023014826	0.0773596714
0	0.0001869392	0.5195230767	0.2719185957	0.2082881493	0.0000832391
