2	0.2827317249	0.1001388623	0.5927014975	0.0000000000	0.0244279154
0	0.0537973691	0.7575341384	0.0372438204	0.1454145517	0.0060101204
1	0.0004442675	0.7495876336	0.0166944934	0.0000353702	0.2332382354
0	0.6161511529	0.0373810414	0.3138326704	0.0292478189	0.0033873164
0	0.0004625778	0.8415796381	0.0000595329	0.1252314343	0.0326668169
0	0.0211927003	0.2848540994	0.0681015957	0.0001192023	0.6257324022
0	0.2721495818	0.2151537695	0.0000119839	0.0000000000	0.5126846648
0	0.0005278919	0.2610097143	0.0005329995	0.0047130325	0.7332163617
0	0.0000000008	0.0303671103	0.5279374319	0.4306976555	0.0109978015
0	0.0072862162	0.1981798088	0.0121350274	0.1042402009	0.6781587466
