0	0.0000924508	0.8806450392	0.0654766592	0.0537792999	0.0000065508
0	0.0533699301	0.3499113591	0.4006994294	0.1608101466	0.0352091348
0	0.2367559197	0.0526574657	0.0361277137	0.5430064003	0.1314525006
0	0.3070712807	0.0736435309	0.3536359186	0.0032840406	0.2623652292
0	0.7529792095	0.0002127349	0.0000000005	0.1850666783	0.0617413767
1	0.5549415870	0.4335419759	0.0009766800	0.0105397460	0.0000000110
1	0.7025935417	0.0791659866	0.0074980798	0.0000049820	0.2107374099
1	0.3919020757	0.3678054059	0.0050650617	0.2296508796	0.0055765771
2	0.0001222651	0.0000165631	0.9685591457	0.0227918089	0.0085102172
0	0.0599868098	0.9223567811	0.0000007134	0.0121967754	0.0054589202
