1	0.2776004624	0.4748242943	0.0000049668	0.0196971670	0.2278731095
2	0.0960293115	0.0407482129	0.7747886980	0.0520484193	0.0363853583
0	0.7769058411	0.0564461035	0.1606155733	0.0000000002	0.0060324818
0	0.0000034741	0.7676061123	0.0000008976	0.2306064833	0.0017830326
0	0.0569565666	0.0404730640	0.0567456792	0.0004428447	0.8453818455
0	0.2691721315	0.3403781727	0.0192011282	0.0481224164	0.3231261512
0	0.3746488501	0.2032857716	0.0385720898	0.2006129396	0.1828803489
1	0.0623486291	0.0509456060	0.0000000000	0.7667871438	0.1199186212
0	0.1854682583	0.0030167955	0.0017522179	0.0370870774	0.7726756510
0	0.1831829286	0.6868481304	0.1089181338	0.0095150211	0.0115357861
