0	0.1611578231	0.4118895325	0.0135894888	0.3618846206	0.0514785350
0	0.0008046528	0.0002336724	0.0347018099	0.8035914858	0.1606683792
0	0.0154516820	0.0477488983	0.0006979724	0.4757306053	0.4603708421
0	0.0000000138	0.7419137534	0.1718526199	0.0831476054	0.0030860075
0	0.2826354496	0.0265349507	0.2975467176	0.2541486745	0.1391342077
0	0.3048271966	0.0393132833	0.2414256699	0.4088032113	0.0056306389
1	0.0513275961	0.0000173403	0.0028176159	0.0161336683	0.9297037793
2	0.8869874732	0.0908062733	0.0001004102	0.0003777538	0.0217280894
0	0.3520549725	0.0000000000	0.0538576011	0.4508975262	0.1431899002
0	0.0111159533	0.3446357820	0.3852720066	0.2285061296	0.0304701285
