0	0.2891014980	0.0000458551	0.2138831797	0.4313410042	0.0656284629
1	0.0030846837	0.0088314912	0.9226160856	0.0002552696	0.0652124699
1	0.0041069702	0.0051705524	0.5360643872	0.4545474643	0.0001106258
0	0.4355296278	0.0972073178	0.2999215999	0.0380174059	0.1293240485
0	0.5447452721	0.0000177850	0.0000000137	0.1751915755	0.2800453536
0	0.5589738186	0.0050028489	0.0000000092	0.3570694641	0.0789538592
1	0.8664801361	0.1063227784	0.0019971993	0.0251982409	0.0000016453
0	0.0520504304	0.0009150433	0.1399940409	0.0910484621	0.7159920233
1	0.0114401464	0.2117013907	0.2913440712	0.4665928738	0.0189215180
1	0.1451239122	0.2865854670	0.3719746974	0.0798356486	0.1164802748
0	0.3911243681	0.0000005338	0.0441453138	0.0034655762	0.5612642081
1	0.0220428944	0.1443176868	0.1591431287	0.4456804536	0.2288158366
0	0.8824447885	0.0000000000	0.0880511976	0.0295040114	0.0000000026
0	0.0858427515	0.0356385804	0.6748449584	0.2035558645	0.0001178452
1	0.2840834532	0.3180551153	0.0021117122	0.0997685563	0.2959811630
0	0.1120758477	0.5060980669	0.0696986541	0.3106901356	0.0014372957
0	0.3845214839	0.0001527369	0.4641797287	0.1480623533	0.0030836971
1	0.5066059641	0.0352699923	0.0012044202	0.0423748346	0.4145447888
2	0.0491650324	0.0000183428	0.0489024347	0.1942971063	0.7076170839
0	0.3082180037	0.0029849096	0.0448204206	0.0485773537	0.5953993124
0	0.0531456414	0.0006960162	0.0389045193	0.7380788900	0.1691749331
0	0.0000150413	0.0341644490	0.0960541625	0.8603967290	0.0093696183
0	0.0000828185	0.1037996178	0.3548102162	0.5322845862	0.0090227612
1	0.0000000121	0.0233225085	0.0195691867	0.4711643105	0.4859439823
1	0.6939384101	0.0326156167	0.2298636356	0.0435823372	0.0000000004
0	0.0955947256	0.0696724108	0.7393626901	0.0156118052	0.0797583683
0	0.3779094446	0.1503049951	0.0144359687	0.0047112136	0.4526383780
0	0.1861145244	0.2450926180	0.0000000185	0.5258639205	0.0429289186
1	0.0066955006	0.7610109063	0.0000001585	0.2322863038	0.0000071308
0	0.2044984988	0.3350926021	0.3836064939	0.0503173665	0.0264850386
1	0.2582208616	0.0268154598	0.0686197383	0.1330511903	0.5132927500
0	0.0213983711	0.0102455550	0.0457562069	0.7668812407	0.1557186262
0	0.0235258579	0.0000009176	0.0694023366	0.8806726837	0.0263982043
1	0.0233262858	0.3421688327	0.1458712494	0.3522626822	0.1363709499
0	0.0036621404	0.2419349557	0.0000000021	0.5690989336	0.1853039682
0	0.0086533188	0.4167689937	0.0200894267	0.5541607181	0.0003275427
1	0.9365436565	0.0212429292	0.0000037289	0.0409348725	0.0012748130
0	0.0000069395	0.3893210907	0.0030593157	0.3180336150	0.2895790391
0	0.0042500343	0.0000000000	0.0994267454	0.3064778587	0.5898453615
2	0.0021692948	0.2364064684	0.2169850026	0.3780769386	0.1663622955
0	0.0254679247	0.8761046030	0.0440971491	0.0478295697	0.0065007535
0	0.0788532168	0.4240869382	0.0449919276	0.4413250812	0.0107428363
0	0.3773148794	0.0414307314	0.0792963143	0.1539857481	0.3479723268
0	0.0377624578	0.0326086370	0.7270292226	0.0283504512	0.1742492314
0	0.0297132770	0.0360200237	0.7156371032	0.2186274299	0.0000021662
0	0.0373832579	0.0296700704	0.0571002070	0.8745759203	0.0012705444
1	0.4430126859	0.3987934440	0.0733172307	0.0415279955	0.0433486440
1	0.0459085830	0.0027172288	0.7539637955	0.1664184249	0.0309919678
0	0.0213374496	0.3582998343	0.4431088143	0.1772538349	0.0000000669
0	0.1179467744	0.7997050957	0.0308799652	0.0101834208	0.0412847439
0	0.0534602031	0.0658699802	0.6017890653	0.0196785657	0.2592021857
1	0.0192185521	0.0131916966	0.0631242507	0.3687368274	0.5357286732
2	0.0014940108	0.0000000000	0.2124736639	0.7860202475	0.0000120778
0	0.0000196026	0.8915845474	0.0252107994	0.0829164017	0.0002686488
0	0.0661612562	0.2496926440	0.3319598288	0.0000056875	0.3521805835
0	0.3411413149	0.2011929171	0.4016069708	0.0130025856	0.0430562116
1	0.0158629598	0.1034635648	0.0136878355	0.0261693328	0.8408163072
0	0.5812379984	0.0269372556	0.1281230647	0.2636931443	0.0000085371
0	0.0006055289	0.2786043159	0.1207479615	0.5912835368	0.0087586569
1	0.1595130346	0.1041467963	0.0002011306	0.2088086943	0.5273303442
2	0.0881535769	0.0095821189	0.4349145800	0.4631207738	0.0042289504
0	0.5372384625	0.0000000000	0.2772749237	0.0123021849	0.1731844288
0	0.4430958997	0.0209003871	0.0012832210	0.0000000006	0.5347204916
1	0.0697441804	0.0026574355	0.8853453740	0.0000426510	0.0422103591
0	0.0147559529	0.9039139211	0.0050946688	0.0762354183	0.0000000388
0	0.1820078212	0.0609259948	0.0000000000	0.7225850387	0.0344811453
1	0.0418247679	0.0000000000	0.2579423322	0.0499849727	0.6502479272
0	0.1238881831	0.0252364014	0.7833690810	0.0329314010	0.0345749335
0	0.0030422645	0.0698322201	0.8287178226	0.0984076734	0.0000000194
1	0.0327974433	0.0287647972	0.0693782378	0.8408685654	0.0281909564
1	0.5096685546	0.2551764380	0.0569215671	0.1066156873	0.0716177530
0	0.5347516917	0.0000031107	0.0010308348	0.1671212763	0.2970930865
0	0.0945790538	0.0826105809	0.3851075444	0.1136679300	0.3240348909
0	0.4890184470	0.0000523944	0.3224245726	0.1574389798	0.0310656062
0	0.9833762297	0.0028474728	0.0024414428	0.0000281287	0.0113067260
0	0.0173661730	0.0001119666	0.0000022657	0.4025644050	0.5799551896
1	0.0906810414	0.0263787420	0.5973094649	0.1089050774	0.1767256744
0	0.0000000000	0.9004243904	0.0001056752	0.0762243704	0.0232455639
1	0.3155630963	0.1957229144	0.2445003235	0.1150541302	0.1291595357
0	0.0482217311	0.0541419801	0.7495224151	0.1481134577	0.0000004160
0	0.4720700454	0.0000000004	0.0507146101	0.1143046039	0.3629107403
0	0.1800545314	0.0296430597	0.0000009762	0.1418199196	0.6484815131
1	0.3094032754	0.0000000000	0.0755401896	0.6086083003	0.0064482347
1	0.9628400922	0.0221182997	0.0079976842	0.0058049803	0.0012389437
1	0.0000000147	0.5565008288	0.1161553544	0.0023707576	0.3249730446
1	0.0253842845	0.2419643175	0.3692722714	0.3611368530	0.0022422735
0	0.4439271109	0.1602330042	0.1240881804	0.2544772234	0.0172744810
1	0.0044056856	0.1516274931	0.0025554293	0.7650665661	0.0763448258
0	0.0000000000	0.0957298487	0.0004614261	0.2761365647	0.6276721604
1	0.1524487633	0.1566375752	0.4339613656	0.0000064461	0.2569458499
0	0.0000000553	0.4828940063	0.2145591083	0.3025468073	0.0000000228
1	0.5911342054	0.1000689848	0.0000000291	0.3087312359	0.0000655448
1	0.1965387686	0.1114850612	0.0015213241	0.0191274149	0.6713274313
0	0.1588703592	0.2865288321	0.0961472296	0.0222834069	0.4361701722
0	0.0564355666	0.1206640403	0.0002357613	0.0022885568	0.8203760750
0	0.7764372210	0.0000000010	0.0000000004	0.2216888747	0.0018739029
0	0.0000000000	0.7605120730	0.1554669397	0.0002214213	0.0837995660
0	0.0079362019	0.0044854826	0.0233480271	0.8577689927	0.1064612957
0	0.4870368988	0.0000026809	0.4687306276	0.0049096644	0.0393201284
0	0.0024469863	0.7768475570	0.0049368654	0.2157685913	0.0000000000
