0	0.6732014895	0.0377755928	0.1591205568	0.1291240076	0.0007783533
0	0.1324962453	0.4636786565	0.3787997206	0.0250128360	0.0000125416
0	0.0194010277	0.0877409527	0.2132290952	0.3533682921	0.3262606323
0	0.0008234243	0.0675231358	0.0179157327	0.2258870497	0.6878506576
0	0.1555099954	0.0495742610	0.7247630649	0.0701398202	0.0000128585
1	0.1575301627	0.0000300569	0.1757490790	0.6660941965	0.0005965048
1	0.4006262332	0.3539366223	0.1578769588	0.0293790597	0.0581811259
0	0.1788963400	0.1070627268	0.4988591694	0.1798989498	0.0352828141
0	0.3235629052	0.0064392033	0.5952369760	0.0469201953	0.0278407202
0	0.0414497153	0.0000000000	0.0000045091	0.9574983753	0.0010474003
0	0.0313499373	0.1834185608	0.3339075295	0.0000000000	0.4513239723
0	0.7197837285	0.1318419812	0.0340747167	0.1096450964	0.0046544772
0	0.2301666891	0.0057261036	0.3542599234	0.3428649405	0.0669823434
0	0.0000073039	0.3920704953	0.0026868727	0.5969114185	0.0083239095
1	0.9628176397	0.0086372675	0.0283447125	0.0002003803	0.0000000000
0	0.1399869973	0.4108328219	0.0013458096	0.0525737162	0.3952606551
1	0.8420523574	0.1271317862	0.0122826045	0.0184993141	0.0000339377
0	0.0008226432	0.0136500514	0.0000083097	0.0139157884	0.9716032073
0	0.2308981664	0.6178651484	0.1401571174	0.0110764362	0.0000031317
0	0.9419234426	0.0510649741	0.0009495576	0.0000324479	0.0060295777
0	0.0956632600	0.5784201362	0.0390330840	0.0518986905	0.2349848294
0	0.0023882253	0.5776740307	0.2005393639	0.0636063762	0.1557920038
0	0.0026728886	0.0892839613	0.1938635969	0.0728341747	0.6413453785
0	0.1074415508	0.3873211681	0.0021916786	0.4737278547	0.0293177478
0	0.1096110183	0.0968589989	0.0001756955	0.5976081614	0.1957461260
1	0.2571922821	0.0007492301	0.4364146315	0.0077158643	0.2979279920
1	0.0018961536	0.7076427449	0.0010887853	0.2402177595	0.0491545568
0	0.0486586958	0.3653116999	0.2558748223	0.2005869297	0.1295678524
0	0.0443117339	0.0000583380	0.2815711069	0.6740585879	0.0000002333
0	0.0000004983	0.0720893562	0.0617212324	0.3031129005	0.5630760126
0	0.2742426605	0.2376322686	0.0419412400	0.2180832271	0.2281006038
2	0.0000331156	0.0574567517	0.2551460488	0.6230242008	0.0643398831
2	0.0636577287	0.0123693035	0.7906939778	0.1332704210	0.0000085690
0	0.0032765387	0.8614527804	0.0006138201	0.0699886039	0.0646682570
0	0.2095162261	0.0091857968	0.2371933551	0.5441031248	0.0000014972
0	0.0390701741	0.0430103738	0.7171196367	0.0040679790	0.1967318364
1	0.0000000000	0.0011661779	0.4775896993	0.1639907471	0.3572533757
0	0.1050021568	0.0001196444	0.5613489681	0.1317346485	0.2017945823
0	0.0000527559	0.3331245134	0.0321779013	0.0444867413	0.5901580881
0	0.0017412960	0.0074545779	0.2044991528	0.0848336877	0.7014712856
0	0.0614159567	0.0341532415	0.0557081612	0.4272488117	0.4214738290
0	0.0087828676	0.2516536711	0.0488227986	0.5422740211	0.1484666416
1	0.0516406565	0.1516429537	0.3073426299	0.2096716957	0.2797020642
1	0.1005440940	0.1526628035	0.0103999852	0.5524135335	0.1839795837
0	0.5364383174	0.1089754276	0.0180982431	0.2356135553	0.1008744566
1	0.0000000118	0.4773387536	0.2973371042	0.2251260016	0.0001981288
1	0.3670930338	0.1384628112	0.0442978276	0.0043348590	0.4458114685
0	0.0235746723	0.6477542582	0.0145197379	0.2971107447	0.0170405868
1	0.0860790539	0.0534524462	0.2339368956	0.1111682417	0.5153633626
0	0.3357992966	0.1820145355	0.0087214087	0.0588571846	0.4146075746
1	0.0000217083	0.1719952387	0.4863527429	0.0009232710	0.3407070391
1	0.0006347612	0.0080356959	0.0631976320	0.0740762724	0.8540556385
0	0.0341785824	0.2689611155	0.4352029548	0.1847429554	0.0769143920
1	0.0000000000	0.0325433826	0.0000000430	0.0219547928	0.9455017816
0	0.0032784387	0.0599245868	0.4224555258	0.0086672589	0.5056741898
0	0.3011848188	0.0013944581	0.0000902688	0.0631839465	0.6341465078
1	0.1338615329	0.6407784572	0.1043145598	0.1210417663	0.0000036837
0	0.0451362133	0.0310475554	0.0532292366	0.0470237193	0.8235632753
1	0.1425260715	0.7247602823	0.1298856298	0.0028280162	0.0000000001
1	0.1848722963	0.0000000000	0.6856248592	0.1294785797	0.0000242648
1	0.1234544994	0.1892355628	0.1673240143	0.2341460654	0.2858398581
1	0.0917679207	0.3181813567	0.0958519509	0.1790815990	0.3151171727
0	0.6098066159	0.0226143272	0.0810537918	0.0038381286	0.2826871364
0	0.0624796123	0.9186579302	0.0017361696	0.0157578470	0.0013684409
0	0.0000013700	0.1719319142	0.0000000013	0.5140410575	0.3140256570
0	0.0640688050	0.0407897117	0.0197247242	0.5478859205	0.3275308386
1	0.1634834912	0.0517301050	0.6532603771	0.0342353607	0.0972906659
0	0.4204804762	0.3811342077	0.0790005526	0.0651477825	0.0542369810
0	0.3260516836	0.0051115989	0.4095994863	0.2546621985	0.0045750327
0	0.0013685748	0.0340207151	0.4309533308	0.4551001735	0.0785572058
0	0.0000243504	0.1640670804	0.5124014081	0.0014664282	0.3220407328
1	0.0127933019	0.0086857478	0.1511605250	0.1343695295	0.6929908959
0	0.0001691882	0.0027299504	0.0540601691	0.0640114288	0.8790292634
0	0.2723750928	0.6156052197	0.0000804709	0.0000809731	0.1118582434
1	0.0544896047	0.0130512157	0.3067850679	0.6002955473	0.0253785645
2	0.2218685869	0.6090692994	0.0279242712	0.0417578595	0.0993799830
0	0.7043543679	0.0139635839	0.0965770586	0.1484734018	0.0366315878
0	0.1872582307	0.0000953413	0.0143497683	0.7977512355	0.0005454242
2	0.1901603858	0.0420510316	0.1355318873	0.3809099693	0.2513467259
0	0.9096231426	0.0005177442	0.0034158383	0.0216892213	0.0647540536
0	0.0001370910	0.0000016465	0.0862349685	0.8214742993	0.0921519946
0	0.0000002605	0.8261133418	0.0000928158	0.0202853731	0.1535082087
0	0.0000107880	0.0081784728	0.1231985682	0.2497096732	0.6189024977
0	0.0000417204	0.0011684013	0.6797637575	0.2146099431	0.1044161776
1	0.0808479731	0.5153222632	0.2018325236	0.2017464159	0.0002508243
0	0.5744371616	0.0485626969	0.0006490247	0.2676479735	0.1087031434
0	0.1830056769	0.3200321280	0.0000007688	0.0209639157	0.4759975107
0	0.3045249481	0.2070634379	0.0066104875	0.0345420592	0.4472590673
0	0.1332176488	0.7464969077	0.1188927246	0.0013629530	0.0000297659
0	0.0014274659	0.0169476749	0.5176165003	0.1251206491	0.3388877098
0	0.0000000015	0.0616771373	0.0507539225	0.8813447699	0.0062241689
0	0.0551521698	0.2220533066	0.7227722202	0.0000003545	0.0000219488
1	0.0000000920	0.0213747863	0.0768943670	0.8979542203	0.0037765343
1	0.7348331631	0.0000000723	0.2651663754	0.0000001277	0.0000002614
1	0.0194594545	0.0737435717	0.8560798496	0.0000058017	0.0507113225
0	0.4351968386	0.1273318737	0.0000002469	0.2716441930	0.1658268478
0	0.2022058354	0.2563221217	0.0264598503	0.1367643660	0.3782478267
0	0.3451845986	0.5669906171	0.0190187143	0.0257071650	0.0430989050
0	0.1198779536	0.1895468544	0.0019616238	0.1116819778	0.5769315903
0	0.1189025731	0.0833059697	0.0002753247	0.6436505535	0.1538655790
