1	0.0859306072	0.8068344337	0.1045090103	0.0027259489	0.0000000000
0	0.0843081812	0.2201918695	0.0114313531	0.0396040132	0.6444645829
1	0.1690617200	0.0515138664	0.5949145610	0.0050036210	0.1795062317
0	0.7814728120	0.0289904498	0.0619102203	0.0300742130	0.0975523049
1	0.4180544816	0.1126505129	0.3963227261	0.0729642094	0.0000080700
0	0.0252999077	0.0003460663	0.4648905363	0.0860030418	0.4234604478
0	0.0000024613	0.1207676309	0.0137855666	0.0353746772	0.8300696640
0	0.0835110182	0.5234492808	0.1844103017	0.0007665952	0.2078628041
0	0.1424214645	0.0805491786	0.2863934429	0.4906355660	0.0000003479
0	0.6598574078	0.0202025418	0.1459514471	0.1575463903	0.0164422129
0	0.0033624559	0.0059251903	0.9740677741	0.0137309876	0.0029135921
0	0.5347691293	0.0816846328	0.0183994790	0.0053835580	0.3597632009
1	0.0000201970	0.1740975169	0.0105664163	0.1318036087	0.6835122611
0	0.0664184262	0.3094221339	0.0000000000	0.2603604001	0.3637990399
0	0.0004612584	0.1716696144	0.3917178980	0.0501846992	0.3859665300
0	0.4753988342	0.0690234912	0.0000001420	0.0001012282	0.4554763044
2	0.0000000000	0.5604517566	0.3711329296	0.0124946860	0.0559206278
1	0.6570684535	0.0326878194	0.0800265518	0.0884940385	0.1417231368
1	0.0175786082	0.0518291110	0.3978831616	0.4791074196	0.0536016997
0	0.0193641742	0.0146091764	0.3778597966	0.0512456941	0.5369211588
1	0.3379143734	0.3958389715	0.0000202446	0.0000002624	0.2662261481
0	0.0012292272	0.1588491916	0.0000100298	0.1784592929	0.6614522584
0	0.9235955820	0.0017716145	0.0428903221	0.0317341399	0.0000083415
1	0.2265360917	0.2121136418	0.4541343790	0.0646860199	0.0425298676
0	0.2164668175	0.0009621664	0.2983388873	0.2832635429	0.2009685859
1	0.0002496330	0.2022927750	0.7814410535	0.0049589953	0.0110575432
1	0.1598434759	0.0076830590	0.2636982767	0.1835986167	0.3851765717
1	0.4676677321	0.0004652855	0.0039182378	0.5279454395	0.0000033050
1	0.2496146242	0.2771986004	0.2039167551	0.0000057487	0.2692642716
1	0.0637020349	0.3209176758	0.1097082845	0.2455833607	0.2600886442
0	0.0636333235	0.4846986868	0.0951853721	0.0143578971	0.3421247205
0	0.0000000470	0.0025316261	0.0376836333	0.6470782856	0.3127064079
1	0.0192672842	0.0777735739	0.9028744332	0.0000649366	0.0000197721
0	0.0089967441	0.0107733822	0.4525899376	0.0349417250	0.4926982112
0	0.0087483418	0.0000187736	0.3261120268	0.0544700819	0.6106507759
0	0.0197105366	0.0393416564	0.0052649773	0.6557404582	0.2799423715
2	0.0095241877	0.6005376825	0.0374255985	0.3445979799	0.0079145514
1	0.0198903100	0.0000035481	0.2102879506	0.7421093630	0.0277088283
0	0.3015180975	0.6650808487	0.0027956483	0.0108280937	0.0197773118
1	0.0427404188	0.0018366043	0.9348280157	0.0205854537	0.0000095075
0	0.0000000236	0.0000000651	0.9318096999	0.0004171566	0.0677730548
1	0.2772846743	0.0000859067	0.0116884598	0.3629976807	0.3479432785
0	0.0000008710	0.4300348965	0.0000000000	0.0808788898	0.4890853427
0	0.7957182574	0.0226510164	0.0325473494	0.1281380398	0.0209453370
0	0.0159995107	0.5839905369	0.0092382286	0.3852775543	0.0054941696
1	0.8900263562	0.0643174347	0.0099124728	0.0000109385	0.0357327978
0	0.1535148950	0.0149963892	0.3595920119	0.4475327025	0.0243640014
0	0.1994611005	0.3485481170	0.0608367527	0.3729050593	0.0182489705
1	0.0008791467	0.0000000001	0.0044541188	0.2262107277	0.7684560067
0	0.1805596138	0.2541823964	0.0380591074	0.0933939284	0.4338049541
0	0.0095713485	0.6703793021	0.0887374779	0.0000000000	0.2313118715
0	0.3835480695	0.0096308638	0.4469591555	0.0009821303	0.1588797809
0	0.8115583378	0.0010213443	0.1192373812	0.0380286495	0.0301542873
1	0.6423425579	0.3542659567	0.0000005972	0.0000000000	0.0033908882
0	0.0243486866	0.0314209031	0.4510424062	0.4042035373	0.0889844668
1	0.1370941682	0.0060789459	0.3660978382	0.4747554689	0.0159735787
0	0.2643335394	0.0527461090	0.1137309063	0.5691877833	0.0000016620
0	0.0001407147	0.2415126439	0.0859097381	0.6306184286	0.0418184747
0	0.0000000062	0.0001926724	0.0535662900	0.2936832082	0.6525578232
1	0.0004158329	0.7292835853	0.0694755160	0.0000072667	0.2008177990
0	0.0140211722	0.0094269113	0.7768094828	0.1965169904	0.0032254432
0	0.2204472701	0.0000002640	0.0094355163	0.3219779829	0.4481389667
1	0.0000000000	0.7001553852	0.0000054866	0.0127365043	0.2871026239
0	0.7098070452	0.0258119246	0.0993727835	0.0023150422	0.1626932046
0	0.0002642693	0.4393345535	0.1290402363	0.4128502323	0.0185107086
0	0.0019824846	0.0358489417	0.0310442128	0.4622345848	0.4688897760
0	0.4803545850	0.0012747852	0.3056687288	0.0014902903	0.2112116107
0	0.0881622534	0.1790841753	0.1946797554	0.5364619987	0.0016118172
0	0.0003118572	0.6718950645	0.0000000032	0.3009692684	0.0268238067
0	0.7710855347	0.1846347277	0.0000007728	0.0442789634	0.0000000013
1	0.1508752984	0.0000000000	0.0019705849	0.1421841078	0.7049700088
0	0.0233422444	0.5235843747	0.0000000000	0.0164745116	0.4365988693
1	0.2549230120	0.0977271463	0.0631303482	0.1813183445	0.4029011490
0	0.0000000000	0.0005636165	0.8059888845	0.0185353977	0.1749121013
0	0.0018594073	0.0000000167	0.0000002131	0.9975046484	0.0006357145
1	0.0002380341	0.0000000000	0.0471522555	0.2406689650	0.7119407455
0	0.0000353083	0.0000369443	0.0055721068	0.9019769995	0.0923786411
0	0.0278443395	0.0000031925	0.9112114239	0.0234628729	0.0374781712
0	0.8383770544	0.0001480074	0.0486125470	0.1128275952	0.0000347960
1	0.0642747989	0.1793302120	0.0579341254	0.6647401155	0.0337207483
1	0.0600378394	0.0033399523	0.1235577229	0.7267923146	0.0862721708
0	0.0001533593	0.1368775183	0.0000000009	0.8563953063	0.0065738152
0	0.3314043271	0.0000000068	0.5215488203	0.0003158426	0.1467310033
0	0.3413294274	0.0000000000	0.3981229939	0.1721832800	0.0883642988
0	0.0416764447	0.9405036378	0.0004221654	0.0172048445	0.0001929076
0	0.2338440289	0.1094110128	0.6168881204	0.0164370252	0.0234198127
0	0.0128921029	0.0192059762	0.0072000965	0.7074581003	0.2532437241
1	0.0089878087	0.0222458601	0.0569739575	0.1436780687	0.7681143050
1	0.0032804398	0.1173424780	0.8792281162	0.0001489565	0.0000000094
1	0.0210172076	0.0803406530	0.8904081323	0.0082334400	0.0000005673
1	0.1418754664	0.0041088045	0.1844232712	0.0858428325	0.5837496254
0	0.5482643551	0.3859053787	0.0000000000	0.0267064486	0.0391238176
0	0.0309242295	0.0000000000	0.0074431469	0.9052942290	0.0563383945
1	0.0969472681	0.5017034832	0.0905269510	0.0835369836	0.2272853140
1	0.0012590453	0.0306531888	0.9646768762	0.0000013693	0.0034095204
0	0.5953939294	0.0226305243	0.0020844391	0.0480941464	0.3317969607
1	0.3449430462	0.0114177371	0.0006328434	0.6127085575	0.0302978158
0	0.0702875792	0.1033791121	0.1249280883	0.5535283354	0.1478768850
2	0.0628265113	0.1720112292	0.0977777811	0.0058430892	0.6615413892
0	0.2397551615	0.6036362578	0.0093834011	0.0042112634	0.1430139161
