0	0.2809745808	0.1248898503	0.3347985053	0.0202915945	0.2390454691
0	0.0000000000	0.0256937758	0.0496787717	0.5254873573	0.3991400951
1	0.6720637716	0.0000007023	0.2225528918	0.0000018241	0.1053808103
0	0.1932065094	0.3803700582	0.4264234323	0.0000000000	0.0000000000
1	0.2525041587	0.2735515613	0.1630718798	0.0540556842	0.2568167160
0	0.0594770099	0.0889953132	0.7169353960	0.0082284420	0.1263638389
0	0.6392140307	0.0860306379	0.0360384579	0.0149523954	0.2237644780
2	0.5591645813	0.1531206276	0.0000000284	0.0000018596	0.2877129032
0	0.1531310151	0.1442953897	0.2166822116	0.0001080341	0.4857833496
0	0.4929309432	0.0012137730	0.1331078156	0.3689032030	0.0038442653
0	0.0000000077	0.0036931491	0.2729273131	0.0014978644	0.7218816657
0	0.3795892213	0.2178569206	0.0876615168	0.3148917823	0.0000005591
0	0.0000184882	0.0983266545	0.6988624161	0.1932094498	0.0095829915
0	0.7899903071	0.0000082577	0.1804647902	0.0170134389	0.0125232061
0	0.2547297521	0.0000005736	0.2249284147	0.4119944499	0.1083468098
0	0.3575604331	0.0004944847	0.6396116022	0.0022736188	0.0000598612
0	0.0967455667	0.3977435779	0.2344755996	0.0038620739	0.2671731819
1	0.0001276498	0.0602863965	0.6305583418	0.3077437250	0.0012838869
0	0.8468828495	0.0507160569	0.0039596121	0.0012704929	0.0971709886
1	0.1040806572	0.0111125176	0.0478184986	0.8340080080	0.0029803186
1	0.0008976507	0.2689225631	0.5876906884	0.1220685832	0.0204205146
0	0.5519837854	0.3615548585	0.0002449240	0.0201513647	0.0660650674
0	0.0520694077	0.0000315049	0.1188681166	0.5019053947	0.3271255761
0	0.0001982568	0.0460102046	0.1218142221	0.0241807916	0.8077965248
0	0.3238588075	0.1062684737	0.1119163479	0.0000000002	0.4579563707
0	0.4608430312	0.0138247528	0.5253322159	0.0000000000	0.0000000000
0	0.2085289021	0.0881032843	0.5586328928	0.0166703527	0.1280645680
0	0.0000000004	0.0171553425	0.0000000000	0.9760782808	0.0067663762
0	0.0046958148	0.1299416921	0.5819287153	0.0244967912	0.2589369867
0	0.2541485940	0.0011617930	0.3462581658	0.0056957630	0.3927356843
0	0.0009535313	0.7966541168	0.0000019234	0.2023822690	0.0000081594
0	0.1375111864	0.1521626841	0.2886816678	0.2859231489	0.1357213128
0	0.0415305466	0.4691321740	0.2143823432	0.2749548676	0.0000000685
1	0.0254189967	0.0357022639	0.3908248760	0.0019911701	0.5460626934
0	0.1712294864	0.0838457096	0.0000000497	0.0000000000	0.7449247542
0	0.6753261000	0.1967054551	0.1151467723	0.0012679978	0.0115536748
0	0.0705353520	0.1088413489	0.0000000002	0.3149676509	0.5056556480
0	0.3913875696	0.0025755695	0.2324613980	0.3670353194	0.0065401436
1	0.0833250487	0.0025356039	0.0001418712	0.7082374089	0.2057600673
1	0.0425309191	0.9553468609	0.0000275777	0.0017443383	0.0003503040
0	0.0096149539	0.0001462504	0.6630379038	0.2953264051	0.0318744867
1	0.0472389532	0.1901641981	0.1172852609	0.0000168032	0.6452947847
0	0.0138661270	0.9586221379	0.0007944490	0.0016507322	0.0250665539
0	0.4240971180	0.4009847616	0.1669852275	0.0078120628	0.0001208302
0	0.0043772662	0.0982819583	0.3173195325	0.5475827881	0.0324384549
0	0.3222068532	0.1549202847	0.0000000778	0.5181989313	0.0046738531
0	0.0264866785	0.2692547544	0.6872625686	0.0007122042	0.0162837943
0	0.1151757716	0.5619126040	0.1831898844	0.0781516219	0.0615701181
1	0.1531010028	0.3816141174	0.2594531751	0.1488630490	0.0569686557
0	0.2014042552	0.0419450403	0.5089064888	0.1213695364	0.1263746792
0	0.9913080271	0.0000000000	0.0000063305	0.0005182969	0.0081673455
0	0.3955039528	0.2892846615	0.0779992793	0.0040568270	0.2331552794
0	0.0000032703	0.1562170114	0.0363271112	0.0237221275	0.7837304796
0	0.0526276946	0.6929806786	0.0043210097	0.0552928134	0.1947778037
1	0.0937102452	0.6528163189	0.0000000000	0.0021620404	0.2513113955
0	0.2476600615	0.3076975152	0.1621356250	0.1927102698	0.0897965285
0	0.0466293314	0.0183504881	0.0000055780	0.6804788623	0.2545357402
1	0.0073764783	0.0846163609	0.0000122408	0.1115372105	0.7964577095
0	0.0121083964	0.4701842620	0.2074472530	0.1114478053	0.1988122833
0	0.2199038496	0.0201518661	0.1802056650	0.0000000002	0.5797386190
0	0.0000016976	0.1324588188	0.0490955554	0.6480759295	0.1703679987
0	0.5110174575	0.0015135260	0.4629359171	0.0000179099	0.0245151895
1	0.1134502089	0.0894565968	0.1837368891	0.0003745679	0.6129817374
1	0.2293941419	0.0000000293	0.0659940660	0.6823293985	0.0222823643
0	0.0356853832	0.0622917846	0.0153047174	0.0146213144	0.8720968003
0	0.3675017628	0.0110872278	0.0068219499	0.1565397837	0.4580492758
0	0.0099996569	0.8547086577	0.0001117603	0.0895903502	0.0455895749
0	0.1952236679	0.0000000103	0.1545032631	0.6451788680	0.0050941907
0	0.2313611996	0.0001271689	0.2942195730	0.0113367984	0.4629552600
0	0.0657531290	0.0009773907	0.1635140232	0.5875176003	0.1822378568
0	0.7390578425	0.1728767435	0.0001176886	0.0875222412	0.0004254842
2	0.4388574013	0.1063949694	0.0000262597	0.2330976155	0.2216237541
0	0.7178294814	0.0630262835	0.0292475898	0.0855467772	0.1043498681
1	0.0000004221	0.0136005827	0.4340936730	0.2739245264	0.2783807958
0	0.0006978553	0.8800904069	0.0668788852	0.0186813780	0.0336514746
0	0.5319856264	0.0223144889	0.0001059163	0.2514865440	0.1941074244
1	0.1725087218	0.4875704432	0.0022508700	0.1312816076	0.2063883573
0	0.9197216797	0.0039302507	0.0167310018	0.0595875261	0.0000295417
0	0.7748224657	0.0000000515	0.2042954931	0.0022267248	0.0186552650
2	0.5438313322	0.1709036113	0.0698460264	0.1328653347	0.0825536954
0	0.0000476807	0.0053103906	0.7747264015	0.1709880566	0.0489274706
2	0.0472175542	0.0390003254	0.0022221417	0.1425927022	0.7689672764
0	0.3911499780	0.0019598858	0.1218736700	0.4850163868	0.0000000793
0	0.0402883718	0.7076393779	0.2267667256	0.0000015691	0.0253039556
0	0.0260157722	0.3885590069	0.1123446401	0.2545283161	0.2185522648
0	0.1861817302	0.5554781692	0.2456256267	0.0000001669	0.0127143070
0	0.0371727176	0.2463409835	0.0049836617	0.2521245412	0.4593780958
0	0.4807619659	0.1284827375	0.0696919855	0.3210552596	0.0000080516
0	0.1165731417	0.7676923649	0.0351303349	0.0000000000	0.0806041586
0	0.0022682952	0.2607800801	0.2724377011	0.2954579620	0.1690559616
2	0.0031046292	0.1478719165	0.5579220933	0.2858171803	0.0052841808
0	0.0054494568	0.0008646484	0.0000251420	0.6895401705	0.3041205824
1	0.0128670537	0.0000000115	0.5192077098	0.0000228115	0.4679024135
0	0.5701244647	0.1065441114	0.0154859025	0.3059030925	0.0019424289
0	0.0216127661	0.9476147563	0.0304079135	0.0002469959	0.0001175682
0	0.0008933411	0.8610007911	0.0745210305	0.0442263664	0.0193584709
0	0.0017309709	0.0448962248	0.9037077928	0.0495994389	0.0000655725
1	0.6736106111	0.0119212535	0.0122183356	0.0029673352	0.2992824647
1	0.0000951250	0.9612349041	0.0163180403	0.0068596085	0.0154923221
0	0.1105766681	0.0453036515	0.0135067081	0.1604542458	0.6701587265
