1	0.2520883142	0.0728957677	0.0010462878	0.2938291910	0.3801404394
1	0.1223619364	0.7382555089	0.0096877632	0.0849948570	0.0446999345
1	0.0059450189	0.0670458326	0.2029353756	0.7173386780	0.0067350949
0	0.0043982518	0.1127337804	0.1332514453	0.5513209708	0.1982955516
0	0.3623215725	0.1959446385	0.0000004075	0.0270852146	0.4146481669
1	0.0000015550	0.1672681497	0.3080672214	0.3303606321	0.1943024417
0	0.0151859711	0.0000000000	0.0038221229	0.2914160691	0.6895758368
0	0.0235576343	0.0000000008	0.9685832288	0.0078591279	0.0000000082
1	0.4532837760	0.0184242457	0.0025058174	0.3750307130	0.1507554479
1	0.0877227709	0.0000000001	0.8629155294	0.0000000000	0.0493616995
0	0.0025679093	0.0026193092	0.0000000000	0.0433631685	0.9514496130
0	0.0000000069	0.4881056469	0.2988908702	0.1750816144	0.0379218617
1	0.6042704624	0.0001168665	0.0000280570	0.0000000753	0.3955845388
1	0.5419341156	0.0168118107	0.0258671351	0.0231611147	0.3922258239
1	0.0000000013	0.1945923728	0.7427026038	0.0004919210	0.0622131011
0	0.0000503592	0.0003878550	0.8306487873	0.0355232249	0.1333897736
0	0.0009578371	0.2077455523	0.0856930005	0.2898068169	0.4157967931
0	0.4101257061	0.4135517546	0.1541239978	0.0062518857	0.0159466558
0	0.1164991072	0.2259062891	0.0000000233	0.3892829142	0.2683116662
0	0.6305898666	0.3054314662	0.0288636510	0.0344225442	0.0006924721
0	0.1219728869	0.4337005248	0.0000000000	0.0423459206	0.4019806677
1	0.2656429456	0.0724554567	0.0687942865	0.5930144540	0.0000928573
1	0.2923397175	0.5630269107	0.0226122473	0.1220211218	0.0000000027
0	0.6947869539	0.1031913969	0.2006309184	0.0013906634	0.0000000675
0	0.0000000033	0.5826619970	0.0118255522	0.0082453024	0.3972671451
0	0.6051888477	0.1768484806	0.0052262447	0.0000000000	0.2127364270
1	0.0502496905	0.4371134535	0.0150132897	0.0000001189	0.4976234474
0	0.0506384117	0.0042090967	0.6968908167	0.0503027106	0.1979589644
0	0.0241844551	0.0000366162	0.0134025510	0.9270867042	0.0352896735
0	0.1165319571	0.2337009784	0.5829229342	0.0094893290	0.0573548014
0	0.0022682650	0.0494924366	0.0053557867	0.5239869288	0.4188965828
0	0.1760413859	0.0000000000	0.2227547804	0.6011887898	0.0000150439
1	0.0010094271	0.0339335201	0.1165468204	0.4619828822	0.3865273502
2	0.1456031981	0.3347060113	0.1051818620	0.3516040739	0.0629048547
0	0.0947123604	0.0007873330	0.1181175942	0.7193229512	0.0670597612
0	0.2595571762	0.0141714799	0.0024369630	0.0837790335	0.6400553474
0	0.0070523225	0.9038978811	0.0000000000	0.0760136662	0.0130361302
0	0.6592525443	0.2738375991	0.0326400612	0.0342086718	0.0000611236
1	0.5795934818	0.0000847974	0.0021079837	0.2327664143	0.1854473227
0	0.1423198626	0.7992225651	0.0032472778	0.0000031902	0.0552071043
0	0.0277821141	0.0000006976	0.8178053125	0.0868092024	0.0676026735
0	0.2293299686	0.0065104663	0.4899309811	0.0000000319	0.2742285520
0	0.5011011042	0.0825160774	0.1923084585	0.2240427835	0.0000315764
0	0.2599939727	0.0438161856	0.0044279079	0.2482429928	0.4435189410
1	0.1180789722	0.4070028503	0.1809494557	0.2939687217	0.0000000000
1	0.0000009439	0.1107289135	0.7336104752	0.0038800752	0.1517795922
2	0.0024058837	0.7675795615	0.0523556742	0.1713607337	0.0062981469
0	0.1828937670	0.7242927236	0.0024148560	0.0619381784	0.0284604749
0	0.0001042568	0.0568512779	0.5152537362	0.1633220336	0.2644686955
0	0.2857176781	0.2698487113	0.1321162331	0.0032382543	0.3090791231
0	0.8568508695	0.0059683774	0.1276492066	0.0077526315	0.0017789151
0	0.0590397535	0.1092395802	0.0002897784	0.2252638647	0.6061670231
0	0.0377136956	0.1022715967	0.0738830633	0.0429126974	0.7432189470
0	0.2175659635	0.0003410778	0.7355884949	0.0292273194	0.0172771444
0	0.0101974472	0.0497492718	0.1124718222	0.8258092100	0.0017722488
1	0.0557895619	0.9304316420	0.0116215206	0.0000000117	0.0021572638
0	0.0000072076	0.0015965878	0.1078356299	0.0005500210	0.8900105537
0	0.0227502052	0.0000005917	0.0002907076	0.4064548583	0.5705036372
0	0.0070943494	0.0101210656	0.9662800890	0.0131946611	0.0033098349
0	0.0506009616	0.0707560387	0.5108809734	0.2378454416	0.1299165848
1	0.9256669461	0.0023227760	0.0343140061	0.0038914076	0.0338048642
0	0.3317743646	0.0075180572	0.0022229894	0.0283750468	0.6301095420
0	0.5837028702	0.0499454980	0.1429072899	0.0516154797	0.1718288621
0	0.7265958958	0.2103373276	0.0000000000	0.0000766790	0.0629900976
0	0.4072669167	0.3718016068	0.1649820189	0.0559486957	0.0000007619
0	0.0138112598	0.2187793731	0.2111137417	0.3329826058	0.2233130196
2	0.4094370988	0.3932902685	0.1597510159	0.0354235791	0.0020980378
1	0.1102730361	0.0935133804	0.2389196494	0.0063706234	0.5509233108
1	0.5862861642	0.0025328589	0.0000180691	0.0259862158	0.3851766920
1	0.1690990261	0.0182278677	0.0032858481	0.5488417228	0.2605455353
0	0.0611598424	0.0025866691	0.6162926325	0.1617101767	0.1582506794
0	0.0009326042	0.9574154640	0.0192957547	0.0223561771	0.0000000000
0	0.0001020621	0.4803886541	0.0004167562	0.5190925256	0.0000000020
1	0.9177198400	0.0000046558	0.0470123914	0.0352620836	0.0000010291
2	0.4023049926	0.2605852703	0.2327982862	0.0070121437	0.0972993073
1	0.0000000052	0.1166083435	0.0215926002	0.6721526048	0.1896464462
0	0.1797886236	0.0846185585	0.1406987844	0.0046671859	0.5902268475
0	0.2279259112	0.0848572728	0.0170920421	0.2181077857	0.4520169882
0	0.5319067766	0.0198369646	0.1784785910	0.2638148837	0.0059627841
0	0.9771005551	0.0159592111	0.0000000000	0.0000000000	0.0069402338
0	0.4653608299	0.0220552169	0.0989342395	0.2465610580	0.1670886557
0	0.1130946893	0.2223023087	0.1442124582	0.5088304410	0.0115601028
0	0.3161010016	0.0530705759	0.1389873185	0.4692982846	0.0225428194
0	0.0162818686	0.0466436824	0.2147513879	0.0569097183	0.6654133427
0	0.0632225469	0.0268061187	0.9016546619	0.0070980216	0.0012186509
0	0.0742882620	0.0257129780	0.6005772808	0.2992239085	0.0001975706
1	0.0015732698	0.3058454598	0.2219125548	0.4666876857	0.0039810299
0	0.5929502821	0.0000000116	0.1080518128	0.2800036482	0.0189942453
0	0.0501161237	0.1169127932	0.2273311255	0.6034892813	0.0021506763
0	0.1939924991	0.0002860030	0.0213358316	0.0635590905	0.7208265758
1	0.0004406706	0.3821616158	0.0075237600	0.0085849110	0.6012890427
1	0.5282475738	0.1497983401	0.0269425697	0.2740887609	0.0209227556
1	0.0258308704	0.0936083458	0.8114225628	0.0660446301	0.0030935909
1	0.6815582124	0.0127547282	0.2712077764	0.0235155632	0.0109637198
1	0.0899942071	0.0000057407	0.5561620517	0.0750443347	0.2787936658
1	0.1184852679	0.0000000000	0.5723241761	0.3090983144	0.0000922416
2	0.1689602012	0.0059834478	0.0000949044	0.4309835862	0.3939778605
1	0.0000000000	0.0628119381	0.2716357755	0.1096876300	0.5558646565
0	0.0317765787	0.1346918280	0.8262279408	0.0073017713	0.0000018812
0	0.2295904022	0.1097341925	0.0041941802	0.5508315113	0.1056497139
