0	0.0022542875	0.0255558844	0.9683813814	0.0038084468	0.0000000000
0	0.0724702444	0.0000000000	0.3813867765	0.0089151316	0.5372278475
1	0.3745566619	0.3596471166	0.1476334534	0.1181623854	0.0000003828
1	0.0166712772	0.0002197109	0.0000898124	0.3805363570	0.6024828425
0	0.2362331116	0.6756033072	0.0000000001	0.0565203124	0.0316432687
1	0.0412947779	0.7911728123	0.0420817414	0.1193418626	0.0061088058
0	0.1050231796	0.0139848576	0.0318356457	0.0005565588	0.8485997583
1	0.0389797386	0.0685745123	0.0084731921	0.6001169044	0.2838556526
2	0.0330634726	0.6815694465	0.0035928941	0.0442602620	0.2375139248
1	0.5794037373	0.0052102113	0.3876280152	0.0237713271	0.0039867090
1	0.2714230682	0.0102569498	0.0000000463	0.7182919035	0.0000280323
1	0.0000000522	0.0302298685	0.3858645747	0.5545524335	0.0293530711
1	0.9535459674	0.0001817926	0.0262639012	0.0002818055	0.0197265334
0	0.1600836617	0.1551436676	0.6049075111	0.0007386581	0.0791265015
0	0.0061400867	0.0471764582	0.0773801556	0.5827062656	0.2865970340
0	0.1646270545	0.0078518088	0.0218328902	0.7531001331	0.0525881134
1	0.0844084414	0.1818001689	0.5747884288	0.0000163985	0.1589865623
0	0.1465700744	0.5004191907	0.0324116179	0.3191349609	0.0014641560
1	0.0000015875	0.0563317219	0.9299704905	0.0003357030	0.0133604971
0	0.1198198814	0.0000010993	0.7245899568	0.1330888820	0.0225001805
0	0.2389907010	0.6952198019	0.0000000000	0.0360396822	0.0297498148
1	0.0077540964	0.1007968005	0.0193172244	0.0259626110	0.8461692677
0	0.0088414877	0.0593273598	0.0831326111	0.8486816542	0.0000168873
1	0.4922552824	0.0843209212	0.0869330423	0.1164060222	0.2200847319
0	0.0084999470	0.3555064326	0.0138243436	0.1240941670	0.4980751098
0	0.1253158849	0.7171429201	0.0598187985	0.0829452252	0.0147771713
0	0.0165443387	0.9329338037	0.0041517610	0.0139884165	0.0323816802
1	0.0278634814	0.2680911742	0.4542670597	0.0142725656	0.2355057191
2	0.2920838680	0.1696198554	0.3118249254	0.1651364898	0.0613348613
1	0.0000001501	0.0017218297	0.0602657209	0.8317681342	0.1062441652
1	0.0000000457	0.9148611841	0.0006380483	0.0015390204	0.0829617016
0	0.0114217139	0.0013913269	0.9871869592	0.0000000000	0.0000000000
0	0.9252333473	0.0000000000	0.0517148254	0.0192257811	0.0038260462
0	0.1593597042	0.0134363943	0.0019411040	0.6439243240	0.1813384735
0	0.1489431439	0.5738218681	0.1169800445	0.1016539547	0.0586009888
0	0.1802155159	0.0487851090	0.0000064140	0.0486347634	0.7223581977
0	0.0000033357	0.0334058505	0.0847163438	0.3453733454	0.5365011246
0	0.0000000069	0.0679642449	0.0067836122	0.7199304073	0.2053217287
0	0.0213584186	0.2810932534	0.5077898440	0.0025355882	0.1872228958
1	0.0000012211	0.7200681851	0.0334943676	0.2459663234	0.0004699028
0	0.0164838698	0.2604426569	0.0588946505	0.6641020943	0.0000767285
1	0.3629325549	0.0035711138	0.2880116899	0.3183940341	0.0270906073
1	0.3221262742	0.1201273602	0.4425495027	0.1151968541	0.0000000088
0	0.0628632959	0.2281282321	0.0301120040	0.0405296666	0.6383668015
1	0.0562637238	0.0112007233	0.8813563967	0.0480943596	0.0030847966
0	0.0003017711	0.1026097276	0.2165079672	0.1876982751	0.4928822590
1	0.0032747543	0.0868247382	0.8242255591	0.0001125186	0.0855624299
0	0.0914299345	0.0015945564	0.0096480887	0.2896337056	0.6076937148
1	0.0040071790	0.3173856033	0.4720041818	0.1025067852	0.1040962507
0	0.1649151355	0.0505922208	0.1348306799	0.0000419803	0.6496199834
0	0.0691212338	0.0391413361	0.0092951296	0.0122722321	0.8701700683
0	0.3952210338	0.3371982940	0.2117301609	0.0002249194	0.0556255919
1	0.0583526061	0.5913672886	0.0874708300	0.1602043191	0.1026049561
0	0.9335643565	0.0660232745	0.0000000000	0.0003192799	0.0000930892
0	0.6852863607	0.0000000765	0.0000016042	0.0000146387	0.3146973199
0	0.0000000043	0.2700037757	0.1816877727	0.2723073190	0.2760011284
1	0.1561882253	0.0717589810	0.4276678573	0.0695654006	0.2748195358
0	0.1869899020	0.3401356502	0.4361048661	0.0117927096	0.0249768720
0	0.2436972371	0.2846172157	0.0205283480	0.3926172048	0.0585399944
0	0.0300888779	0.4566312156	0.2851554709	0.0225435634	0.2055808722
0	0.1759317189	0.4025950401	0.0047657805	0.3918009019	0.0249065585
1	0.3907030301	0.5001624191	0.0067297654	0.0000000022	0.1024047831
0	0.0394732510	0.1549194130	0.7382677687	0.0175179074	0.0498216597
0	0.2178878681	0.7799706427	0.0010631889	0.0009689931	0.0001093071
0	0.0153470523	0.0647574051	0.5994000867	0.0180759458	0.3024195101
0	0.0001297876	0.0000114780	0.0497812492	0.9465237682	0.0035537170
0	0.0821971986	0.7211939984	0.0042742836	0.1923345193	0.0000000000
0	0.1209221532	0.0000000001	0.7955145034	0.0198845657	0.0636787776
0	0.0001121227	0.1766551821	0.7491791986	0.0005386763	0.0735148203
1	0.0000538067	0.7532646850	0.0016465906	0.1948789687	0.0501559490
0	0.0003112054	0.0174168148	0.0022049657	0.0321607083	0.9479063058
0	0.0000287179	0.1079126912	0.8677853292	0.0010864754	0.0231867862
0	0.9602024733	0.0054641140	0.0330644279	0.0001300829	0.0011389019
0	0.1430773889	0.1256313200	0.3173228201	0.0384663264	0.3755021447
1	0.6990858534	0.2274635955	0.0000160431	0.0009883158	0.0724461922
1	0.6851406186	0.1246581807	0.1458359500	0.0000122490	0.0443530016
0	0.1112781177	0.7355595113	0.0310923567	0.0556990909	0.0663709235
0	0.2986166139	0.1100575778	0.1732688718	0.4180569365	0.0000000000
0	0.0000016790	0.6060881399	0.3595650255	0.0007331900	0.0336119656
0	0.0963929447	0.1141935939	0.0000045822	0.1181397594	0.6712691198
0	0.0021078959	0.1313140982	0.0000135649	0.2371191984	0.6294452426
0	0.1843043837	0.7941344797	0.0080945959	0.0134662380	0.0000003026
1	0.0755475603	0.3404297193	0.2644679684	0.3156433423	0.0039114097
0	0.1001300894	0.0099781515	0.0488011533	0.8346066147	0.0064839911
0	0.0000000088	0.0141625198	0.6457834906	0.1346605928	0.2053933879
1	0.0099189685	0.1313263675	0.8538892113	0.0032480688	0.0016173839
0	0.0320828608	0.0247446617	0.2616148168	0.6166445811	0.0649130797
1	0.0076977434	0.0704681414	0.1134535348	0.1442074313	0.6641731491
1	0.2087679829	0.0397793713	0.1026727825	0.2213844814	0.4273953820
0	0.0434959696	0.0090550566	0.2714352551	0.4499048807	0.2261088379
1	0.0812751829	0.4493396579	0.0390115256	0.1342445844	0.2961290492
0	0.0015309447	0.0491921283	0.1137434251	0.1288471986	0.7066863033
0	0.0281125232	0.0201680918	0.3115635723	0.4464105445	0.1937452683
0	0.0229482903	0.0000002438	0.2114565075	0.1585615760	0.6070333824
2	0.3475457132	0.1769579894	0.0997447851	0.0211825365	0.3545689758
1	0.0425508665	0.0839524843	0.5046921693	0.3247159011	0.0440885789
0	0.0066136507	0.0000000095	0.0133667758	0.9283872786	0.0516322854
0	0.0001064750	0.4414112857	0.4584011603	0.0863197491	0.0137613298
2	0.2719165797	0.2710298641	0.1253509897	0.3315761742	0.0001263922
0	0.0249872663	0.2146375518	0.3714766498	0.3126192064	0.0762793256
