0	0.0000143993	0.0077042397	0.7680964911	0.0097137939	0.2144710760
0	0.0000578413	0.0000000071	0.0933299146	0.0711351127	0.8354771243
0	0.0041372945	0.1297918468	0.2741051289	0.0926450196	0.4993207101
0	0.7910513481	0.0000000000	0.0000000000	0.0195338125	0.1894148394
0	0.1048970057	0.0000000000	0.5889780664	0.2956441652	0.0104807628
0	0.0000001408	0.2451507654	0.2345202067	0.4166382541	0.1036906330
1	0.1094644541	0.0675704541	0.0705834391	0.2424783716	0.5099032810
1	0.9562364472	0.0000309911	0.0181234710	0.0000013247	0.0256077660
0	0.1753290693	0.3637900538	0.0880770204	0.1819775040	0.1908263524
1	0.1161129749	0.1846218796	0.0196727161	0.5618572466	0.1177351828
0	0.1961286979	0.0869071967	0.1416294690	0.5673467025	0.0079879339
1	0.0358238953	0.4110977052	0.1930935657	0.0606092241	0.2993756098
0	0.1685774986	0.4045833503	0.1589821966	0.0295756301	0.2382813244
0	0.9293154095	0.0006348161	0.0000335502	0.0127955540	0.0572206703
0	0.4806451055	0.0022934378	0.0081012009	0.4211670035	0.0877932522
0	0.0000020268	0.0042240568	0.0017265563	0.1445623062	0.8494850539
0	0.0093401082	0.3957490170	0.0700034914	0.0001005302	0.5248068531
0	0.0586575229	0.0477764222	0.8506811664	0.0235755013	0.0193093872
0	0.2639572795	0.1772891272	0.0000000029	0.0708157275	0.4879378628
1	0.0017089712	0.6861336690	0.2860569095	0.0261004504	0.0000000000
0	0.0000000000	0.3569311374	0.1987207759	0.0525676265	0.3917804603
0	0.0582241964	0.0000000025	0.0286854693	0.5810971108	0.3319932209
0	0.7524428456	0.0005575971	0.1615518920	0.0854121054	0.0000355599
1	0.0779434412	0.0337050226	0.0617785548	0.7344277599	0.0921452214
0	0.6964026581	0.0862866122	0.1236668195	0.0000159349	0.0936279754
2	0.0447864550	0.6736741162	0.0908796969	0.1030955394	0.0875641925
1	0.0384664003	0.2264166622	0.5891598338	0.0000000019	0.1459571018
0	0.0903048267	0.4267675115	0.0559876942	0.3819526161	0.0449873515
1	0.4744831745	0.3547741694	0.0682835353	0.0064085079	0.0960506129
0	0.3659986969	0.2951362520	0.0991168387	0.2340042404	0.0057439721
0	0.0031315127	0.6461947413	0.0400540282	0.3106197178	0.0000000000
1	0.2378956412	0.0902134777	0.0000255244	0.0002795004	0.6715858563
0	0.0000058872	0.0538388798	0.3433499252	0.0634269917	0.5393783161
0	0.0000143804	0.1593572099	0.1051219772	0.0306291442	0.7048772883
2	0.5047780666	0.4360040143	0.0234007106	0.0005324962	0.0352847123
0	0.0270785010	0.0000000244	0.1190628829	0.8386504960	0.0152080956
0	0.3548744037	0.2885696204	0.0001661631	0.2574773008	0.0989125120
0	0.0470536964	0.2814419076	0.6699361672	0.0015672952	0.0000009337
0	0.1695538344	0.7864658447	0.0071493696	0.0000338958	0.0367970555
0	0.1399907115	0.0058706593	0.4354317303	0.0365330750	0.3821738239
1	0.0121336975	0.1137986209	0.0281415080	0.3085590328	0.5373671408
0	0.6502988003	0.1511957401	0.0109967827	0.0266347911	0.1608738857
0	0.1255372983	0.0079163445	0.1384382327	0.6181133809	0.1099947436
0	0.0922906355	0.1112932376	0.5253314070	0.0000292396	0.2710554803
0	0.7604684023	0.0000061183	0.0000000020	0.0613379626	0.1781875148
0	0.1649532962	0.5412909002	0.2700028178	0.0066302842	0.0171227015
0	0.0749769451	0.7745560739	0.1415180502	0.0077856781	0.0011632529
0	0.4724174399	0.4489928707	0.0031621394	0.0753823882	0.0000451618
0	0.0000000177	0.4123559461	0.0143511283	0.3196867619	0.2536061460
0	0.0124411840	0.4520874279	0.0022078686	0.0000000000	0.5332635196
0	0.8470684685	0.0527414940	0.0274029555	0.0007754758	0.0720116063
1	0.0116076008	0.8429669184	0.0961281262	0.0423263937	0.0069709609
0	0.3521697628	0.0328642489	0.0036537574	0.1782225162	0.4330897147
0	0.0132413273	0.0443940577	0.7673566520	0.1205157054	0.0544922576
1	0.0000000003	0.0009188651	0.7744671763	0.0451739401	0.1794400181
0	0.0981994021	0.0410633540	0.1004711952	0.7598139644	0.0004520843
0	0.0000000686	0.5687326561	0.1329798413	0.0799542838	0.2183331503
0	0.0822165941	0.1688513260	0.2059900924	0.5366298236	0.0063121639
0	0.4055833279	0.0000246454	0.1339615004	0.0409999781	0.4194305482
1	0.3194351013	0.4200032589	0.1279531575	0.0228107361	0.1097977462
0	0.0660296570	0.0000001092	0.7549338730	0.0005957827	0.1784405780
1	0.6601741395	0.0001372516	0.0867845751	0.0579993582	0.1949046756
2	0.0000426179	0.0086647935	0.8044890983	0.0015076302	0.1852958602
0	0.1755066623	0.0003106374	0.5146352399	0.3024490089	0.0070984516
1	0.1140633291	0.0220839160	0.1774618583	0.0006264785	0.6857644180
0	0.1380246116	0.0411795644	0.1583507784	0.0148077427	0.6476373029
0	0.1008683778	0.1350971925	0.4573870116	0.1984120623	0.1082353558
1	0.0030157947	0.0583587493	0.2951253217	0.6434981592	0.0000019750
0	0.1195030807	0.3863027000	0.2691535098	0.0886565976	0.1363841119
0	0.0007168981	0.5036706958	0.3579627194	0.0000000091	0.1376496777
0	0.0501165438	0.2702210645	0.0028440235	0.6611497383	0.0156686299
1	0.0422622367	0.0040012289	0.0199473547	0.0000003577	0.9337888220
0	0.0000031994	0.9611080168	0.0284814729	0.0026558353	0.0077514756
1	0.0041667205	0.0028525142	0.0779728953	0.1148825066	0.8001253634
0	0.0011223889	0.0746161678	0.0118601417	0.4272575698	0.4851437319
1	0.0182419372	0.0811454699	0.8617093976	0.0000000000	0.0389031953
1	0.7705456538	0.0000002130	0.0027900435	0.0000850120	0.2265790777
1	0.0000541049	0.0625339258	0.1796714594	0.7577404939	0.0000000161
0	0.0129836628	0.0000000000	0.8925417526	0.0928963809	0.0015782037
0	0.0000005170	0.0399181685	0.7494345882	0.1128238260	0.0978229002
1	0.5367652358	0.0002910247	0.1521214564	0.3076429240	0.0031793591
0	0.5422927765	0.1936665061	0.2107401723	0.0466300985	0.0066704466
1	0.0126489520	0.0533704354	0.0053185587	0.0001550050	0.9285070489
0	0.8312363804	0.0000000000	0.0000020576	0.1579215261	0.0108400359
1	0.6837057395	0.3030952878	0.0016506455	0.0114757766	0.0000725506
1	0.1807538378	0.4160467782	0.3960066688	0.0061180490	0.0010746662
1	0.1650710221	0.0081527638	0.0243107204	0.7910867208	0.0113787729
0	0.0638048471	0.0050043569	0.3932841702	0.5379066257	0.0000000000
1	0.4683936931	0.4528220268	0.0770205355	0.0007425491	0.0010211955
0	0.1696707359	0.4139504700	0.0956896940	0.2900042329	0.0306848673
2	0.0026866181	0.0069385820	0.8913352964	0.0560068512	0.0430326524
2	0.6475448967	0.1201006133	0.0054229329	0.0000000000	0.2269315571
0	0.0029961595	0.3715571892	0.6225159841	0.0013444241	0.0015862430
1	0.1778769891	0.5131645796	0.0053265944	0.2389071136	0.0647247233
1	0.0000000105	0.0010247594	0.1277875902	0.4823241714	0.3888634685
1	0.0064179444	0.0791137390	0.1621687171	0.7497527261	0.0025468735
1	0.2383241577	0.0008627838	0.0419486567	0.6802950110	0.0385693908
0	0.2637808857	0.0844771842	0.0013209579	0.0701559988	0.5802649734
0	0.0717842746	0.2722288527	0.5513570129	0.0076827291	0.0969471307
1	0.0203488074	0.0000000081	0.0309240100	0.9423166467	0.0064105278
