0	0.5849240214	0.0895016439	0.2352566518	0.0903176828	0.0000000000
0	0.7811854840	0.0359287240	0.0001932420	0.0044756492	0.1782169007
0	0.0135458633	0.2073474363	0.1299472807	0.0000041982	0.6491552216
0	0.4939583643	0.0663069801	0.4397297115	0.0000044510	0.0000004931
2	0.0069681260	0.3658338218	0.0143785043	0.2855202874	0.3272992605
0	0.0133325909	0.0242065506	0.9384558642	0.0201833814	0.0038216130
0	0.9046666394	0.0937450356	0.0001274593	0.0000000087	0.0014608570
0	0.0437300892	0.0533148703	0.8488642483	0.0519397467	0.0021510455
0	0.0164050652	0.0172474790	0.0243521816	0.2251114683	0.7168838058
0	0.0073157030	0.0073888520	0.0494859887	0.0253072998	0.9105021565
0	0.0000000000	0.2822773625	0.0281323280	0.0000834054	0.6895069041
1	0.6759317072	0.1001190824	0.0020950099	0.2102007695	0.0116534311
0	0.3193997851	0.5168723642	0.0061398693	0.1109048673	0.0466831140
0	0.2511520880	0.1291542262	0.2369083658	0.1697217931	0.2130635268
1	0.5477859739	0.1770317716	0.0061894437	0.2689928107	0.0000000000
1	0.0322783325	0.0059845964	0.1297290956	0.5694737209	0.2625342546
1	0.2733467436	0.5613009180	0.0000273865	0.0797647883	0.0855601637
0	0.0174290433	0.1663878952	0.1185292205	0.0056452218	0.6920086192
1	0.1313122145	0.0071603994	0.1339090628	0.6646036841	0.0630146391
1	0.3568713168	0.0127014894	0.3279286146	0.1726892960	0.1298092832
0	0.1296005455	0.0141510731	0.0073064570	0.1645587531	0.6843831713
1	0.0000024152	0.0078370204	0.0423490482	0.9361858683	0.0136256479
2	0.5742735186	0.0000317002	0.0022429334	0.1242651907	0.2991866571
2	0.6336192800	0.0135846850	0.0653987978	0.0624091788	0.2249880584
0	0.2217460251	0.3242553392	0.0399958869	0.0010512029	0.4129515459
0	0.0000001161	0.0000000121	0.8450567742	0.1521380952	0.0028050024
0	0.7334982321	0.0267530376	0.0340896956	0.0000000000	0.2056590347
0	0.3913085237	0.0091997186	0.0025938769	0.5968972244	0.0000006565
1	0.1140321746	0.0010766725	0.0001278049	0.0000255961	0.8847377519
0	0.0167623923	0.6410934456	0.0000000022	0.1988676080	0.1432765519
0	0.1589298872	0.2176317587	0.0990983637	0.4506064064	0.0737335840
0	0.5811611558	0.0049162115	0.0674846881	0.0000000000	0.3464379446
1	0.0011792768	0.0824028725	0.8654193492	0.0469839518	0.0040145497
0	0.4261369135	0.3746278063	0.0040149989	0.0355581609	0.1596621204
1	0.7106397835	0.0000004994	0.0000000000	0.1066910225	0.1826686946
0	0.0022316567	0.0211982223	0.0346771795	0.8710747589	0.0708181826
1	0.1238466579	0.1245453381	0.0000028487	0.7154466130	0.0361585423
0	0.0197450084	0.6185752001	0.0263269747	0.3278481715	0.0075046453
2	0.0015708999	0.4711200407	0.4855275128	0.0417600489	0.0000214978
0	0.6546556643	0.0013018729	0.0641540184	0.1160973745	0.1637910699
2	0.0000260354	0.3109156478	0.5958907074	0.0760126980	0.0171549114
1	0.5946775350	0.0962929673	0.2362347914	0.0727198876	0.0000748188
0	0.6745151536	0.0000000096	0.0000045897	0.0000726015	0.3254076456
0	0.5779047399	0.0047592941	0.1898966439	0.1034953890	0.1239439331
0	0.1842734683	0.1271444271	0.3362001055	0.2893092256	0.0630727735
0	0.0714601172	0.0682214790	0.8569212331	0.0033971155	0.0000000551
0	0.3749601714	0.0256898685	0.0036598355	0.0000000000	0.5956901246
1	0.6799305510	0.1943993897	0.0048619750	0.1208080844	0.0000000000
1	0.1745355811	0.5952662511	0.1930726473	0.0367394757	0.0003860449
1	0.0195959507	0.0004214350	0.1304384799	0.8357227000	0.0138214343
0	0.7208151048	0.0002252817	0.0093968016	0.2527744649	0.0167883470
0	0.0338190589	0.0759223003	0.7812983438	0.0752927611	0.0336675358
0	0.5372458348	0.3041169940	0.1355032925	0.0000340241	0.0230998547
1	0.0264069022	0.4439701086	0.0104580146	0.5056682991	0.0134966755
0	0.0838593428	0.0194232416	0.3142031702	0.5712414721	0.0112727733
1	0.0221569509	0.0784646873	0.8849184442	0.0051379621	0.0093219556
0	0.0000477052	0.8996414733	0.0013909324	0.0391672962	0.0597525929
0	0.2168940617	0.0405088385	0.4214074347	0.0281370098	0.2930526553
0	0.3566139442	0.0000906155	0.0862094926	0.0516093801	0.5054765677
0	0.1635807084	0.4036288985	0.1397135852	0.0123903449	0.2806864631
0	0.0009789397	0.2155277032	0.3528400526	0.0000000000	0.4306533045
1	0.4933153339	0.0142412372	0.0124473315	0.2199495921	0.2600465053
1	0.0422043346	0.6157894553	0.3390444477	0.0029559117	0.0000058508
0	0.0065253928	0.0078958980	0.0338365681	0.0124425840	0.9392995571
0	0.5205187859	0.1152910118	0.0179294819	0.3461810860	0.0000796344
0	0.0106269105	0.3504150726	0.0463863603	0.0927038823	0.4998677743
0	0.2484953901	0.0002322768	0.2875086225	0.3442384973	0.1195252132
0	0.0631210047	0.0000000000	0.2159055702	0.7182752852	0.0026981399
0	0.0000007538	0.2761519876	0.0765369319	0.0814820525	0.5658282742
0	0.2449581942	0.0005897896	0.7220842183	0.0162486030	0.0161191949
1	0.0696552762	0.4697977934	0.3860373543	0.0700574377	0.0044521384
0	0.5834792283	0.0818750245	0.1111345930	0.0077228299	0.2157883243
0	0.0799653537	0.2883324378	0.0000000440	0.6208381678	0.0108639967
0	0.6239261396	0.1409803482	0.2294277145	0.0001652581	0.0055005396
0	0.4760861848	0.1484710471	0.0267515509	0.0020778142	0.3466134030
0	0.0000012357	0.6906022960	0.1656098204	0.0034354703	0.1403511776
0	0.0008955966	0.0712744062	0.6073147082	0.2375715824	0.0829437066
0	0.3719171369	0.1080001567	0.2905022824	0.2105936694	0.0189867547
1	0.5398830134	0.1411498162	0.0882731500	0.0773571369	0.1533368834
0	0.6015239959	0.2586426337	0.0446253422	0.0090242235	0.0861838048
0	0.2207740182	0.0000000370	0.7604356418	0.0000000000	0.0187903031
1	0.2417675905	0.5193473128	0.0000309848	0.2385876675	0.0002664444
0	0.7424358054	0.0125053990	0.0000000000	0.2382743072	0.0067844884
1	0.0000579123	0.1355563277	0.0036041592	0.8410822539	0.0196993468
2	0.3186591004	0.0000000059	0.0479714328	0.4771415015	0.1562279595
1	0.9328714545	0.0490197261	0.0000000000	0.0000144782	0.0180943411
0	0.0073243433	0.0254123812	0.9467301957	0.0015872460	0.0189458338
0	0.0877977195	0.6514527229	0.0146264118	0.2397765860	0.0063465598
0	0.0700035492	0.0029025449	0.0002150548	0.6984347503	0.2284441007
1	0.0427694995	0.0000136086	0.0069128630	0.9497648305	0.0005391984
1	0.0032726168	0.3050836147	0.4830097911	0.1818866784	0.0267472991
0	0.3346227590	0.0000000010	0.0014686613	0.5434893896	0.1204191891
0	0.2234213344	0.0031938328	0.6608693745	0.0154500408	0.0970654174
0	0.5733387703	0.3832697136	0.0386143468	0.0000001461	0.0047770231
0	0.4008060699	0.0001429884	0.0097016363	0.0390885609	0.5502607445
0	0.0208236352	0.5344556682	0.0011099658	0.3662577689	0.0773529618
0	0.3515533886	0.0140169987	0.5478306445	0.0092304731	0.0773684951
0	0.1336983485	0.0041180791	0.6022499891	0.2269428667	0.0329907165
0	0.0304550343	0.0442587557	0.2394175954	0.0425904602	0.6432781543
1	0.0167853255	0.0000000090	0.3254427143	0.5979513243	0.0598206268
