0	0.1908514996	0.1025932281	0.0956301469	0.2392570853	0.3716680402
0	0.0000226231	0.0290575869	0.8807203255	0.0799553836	0.0102440808
0	0.5874923930	0.0555213848	0.1227955466	0.0673675654	0.1668231102
0	0.2837617606	0.0264966301	0.1041089214	0.0808188031	0.5048138848
0	0.1789027675	0.1279827854	0.0639398091	0.5316982501	0.0974763880
1	0.0038033559	0.1528307247	0.0151543013	0.0010143474	0.8271972709
2	0.0078566263	0.2593464116	0.0000045617	0.0339869799	0.6988054206
0	0.6242941793	0.0795963287	0.0981645307	0.1184718876	0.0794730736
0	0.2086375560	0.0350984022	0.6255222301	0.0838673905	0.0468744212
0	0.0032915298	0.0059470852	0.0703559444	0.0043548963	0.9160505442
0	0.1298232571	0.0030480715	0.7075051235	0.0558797236	0.1037438243
1	0.0135872785	0.9754131470	0.0062690935	0.0026273600	0.0021031210
0	0.0025407678	0.3024965336	0.0925673329	0.5359385310	0.0664568348
0	0.4360355133	0.4297515903	0.0038180762	0.1295258442	0.0008689760
1	0.0151721945	0.2120448784	0.0000000000	0.0000000000	0.7727829271
0	0.3324701768	0.4260181694	0.0345718488	0.0015859262	0.2053538788
0	0.4614841934	0.4721576619	0.0058446083	0.0057858235	0.0547277129
0	0.0000007354	0.2205368658	0.2542151550	0.5252472437	0.0000000001
0	0.1761725603	0.3061833371	0.0248976853	0.4926466365	0.0000997807
1	0.0279860403	0.0056748705	0.0000000000	0.2550872783	0.7112518110
1	0.2913286549	0.4811046578	0.0001488076	0.0987681896	0.1286496902
0	0.1384248239	0.6095691861	0.0509676289	0.0351627186	0.1658756425
1	0.2094947539	0.0012887353	0.0710749850	0.0401222289	0.6780192968
0	0.0000896157	0.0603581657	0.0300513282	0.9014637296	0.0080371608
0	0.4186693170	0.0001122171	0.5259999446	0.0551225102	0.0000960111
0	0.0491473341	0.0184297806	0.0762688664	0.1655811575	0.6905728613
0	0.5022933617	0.1521838220	0.2757137963	0.0007083284	0.0691006917
0	0.0991502017	0.1417198533	0.6791478780	0.0798798185	0.0001022485
2	0.0850906984	0.0007171368	0.0058269435	0.0000011208	0.9083641007
1	0.0149130031	0.0016428267	0.0001941627	0.6263466794	0.3569033280
1	0.0001993015	0.5267551134	0.0113014891	0.0835102111	0.3782338850
0	0.0115480092	0.9843389171	0.0000022413	0.0029155705	0.0011952618
2	0.0034168679	0.8453615334	0.0000001706	0.0000000000	0.1512214281
0	0.3762608389	0.1059066287	0.4732239515	0.0444433713	0.0001652095
0	0.3811154931	0.0108105917	0.2872525733	0.3177452861	0.0030760558
1	0.0038306454	0.0061935522	0.0000000000	0.0174181753	0.9725576270
0	0.0142933787	0.0000000000	0.0487366139	0.2212776028	0.7156924047
0	0.3243223839	0.1955353781	0.2701458443	0.1576166390	0.0523797546
0	0.3707186968	0.0097969553	0.0567642451	0.2555789063	0.3071411965
0	0.0013090077	0.0141134209	0.0413750170	0.8074451398	0.1357574146
0	0.8975028000	0.0069846423	0.0932153776	0.0000012551	0.0022959250
0	0.1595675865	0.1356251412	0.6711061822	0.0264661780	0.0072349121
0	0.0000000000	0.0000001018	0.3153485876	0.0000166418	0.6846346688
0	0.1584937536	0.0047943460	0.0005667026	0.3457344123	0.4904107855
1	0.3804270811	0.2956772149	0.0000254749	0.0855475590	0.2383226701
1	0.4701383211	0.0018867795	0.0000063066	0.0639379974	0.4640305954
0	0.4740858544	0.2266413204	0.0882963694	0.1946337590	0.0163426969
2	0.0582515473	0.2496739699	0.0000000000	0.0002895128	0.6917849700
0	0.2953501249	0.0421321518	0.0000371672	0.6089186386	0.0535619176
0	0.0000000000	0.4492086596	0.3517106590	0.0809239713	0.1181567102
0	0.0000133741	0.0001153856	0.0450082094	0.0158664515	0.9389965793
1	0.0040243596	0.0672464665	0.0000000000	0.9092229257	0.0195062482
0	0.1330675740	0.0000000000	0.2032894205	0.6001192450	0.0635237604
0	0.5156258426	0.2166408370	0.0007780685	0.2568087469	0.0101465050
1	0.1072638811	0.1300875165	0.0976236243	0.1803202595	0.4847047186
0	0.9571840312	0.0000000651	0.0374191019	0.0007418775	0.0046549243
1	0.0123785180	0.7769783590	0.0325585225	0.0045102422	0.1735743583
0	0.1627608237	0.1353332001	0.4857166812	0.2159662162	0.0002230789
0	0.0171592520	0.0662981564	0.2368860645	0.5516452865	0.1280112406
1	0.0810402109	0.0125767291	0.0946385665	0.0163775160	0.7953669775
1	0.0160525390	0.0721011405	0.0019449106	0.0630682120	0.8468331980
2	0.0625502824	0.1881276866	0.0000083821	0.0118637960	0.7374498529
0	0.0339215155	0.5636694745	0.0002344857	0.4021745239	0.0000000004
1	0.0182480327	0.0984150939	0.0429173044	0.0612658549	0.7791537141
0	0.1142148481	0.0000228270	0.3229661405	0.0266268937	0.5361692907
0	0.0002181110	0.8075187619	0.1396792794	0.0098000162	0.0427838315
0	0.0310886529	0.5580456490	0.0000000000	0.0620136097	0.3488520884
1	0.0008227151	0.6187598252	0.0013348603	0.0000000000	0.3790825994
0	0.0243435345	0.9355487910	0.0000002902	0.0371622405	0.0029451438
0	0.0017083309	0.0449914850	0.0070985293	0.3728951135	0.5733065414
0	0.0395394354	0.6236834789	0.1482569719	0.0191937124	0.1693264014
2	0.0072159684	0.0167583726	0.0157536742	0.0005906994	0.9596812854
1	0.0083340777	0.0514894182	0.0018003966	0.0026542806	0.9357218268
0	0.3772117470	0.4018679523	0.0086142590	0.1124089599	0.0998970818
0	0.3488620665	0.0041289924	0.0486654379	0.1192870595	0.4790564438
1	0.0000000000	0.1093393252	0.0000036820	0.0000006393	0.8906563535
1	0.2505380595	0.1352547611	0.0000000000	0.0000000000	0.6142071794
1	0.1309875340	0.1241404038	0.0000042501	0.7146075784	0.0302602338
0	0.0000000002	0.0274757035	0.2288401870	0.0187779190	0.7249061903
0	0.3198425923	0.0438752999	0.3699719568	0.0000064193	0.2663037317
0	0.2765538905	0.4778782722	0.1272308058	0.0149681478	0.1033688836
0	0.0815193803	0.2131065343	0.5618808429	0.1434923169	0.0000009255
0	0.4309165424	0.2128808664	0.0837631342	0.1272013312	0.1452381258
1	0.1777124701	0.1614513176	0.0000000012	0.0464401927	0.6143960183
0	0.0008439487	0.5573805445	0.0581939234	0.3558486706	0.0277329127
0	0.4274989261	0.0646177655	0.1950122739	0.2152843694	0.0975866651
0	0.1298524403	0.1284221595	0.2359598137	0.0008333182	0.5049322683
1	0.0000000000	0.4785736279	0.0668829243	0.0000000000	0.4545434478
0	0.0094995097	0.0000000000	0.0199040888	0.5046136773	0.4659827242
0	0.0000322206	0.0910017775	0.0039352745	0.0147025987	0.8903281287
2	0.9033987820	0.0016520125	0.0000141391	0.0000491947	0.0948858717
1	0.1203419276	0.0000002878	0.0000001487	0.0264375167	0.8532201192
0	0.0447886465	0.0000000000	0.6363219399	0.3179796487	0.0009097650
0	0.0493774319	0.6649156744	0.0400579081	0.2107718478	0.0348771378
0	0.0157329846	0.0000000061	0.3595410777	0.6247233223	0.0000026093
0	0.1485920696	0.2627724543	0.0000000000	0.2662443066	0.3223911695
1	0.0000044104	0.3624921908	0.0000000000	0.0000000000	0.6375033988
0	0.5603717079	0.4204518434	0.0000040275	0.0099829025	0.0091895187
0	0.0275728854	0.8740807724	0.0029304490	0.0755509362	0.0198649570
0	0.0226099690	0.0264831499	0.0196413372	0.5072225059	0.4240430380
