0	0.2980575118	0.0000049929	0.0789145384	0.0225706764	0.6004522805
0	0.4380171161	0.2044275134	0.1260955103	0.0418772545	0.1895826057
2	0.0198289485	0.1087553332	0.0000000634	0.0093280415	0.8620876133
0	0.0801692451	0.1095654554	0.7151837273	0.0000120846	0.0950694876
0	0.1031045006	0.0341392432	0.7206268484	0.0007202814	0.1414091264
1	0.0124143201	0.8087529913	0.1332814155	0.0010396770	0.0445115961
1	0.0001350509	0.9939828020	0.0003892191	0.0000247182	0.0054682098
0	0.1952435932	0.1250122861	0.5121154070	0.0862426819	0.0813860318
0	0.3147429720	0.0055614118	0.5805268964	0.0991687007	0.0000000191
0	0.0000000000	0.0000000000	0.7710611356	0.0081824121	0.2207564523
0	0.1195043297	0.0127985701	0.0000001110	0.1096976559	0.7579993333
0	0.0000000000	0.7107868499	0.0000000000	0.0756096188	0.2136035313
0	0.0112187446	0.2812863204	0.4877450492	0.0222908778	0.1974590081
1	0.0000000000	0.0051042271	0.0000127842	0.0000040764	0.9948789122
0	0.2286811542	0.6622702787	0.0000332747	0.1090152882	0.0000000042
0	0.0003109272	0.6698361568	0.0798888707	0.0284599620	0.2215040834
1	0.6934611095	0.1992968079	0.0709877821	0.0000043660	0.0362499345
2	0.0184453466	0.0000443964	0.0020687948	0.0001528276	0.9792886346
1	0.1454991729	0.0003068795	0.0042626262	0.0036454113	0.8462859101
0	0.0000093283	0.0155906581	0.0467616501	0.8581789469	0.0794594166
1	0.2353116972	0.5577130181	0.1864239144	0.0000000000	0.0205513703
1	0.0287148533	0.1948928097	0.0000136945	0.0184857650	0.7578928776
0	0.0202187706	0.1923676420	0.0077386267	0.1243759904	0.6552989703
1	0.1487161851	0.1290713065	0.3649482498	0.2015864061	0.1556778526
0	0.0000000000	0.1245374874	0.2230964554	0.0891749849	0.5631910723
0	0.0566467067	0.9206862320	0.0205879628	0.0000018734	0.0020772251
1	0.2176924086	0.3934576479	0.1345141596	0.0000043273	0.2543314566
0	0.0011991961	0.9464769869	0.0127142915	0.0396095255	0.0000000000
0	0.0015280417	0.0247156907	0.0096057652	0.6316934048	0.3324570976
0	0.2499780066	0.4259033653	0.1948890067	0.0552387413	0.0739908800
0	0.3238748172	0.1935838376	0.3626041439	0.1132032494	0.0067339518
1	0.3436134517	0.1127998812	0.0000014743	0.0245968173	0.5189883755
1	0.0838425586	0.3176081268	0.0783943024	0.0042624864	0.5158925258
0	0.0000048033	0.0622368204	0.0092285945	0.5981040887	0.3304256930
0	0.0405426675	0.3689496174	0.2608018297	0.1160994157	0.2136064697
0	0.0000124588	0.6471342985	0.0001018749	0.3525880845	0.0001632833
0	0.0000000035	0.8899490715	0.0004880281	0.0946757482	0.0148871488
1	0.0010527523	0.0003375183	0.0072465277	0.0289344854	0.9624287162
1	0.0020378654	0.4636283071	0.0534641781	0.0000000013	0.4808696481
0	0.2414249290	0.3137560666	0.0681069251	0.0333316116	0.3433804677
0	0.0000082962	0.1990067827	0.0000000013	0.2737482177	0.5272367020
0	0.0858683341	0.1259255773	0.0001074239	0.0006374242	0.7874612404
0	0.0286072132	0.0877101137	0.1160748417	0.4572194521	0.3103883793
0	0.0000263469	0.0093916604	0.0000672346	0.9904466415	0.0000681166
1	0.0749908142	0.4837451290	0.0000000000	0.0000000000	0.4412640568
0	0.3316992450	0.0012101509	0.2697896890	0.3952117162	0.0020891989
0	0.0000004333	0.5409149475	0.0000000086	0.1329674124	0.3261171982
1	0.0201255954	0.7503525898	0.0181484334	0.0076708346	0.2037025467
2	0.8178136610	0.1186792377	0.0000000000	0.0000000000	0.0635071013
1	0.1336561581	0.4132781803	0.0000000000	0.3570112844	0.0960543772
1	0.3659896445	0.4581193180	0.0000000005	0.0108974917	0.1649935453
0	0.0000467691	0.0078091890	0.0919566780	0.8984585801	0.0017287838
0	0.7058429502	0.2940184053	0.0000000886	0.0001385014	0.0000000545
0	0.0467160119	0.7764641866	0.0093988620	0.1674209392	0.0000000004
0	0.0330075600	0.2668747434	0.2276868361	0.4330081263	0.0394227341
1	0.4976644684	0.1826282896	0.0000000011	0.1698434877	0.1498637531
0	0.4997006932	0.1182914211	0.0158426327	0.3661652513	0.0000000017
0	0.5161019384	0.0037808440	0.0089757618	0.1411184213	0.3300230345
1	0.9650525492	0.0336127290	0.0000221330	0.0013125888	0.0000000000
0	0.0245198051	0.3760984063	0.0000000243	0.5685349339	0.0308468304
1	0.0171004474	0.2681107299	0.0000071606	0.0000000000	0.7147816621
0	0.7302990902	0.0034048349	0.0498351712	0.0366373650	0.1798235388
1	0.0826032701	0.3282532393	0.0268882066	0.0005589381	0.5616963459
1	0.0009072498	0.0308261387	0.4267690575	0.1145413496	0.4269562043
2	0.1808136726	0.0729060534	0.0450843952	0.0000000166	0.7011958622
1	0.9412050057	0.0009740324	0.0082165950	0.0000043868	0.0495999801
1	0.0009624062	0.0037917704	0.0881706485	0.0445046418	0.8625705331
0	0.0000222996	0.0738304610	0.0000000579	0.8678676608	0.0582795207
0	0.8243882447	0.0000000048	0.1490964231	0.0196713518	0.0068439757
0	0.0018220129	0.0021653172	0.0003058526	0.9884634991	0.0072433182
1	0.0534295765	0.7958956014	0.0001735580	0.0071091142	0.1433921500
0	0.0029292086	0.2621621622	0.0041333379	0.0257790459	0.7049962454
0	0.0572742262	0.4498343001	0.4891307758	0.0037279463	0.0000327517
0	0.0406799231	0.0084857368	0.0256170012	0.8758632144	0.0493541246
0	0.0000216515	0.8432876399	0.0799577291	0.0351719787	0.0415610007
0	0.7330895210	0.0966518650	0.0000000000	0.1702351439	0.0000234701
0	0.2839679279	0.0226352986	0.5781272846	0.0574157912	0.0578536976
0	0.0361013432	0.4048987510	0.0221777452	0.5099269681	0.0268951924
1	0.1608197371	0.3832736537	0.0000084558	0.2479491831	0.2079489702
0	0.0872925090	0.0000032793	0.0611062043	0.7305704132	0.1210275942
0	0.4519454968	0.0000004167	0.0005925961	0.2362903213	0.3111711690
0	0.0065648019	0.0198409961	0.0057047431	0.0411915886	0.9266978703
0	0.3937389507	0.3601519434	0.1469239973	0.0991851085	0.0000000001
0	0.0068342229	0.0005968837	0.0944860591	0.8980823161	0.0000005183
1	0.0167231281	0.1708043655	0.0001899388	0.0000000000	0.8122825675
0	0.0125473252	0.0704780122	0.0817392206	0.7977131476	0.0375222944
0	0.1034796120	0.0024459190	0.0028639252	0.0111543719	0.8800561719
0	0.1828609044	0.1222727759	0.0100063656	0.6848599541	0.0000000000
1	0.0811947224	0.4759477381	0.0053922422	0.0000934169	0.4373718804
1	0.4724372157	0.3112746089	0.0208192939	0.1006596075	0.0948092741
0	0.0502463139	0.5289511823	0.4182665634	0.0016922789	0.0008436615
1	0.0082937461	0.9178220165	0.0171892246	0.0000000134	0.0566949994
0	0.0000000000	0.0018442734	0.9378406781	0.0397532096	0.0205618389
0	0.0102838525	0.0000000000	0.7286364879	0.2078884157	0.0531912439
0	0.1381998265	0.2862323038	0.1077144230	0.1518875741	0.3159658726
0	0.0600374339	0.8997293786	0.0316652877	0.0009897517	0.0075781481
0	0.0000000000	0.0009918858	0.5294104021	0.4678692302	0.0017284818
2	0.0025813433	0.3792029136	0.0000000000	0.0212771010	0.5969386421
0	0.1351672518	0.2240569187	0.2962999975	0.3021500825	0.0423257495
0	0.0107261020	0.0698519007	0.0100782189	0.7575223020	0.1518214764
