0	0.0497399712	0.8210836895	0.0578424883	0.0713335578	0.0000002932
2	0.0449890523	0.1779448034	0.0022999759	0.0000000000	0.7747661684
0	0.8744259180	0.0005606550	0.0010771998	0.1205899411	0.0033462861
1	0.7833340251	0.0549745567	0.0000021430	0.1576520631	0.0040372122
0	0.0493623577	0.0699940736	0.0965199475	0.0000019058	0.7841217153
1	0.0000000000	0.1196244036	0.0000170920	0.0376433843	0.8427151202
0	0.0036676062	0.5944124101	0.0021612134	0.0001371134	0.3996216569
0	0.0267055747	0.2423804094	0.3096659141	0.4201586818	0.0010894199
0	0.1226046030	0.1916442857	0.0274964095	0.6582546855	0.0000000163
0	0.0000849629	0.8672937822	0.0061231475	0.0624333924	0.0640647149
1	0.0993964712	0.3000280002	0.0032326062	0.0064423395	0.5909005829
1	0.0068613425	0.9029110060	0.0587152592	0.0070172114	0.0244951810
0	0.0163872388	0.3146645210	0.0020146355	0.4612438485	0.2056897563
0	0.0008130782	0.5800578397	0.3649576092	0.0541564817	0.0000149912
1	0.1359555299	0.1852642530	0.2622763331	0.0001380185	0.4163658655
0	0.3270534484	0.6090378613	0.0637326635	0.0001760268	0.0000000000
0	0.0223285794	0.0156357250	0.1141235032	0.2841338088	0.5637783836
0	0.0169404910	0.0548664379	0.8521125040	0.0760805671	0.0000000000
0	0.1183221477	0.0000069990	0.0132471442	0.0000000000	0.8684237091
0	0.0001968850	0.8008491401	0.1388066111	0.0601458411	0.0000015227
1	0.3573371225	0.3193877887	0.0003985877	0.0086592342	0.3142172670
1	0.1931536837	0.0000000000	0.0837032536	0.0090633746	0.7140796881
1	0.0000412687	0.0268245197	0.0001481809	0.0214584586	0.9515275721
0	0.0330941504	0.0310480100	0.2190643941	0.0005375859	0.7162558597
2	0.0321818640	0.0000441380	0.0135809038	0.0021675129	0.9520255812
0	0.4660022845	0.3325127045	0.0506914003	0.0712725387	0.0795210720
1	0.5963810028	0.1555527623	0.0000010650	0.0797840007	0.1682811692
1	0.0892653121	0.0037422865	0.0049548822	0.0234529792	0.8785845400
0	0.2691520217	0.3634295249	0.0020118081	0.3654066453	0.0000000000
0	0.0358063397	0.0010016223	0.6570475902	0.0111185289	0.2950259190
1	0.0002514459	0.0047527868	0.0000000017	0.0000038380	0.9949919276
0	0.0694472986	0.0041930113	0.0037648322	0.8460488798	0.0765459781
0	0.1352375786	0.0135327677	0.0552242437	0.4508360618	0.3451693483
0	0.6046873654	0.0404961909	0.0003079999	0.0009495161	0.3535589277
1	0.3210474105	0.5104947381	0.0238848056	0.0068047936	0.1377682522
1	0.4177659053	0.3042504689	0.1528451910	0.0556677821	0.0694706528
1	0.1790940966	0.5816494383	0.0114083513	0.0563793234	0.1714687904
0	0.0807105983	0.9083601732	0.0079870700	0.0000700294	0.0028721292
0	0.1380634889	0.0423997367	0.5677678424	0.0376425632	0.2141263689
2	0.3974669467	0.3987437651	0.0008188805	0.1172120878	0.0857583199
1	0.4229166628	0.2404824701	0.1173287164	0.1224421797	0.0968299709
1	0.0000351837	0.2243448916	0.1640575499	0.0001750739	0.6113873009
0	0.0000000830	0.1715156313	0.0036273497	0.2954934126	0.5293635233
1	0.3184279742	0.0943556362	0.1645803592	0.0000784142	0.4225576161
1	0.8278670346	0.1485601996	0.0000064049	0.0000000186	0.0235663423
0	0.4820325436	0.0326073754	0.2184239987	0.2298500835	0.0370859988
0	0.0155786351	0.0000000000	0.1064012077	0.8045777042	0.0734424529
0	0.1692077982	0.2763428906	0.0087515466	0.0001810505	0.5455167141
0	0.4424745024	0.0125325350	0.0053589176	0.0617303142	0.4779037309
1	0.0599186800	0.0165965600	0.0830254762	0.3095313517	0.5309279321
0	0.0890904934	0.0026101080	0.1225377596	0.7353124409	0.0504491980
1	0.1226179550	0.1207377271	0.6685073317	0.0009670630	0.0871699232
1	0.0030044376	0.0106013572	0.0155583679	0.0000057313	0.9708301060
1	0.8073111776	0.1344497393	0.0000000000	0.0000000000	0.0582390831
0	0.3680669044	0.0000000000	0.1585821892	0.1983814281	0.2749694783
1	0.0000593208	0.1316002601	0.0590733870	0.1141981119	0.6950689202
1	0.1016771512	0.0893703465	0.0294292496	0.0179924983	0.7615307544
0	0.0030352303	0.3901945026	0.2122062802	0.3201916485	0.0743723384
0	0.9445376131	0.0304095022	0.0081598045	0.0168930776	0.0000000025
1	0.0393758398	0.3501192513	0.0004766075	0.0000000000	0.6100283014
0	0.4683067209	0.2835893846	0.1264351238	0.0993660314	0.0223027394
0	0.3597050282	0.0029020030	0.1829693155	0.0845918075	0.3698318458
0	0.3393599037	0.2470189087	0.2403835741	0.0001626614	0.1730749521
0	0.7745191482	0.0419990822	0.1010019171	0.0002760909	0.0822037616
0	0.0493716860	0.2915696076	0.0775059884	0.5754689578	0.0060837602
1	0.0074444684	0.0008681206	0.1754990158	0.0737018905	0.7424865047
1	0.0052798692	0.1701750813	0.0000125918	0.0288474634	0.7956849943
0	0.0003058121	0.0000000694	0.1907654118	0.8037024742	0.0052262324
0	0.2814121206	0.0024111663	0.0044328996	0.6873057098	0.0244381037
0	0.0084558297	0.9596656695	0.0292487199	0.0000000000	0.0026297809
0	0.4486810490	0.1565434529	0.2208080145	0.0000008455	0.1739666381
0	0.3772248335	0.5379712574	0.0127413215	0.0684945612	0.0035680263
1	0.1666533916	0.1857946842	0.0224930966	0.0036465468	0.6214122809
0	0.4674858166	0.3672931298	0.1145487002	0.0000162692	0.0506560842
0	0.0000024857	0.0636045107	0.6185889552	0.3097357312	0.0080683172
0	0.0000000000	0.0913423090	0.0013646539	0.0823359841	0.8249570530
0	0.3032707314	0.0000929127	0.5838164066	0.0926760146	0.0201439348
1	0.1125609526	0.6051337754	0.0240874399	0.2576210686	0.0005967635
1	0.4848032324	0.3776157302	0.0181056595	0.0000001292	0.1194752488
0	0.3448113090	0.0000006308	0.1914043525	0.1938856196	0.2698980881
0	0.0132459977	0.0056188158	0.0007354591	0.9803942745	0.0000054528
0	0.0087521375	0.0016165044	0.9847765570	0.0024335807	0.0024212203
2	0.1950483915	0.2824242852	0.0000000000	0.0014022134	0.5211251099
0	0.5477727406	0.0005052481	0.0302994241	0.3934900178	0.0279325694
1	0.4251056340	0.0100660414	0.0000524432	0.0571363851	0.5076394963
1	0.0484666368	0.2011319947	0.0617497879	0.0098711952	0.6787803854
0	0.3119438869	0.4508937953	0.0007119082	0.2364479926	0.0000024170
0	0.3051029912	0.5511789961	0.0079382125	0.0000019945	0.1357778058
1	0.3176823841	0.2453104397	0.0006002950	0.0000225991	0.4363842821
0	0.8548937385	0.0236652374	0.0637534555	0.0555116062	0.0021759624
0	0.0000323064	0.0067805054	0.3083121229	0.0008377786	0.6840372867
1	0.4821209709	0.0182010791	0.0002489884	0.0004428352	0.4989861264
1	0.4846916597	0.5153002806	0.0000018197	0.0000060108	0.0000002292
0	0.0155524398	0.0000213104	0.0000000000	0.0917104391	0.8927158108
0	0.0790237546	0.2346550502	0.1642779974	0.1281691274	0.3938740704
0	0.0013937025	0.5937817355	0.2852031327	0.1066431965	0.0129782328
1	0.1833680286	0.3756611853	0.0000107574	0.0000000441	0.4409599846
0	0.0000141296	0.9423256771	0.0167832054	0.0317014081	0.0091755797
0	0.1003455734	0.0525283502	0.0458979961	0.6944212578	0.1068068225
0	0.6426111397	0.3116502776	0.0078382033	0.0088928524	0.0290075270
