0	0.2402461038	0.0291190400	0.4614709351	0.2452096329	0.0239542881
0	0.3567429238	0.0153104859	0.0480129597	0.0021601928	0.5777734378
0	0.1777354747	0.4326202899	0.0286481735	0.3155875661	0.0454084958
1	0.6050740546	0.0013165271	0.0334545330	0.0001256135	0.3600292718
0	0.1603470567	0.0649022770	0.0003510693	0.0252466706	0.7491529264
1	0.0429100219	0.6659851986	0.0854217670	0.0019886136	0.2036943990
1	0.0398806450	0.3193004290	0.0179387951	0.0036155779	0.6192645530
0	0.6484088707	0.3207571595	0.0271471015	0.0000783633	0.0036085051
0	0.0136961352	0.0000000006	0.2327290766	0.1281560489	0.6254187387
1	0.1076281671	0.0244261298	0.0007098220	0.1301188769	0.7371170040
0	0.1488486102	0.0175582907	0.1206365311	0.6920204338	0.0209361342
0	0.0000000426	0.1786663009	0.5705682553	0.2411318494	0.0096335518
0	0.3250421584	0.3561050246	0.1108212745	0.1367985218	0.0712330207
1	0.3508194424	0.0682502166	0.0361398337	0.1335182555	0.4112722518
0	0.0000000007	0.0174597877	0.0241066013	0.9557918029	0.0026418074
0	0.5158308088	0.0082686100	0.4305870352	0.0416049450	0.0037086010
1	0.1567677523	0.0880697475	0.0000621267	0.0004134416	0.7546869319
0	0.0148740513	0.0015525747	0.0324316460	0.8882997957	0.0628419323
0	0.7953640963	0.0926587599	0.0000043198	0.0542433301	0.0577294939
0	0.3104427569	0.0000017404	0.3740979724	0.0717752777	0.2436822525
1	0.0043196115	0.1086907939	0.0068767648	0.0000000000	0.8801128299
1	0.5544258139	0.1630137997	0.0000007793	0.1730849393	0.1094746679
0	0.0023977296	0.5586165531	0.3273999899	0.0256589865	0.0859267409
0	0.3345988960	0.1046019885	0.0673089993	0.4838872385	0.0096028776
0	0.3090204058	0.0232438004	0.4900999178	0.1064083001	0.0712275760
0	0.1050867568	0.3234661373	0.1659713143	0.4053346422	0.0001411495
2	0.0018875002	0.0004540331	0.0000000000	0.0000002824	0.9976581842
0	0.6277134145	0.0007831962	0.0295972365	0.0797784503	0.2621277024
1	0.0451343912	0.1791523869	0.0026714845	0.3509781458	0.4220635917
0	0.1357773657	0.7126392881	0.0199191041	0.0808751624	0.0507890797
1	0.2344218356	0.2337338133	0.0000000000	0.1096023498	0.4222420013
1	0.0000852204	0.4283702531	0.0092808625	0.0381225486	0.5241411155
0	0.1159996619	0.1499739693	0.5969522535	0.0001089959	0.1369651194
0	0.0129307200	0.7561669761	0.0000047244	0.1877230094	0.0431745700
0	0.3326872379	0.3390086151	0.2284170311	0.0394555592	0.0604315566
1	0.2109199730	0.0654171879	0.0003744721	0.0636457642	0.6596426028
0	0.1390721830	0.7445630908	0.0838493292	0.0146627938	0.0178526032
1	0.1292723925	0.1837818450	0.0403090516	0.0140897572	0.6325469538
0	0.0000000025	0.8482523663	0.0429674127	0.1087802185	0.0000000000
0	0.7749686231	0.0105371082	0.0940344343	0.0001400840	0.1203197504
1	0.0043528518	0.1895380345	0.0000000000	0.0077918549	0.7983172588
0	0.2394896440	0.0085438882	0.3381911246	0.4105517262	0.0032236169
1	0.0259636355	0.0072622210	0.0011971974	0.0009912468	0.9645856992
0	0.0366446358	0.0257843825	0.0003178593	0.4326318169	0.5046213055
0	0.3795045708	0.2201472501	0.1341230576	0.0372724965	0.2289526250
1	0.0000000008	0.9218182342	0.0178451494	0.0000002299	0.0603363858
0	0.0049218812	0.1986032235	0.0001137784	0.0392459992	0.7571151178
1	0.2603976742	0.1950863652	0.0004075785	0.0000023228	0.5441060592
1	0.2606546552	0.1235736949	0.2528923522	0.0000000004	0.3628792973
0	0.0046921193	0.0073835988	0.8957213692	0.0419330950	0.0502698178
0	0.0302906509	0.0050702249	0.0007630083	0.0000255942	0.9638505218
0	0.3593078918	0.5641258747	0.0018875818	0.0206431294	0.0540355224
0	0.4195235107	0.2790610943	0.0014258271	0.2401694303	0.0598201375
1	0.0306247226	0.0010056706	0.0115589291	0.0000000000	0.9568106777
0	0.0000000000	0.0044057774	0.7842102101	0.0724301377	0.1389538748
1	0.0719256756	0.3098430581	0.0181852188	0.5128141740	0.0872318735
1	0.0043167244	0.2741704108	0.0000000196	0.0592521217	0.6622607236
0	0.0468339716	0.4524800950	0.1948072679	0.2727624469	0.0331162185
1	0.8286644386	0.0479355471	0.0139867467	0.0047236177	0.1046896499
1	0.0620822765	0.8493578591	0.0043149083	0.0816207646	0.0026241914
0	0.0000070820	0.3388949592	0.0137735225	0.1067798115	0.5405446249
0	0.0354190709	0.0875271745	0.2662424218	0.6108113327	0.0000000000
0	0.1987446425	0.7480799256	0.0000447449	0.0036181287	0.0495125584
0	0.0005530729	0.0419088895	0.0011959725	0.8689751883	0.0873668767
1	0.1090737828	0.3862427621	0.0131722770	0.0184095686	0.4731016094
0	0.0467450986	0.1673410009	0.6274611046	0.1050836854	0.0533691105
2	0.0002231564	0.0427803089	0.0032254914	0.0060293442	0.9477416991
0	0.4213293295	0.1235000377	0.3944367136	0.0340246436	0.0267092756
1	0.0009232351	0.1491334435	0.2434786003	0.0655886688	0.5408760524
2	0.1343585231	0.5914304726	0.0000000000	0.0000241433	0.2741868610
1	0.3932573886	0.5177199215	0.0000000000	0.0871346503	0.0018880396
1	0.0037388891	0.0382022853	0.0001109711	0.0087587734	0.9491890810
0	0.4041874013	0.3898220153	0.0458936635	0.1598376821	0.0002592377
0	0.6838548811	0.0000000000	0.3077654249	0.0079645219	0.0004151720
1	0.2064856131	0.0126317769	0.0498968424	0.0326113856	0.6983743820
0	0.4448701141	0.0103899924	0.0319839326	0.0294727472	0.4832832137
0	0.0424789793	0.1863315053	0.0844773734	0.0000294531	0.6866826888
0	0.4750252862	0.1325648623	0.2260944217	0.1663154298	0.0000000000
0	0.0000000101	0.8203121571	0.0518180705	0.1265152505	0.0013545117
0	0.2886293035	0.5082786626	0.0358539882	0.1657424376	0.0014956082
0	0.0000000872	0.0004901506	0.0873114515	0.0335970203	0.8786012903
0	0.7191230605	0.0609995285	0.0000463971	0.0041418454	0.2156891685
0	0.0000361251	0.0000000568	0.0111221355	0.9797178518	0.0091238309
0	0.0258374161	0.0274610025	0.1564190616	0.0003229589	0.7899595609
0	0.5965155212	0.2780372570	0.0000070271	0.1186848067	0.0067553880
0	0.5316117447	0.3472214790	0.0000011940	0.0027928733	0.1183727091
1	0.3039858284	0.0243974502	0.6491706259	0.0000049201	0.0224411753
0	0.2267588566	0.0069520645	0.3958218181	0.1297242049	0.2407430558
0	0.8481026513	0.1489635438	0.0000000000	0.0000182405	0.0029155644
0	0.0000000000	0.1063054282	0.4267159621	0.0144417162	0.4525368936
0	0.0016395007	0.0187183171	0.7827301018	0.1053398822	0.0915721982
0	0.5781065198	0.1501517892	0.2430518891	0.0177273195	0.0109624823
0	0.3955456578	0.2255309318	0.0367257890	0.0734779503	0.2687196711
0	0.0788074919	0.0463515023	0.0000154931	0.8700720768	0.0047534358
0	0.2575703964	0.3800299714	0.0009721751	0.0078912749	0.3535361822
0	0.0002539816	0.0000040391	0.0720868907	0.3775761921	0.5500788964
0	0.0871979816	0.3884654115	0.0000002698	0.0662501519	0.4580861852
2	0.3549257228	0.1518446390	0.0505052085	0.0000000000	0.4427244297
0	0.0000114605	0.5372160234	0.1960902815	0.2522789560	0.0144032786
0	0.1503563306	0.1596921051	0.2209923418	0.3948687325	0.0740904900
