0	0.9190696615	0.0077827829	0.0299396140	0.0125027484	0.0307051932
1	0.6282044858	0.0000105794	0.1221717551	0.0032545021	0.2463586776
0	0.2119788895	0.0337931147	0.2535419766	0.5003054011	0.0003806181
0	0.0162588873	0.8539365115	0.0028242417	0.1262068033	0.0007735562
1	0.0438435876	0.5368690199	0.0051937978	0.0000000000	0.4140935948
1	0.1786539768	0.1834004457	0.1684072793	0.0023050730	0.4672332252
0	0.0289020110	0.4377049608	0.0000005058	0.3823392174	0.1510533049
1	0.0557116131	0.0141768848	0.0058812884	0.0497018415	0.8745283722
1	0.0000000000	0.0000205903	0.0000000232	0.0000005247	0.9999788618
0	0.4250155070	0.2027643963	0.3353294112	0.0000114767	0.0368792088
0	0.4148136644	0.0999422954	0.0881484564	0.3276827846	0.0694127992
0	0.0020656829	0.0000000000	0.0752409493	0.7867042351	0.1359891327
0	0.0773072717	0.3481764585	0.1188524948	0.0070758498	0.4485879253
1	0.1036536229	0.0002797339	0.0843646501	0.0000000000	0.8117019931
1	0.2630028385	0.0567059505	0.0000783878	0.0000003384	0.6802124847
1	0.0001228397	0.0083279856	0.0029978824	0.0004401135	0.9881111787
0	0.2547986418	0.0046096501	0.5803255949	0.1324564307	0.0278096826
0	0.3791549173	0.0000004961	0.0182787812	0.1087156833	0.4938501220
1	0.1095230860	0.0264034539	0.1177684124	0.0481249553	0.6981800924
0	0.1895598659	0.0009508365	0.0000000001	0.3522202355	0.4572690619
0	0.0013299784	0.3336028010	0.0000332153	0.1425239879	0.5225100174
0	0.7476735128	0.0148460807	0.1100663674	0.0398159174	0.0875981217
0	0.0687206062	0.0377443153	0.0589181610	0.0000000127	0.8346169048
1	0.0137991808	0.0000000238	0.0000373542	0.0150002592	0.9711631819
0	0.1041623824	0.0001549263	0.2355716012	0.6146532116	0.0454578785
0	0.1402448654	0.3306494570	0.5285601116	0.0000023830	0.0005431829
0	0.2974152882	0.0628967607	0.0315750643	0.2149652503	0.3931476366
0	0.4328287541	0.2896503033	0.2711829996	0.0000000000	0.0063379431
2	0.0011669755	0.0049982709	0.0000000000	0.0030177324	0.9908170211
0	0.6586515290	0.0377844864	0.0623944592	0.2408288074	0.0003407180
1	0.3217115158	0.1030952888	0.1535948119	0.4207982821	0.0008001014
0	0.0000294155	0.0007364131	0.0009272955	0.9974901543	0.0008167216
1	0.1826831348	0.0008307411	0.0040503578	0.5902868469	0.2221489194
0	0.1161025742	0.0004646697	0.0532770530	0.0476048037	0.7825508994
0	0.1632981370	0.0000047794	0.4156978515	0.1142837524	0.3067154796
1	0.0047228174	0.1031468769	0.0401331919	0.0008802228	0.8511168911
1	0.0341818599	0.4492860277	0.3183408898	0.0139538776	0.1842373450
1	0.0001994158	0.0096075237	0.0098013866	0.0027968012	0.9775948727
0	0.0277989263	0.0304691310	0.0004618256	0.2069132868	0.7343568303
1	0.1779222207	0.4979198881	0.1875825927	0.0023820682	0.1341932303
0	0.0180602280	0.0000000000	0.9694119413	0.0117648417	0.0007629890
0	0.0273226613	0.0241649135	0.0056664986	0.0172543157	0.9255916108
1	0.0006428786	0.0511265017	0.0002037111	0.0000002228	0.9480266858
1	0.0128058174	0.0361155022	0.3259478458	0.0504724761	0.5746583584
0	0.0007253079	0.0003131788	0.7360516667	0.2052805253	0.0576293213
1	0.0677357927	0.0450630055	0.0054001459	0.0325928422	0.8492082136
1	0.0543619048	0.2276682148	0.0176643570	0.0039948026	0.6963107209
1	0.1820642517	0.4797773730	0.0057310886	0.0629551850	0.2694721017
0	0.0825580534	0.0281350784	0.0124709324	0.1100201094	0.7668158264
0	0.0223557179	0.2138244338	0.3380383217	0.3271607360	0.0986207907
0	0.3383867945	0.0347365115	0.3873329124	0.1777232949	0.0618204866
0	0.0174030842	0.2179039622	0.0390899352	0.6001380302	0.1254649883
0	0.0002466963	0.0274315840	0.1113556117	0.6970243707	0.1639417373
0	0.0338823766	0.5649714504	0.0000005714	0.0042448678	0.3969007338
0	0.0000015667	0.2564252181	0.0593848108	0.4797782225	0.2044101818
0	0.7080504786	0.2577119860	0.0172420232	0.0000000000	0.0169955122
2	0.0023160891	0.0009814562	0.0000000000	0.0027344475	0.9939680072
1	0.1907613496	0.6147264418	0.0219129153	0.0687658433	0.1038334500
1	0.4654889140	0.1449148820	0.1552163598	0.0001116061	0.2342682381
0	0.3256897677	0.0000006798	0.4470984738	0.1751092784	0.0521018003
0	0.1384558875	0.0002609254	0.8249340548	0.0000033449	0.0363457873
1	0.5173057304	0.0086556198	0.0849909369	0.0612684312	0.3277792816
0	0.3147602105	0.0747712403	0.0030305612	0.4457246959	0.1617132921
0	0.3555433061	0.0373441498	0.5338279546	0.0036070174	0.0696775720
0	0.1435912152	0.0182312472	0.5544308269	0.0432535154	0.2404931953
0	0.0009962730	0.0000001988	0.9003847717	0.0986187565	0.0000000000
0	0.1673817299	0.0182181162	0.2136809751	0.0162332682	0.5844859107
0	0.7989766496	0.0161744885	0.0294464133	0.0566091201	0.0987933284
1	0.0003910187	0.0682542414	0.0200803622	0.0075497597	0.9037246180
0	0.4231978092	0.1217906534	0.3005393909	0.0076901109	0.1467820356
1	0.0055230684	0.0302844540	0.0003429194	0.0041302627	0.9597192955
1	0.3280266466	0.2876181416	0.0153300925	0.0283492176	0.3406759017
0	0.0295170472	0.0257574742	0.0178868220	0.0076304161	0.9192082406
0	0.0000000046	0.0089662961	0.1057831400	0.8852502513	0.0000003080
2	0.0073873044	0.1165196123	0.0000164358	0.0003141326	0.8757625149
1	0.3362526190	0.0833209311	0.0184497848	0.0211864422	0.5407902228
1	0.1357257934	0.4331899603	0.0547622832	0.0521989255	0.3241230376
1	0.0133292747	0.9051693655	0.0548523637	0.0240238009	0.0026251953
0	0.6677916092	0.0032587202	0.2960714803	0.0066479903	0.0262302000
0	0.2351581455	0.2537827944	0.4091993365	0.1018597232	0.0000000003
0	0.9873575312	0.0038758661	0.0000126233	0.0070504073	0.0017035720
0	0.1638132315	0.0332590899	0.5024996539	0.3004140192	0.0000140056
0	0.0571024739	0.0031401938	0.2200884493	0.2672095663	0.4524593168
1	0.0295434136	0.2865303775	0.1308331506	0.2283770760	0.3247159823
1	0.0032751945	0.0004266161	0.0205340111	0.0290210599	0.9467431184
0	0.5517315935	0.0005431515	0.0014603489	0.4088387041	0.0374262020
0	0.5215224142	0.1169186584	0.0241969752	0.0219855578	0.3153763944
1	0.5044879082	0.0312074877	0.0761390414	0.0005605952	0.3876049676
1	0.6526698857	0.0004669995	0.0006388275	0.3460764198	0.0001478674
0	0.8454527283	0.0000125346	0.0215177486	0.0200273619	0.1129896266
0	0.0430667803	0.8092340034	0.1472457658	0.0003978725	0.0000555781
0	0.0428929095	0.0000003087	0.0022181319	0.9540019117	0.0008867382
1	0.0109460563	0.3686411083	0.1733938075	0.0356945724	0.4113244555
1	0.1650660258	0.2301972270	0.1474647312	0.0793066972	0.3779653187
0	0.1367225425	0.0926863796	0.0142929855	0.7505588954	0.0057391970
0	0.1720126109	0.2536013483	0.0285047673	0.3302612504	0.2156200231
0	0.3473264604	0.0539144094	0.0000000000	0.1709587286	0.4278004017
0	0.5359252056	0.2553664654	0.1699053820	0.0020484325	0.0367545144
2	0.0774632414	0.0477307917	0.0000000000	0.0000000044	0.8748059625
0	0.0000405296	0.1088956065	0.0352068320	0.5555897804	0.3002672516
