0	0.0001672178	0.0429070154	0.0448464222	0.4037370189	0.5083423256
0	0.5677806687	0.0531680523	0.0007197460	0.2497755084	0.1285560246
0	0.0000449138	0.0295001091	0.0000000000	0.0000931429	0.9703618342
0	0.0000000808	0.2440752178	0.1904573926	0.5623204770	0.0031468318
1	0.0000000000	0.2232718647	0.0050832707	0.0398690693	0.7317757952
0	0.0000000000	0.0872860264	0.1531636433	0.7056194716	0.0539308587
0	0.0000000013	0.1461225685	0.3736088553	0.3107928891	0.1694756858
0	0.3238619688	0.0097360012	0.4018755680	0.0036025406	0.2609239214
1	0.1437951949	0.2081304790	0.0000000000	0.2414957063	0.4065786198
1	0.1883602826	0.0523978622	0.0687123193	0.0002858295	0.6902437064
1	0.0274127946	0.0838076446	0.0212331218	0.0191727377	0.8483737013
0	0.0413525277	0.3730025487	0.0139273833	0.1039137950	0.4678037452
0	0.3388494203	0.1807055979	0.0086311377	0.1407140331	0.3310998110
0	0.0099444998	0.8334983553	0.0009457099	0.0052359545	0.1503754804
0	0.0027803913	0.0339431763	0.0005423329	0.9476851113	0.0150489882
1	0.0972983860	0.2170934380	0.0048768303	0.0000000000	0.6807313457
1	0.0593800134	0.9266799479	0.0032470461	0.0000643589	0.0106286337
0	0.2169220109	0.3222391287	0.0046370194	0.1098043203	0.3463975206
1	0.0740183443	0.7828711389	0.0000240563	0.0006334040	0.1424530565
0	0.1231206761	0.3584005792	0.1837748524	0.3246453424	0.0100585499
0	0.0072824467	0.0807142011	0.4538058907	0.0010197684	0.4571776932
1	0.0787367628	0.2612041296	0.0112243307	0.1725792867	0.4762554902
1	0.0184104969	0.0732457990	0.0015914816	0.4588516980	0.4479005245
2	0.0147811298	0.0438797660	0.0001058645	0.0120394234	0.9291938163
0	0.1484469712	0.0143107290	0.2836872128	0.5535090809	0.0000460061
0	0.0000812658	0.0000484534	0.7308105162	0.2647340549	0.0043257097
0	0.0822556910	0.0635023853	0.6451492858	0.0595435291	0.1495491088
2	0.1718400896	0.0538764662	0.0000000000	0.0311967940	0.7430866502
1	0.3245027890	0.0286843803	0.2849997333	0.0000000000	0.3618130974
0	0.0439484044	0.0027151820	0.5096302357	0.0000479887	0.4436581892
0	0.4202178792	0.0088701500	0.2672955899	0.2906290205	0.0129873604
1	0.0170650879	0.2018837106	0.0437941589	0.0126073585	0.7246496841
1	0.1150457125	0.3383833881	0.1618041597	0.0000001362	0.3847666036
0	0.2922742917	0.1090609475	0.2066838886	0.2703564414	0.1216244308
0	0.0008236247	0.3634565321	0.3993921761	0.2363273856	0.0000002816
1	0.8640061820	0.0144968233	0.0000000000	0.0000037388	0.1214932559
0	0.2012084738	0.0373249778	0.6766814251	0.0336611503	0.0511239731
0	0.5064300235	0.0456303049	0.1963966757	0.0821824037	0.1693605923
0	0.7084245637	0.0494607838	0.0907278234	0.0927016504	0.0586851787
0	0.2673795799	0.0364799960	0.2992821844	0.0009955758	0.3958626639
0	0.6534436658	0.1317971317	0.0150832910	0.0833408475	0.1163350640
1	0.0000003099	0.7745397000	0.0529876282	0.0004253148	0.1720470471
0	0.0768278548	0.0000000101	0.6954032492	0.1983422644	0.0294266215
0	0.2948533916	0.0610219180	0.2603052315	0.0136337811	0.3701856778
0	0.1311729846	0.5378241817	0.0000334382	0.0552753206	0.2756940750
1	0.1551500606	0.0060745237	0.0121489695	0.0488500325	0.7777764137
1	0.2354191225	0.2587770882	0.1494065000	0.0004923348	0.3559049544
0	0.0000754859	0.0118016659	0.1728686930	0.6327130001	0.1825411551
1	0.0577873513	0.7332778914	0.0006859016	0.0399642758	0.1682845799
1	0.1579044979	0.5671199344	0.0788569292	0.0000000000	0.1961186386
1	0.0021008963	0.7831233954	0.0000051281	0.0095721522	0.2051984279
1	0.3293784569	0.1287394920	0.0637007659	0.2378264716	0.2403548136
0	0.0311265309	0.0477669287	0.0000566556	0.8289385590	0.0921113258
1	0.5680766249	0.1323995422	0.0354207738	0.0034143564	0.2606887028
2	0.0911730745	0.0361897336	0.0000000000	0.0130303607	0.8596068312
0	0.2019222424	0.5259606100	0.0047060385	0.2122800323	0.0551310768
0	0.4995811020	0.1169412197	0.0262867806	0.2725037817	0.0846871160
0	0.0292997805	0.0057979912	0.2355341602	0.0007395444	0.7286285237
1	0.1642729784	0.7841972588	0.0001351425	0.0000000109	0.0513946095
1	0.0275008250	0.6234258562	0.0720694104	0.0000000000	0.2770039084
0	0.0000000010	0.0606402427	0.0441200999	0.0018249986	0.8934146577
1	0.0348477997	0.4474964420	0.1020536098	0.0017506877	0.4138514608
0	0.4612651323	0.2158969591	0.1252918188	0.0949394536	0.1026066362
0	0.0000000071	0.0313482430	0.5589868440	0.2525443980	0.1571205078
0	0.0000672145	0.0001074539	0.0166283530	0.0047326858	0.9784642928
0	0.0018008413	0.0003890258	0.0000005102	0.0037071472	0.9941024755
0	0.0001650108	0.0540607997	0.1236974853	0.0109091607	0.8111675436
0	0.0000049812	0.0467684640	0.2613399888	0.6745778100	0.0173087559
0	0.0419942455	0.1400482431	0.7508407218	0.0464369014	0.0206798882
0	0.0099069267	0.0999901986	0.0000000000	0.3767754486	0.5133274262
0	0.1634072564	0.0000000000	0.8283144564	0.0005642915	0.0077139957
1	0.4459172058	0.0912160573	0.0028163945	0.0086393782	0.4514109642
0	0.1991649258	0.7096531429	0.0627245258	0.0109745026	0.0174829031
0	0.0398521247	0.5744628655	0.0014495795	0.0640747567	0.3201606737
0	0.3007689474	0.0000000000	0.6597394140	0.0394912535	0.0000003850
0	0.7686689827	0.1176247874	0.0452333016	0.0341268126	0.0343461158
0	0.3559696261	0.0323169140	0.0000005906	0.2356806254	0.3760322440
0	0.7984945735	0.0130433677	0.0000000000	0.0129504028	0.1755116560
1	0.0000369834	0.1901187600	0.0000114147	0.0023802321	0.8074526098
0	0.3341792303	0.4544834884	0.2113372795	0.0000000017	0.0000000000
0	0.0000000000	0.6634633267	0.0000046710	0.0000030104	0.3365289919
1	0.0052711838	0.7710890489	0.0000000507	0.0000000000	0.2236397166
0	0.0968107457	0.2902466021	0.0102038009	0.0141221998	0.5886166515
1	0.0001351396	0.0167021198	0.0000000000	0.0040438552	0.9791188855
2	0.0020390943	0.0150697977	0.0003973385	0.0012195538	0.9812742157
1	0.3478217152	0.6471324685	0.0048963872	0.0000022658	0.0001471633
0	0.1611252541	0.5101599088	0.0012784077	0.0507830342	0.2766533953
0	0.9196231964	0.0288712425	0.0027707703	0.0487347225	0.0000000683
1	0.0523722243	0.2583408191	0.0000000614	0.4057968846	0.2834900106
1	0.0009064292	0.6688908506	0.0057791614	0.0000000001	0.3244235588
0	0.0506974884	0.0059503082	0.3683831354	0.0000000289	0.5749690392
2	0.0570148411	0.4261743052	0.0015075506	0.0004295550	0.5148737481
0	0.3090369320	0.0708782227	0.0000051708	0.6096512245	0.0104284500
1	0.0308889743	0.0410163541	0.0004350067	0.0000992922	0.9275603727
0	0.0559406915	0.8569272194	0.0824970991	0.0046349900	0.0000000000
0	0.2467205442	0.2787911242	0.0953286020	0.0088913808	0.3702683489
0	0.0236666934	0.0000000143	0.5206863471	0.4547855974	0.0008613479
1	0.0000735367	0.8929339773	0.0025344386	0.0000786509	0.1043793965
1	0.4994749280	0.0429499946	0.0000781984	0.0414551336	0.4160417454
1	0.0361532865	0.8069823074	0.0063981199	0.0000000000	0.1504662862
