1	0.0651610584	0.1551905865	0.0260011871	0.7511263420	0.0025208260
0	0.0000004162	0.0352495118	0.4776355934	0.4845165148	0.0025979638
0	0.2426697007	0.0828249294	0.6582883259	0.0026076136	0.0136094304
0	0.8765478955	0.0056388661	0.0247962890	0.0000004317	0.0930165177
0	0.0007428000	0.0234512882	0.1457699337	0.4802033047	0.3498326735
1	0.0036310451	0.0000005099	0.0440389678	0.9509300961	0.0013993810
0	0.0000001464	0.0000000128	0.9487358498	0.0082150676	0.0430489235
0	0.6893597802	0.0254103431	0.0000235464	0.2126663830	0.0725399473
2	0.3275287737	0.0236272491	0.0892036659	0.5591359113	0.0005044000
0	0.0138160229	0.9858901461	0.0000000079	0.0000148232	0.0002790000
