0	0.0281521584	0.0007203661	0.0581845552	0.9078724105	0.0050705098
1	0.0067660159	0.6176795361	0.0911976009	0.0042572788	0.2800995683
2	0.2314869162	0.0726919822	0.3520888315	0.1087763432	0.2349559268
0	0.0005786134	0.5736536986	0.2131009686	0.2115125983	0.0011541211
0	0.0002718171	0.1385120600	0.0003950049	0.8395136279	0.0213074901
0	0.0140993967	0.0000000000	0.2546599461	0.0000261240	0.7312145332
1	0.0271461534	0.0143275918	0.1277007807	0.8308252114	0.0000002627
0	0.1668910445	0.8244343554	0.0068175174	0.0000944138	0.0017626689
0	0.6088486788	0.1804040167	0.2107473039	0.0000000000	0.0000000006
0	0.0000000000	0.1075606401	0.3175834515	0.4615054019	0.1133505065
