0	0.1764848528	0.2429423354	0.2375673215	0.3423536122	0.0006518780
1	0.0083135779	0.0000999408	0.0047837829	0.9868022517	0.0000004466
1	0.0040323761	0.0000060254	0.4797843178	0.4927228895	0.0234543912
1	0.0691137833	0.2430039987	0.1011629472	0.5867104426	0.0000088282
1	0.1533770281	0.2062488945	0.6083377121	0.0006406319	0.0313957333
0	0.0977541626	0.0001048527	0.8008597618	0.0424715963	0.0588096266
0	0.0044970613	0.9820872741	0.0121414146	0.0012742475	0.0000000025
2	0.2670936618	0.1223400195	0.1363199560	0.4742463628	0.0000000000
1	0.1707958967	0.1524057474	0.5047750479	0.0370832112	0.1349400968
1	0.1755555020	0.1246315488	0.6429349856	0.0221569250	0.0347210386
