0	0.3238558583	0.0085209928	0.0000000000	0.4218202949	0.2458028539
0	0.1157460755	0.0000014740	0.1938360141	0.5996133863	0.0908030501
0	0.2709892187	0.6427502506	0.0412349361	0.0430092164	0.0020163782
2	0.0001931757	0.0013668001	0.0708266432	0.0542374807	0.8733759003
2	0.0009120721	0.0718180763	0.6495176076	0.0710745560	0.2066776881
1	0.2515931930	0.6601045576	0.0037072988	0.0845949506	0.0000000000
0	0.0680013996	0.7454152790	0.0017069881	0.0229698913	0.1619064420
0	0.1144927322	0.0048975027	0.7622400721	0.1183668341	0.0000028589
1	0.0984635368	0.0146242173	0.7161371530	0.1697576092	0.0010174836
1	0.0000863325	0.8693782105	0.0362150216	0.0765138572	0.0178065783
