0	0.0074270153	0.1671146974	0.0099430257	0.3765745137	0.4389407479
0	0.0000000000	0.0155882912	0.0903250437	0.8939392906	0.0001473745
2	0.3182546111	0.1607153651	0.0000001902	0.4609645818	0.0600652518
1	0.0830447508	0.0320042139	0.0999826075	0.7771941219	0.0077743059
0	0.0125102333	0.4619500010	0.1832948317	0.0000009496	0.3422439843
1	0.0024968668	0.2291770779	0.0011289572	0.0340576847	0.7331394133
2	0.0000000362	0.2975006051	0.0928907803	0.6096084866	0.0000000918
0	0.0000000486	0.8559566861	0.0013424052	0.1427008600	0.0000000000
1	0.1522639811	0.5642287671	0.2564452666	0.0113998169	0.0156621683
0	0.0006631119	0.0000000000	0.7540891777	0.1606268048	0.0846209055
