0	0.0000000066	0.1725195953	0.3264251155	0.3658224675	0.1352328151
2	0.0120555744	0.1731050547	0.0000000000	0.4172683525	0.3975710184
1	0.0169304417	0.0001515164	0.7366696871	0.1838081122	0.0624402426
0	0.0238655029	0.8445586834	0.0000122440	0.0760182667	0.0555453031
0	0.0006466829	0.1034870628	0.0975530787	0.6213320401	0.1769811355
0	0.3133697040	0.0769653407	0.0695241545	0.4671010790	0.0730397218
0	0.0327827202	0.5947656747	0.1113429765	0.2135855515	0.0475230772
0	0.0881363227	0.6065961479	0.0651630843	0.2401044451	0.0000000000
0	0.0254993218	0.2391489686	0.1735110064	0.5331809215	0.0286597816
2	0.0000082735	0.6746395256	0.1753653506	0.1420058150	0.0079810353
