1	0.0000000000	0.4079355789	0.0163155820	0.5556224731	0.0201263659
0	0.0036460442	0.0000003302	0.7016293008	0.0741072022	0.2206171227
1	0.4213996066	0.0313954082	0.3067948098	0.1974887031	0.0429214722
2	0.0182627500	0.0431106801	0.3850525031	0.5229919814	0.0305820854
0	0.1244469364	0.2319230464	0.4412371221	0.1994224905	0.0029704046
1	0.1238373563	0.0000104478	0.0001701930	0.4341943462	0.4417876566
0	0.0520598150	0.1977063762	0.0913002217	0.5643694179	0.0945641692
0	0.1493979841	0.0479459814	0.7134265483	0.0701961966	0.0190332897
0	0.0055631409	0.6933475753	0.0000006154	0.0172210247	0.2838676437
0	0.1406265049	0.7385499961	0.1023950834	0.0184284113	0.0000000042
