0	0.0000013044	0.3722977170	0.0005676949	0.3705774821	0.2565558016
1	0.0220246185	0.1799779421	0.0076464099	0.4704111678	0.3199398617
0	0.0558837432	0.0000375431	0.2593768917	0.5358286772	0.1488731447
1	0.0004001093	0.2782052942	0.0388797178	0.6807895343	0.0017253443
2	0.2025401170	0.1444684596	0.1682611707	0.3825295047	0.1022007480
1	0.1542737349	0.0011372259	0.0047929343	0.8160945587	0.0237015462
0	0.0003982509	0.0985931278	0.0625643391	0.8254580207	0.0129862615
0	0.0151289534	0.5395631704	0.0009309085	0.4422276168	0.0021493509
1	0.0291603091	0.0002029711	0.0000000000	0.9618318659	0.0088048538
0	0.0134745514	0.0084646791	0.3948534523	0.1869503366	0.3962569806
