0	0.0141663337	0.0322335553	0.9461701349	0.0036100880	0.0038198881
0	0.0001551493	0.0000000001	0.2647117516	0.4390083759	0.2961247231
2	0.0854015669	0.5585576798	0.0098869727	0.0000027823	0.3461509983
0	0.0000000034	0.2250093276	0.0120732358	0.7629174032	0.0000000300
0	0.0924017247	0.3478153983	0.5295570376	0.0302258393	0.0000000000
0	0.2993598598	0.4564183928	0.0091038644	0.0283464042	0.2067714789
1	0.4310530030	0.0166694790	0.0227842296	0.5294790374	0.0000142509
0	0.1444942244	0.4607845694	0.0620497083	0.3269705480	0.0057009500
0	0.2865131161	0.1029190234	0.4805242214	0.0497697881	0.0802738510
1	0.4244957447	0.0046097627	0.3928594609	0.1663157337	0.0117192980
