0	0.0000009967	0.6981829917	0.2483917312	0.0534219369	0.0000023435
1	0.6881622996	0.2056708017	0.0914383964	0.0147273981	0.0000011042
0	0.0000061816	0.0004818898	0.0000001388	0.9994854994	0.0000262904
1	0.0141949122	0.0159034789	0.3742803375	0.5521104551	0.0435108163
1	0.1242848944	0.0034575497	0.2876976589	0.5845598970	0.0000000000
2	0.0388082867	0.7202032075	0.1445887413	0.0707363141	0.0256634504
0	0.0062320654	0.0059093718	0.0735797685	0.8854159927	0.0288628014
0	0.0022273567	0.0000081526	0.0407226058	0.9570418850	0.0000000000
0	0.1421183369	0.0365604630	0.6935874587	0.0348290861	0.0929046552
0	0.5320955665	0.0009354433	0.0000000000	0.4585470325	0.0084219577
