0	0.0090252130	0.2292481622	0.0056689272	0.5858774298	0.1701802677
2	0.3156016150	0.2344872628	0.0000000000	0.3353084094	0.1146027128
0	0.0000001993	0.1614020879	0.7321953393	0.0994299242	0.0069724492
0	0.0409850775	0.0631354915	0.0928189345	0.7141693755	0.0888911209
1	0.0356893043	0.0295682141	0.7230471556	0.2020536612	0.0096416647
1	0.0081167386	0.0000000004	0.1570431793	0.8348400765	0.0000000052
0	0.1251302133	0.0183952669	0.0482478134	0.8037899116	0.0044367949
0	0.0019446547	0.0167586853	0.2364582199	0.7443020293	0.0005364107
0	0.0498931880	0.1543055200	0.0034838116	0.7520596440	0.0402578365
0	0.1890040252	0.3722626988	0.3145568246	0.1144111223	0.0097653291
