1	0.0000011685	0.0000000000	0.8427598606	0.1571826072	0.0000563636
2	0.0052204822	0.0968950545	0.8805078033	0.0103096004	0.0070670595
0	0.3436389041	0.1184056245	0.0926867926	0.2279169312	0.2173517474
1	0.0688782061	0.3518073469	0.3918594674	0.0698175565	0.1176374231
1	0.0158675702	0.1106283101	0.7675725778	0.0269195675	0.0790119743
1	0.0162537368	0.2864147601	0.6919649993	0.0001479769	0.0052185270
1	0.0101864276	0.7229836194	0.0269805893	0.1109331938	0.1289161699
0	0.0026223238	0.6467084380	0.0068576848	0.0001528390	0.3436587144
0	0.2517683639	0.4221596204	0.2675958062	0.0521868627	0.0062893469
0	0.2959735319	0.0090182775	0.6618533056	0.0189884920	0.0141663931
