0	0.0000001959	0.5172354027	0.3531232630	0.1226228464	0.0070182920
1	0.5687017443	0.0206145986	0.1087456492	0.2985705714	0.0033674366
0	0.4540578487	0.1777009797	0.0045644446	0.2886633644	0.0750133625
0	0.3006220917	0.1155929086	0.0013829695	0.5823873155	0.0000147146
0	0.0824488147	0.3448243471	0.1207293228	0.0963921364	0.3556053791
0	0.0153895565	0.7402288086	0.1443962582	0.0999853767	0.0000000000
0	0.0000000061	0.9973850547	0.0017415268	0.0000877330	0.0007856794
2	0.2280041718	0.1534948437	0.0006047138	0.6004998217	0.0173964490
1	0.0002923979	0.2212076985	0.0017879912	0.7490347488	0.0276771635
1	0.7699088605	0.1785656842	0.0005862345	0.0432614692	0.0076777516
