0	0.0443140082	0.0347918419	0.0017128638	0.0153089725	0.9038723137
0	0.0041488700	0.6185473798	0.0000153681	0.3769029537	0.0003854285
0	0.0845836041	0.0745591990	0.7519341097	0.0024356587	0.0864874285
0	0.2593656724	0.5337374361	0.0943189772	0.0772478057	0.0353301087
1	0.0000472869	0.1654692050	0.1172653354	0.1640518925	0.5531662802
0	0.0262198786	0.8434041743	0.0186974241	0.0001613468	0.1115171762
0	0.2953445414	0.4424220789	0.2474490531	0.0000000000	0.0147843267
0	0.0000000000	0.0000000003	0.0305075202	0.0051328310	0.9643596485
2	0.3216835903	0.0058433257	0.4062438725	0.0126351820	0.2535940295
0	0.0262898588	0.1261238267	0.7144475640	0.0338812402	0.0992575103
