0	0.2976166153	0.1881145065	0.0000014086	0.0023195110	0.5119479585
1	0.0767927792	0.0041395720	0.1126487054	0.0001450658	0.8062738777
1	0.0997860872	0.2789973799	0.0953554715	0.2925901682	0.2332708932
0	0.7969650289	0.0039581755	0.1589303801	0.0401419870	0.0000044286
2	0.0916939475	0.0998421316	0.2804037041	0.0553138373	0.4727463795
0	0.0000000041	0.2248420791	0.7034289471	0.0634192672	0.0083097024
0	0.0919596963	0.1390187291	0.0053023889	0.0000207960	0.7636983897
0	0.0519156203	0.3939560408	0.0249352479	0.3736222920	0.1555707990
0	0.0000027533	0.4359902447	0.0830740359	0.0006242270	0.4803087391
0	0.0677026949	0.0275775738	0.0415312822	0.1401799781	0.7230084710
