0	0.1545249383	0.2615726618	0.0063536020	0.2967408250	0.2808079729
0	0.0000240708	0.9888305670	0.0000003032	0.0000000000	0.0111450590
0	0.0097985452	0.7009568726	0.0859146363	0.0000000000	0.2033299459
1	0.0452366727	0.0368199380	0.0000000000	0.0498595128	0.8680838765
1	0.0012583229	0.4705930922	0.0000572589	0.0504156591	0.4776756670
1	0.0959190741	0.6702381953	0.0004073222	0.0002583109	0.2331770974
0	0.0000000002	0.0268266787	0.0023093225	0.0453267903	0.9255372083
0	0.0000003064	0.1808670326	0.0016481975	0.0269788966	0.7905055668
0	0.2239749278	0.0030071902	0.0000061361	0.1280138353	0.6449979106
2	0.0018190302	0.1804136246	0.0010246637	0.0000404535	0.8167022281
