0	0.0217292616	0.0840745952	0.0820071136	0.1129169052	0.6992721243
1	0.0001570504	0.8057981795	0.0845139463	0.0000020704	0.1095287534
0	0.1046021525	0.3167261529	0.0715636633	0.0104938304	0.4966142009
0	0.1708283837	0.0000739608	0.7345344062	0.0373465905	0.0572166588
1	0.0449681343	0.8907717810	0.0002079787	0.0551493854	0.0089027206
0	0.4297921032	0.4475270082	0.1046470220	0.0009115032	0.0171223635
0	0.7051287635	0.0243562828	0.0007014541	0.0017416256	0.2680718740
0	0.0000199362	0.4217783970	0.5763188805	0.0018827863	0.0000000000
2	0.0000000000	0.4369153694	0.0000029104	0.0007120722	0.5623696480
0	0.1267773577	0.7746885086	0.0955109287	0.0028851682	0.0001380368
