1	0.0001607395	0.0815254623	0.0001798647	0.1353443261	0.7827896074
0	0.8205696168	0.0730937635	0.0000000000	0.0982003364	0.0081362833
0	0.0023891290	0.8811351935	0.0915202342	0.0247685438	0.0001868995
0	0.0006662727	0.0334961103	0.0000025160	0.8252735636	0.1405615375
1	0.5736957400	0.1489478638	0.0000370728	0.0058156652	0.2715036581
0	0.2866342922	0.2707514412	0.0000000000	0.1698162165	0.2727980501
0	0.0009225865	0.2627400630	0.0004487932	0.0639449167	0.6719436406
2	0.1047687944	0.1805315426	0.0181604909	0.0029717862	0.6935673859
0	0.0609755553	0.7986168998	0.0000097364	0.0012683192	0.1391294893
2	0.0050426735	0.4715631088	0.0147910996	0.0576172545	0.4509858635
