Values used for beta_0k(intercept). Sampled from -1.0 to 1.0 uniformly:
   1	0.9961031600
   2	-0.0869114923
   3	-0.7880924578
   4	-0.9862699206
   5	0.9644498483
   6	-0.7485802775
   7	0.2339385737
   8	0.3324118608
   9	-0.7621736636
  10	0.0636423006
  11	0.5126798982
  12	0.5694057468
  13	-0.9236405558
  14	-0.6507020890
  15	0.2167799947
  16	0.6362031613
  17	-0.4920316991
  18	0.1434514721
  19	-0.5973517796
  20	0.8796652195
  21	-0.8025632967
  22	-0.7056843090
  23	0.4204442592
  24	-0.8060440938
  25	0.0388812500
  26	0.0099419849
  27	-0.3300595948
  28	-0.9587820732
  29	-0.8799500324
  30	-0.5080974898
  31	-0.5119383521
  32	0.8915181220
  33	-0.4831773802
  34	0.9938036967
  35	-0.1724706861
  36	-0.4324696096
  37	0.3275750391
  38	0.2969564004
  39	0.0990303545
  40	0.3691831055
  41	0.9647193364
  42	-0.0106190537
  43	0.5470670010
  44	-0.0685033116
  45	0.4868041976
  46	-0.9354441445
  47	-0.5545091024
  48	-0.1695698117
  49	-0.4128051670
  50	0.5728370079
  51	-0.5255510508
  52	-0.8770737948
  53	0.8555412988
  54	0.9437623688
  55	-0.1739075141
  56	-0.9793965039
  57	0.0358545637
  58	-0.9246304977
  59	0.8218627677
  60	0.0342778387
  61	0.9996076108
  62	0.1594694374
  63	0.3913528464
  64	0.2151563117
  65	-0.6771822217
  66	0.5388298594
  67	-0.6879020947
  68	0.6265665280
  69	-0.7205138276
  70	-0.2946463759
  71	-0.4768841191
  72	0.4154615650
  73	0.4049062198
  74	0.4562274046
  75	-0.8688838762
  76	0.1511627432
  77	0.9018468830
  78	0.2264763603
  79	0.6125012454
  80	0.8393294165
  81	-0.8696879437
  82	-0.2023203453
  83	0.4454541467
  84	-0.3337829039
  85	0.2592488603
  86	-0.1628231751
  87	-0.6104761674
  88	0.2410355011
  89	-0.7626637179
  90	0.6031863217
  91	0.0450568589
  92	-0.1256054145
  93	0.5609755266
  94	-0.5493324905
  95	0.3423630326
  96	0.9647034042
  97	0.6162210042
  98	0.5097545092
  99	-0.2783698988
 100	-0.3638735908

Values used for beta_k(effect). Sampled from normal with mean 0 and std 1.0:
   1	1.7138541149
   2	-0.1657816420
   3	-0.2704572676
   4	1.2529398047
   5	0.0274089200
   6	-0.0882003610
   7	0.6798479471
   8	0.4098287022
   9	-0.3445582255
  10	0.0647753897
  11	-0.7560348809
  12	-1.2226614542
  13	1.9395434290
  14	1.1581624836
  15	-0.2227126754
  16	0.8872012135
  17	-0.4088381794
  18	0.6556179445
  19	-0.8855880418
  20	0.1413003571
  21	-0.1675720332
  22	0.4349463703
  23	1.6542894065
  24	0.2694407785
  25	-0.1812547273
  26	1.3772826960
  27	0.2547474670
  28	0.4842539691
  29	-1.0797448271
  30	0.6500667623
  31	0.9754449158
  32	0.1211357144
  33	0.0638236382
  34	-0.3979857465
  35	0.7817626246
  36	-0.1214017643
  37	-1.8581655007
  38	0.4364151513
  39	-1.4324610778
  40	0.8375597530
  41	-0.9029954535
  42	-1.3383012365
  43	-1.6216128730
  44	0.3863411462
  45	0.9306849415
  46	-0.1577148011
  47	0.2542619141
  48	-0.6252402905
  49	-0.2603244453
  50	0.5402961000
  51	0.1894539053
  52	-0.7072629975
  53	-1.4842312183
  54	-0.0524816350
  55	1.2135848612
  56	0.3008308164
  57	1.9095918289
  58	1.3926153428
  59	-0.8851411749
  60	0.8014302668
  61	-0.5562241473
  62	-0.3334116777
  63	-2.2215708671
  64	0.8836424650
  65	-0.6056472576
  66	0.9730673722
  67	1.0157640633
  68	-0.0371119690
  69	-1.0611875184
  70	0.0047146856
  71	-0.0666565843
  72	2.2242448797
  73	0.8902524516
  74	-2.2099153694
  75	0.6621320500
  76	1.6523825891
  77	1.0946505477
  78	0.2969278206
  79	1.2609666730
  80	0.8177781553
  81	-0.6681711332
  82	1.2551337382
  83	1.8466479630
  84	-0.9494044005
  85	1.0654209943
  86	0.2721058242
  87	1.1365452929
  88	-1.8858087338
  89	0.2609403388
  90	-1.7228881795
  91	-1.9082318566
  92	-1.1443484925
  93	-0.6262425743
  94	-0.2635510328
  95	1.4830274223
  96	-0.5397313948
  97	-1.0079887886
  98	-1.3577971480
  99	0.4625586550
 100	-0.1939784663
