0	0.0450992732	0.0410496302	0.0013683463	0.4457626412	0.4667201092
0	0.0288667189	0.0024036988	0.1734793410	0.4858168161	0.3094334253
0	0.0004713957	0.2292787345	0.0024363045	0.0596217684	0.7081917969
0	0.2319231231	0.2175519602	0.0022129163	0.1903101341	0.3580018663
1	0.0163750249	0.3152846667	0.0270729797	0.3021385064	0.3391288224
0	0.4994838330	0.0000000000	0.1529823009	0.3435808540	0.0039530120
0	0.4887651018	0.0013637804	0.0327795283	0.2824493644	0.1946422251
0	0.0021683596	0.1924979802	0.0613683607	0.1362452313	0.6077200683
1	0.0142343196	0.0000517558	0.9457119709	0.0301782354	0.0098237184
0	0.0057510121	0.3715299178	0.1941883739	0.4256966223	0.0028340739
0	0.5725624589	0.0783354276	0.0072532795	0.2642526870	0.0775961469
0	0.0324177490	0.0007297761	0.0640310770	0.0000000868	0.9028213111
2	0.0084497350	0.0956806540	0.0663943009	0.5086876289	0.3207876812
1	0.0000000004	0.0001648402	0.7722803864	0.2110645698	0.0164902033
1	0.0053950669	0.6820230620	0.0000000000	0.2568803246	0.0557015464
0	0.0000000007	0.2216571228	0.0006023692	0.7232199273	0.0545205800
0	0.0710644042	0.0484906189	0.7623357694	0.0292967827	0.0888124248
1	0.0006827784	0.0711717062	0.6317913852	0.0808372897	0.2155168405
0	0.0181494766	0.1142089145	0.3674856502	0.0510787702	0.4490771885
1	0.0474201554	0.2504025356	0.6473876636	0.0000015970	0.0547880484
1	0.0062972910	0.7750164341	0.0229024754	0.1164805038	0.0793032957
0	0.0791276783	0.0959667801	0.8228677112	0.0000000060	0.0020378245
0	0.3065225831	0.3233817434	0.2855140334	0.0845634547	0.0000181854
0	0.3053717530	0.3424067388	0.2876074743	0.0644740903	0.0001399436
0	0.2099609086	0.4762489262	0.0063798004	0.2751121805	0.0322981843
0	0.1547926554	0.4465746787	0.0080588644	0.1807877467	0.2097860548
1	0.7529792279	0.0329522023	0.0000000000	0.2130354352	0.0010331346
0	0.0290084001	0.0673696307	0.0834797102	0.1561406621	0.6640015969
0	0.0002697021	0.0000000000	0.7808614609	0.2188688370	0.0000000000
1	0.0998314380	0.0527048056	0.8255742273	0.0218895291	0.0000000000
1	0.0596740660	0.6492092269	0.0000771609	0.1314190369	0.1596205093
0	0.5681083700	0.0000104541	0.2324643475	0.1993801124	0.0000367160
0	0.1219603424	0.3522999880	0.3829807258	0.0891720458	0.0535868980
0	0.1741264525	0.0641087408	0.3548937715	0.3343234204	0.0725476148
1	0.0000000001	0.0000000039	0.5621816752	0.0000111200	0.4378072008
1	0.0019078556	0.2177487178	0.4732285123	0.2855236847	0.0215912296
0	0.0000015699	0.2105012834	0.0000911731	0.3945661143	0.3948398593
0	0.0394224961	0.0006431985	0.1681609721	0.1297957287	0.6619776046
1	0.0000000030	0.8153931635	0.1660633242	0.0145270381	0.0040164713
0	0.0630536791	0.4230334778	0.0001260046	0.4983662165	0.0154206220
0	0.0000000000	0.0455143137	0.1847540636	0.1980013475	0.5717302752
1	0.0000000000	0.0000080770	0.9304892657	0.0312450549	0.0382576024
0	0.2162900562	0.2346334634	0.4987327505	0.0503398880	0.0000038419
0	0.8160160193	0.0286136134	0.1350601188	0.0000065905	0.0203036580
0	0.0214525939	0.0000340029	0.5866407928	0.3918507101	0.0000219003
1	0.0634709968	0.0191522470	0.9022667191	0.0009449275	0.0141651096
0	0.2301143351	0.7192454080	0.0505314203	0.0000000000	0.0001088365
2	0.1800848105	0.0075159554	0.0004406545	0.0589257741	0.7530328056
1	0.0003073877	0.0391522620	0.0347549020	0.9234343956	0.0023510527
0	0.1942677983	0.1592719471	0.0801358864	0.0824500492	0.4838743190
1	0.2968886250	0.1805423520	0.4065685250	0.1160004979	0.0000000000
0	0.0357911647	0.1051799439	0.0123968843	0.8466314670	0.0000005401
0	0.5377611871	0.2816566031	0.0000002851	0.0053075258	0.1752743989
0	0.4723470026	0.1002761753	0.0548851774	0.3008784015	0.0716132432
1	0.2547729735	0.0917050931	0.4688664728	0.0071227913	0.1775326694
0	0.1258654303	0.1577861322	0.0575607899	0.5121902277	0.1465974199
0	0.0189637586	0.0028873803	0.0066050563	0.9247722024	0.0467716023
1	0.3474644391	0.4165749588	0.1211735688	0.0768523652	0.0379346680
1	0.5504598853	0.0213371787	0.1047671630	0.3056916134	0.0177441596
0	0.0315048155	0.0662938058	0.7896071787	0.1125941994	0.0000000006
0	0.0886333115	0.0136443440	0.4332608655	0.0002228775	0.4642386015
0	0.0009835719	0.0004149877	0.0370484626	0.9570185619	0.0045344159
0	0.5393517242	0.0756157259	0.1289963919	0.1402762211	0.1157599369
1	0.0377156418	0.0698332772	0.2037333049	0.1023371447	0.5863806314
0	0.0875783433	0.0000033393	0.0020460250	0.6505576036	0.2598146888
1	0.1737157829	0.2999702185	0.0636550800	0.3223079613	0.1403509572
0	0.2135119778	0.0766562680	0.0321230636	0.6641061379	0.0136025526
0	0.0859606110	0.0281432295	0.7988603714	0.0512516724	0.0357841157
1	0.4904679353	0.0153736551	0.3495509198	0.1331975765	0.0114099132
1	0.1676272319	0.7069915150	0.0256416010	0.0122585579	0.0874810941
0	0.1099766329	0.0333448919	0.1584111175	0.5479610445	0.1503063132
0	0.3485547997	0.3054824221	0.1769041293	0.0631211014	0.1059375475
0	0.0000652215	0.1144763070	0.5326507494	0.3009071081	0.0519006140
1	0.0744049860	0.2065694815	0.5803442967	0.0000001869	0.1386810488
1	0.1402554626	0.0000000428	0.4019359349	0.2343172546	0.2234913051
1	0.0092330217	0.0180003564	0.4388323292	0.5168589310	0.0170753617
1	0.2485463226	0.4028701072	0.0466720427	0.1829714903	0.1189400372
1	0.0511314134	0.0173370421	0.7930397985	0.0010040934	0.1374876526
0	0.0360242812	0.0100443683	0.1169439610	0.6517936895	0.1851937000
0	0.0194348209	0.1218362965	0.7055684681	0.0000001403	0.1531602742
0	0.0194090855	0.0068275683	0.4883881646	0.0249975732	0.4603776085
1	0.0057050858	0.0001431728	0.0585732494	0.0194426428	0.9161358492
0	0.0539876086	0.5516542261	0.1032489715	0.0794360430	0.2116731507
0	0.0053118968	0.0075514251	0.8844105616	0.0257519404	0.0769741762
1	0.0223307340	0.0436758906	0.8599184693	0.0368123794	0.0372625267
2	0.0298187893	0.0422915616	0.0146006746	0.2508490370	0.6624399375
0	0.9391888895	0.0000016367	0.0035013931	0.0466193485	0.0106887323
1	0.8511649748	0.0002064264	0.0000070134	0.0000000000	0.1486215854
0	0.5674252440	0.0517596007	0.1299979226	0.1616301002	0.0891871326
0	0.0043847048	0.2249643191	0.0196238088	0.4092326422	0.3417945250
1	0.0950801982	0.6671529514	0.0106252378	0.0054014768	0.2217401358
1	0.0033287249	0.0003280668	0.0066401325	0.7738103657	0.2158927100
1	0.2811122473	0.0028496650	0.1959002921	0.1304024732	0.3897353224
0	0.0875318290	0.0002358352	0.8952547817	0.0089353311	0.0080422230
0	0.9382459534	0.0106936947	0.0064362053	0.0412147223	0.0034094243
0	0.0000000240	0.0623974138	0.7852624990	0.0671995715	0.0851404917
1	0.0070661944	0.3536318271	0.0078519603	0.2538569681	0.3775930501
0	0.1444760392	0.0001473416	0.3195201489	0.4456779387	0.0901785315
1	0.0038171080	0.9705015012	0.0068948465	0.0176237656	0.0011627786
0	0.2377571549	0.6386826461	0.0114352875	0.1121225096	0.0000024020
