0	0.0302264467	0.2460076021	0.6583473867	0.0442555393	0.0211630251
0	0.9366391497	0.0093322285	0.0198315393	0.0341970579	0.0000000246
2	0.0018167784	0.9801719034	0.0158609552	0.0000004687	0.0021498943
1	0.0000167158	0.1139212384	0.5505944482	0.2549967474	0.0804708502
1	0.0662110541	0.0000006196	0.7916624918	0.1028142459	0.0393115886
1	0.3848571782	0.0253489520	0.0039351975	0.1114216471	0.4744370253
0	0.1360556291	0.5053428813	0.1098178768	0.1976254786	0.0511581342
0	0.5660998207	0.1940178555	0.0127193274	0.0669423221	0.1602206742
1	0.0040461444	0.0442363487	0.3841980227	0.4282446433	0.1392748409
1	0.3118133200	0.0928868124	0.3524617071	0.2288547788	0.0139833817
0	0.6049578705	0.1022564719	0.0170027856	0.0000000000	0.2757828720
2	0.0234778427	0.2635227298	0.6065587827	0.0971004350	0.0093402097
0	0.2855882433	0.0068695552	0.5309638607	0.0944483809	0.0821299599
1	0.1121541047	0.0424896190	0.3279502526	0.0819926246	0.4354133990
0	0.3934202866	0.1271895350	0.4653951033	0.0015939330	0.0124011420
0	0.7185357393	0.1280508086	0.0002383458	0.0600828446	0.0930922617
1	0.0803792675	0.0807569070	0.7139703791	0.1221319940	0.0027614524
0	0.7111233991	0.0128036027	0.1915171280	0.0831910397	0.0013648304
0	0.4966380193	0.0034526736	0.1337687250	0.0148286341	0.3513119480
0	0.0054757491	0.2787725425	0.0534621373	0.1540988186	0.5081907525
1	0.0002414290	0.0025639049	0.7876766790	0.0000034725	0.2095145146
1	0.2745284727	0.0224604273	0.0172718807	0.1307902146	0.5549490047
1	0.7299598462	0.0442317491	0.0733558968	0.1501091207	0.0023433873
0	0.3377324427	0.0475471787	0.0250770306	0.4843320382	0.1053113098
0	0.0026184772	0.0944415901	0.4538551232	0.4346787295	0.0144060801
1	0.0000833987	0.2360610881	0.4815410353	0.0000001742	0.2823143037
1	0.0115411787	0.0870076164	0.0041430391	0.7124543045	0.1848538613
0	0.3690774465	0.0008827137	0.0892693475	0.0557647380	0.4850057542
1	0.7013336050	0.0101924925	0.0514133736	0.0000000010	0.2370605278
0	0.0204236218	0.0088117843	0.2715184369	0.0275371380	0.6717090190
2	0.0419941894	0.3974617089	0.3995747877	0.0632367365	0.0977325775
1	0.4002728354	0.0000000000	0.2956224453	0.0042627962	0.2998419231
0	0.6438850591	0.0033650891	0.3355489069	0.0000000000	0.0172009449
0	0.0128475417	0.3518723626	0.2347660217	0.2722061435	0.1283079304
0	0.1781275404	0.0000013242	0.0250545213	0.5927958383	0.2040207758
0	0.0415779136	0.4179743825	0.2803528648	0.2599985212	0.0000963179
0	0.0760886246	0.0436884145	0.0065218259	0.2213762214	0.6523249135
0	0.0020309578	0.0000002322	0.0000000003	0.1221881772	0.8757806325
1	0.0030162464	0.0000053614	0.2805549253	0.1793957878	0.5370276791
0	0.4141661995	0.3640070424	0.1101092484	0.1020483971	0.0096691127
1	0.3093503032	0.0001972182	0.3152177005	0.3140873861	0.0611473920
0	0.2772983985	0.1760262930	0.3903289356	0.0740859365	0.0822604364
1	0.4965759245	0.0000090432	0.0921953372	0.0000000000	0.4112196950
0	0.0000026865	0.0054112952	0.8922279593	0.0397365603	0.0626214986
1	0.0233787410	0.0554603757	0.9145861794	0.0065740844	0.0000006195
0	0.0721753025	0.4308839645	0.0000391988	0.0548683572	0.4420331770
2	0.0221785681	0.0625343883	0.5503324800	0.1450863530	0.2198682106
1	0.1566768688	0.0000001667	0.4285789929	0.4093349838	0.0054089878
0	0.0088534144	0.0120926045	0.4223762629	0.5067955626	0.0498821557
1	0.0303745834	0.1509412259	0.4842641953	0.0008583440	0.3335616514
1	0.0062846383	0.8899050451	0.0004466393	0.0984427579	0.0049209194
0	0.5767566056	0.0838275152	0.0555594471	0.0655448352	0.2183115968
1	0.1448012824	0.8167688325	0.0000037263	0.0008241917	0.0376019671
0	0.4884261989	0.3626365870	0.0509027198	0.0134852045	0.0845492899
0	0.0003096336	0.6527930912	0.3059825036	0.0262350009	0.0146797707
0	0.0697187355	0.7091029708	0.0056582200	0.0562511633	0.1592689104
0	0.0000000612	0.0116208891	0.0000088441	0.1970342778	0.7913359278
0	0.6500471724	0.0077288019	0.0000000000	0.0698127121	0.2724113136
0	0.0003864516	0.0000030228	0.3035691787	0.4300011315	0.2660402154
1	0.0177641382	0.8611494530	0.0008369732	0.0000000000	0.1202494356
0	0.2031269966	0.1888310535	0.3401151208	0.2664949692	0.0014318599
0	0.0995406267	0.0324685626	0.6576877190	0.0025501060	0.2077529857
0	0.2978021102	0.0000000000	0.0007929788	0.7006643291	0.0007405819
1	0.0799001779	0.0700830094	0.0020356116	0.7705188559	0.0774623452
0	0.2886631334	0.2490568102	0.0009302382	0.4611867337	0.0001630845
0	0.0589553247	0.0142925113	0.6279012015	0.2565662086	0.0422847540
1	0.0019829057	0.0783676242	0.8917289734	0.0279204967	0.0000000000
1	0.0000000000	0.1222980745	0.1050755369	0.7726257522	0.0000006364
0	0.0000000070	0.7154637142	0.2069494297	0.0009189075	0.0766679416
1	0.0052693831	0.2393826667	0.3575412972	0.0009322786	0.3968743744
0	0.0034871390	0.0251094389	0.0299809900	0.3188577609	0.6225646712
0	0.4167738103	0.0099837340	0.0000008128	0.0472569573	0.5259846856
0	0.0513791458	0.3356558221	0.0001997332	0.0273255591	0.5854397397
2	0.0000000029	0.5358222398	0.0070225343	0.0093267259	0.4478284971
0	0.4392567719	0.0256883815	0.0076675651	0.1835910185	0.3437962629
0	0.4727693665	0.0264159373	0.0000000002	0.4403813934	0.0604333025
1	0.0202838031	0.4001662280	0.1580943661	0.1020345966	0.3194210063
2	0.0001219080	0.0002642786	0.0000000000	0.9996138134	0.0000000000
0	0.0000000000	0.1245267048	0.0458121310	0.1312343984	0.6984267659
0	0.0315823922	0.0008343363	0.7758142982	0.1550105468	0.0367584265
0	0.3088068573	0.6722667588	0.0011309989	0.0156479381	0.0021474468
0	0.4177119798	0.0406375175	0.2524300248	0.2364758995	0.0527445784
0	0.5463492008	0.0002075987	0.1548990470	0.2930441565	0.0054999971
1	0.9267962647	0.0501947769	0.0003614817	0.0224390599	0.0002084168
1	0.1866929564	0.0451949968	0.0016927472	0.7663406356	0.0000786638
0	0.7037556349	0.1853086639	0.0308900876	0.0065489556	0.0734966580
0	0.0447178933	0.0578011398	0.0769480147	0.8065599683	0.0139729839
1	0.9011748898	0.0062160781	0.0053966351	0.0861891306	0.0010232663
0	0.0735727665	0.0001744159	0.0110637807	0.5054255097	0.4097635271
0	0.7861320165	0.1337717349	0.0242968398	0.0306905940	0.0251088149
0	0.0004514729	0.0000154892	0.1071663250	0.5779241716	0.3144425413
1	0.5144106473	0.0015851260	0.0806175380	0.3799929699	0.0233937188
0	0.1465860528	0.0006732301	0.0673910983	0.0077279946	0.7776216243
0	0.0000122861	0.0002260892	0.0213036503	0.0387975034	0.9396604709
1	0.0515007330	0.2199734472	0.0000000000	0.2329327086	0.4955931112
0	0.4682720051	0.3553468469	0.0552197368	0.1053523906	0.0158090207
1	0.0484465137	0.0084689363	0.0000112496	0.4452883834	0.4977849171
1	0.0027927848	0.5471575319	0.0049906063	0.4296049013	0.0154541758
0	0.1304907180	0.0000020648	0.0004566563	0.8689316342	0.0001189268
2	0.6173956305	0.1530356983	0.0226934624	0.0710840908	0.1357911179
