1	0.6997724489	0.0354968239	0.1447556921	0.0728578247	0.0471172105
0	0.0027092715	0.0045547300	0.9266643990	0.0619303499	0.0041412496
1	0.2171052497	0.2894021714	0.0000254761	0.4862690534	0.0071980495
0	0.2484218395	0.4628071636	0.1876046329	0.1002122964	0.0009540677
0	0.0010918361	0.0043598632	0.8232472828	0.0597488847	0.1115521332
0	0.0022837287	0.0000000075	0.1011922602	0.0635984643	0.8329255393
1	0.4970493750	0.3263094516	0.1066905572	0.0000010912	0.0699495249
1	0.3409520113	0.0868778026	0.5103614487	0.0615538355	0.0002549019
0	0.0785112526	0.1964316156	0.0056418011	0.7194153307	0.0000000000
0	0.3455445485	0.4737801671	0.1527163037	0.0279589807	0.0000000000
0	0.0965306222	0.7776615864	0.0002646919	0.0000000013	0.1255430982
1	0.0385579242	0.5484316849	0.2864239625	0.0153816139	0.1112048145
1	0.5412953956	0.0000000000	0.4569926699	0.0014570104	0.0002549241
1	0.1852762504	0.0145803491	0.5292587855	0.2706530194	0.0002315957
0	0.0000009018	0.2303916686	0.1673080682	0.0007237858	0.6015755756
0	0.0867277889	0.0164888666	0.3727683806	0.0462738312	0.4777411327
0	0.0003836468	0.5030238399	0.0007613382	0.4304312513	0.0653999238
0	0.0007046304	0.0074054645	0.0582986884	0.9335912168	0.0000000000
0	0.0000000228	0.0456541468	0.0007719630	0.7917918270	0.1617820403
1	0.0349569238	0.1700125218	0.0682460442	0.5263051382	0.2004793721
0	0.0005766733	0.0064783309	0.0534553604	0.0056806663	0.9338089691
0	0.1141602003	0.7965949619	0.0609198542	0.0007088651	0.0276161185
1	0.1191396833	0.0885075507	0.0007151612	0.7863451532	0.0052924516
0	0.0774198405	0.0064198432	0.6290836931	0.0539813828	0.2330952404
0	0.0012163243	0.1698467086	0.7008043452	0.1281326200	0.0000000019
0	0.0003811951	0.0572436781	0.8806512164	0.0394257012	0.0222982093
0	0.0187480158	0.0000000000	0.0009769816	0.6721464267	0.3081285759
0	0.0000000000	0.0135073578	0.1957014064	0.7685767534	0.0222144823
0	0.0521148585	0.4086235536	0.4809277847	0.0038767957	0.0544570075
0	0.1015901153	0.0114145659	0.0189923853	0.8526704237	0.0153325098
0	0.0049934588	0.0000000000	0.9794596792	0.0155468619	0.0000000000
0	0.8556799166	0.0167414248	0.0029181645	0.0372577027	0.0874027914
0	0.0697727026	0.0052085251	0.1225770051	0.7704299137	0.0320118536
0	0.6522044522	0.1070767056	0.1310359788	0.0655644335	0.0441184299
1	0.2758670608	0.6454876170	0.0728423205	0.0056009324	0.0002020693
1	0.0433078941	0.6312762346	0.3253901333	0.0000000476	0.0000256905
0	0.6015822607	0.0961059014	0.2085104648	0.0505790870	0.0432222861
0	0.1983137186	0.1209134174	0.1129462722	0.0473738284	0.5204527633
0	0.5561232144	0.0000000218	0.0456227034	0.0000293957	0.3982246648
0	0.6251270686	0.1462037182	0.0567277117	0.0870261452	0.0849153563
0	0.2065778649	0.1428534783	0.0081807155	0.2302131931	0.4121747482
0	0.0000000000	0.6358986653	0.0234124892	0.0536259321	0.2870629134
0	0.0096524262	0.6453926601	0.1083519310	0.0000123149	0.2365906678
0	0.0153753839	0.2778204005	0.0014038191	0.0692127340	0.6361876625
1	0.0000000000	0.2322719594	0.0051425976	0.3529324149	0.4096530281
0	0.3377446446	0.0000517960	0.0700775741	0.5919954784	0.0001305068
0	0.0161240760	0.0000013135	0.6175817908	0.0000000000	0.3662928197
1	0.0057149673	0.9373137480	0.0013955366	0.0467447984	0.0088309498
1	0.0190815624	0.0037327206	0.0116584632	0.5132145256	0.4523127282
0	0.0151419529	0.3586906925	0.2502487241	0.3758622572	0.0000563733
0	0.8549523368	0.0001550188	0.0210586103	0.1112966295	0.0125374047
0	0.8483894302	0.0000817839	0.1015057515	0.0499333070	0.0000897274
0	0.0023967937	0.0000000790	0.1909860956	0.0213389628	0.7852780688
0	0.6167136829	0.0423388270	0.3330895532	0.0078579299	0.0000000071
1	0.3642745971	0.1081750476	0.0000032916	0.5224844912	0.0050625724
0	0.0000038979	0.0000852339	0.8854747387	0.0000058627	0.1144302668
1	0.0007908414	0.2675913628	0.0359473443	0.6701895454	0.0254809060
0	0.0532539176	0.0501136647	0.1396810274	0.0890447380	0.6679066522
0	0.0825628177	0.1522836637	0.0385132959	0.0824952771	0.6441449457
0	0.5261889145	0.0838297623	0.1863121536	0.1548898717	0.0487792979
0	0.8682513300	0.0157786810	0.0093025466	0.0328772731	0.0737901693
0	0.2619272331	0.2511116552	0.0787301292	0.4033613716	0.0048696109
0	0.7802099148	0.0116095545	0.0829428138	0.0693892604	0.0558484565
0	0.0000747135	0.0724445292	0.0053758754	0.1987818430	0.7233230389
1	0.0010427728	0.2326942308	0.6149666658	0.1512963306	0.0000000000
0	0.6528373074	0.2197469089	0.0105935724	0.1015309245	0.0152912869
1	0.0296663668	0.0000302180	0.9690692963	0.0004771378	0.0007569811
0	0.0300886135	0.0872534671	0.0005614892	0.8820765266	0.0000199035
0	0.6880243678	0.0576097474	0.1099151136	0.1403345107	0.0041162605
0	0.0000000000	0.5773150920	0.2054965634	0.0097312127	0.2074571320
1	0.0416668065	0.0892551111	0.0022485697	0.5876821645	0.2791473483
0	0.4811467479	0.2767207973	0.0264348013	0.1529998800	0.0626977736
1	0.2509578062	0.2878089538	0.3897500545	0.0714804834	0.0000027022
1	0.0712854859	0.0004481552	0.0000000000	0.9282179744	0.0000483846
0	0.0017281399	0.0000029465	0.0072558453	0.5919041847	0.3991088836
0	0.0872040473	0.8902356762	0.0000108276	0.0210460532	0.0015033956
0	0.1503910413	0.5298417995	0.0037872256	0.1484246455	0.1675552881
0	0.2222551313	0.0805613129	0.5731317734	0.0534768724	0.0705749099
2	0.7018789582	0.1042359327	0.1426089267	0.0350281302	0.0162480522
0	0.2311877810	0.0088879915	0.0198259069	0.0024960871	0.7376022335
0	0.3925666928	0.0386391324	0.3933778193	0.1729983102	0.0024180452
1	0.6366459788	0.0322349747	0.2907414831	0.0321377033	0.0082398600
1	0.0001167527	0.0000700785	0.0819731482	0.9162084275	0.0016315931
0	0.5270878906	0.0737157428	0.0077466843	0.0007015524	0.3907481300
0	0.0664153752	0.1455641295	0.3157927385	0.0000000000	0.4722277568
0	0.4484943574	0.4914932170	0.0022585311	0.0280117514	0.0297421432
0	0.2079333776	0.0537796152	0.0796930640	0.0553173549	0.6032765884
0	0.2084919119	0.1662807469	0.0377998600	0.1996385852	0.3877888959
0	0.0012727065	0.5582034187	0.0295763925	0.3407150040	0.0702324782
0	0.2310237524	0.0139597922	0.3162525820	0.4366756868	0.0020881865
0	0.1463390310	0.3860895025	0.0046664210	0.1141537584	0.3487512871
0	0.0123546231	0.1653669868	0.2512049900	0.3083032900	0.2627701102
0	0.5480931729	0.3909803133	0.0609070944	0.0000000000	0.0000194194
1	0.3383641852	0.4680525723	0.0541316372	0.0001385307	0.1393130746
0	0.0016168670	0.4373017400	0.5496411147	0.0113508245	0.0000894539
1	0.8397385212	0.0002191018	0.0401596656	0.1198815206	0.0000011907
1	0.0024348764	0.0377065955	0.0255934609	0.0608264561	0.8734386110
0	0.2501869503	0.0316710319	0.2481004466	0.4692999011	0.0007416701
2	0.4529535975	0.0018043154	0.0002218412	0.4717511805	0.0732690655
1	0.0020155184	0.0222301982	0.0000205343	0.9455367844	0.0301969647
