0	0.0000000000	0.0226658009	0.9670165765	0.0061998679	0.0041177547
0	0.8270697344	0.0992865979	0.0000000477	0.0563644041	0.0172792158
0	0.0109265249	0.0001317262	0.0003839443	0.2444470318	0.7441107729
0	0.0925892197	0.0000068851	0.1581480236	0.5424435482	0.2068123234
1	0.2008254597	0.0821454323	0.5341839555	0.0973431097	0.0855020428
1	0.0511012656	0.0969059042	0.0000333416	0.8509211074	0.0010383812
0	0.4336850772	0.0039081068	0.3880904475	0.0840899962	0.0902263722
1	0.0011253655	0.5733675766	0.0241108617	0.3761989544	0.0251972418
1	0.0104445060	0.0000013803	0.0006680700	0.9830377863	0.0058482574
1	0.0012589062	0.0720633661	0.8641181689	0.0026161110	0.0599434478
1	0.0314410063	0.0547309932	0.7239242651	0.1883521100	0.0015516254
0	0.2222841011	0.5521400444	0.0022676325	0.1806660684	0.0426421536
0	0.0559235872	0.8873999426	0.0524593556	0.0003748494	0.0038422651
0	0.0016735610	0.0092602155	0.8356758526	0.0025840019	0.1508063689
1	0.5926044311	0.1894411804	0.0148422908	0.0000294176	0.2030826800
1	0.0399382878	0.6677554077	0.0000326498	0.2898673561	0.0024062985
1	0.0285746881	0.0011703768	0.9611086335	0.0086078648	0.0005384368
0	0.2492985892	0.0573841362	0.0983306765	0.2244220477	0.3705645504
0	0.3389871835	0.4615075710	0.1021259152	0.0408375057	0.0565418246
1	0.0321579583	0.0969469931	0.7255869398	0.1442353763	0.0010727324
0	0.0239253807	0.7874169172	0.0417430749	0.0832682599	0.0636463673
0	0.0000645926	0.6185717520	0.0325614102	0.1281802600	0.2206219853
0	0.0864692286	0.8880119539	0.0048104061	0.0105379633	0.0101704481
0	0.0954787632	0.5533574469	0.2551549269	0.0125267951	0.0834820680
1	0.0081413014	0.1946274008	0.0446751049	0.4856098226	0.2669463704
1	0.0002138769	0.4212027728	0.0009220216	0.0032221620	0.5744391668
0	0.3409653575	0.0002900640	0.0577523711	0.3706430903	0.2303491171
1	0.1216885237	0.0000280917	0.3600994114	0.2090046025	0.3091793707
1	0.3020320835	0.0088129750	0.0433640957	0.2599497588	0.3858410871
1	0.0326873036	0.0923469581	0.0970445072	0.6625711433	0.1153500877
2	0.1094546915	0.0642419133	0.6506373846	0.1666636764	0.0090023341
0	0.8771060246	0.0275003359	0.0062835898	0.0533207791	0.0357892706
0	0.1198612903	0.4765059500	0.1333447933	0.1633396657	0.1069483007
1	0.0008297187	0.0657481609	0.1406272355	0.7716548534	0.0211400314
0	0.2819621043	0.2016358298	0.4874868183	0.0248088345	0.0041064131
0	0.5838390609	0.0000000000	0.1638156460	0.0001683192	0.2521769738
1	0.0000661023	0.7806298291	0.2123836350	0.0069196897	0.0000007439
0	0.0145229815	0.6497228269	0.0155488940	0.0422788451	0.2779264525
0	0.0087862665	0.0002012122	0.5613447590	0.1651262621	0.2645415002
0	0.1275082247	0.2429348636	0.1008703879	0.3523105398	0.1763759840
0	0.0348763514	0.5791556773	0.3178366487	0.0004863525	0.0676449701
0	0.0000163134	0.7416380063	0.0651197120	0.0974582238	0.0957677445
0	0.0003898640	0.4759010812	0.0054602009	0.0175257440	0.5007231099
1	0.0424310606	0.0922037344	0.0706680015	0.2917429931	0.5029542104
1	0.3076408305	0.0000001174	0.0591562936	0.1987472359	0.4344555226
1	0.3816946266	0.0125255148	0.0658494084	0.3305188822	0.2094115680
0	0.6312055127	0.3318294750	0.0095619656	0.0186240443	0.0087790023
0	0.0054531616	0.2383952634	0.5740620120	0.0156543546	0.1664352083
0	0.2465978450	0.0000000167	0.0703958189	0.5906299622	0.0923763572
1	0.2110201487	0.0000881848	0.0000000056	0.7787400346	0.0101516263
1	0.4128663992	0.5231165130	0.0607999453	0.0000941616	0.0031229809
0	0.3194524154	0.0000012217	0.0135921918	0.6669541711	0.0000000000
0	0.0020975570	0.0032492238	0.0530552045	0.0450619943	0.8965360204
1	0.1727785825	0.6852578482	0.0148050406	0.0023737411	0.1247847876
1	0.0485924238	0.0734688934	0.8240443450	0.0000008362	0.0538935017
1	0.1263089018	0.2556087958	0.1385244601	0.0775830515	0.4019747907
0	0.0787254952	0.0000000000	0.0183251922	0.0936542532	0.8092950594
1	0.1530919967	0.0252617845	0.2234851157	0.5849749474	0.0131861557
0	0.0366229857	0.0090104249	0.8865843016	0.0628263122	0.0049559756
1	0.3140970907	0.1728087674	0.0001845224	0.3006856064	0.2122240131
0	0.1151215807	0.3938355897	0.0034395360	0.4875900005	0.0000132931
0	0.0033842969	0.0233809606	0.6869374845	0.0133667533	0.2729305046
1	0.1146291642	0.0001732897	0.0000000000	0.3064525360	0.5787450100
0	0.0309993704	0.0641346631	0.3218010418	0.0320395518	0.5510253729
0	0.2047175438	0.2256743843	0.5663397977	0.0029151873	0.0003530869
0	0.1170441851	0.6519099605	0.1305090424	0.0747641211	0.0257726908
2	0.4824021318	0.1885514816	0.0001290958	0.0638170112	0.2651002796
1	0.0895765984	0.7963374451	0.0006305539	0.1134553471	0.0000000555
1	0.3181095188	0.6596920675	0.0069684536	0.0152299600	0.0000000000
0	0.7965860608	0.0000004782	0.0076123082	0.1957899310	0.0000112218
0	0.0939000146	0.0076788700	0.0000000000	0.0494944555	0.8489266599
0	0.0000037187	0.6077783478	0.0394636072	0.2665140688	0.0862402575
2	0.8679824217	0.0100979816	0.0902607997	0.0000016089	0.0316571881
0	0.0687852778	0.0061310837	0.1603987603	0.4135817168	0.3511031614
2	0.0761543249	0.0048879586	0.1863365782	0.0463767626	0.6862443756
0	0.0544014415	0.7871516846	0.0143775740	0.1416834130	0.0023858868
1	0.0147431148	0.0931650772	0.0000009204	0.8919629373	0.0001279503
1	0.3547196635	0.0000000090	0.0160800444	0.2313360623	0.3978642209
0	0.6159498767	0.0341620445	0.0106600859	0.0082505449	0.3309774481
0	0.0074653199	0.7838767969	0.1065539008	0.1016003047	0.0005036777
0	0.0137871660	0.3958683528	0.5504051077	0.0345364039	0.0054029696
0	0.0004321187	0.0001036399	0.0510608694	0.6663127864	0.2820905856
0	0.0002416359	0.3442565111	0.1587984270	0.2945822664	0.2021211596
0	0.2997891958	0.6641503126	0.0325139815	0.0035367791	0.0000097310
0	0.5223135281	0.0140150690	0.2723708313	0.1488393033	0.0424612683
1	0.0234686597	0.2891175145	0.0210376368	0.5180949850	0.1482812039
0	0.3673024501	0.1515054617	0.4055145098	0.0221839179	0.0534936605
1	0.8287505591	0.0000162989	0.1633776124	0.0078207521	0.0000347776
0	0.2247095389	0.0463328445	0.1552848960	0.2055022086	0.3681705119
0	0.0000000000	0.2155942933	0.0916688603	0.6462966566	0.0464401898
0	0.0676725281	0.2734144865	0.0000000000	0.6589128022	0.0000001832
0	0.4005362901	0.1364604515	0.0625447525	0.3876397619	0.0128187440
1	0.0080055739	0.1437330223	0.0042633518	0.0908394688	0.7531585831
0	0.0000000000	0.1487350932	0.6199614934	0.1940706956	0.0372327178
0	0.0935735000	0.3015073947	0.3424379183	0.0498861160	0.2125950711
0	0.0103314361	0.0005647667	0.5371424296	0.0035200987	0.4484412689
1	0.3014090358	0.1320721862	0.0093169987	0.3998495038	0.1573522754
0	0.0414201730	0.7450504901	0.0053438805	0.2081854476	0.0000000087
1	0.0000189265	0.7825626630	0.0000000530	0.0368237214	0.1805946361
0	0.7724057421	0.1519533327	0.0756113125	0.0000238972	0.0000057155
