0	0.3204193042	0.0542701951	0.0183330121	0.5305487991	0.0764286895
0	0.0451547246	0.0000825153	0.0911724130	0.1530092842	0.7105810630
0	0.3729085276	0.1866199730	0.4354536188	0.0000000022	0.0050178784
0	0.0503254641	0.0007937312	0.3763279926	0.1414089351	0.4311438771
0	0.0545866356	0.0037525800	0.0498489493	0.0086662490	0.8831455862
0	0.0000225315	0.4202538474	0.0000016032	0.3075187074	0.2722033106
0	0.1171709678	0.0234595185	0.0294824174	0.7726552210	0.0572318752
0	0.1591835069	0.0008697778	0.3656737579	0.4448294019	0.0294435554
0	0.3715020214	0.1972143396	0.0011736968	0.3864073640	0.0437025782
1	0.0121991945	0.6431608326	0.3141268455	0.0000110363	0.0305020911
2	0.9829337057	0.0170173820	0.0000487855	0.0000000691	0.0000000578
0	0.0263186092	0.4779502187	0.4855538130	0.0025352639	0.0076420951
0	0.0107786098	0.0051917676	0.0000017326	0.4101211211	0.5739067689
0	0.0002817393	0.8085830063	0.0843639063	0.1065142215	0.0002571266
0	0.0316270438	0.0991293971	0.0376815904	0.6970387249	0.1345232438
0	0.0337454904	0.9104912416	0.0229075829	0.0059928188	0.0268628663
2	0.0083525980	0.0000000292	0.9706355756	0.0114145592	0.0095972380
1	0.0641204392	0.3776724339	0.0742587335	0.3303714505	0.1535769429
0	0.0412151636	0.0444188544	0.8382065673	0.0424795653	0.0336798494
1	0.0273172090	0.2837408087	0.2795667393	0.3824673474	0.0269078956
0	0.0513490027	0.6573745480	0.1960735737	0.0253358118	0.0698670638
0	0.2475085037	0.0660789994	0.6491136247	0.0367472188	0.0005516534
0	0.0000000000	0.0759880507	0.0444013460	0.0172001930	0.8624104103
0	0.1235869625	0.2390182506	0.6239516578	0.0123793817	0.0010637473
0	0.0023026751	0.0000094875	0.1880042363	0.6663116006	0.1433720005
0	0.0176500556	0.2498357347	0.6968904839	0.0356237233	0.0000000025
1	0.0966852133	0.0000407635	0.5296121885	0.3562656430	0.0173961918
0	0.0746686265	0.9178158940	0.0068410540	0.0001494648	0.0005249607
1	0.0000005110	0.0193047755	0.9313999615	0.0128815383	0.0364132138
0	0.0000369527	0.2748140276	0.1029398362	0.3123612884	0.3098478952
0	0.2654611127	0.1608338550	0.0794345913	0.2268710408	0.2673994002
0	0.0213855814	0.1360230708	0.5649326849	0.0708866809	0.2067719819
1	0.5285167874	0.0028271779	0.0026828522	0.0000206430	0.4659525395
0	0.1283683849	0.1951750793	0.0992947313	0.1851301779	0.3920316266
0	0.3542122989	0.0351267154	0.0059000817	0.0449904538	0.5597704503
1	0.4662660796	0.0000014769	0.1228989504	0.3553743534	0.0554591396
1	0.3414096144	0.6465685718	0.0013173571	0.0105674808	0.0001369759
0	0.0291342934	0.7866120103	0.1110221904	0.0441968682	0.0290346377
0	0.0432236149	0.9169920124	0.0386991172	0.0000000000	0.0010852554
0	0.0008858139	0.1276588265	0.2968196481	0.5746354763	0.0000002352
0	0.8557121345	0.0064165863	0.1293622569	0.0000240744	0.0084849479
0	0.2614789648	0.0006783844	0.5588577401	0.1639354667	0.0150494441
0	0.0467572381	0.5146553009	0.1183180389	0.2941384279	0.0261309942
1	0.1892440098	0.0066875558	0.4251951982	0.2138537634	0.1650194729
1	0.0624399584	0.0400282517	0.8592326178	0.0000017882	0.0382973839
0	0.0000001828	0.5737956729	0.4048106774	0.0116554502	0.0097380167
0	0.2153819140	0.0121742692	0.0445767233	0.0905356150	0.6373314785
0	0.0359285500	0.0477051786	0.1169504804	0.0000123323	0.7994034587
0	0.2071864322	0.2469133639	0.0303755793	0.3400304299	0.1754941948
1	0.0430317915	0.0067852122	0.6765123605	0.2638335449	0.0098370909
1	0.6485174791	0.0084060093	0.0518784104	0.2883380633	0.0028600379
0	0.6114642091	0.0000715722	0.3876608328	0.0007859265	0.0000174594
0	0.5524095661	0.4381063721	0.0094840487	0.0000000131	0.0000000000
1	0.0066047692	0.1998176771	0.0238774200	0.5049441531	0.2647559806
0	0.7035047226	0.0000190980	0.0614582201	0.0429206477	0.1920973116
0	0.0000280993	0.6253513375	0.1566677675	0.1402045088	0.0777482868
1	0.8093059697	0.0099641476	0.1400095635	0.0122673246	0.0284529946
0	0.4043168248	0.5944239248	0.0007789551	0.0004802953	0.0000000000
0	0.3856323815	0.5190500491	0.0000006428	0.0000000000	0.0953169265
0	0.2751741791	0.5458057501	0.0504055044	0.0000171629	0.1285974035
1	0.5024358855	0.4652138948	0.0000000006	0.0013673464	0.0309828727
1	0.0102100086	0.0000015880	0.0989656330	0.6234713436	0.2673514268
0	0.0874018478	0.2294826509	0.6781670108	0.0049484904	0.0000000000
1	0.1232633394	0.7123933380	0.0825069049	0.0767174329	0.0051189848
0	0.0517541735	0.0527886601	0.0945821208	0.7229999438	0.0778751018
1	0.2328536686	0.5691120356	0.1380777213	0.0144832997	0.0454732748
0	0.3166958905	0.0428911054	0.0702551493	0.1637146068	0.4064432481
0	0.4901076612	0.1860797300	0.0245270241	0.0005534087	0.2987321759
1	0.0421692367	0.0035833719	0.0030464891	0.0224686294	0.9287322729
0	0.0894577152	0.0001137817	0.0346424130	0.0006195895	0.8751665006
0	0.0484194344	0.2795520341	0.0341989412	0.2897581187	0.3480714717
1	0.6462925678	0.0000029907	0.0426604088	0.0294818735	0.2815621592
1	0.5038697708	0.3133988255	0.0000001838	0.0623409448	0.1203902752
1	0.3360729181	0.0093959773	0.1778257906	0.0458294787	0.4308758353
1	0.5680160318	0.0079911856	0.4150428966	0.0002391622	0.0087107238
1	0.7855792469	0.0000003061	0.1968655029	0.0000000000	0.0175549442
0	0.0162869898	0.5493006911	0.0007159594	0.4131383904	0.0205579692
1	0.0021421429	0.9527929296	0.0000000529	0.0447102652	0.0003546094
0	0.0935104691	0.1289632401	0.2205324251	0.0121693842	0.5448244815
1	0.8425352495	0.0000143728	0.0000139782	0.1551859464	0.0022504530
0	0.0022307101	0.0939887052	0.0441760142	0.8475594675	0.0120451029
1	0.0014162102	0.2373880116	0.0025746773	0.0000001556	0.7586209452
2	0.0000036248	0.1896509605	0.4394452658	0.3709001489	0.0000000000
0	0.0006117392	0.1280589258	0.0000058004	0.0906494132	0.7806741214
0	0.7144048545	0.1147874971	0.0126344254	0.0652106000	0.0929626229
0	0.0057101644	0.8882469502	0.0042670123	0.0194432470	0.0823326261
0	0.3500773512	0.0038642740	0.1171837301	0.0663490500	0.4625255947
0	0.0000006447	0.5830112566	0.0383347186	0.0000120734	0.3786413067
0	0.4276433865	0.0611057595	0.2473265218	0.0229408519	0.2409834803
0	0.1332978840	0.4036569199	0.0418393040	0.4211960412	0.0000098510
1	0.0138445966	0.2050667498	0.0000116583	0.7500346257	0.0310423697
1	0.0303593527	0.0567458786	0.0475077541	0.0021332707	0.8632537439
0	0.1434533844	0.1523947533	0.4049580351	0.0028245544	0.2963692728
0	0.1795787772	0.0000046615	0.3348178933	0.4022073521	0.0833913159
0	0.4173535757	0.0016623918	0.0119448943	0.0445911798	0.5244479584
0	0.0712105093	0.8945711565	0.0329304953	0.0000078352	0.0012800037
1	0.5801828174	0.0126117710	0.0000000026	0.4047037849	0.0025016240
0	0.0098738384	0.3322866853	0.0134510441	0.2650430394	0.3793453927
0	0.8441496260	0.0000275830	0.0445961520	0.0456201466	0.0656064924
0	0.6568203451	0.1363705045	0.0047568893	0.0001853857	0.2018668755
