0	0.1041131748	0.0000002267	0.7315931757	0.1280557814	0.0362376415
1	0.0457707747	0.0688318789	0.0066784706	0.6794094968	0.1993093790
0	0.0219571880	0.0056035527	0.0081337467	0.9369885478	0.0273169648
0	0.0292607140	0.0000325518	0.9550244520	0.0016560335	0.0140262488
1	0.0012220119	0.0000000025	0.9987764948	0.0000000003	0.0000014906
0	0.0039006084	0.0852033125	0.0316799873	0.7596830801	0.1195330117
1	0.0027807801	0.0000027018	0.3042019498	0.6907632393	0.0022513289
0	0.0233672758	0.0067391610	0.0210948728	0.8998697412	0.0489289492
0	0.0023178669	0.8165524159	0.0012480343	0.1640734468	0.0158082362
0	0.0002460302	0.0630836654	0.7476749270	0.0000046209	0.1889907565
0	0.0440186258	0.3559235256	0.0069050593	0.5802105034	0.0129422859
0	0.0000000023	0.8424440480	0.1525642854	0.0049912850	0.0000003792
0	0.0039949262	0.8768442386	0.0034424101	0.0029586874	0.1127597378
0	0.5882396923	0.0197631405	0.2482416174	0.0001212120	0.1436343378
1	0.0414808638	0.0602250747	0.3527626836	0.0025782231	0.5429531547
0	0.0000000674	0.6802866168	0.0000008590	0.1622094532	0.1575030036
1	0.3634705945	0.0001509901	0.1433810119	0.3764559819	0.1165414216
0	0.2463371688	0.1823973230	0.1013181183	0.3362315189	0.1337158710
0	0.0253873786	0.7353011156	0.0000465798	0.2387547420	0.0005101839
1	0.0055154118	0.9120296042	0.0000000000	0.0679128913	0.0145420927
0	0.0502486568	0.2399172805	0.0030198283	0.6931722567	0.0136419776
0	0.0064774078	0.0333175437	0.7470349556	0.1381630538	0.0750070392
0	0.3479115979	0.1699128071	0.4163395135	0.0055889514	0.0602471302
0	0.0000000000	0.0000000261	0.0077562631	0.0417817939	0.9504619169
1	0.0255143973	0.0052961448	0.0000000000	0.0195334630	0.9496559949
0	0.1721679053	0.0000004668	0.0074668620	0.0000000025	0.8203647634
0	0.5998954556	0.1036598150	0.2025277738	0.0939169086	0.0000000471
0	0.0150649424	0.0096957153	0.0686898145	0.0238335463	0.8827159815
1	0.0225439056	0.0067718409	0.0307058249	0.0052632648	0.9347151638
1	0.1474581006	0.0744495440	0.7462911647	0.0313834712	0.0004177195
0	0.1260251924	0.4010945763	0.0009643098	0.4674975116	0.0044184100
1	0.5631534493	0.0815540087	0.0019416356	0.1009438255	0.2524070810
0	0.0172240691	0.2971014256	0.4259264394	0.0000269400	0.2597211258
0	0.0716382814	0.0740795768	0.8064834360	0.0476127882	0.0001859175
0	0.4740684969	0.0797515519	0.3047512027	0.1293476881	0.0120810604
0	0.2843509789	0.0334118439	0.2937299543	0.0000000000	0.3885072229
0	0.1027974930	0.1884445005	0.5811139111	0.1242285727	0.0034155227
1	0.1077956909	0.3863199906	0.4520284900	0.0015510288	0.0523047997
1	0.0678107416	0.0368291316	0.4528857104	0.4424743367	0.0000000797
0	0.3711466807	0.0215711875	0.0642560278	0.2794472368	0.2635788672
0	0.4122347500	0.0797783539	0.3526860662	0.0203127470	0.1349880830
1	0.3702321527	0.0000009604	0.1284847616	0.4647231642	0.0365589611
0	0.0210702736	0.0020584591	0.7049026865	0.0628689899	0.2090995909
1	0.0033704481	0.0645038613	0.8250693940	0.0932453650	0.0138109317
0	0.3319846160	0.0899196111	0.1368520544	0.0000000189	0.4412436995
0	0.0031323922	0.0053350223	0.6958605160	0.0335679011	0.2621041685
1	0.0043427777	0.1322521327	0.0335443258	0.8273241967	0.0025365671
0	0.5372866373	0.0629813031	0.0659866454	0.2617910986	0.0719543155
0	0.2707913325	0.2553224511	0.0041335756	0.0319552785	0.4377973623
1	0.1479862718	0.3237112315	0.1705370322	0.3575383090	0.0002271555
1	0.0000712066	0.3929475644	0.3293399970	0.0781611022	0.1994801298
0	0.0273855773	0.0023319456	0.7773410978	0.1734847919	0.0194565875
0	0.0014120063	0.8298737853	0.0550433378	0.0257612626	0.0879096080
0	0.3402431050	0.1943808713	0.1371285215	0.0013599646	0.3268875375
0	0.0000000000	0.0085285008	0.2302245636	0.1914224105	0.5698245251
0	0.5222306966	0.0078957889	0.0000000003	0.4694219560	0.0004515582
1	0.1119532100	0.7838331419	0.0071989117	0.0077933602	0.0892213762
1	0.0017229077	0.0065603049	0.1532473827	0.8377251508	0.0007442540
1	0.0062876812	0.3838447610	0.2453173782	0.2676259675	0.0969242121
1	0.0000004213	0.5295002864	0.4072822723	0.0070354764	0.0561815437
0	0.1865123848	0.2388915573	0.0001142805	0.5724151689	0.0020666085
0	0.2265189166	0.1256449834	0.0999334978	0.0472931460	0.5006094561
1	0.0399995457	0.0044887327	0.5665340984	0.0000000039	0.3889776194
0	0.6667774628	0.0018900590	0.2763836187	0.0442011025	0.0107477570
0	0.0000000000	0.6582137836	0.1266927070	0.0879179402	0.1271755692
1	0.1586639340	0.2691275180	0.3360694774	0.0443544694	0.1917846012
1	0.8934263213	0.0423936727	0.0029423254	0.0192043017	0.0420333790
1	0.7033344413	0.0580241408	0.1005505736	0.0506254369	0.0874654073
0	0.0196678015	0.2002950805	0.7055666884	0.0742774575	0.0001929721
0	0.4732433707	0.2347532623	0.0106895235	0.1010664565	0.1802473870
0	0.0003095670	0.0768643499	0.8347955589	0.0722584671	0.0157720571
0	0.1066749766	0.2582271228	0.0000000002	0.3728083753	0.2622895252
0	0.0066297160	0.5396284779	0.0666909545	0.3596812119	0.0273696398
0	0.0309832086	0.1839802552	0.1181491582	0.0197109962	0.6471763818
0	0.0471799225	0.7970153867	0.1250339826	0.0122579701	0.0185127381
2	0.3986969749	0.0135917306	0.5752534159	0.0015355784	0.0109223001
1	0.8336215435	0.0000000000	0.0969466919	0.0676645884	0.0017671762
0	0.3329180048	0.0655471537	0.0125219307	0.2991302503	0.2898826605
0	0.1347402329	0.0172247740	0.8365705060	0.0028208098	0.0086436773
0	0.1996399200	0.0538146874	0.0565554585	0.2191266240	0.4708633101
0	0.5428922208	0.1749860057	0.0004757947	0.1095894950	0.1720564838
0	0.6868340901	0.1044479314	0.0902223667	0.0646888938	0.0538067180
0	0.1384239583	0.0059610383	0.3815407931	0.2639044679	0.2101697424
1	0.0840058013	0.3341159147	0.5087149668	0.0323341246	0.0408291927
0	0.0228660022	0.0000045188	0.0677567372	0.6181057469	0.2912669948
0	0.4739533530	0.0000001476	0.1438790772	0.0675534327	0.3146139895
0	0.0006144623	0.9056403167	0.0473940880	0.0001446647	0.0462064683
2	0.3219498004	0.0148202642	0.6505127076	0.0002083379	0.0125088899
1	0.4164464291	0.0865391684	0.3640010320	0.0004852381	0.1325281324
0	0.4087271204	0.0000000000	0.1047516792	0.3323545049	0.1541666955
0	0.0566832311	0.0251554577	0.0015992161	0.9119155017	0.0046465935
0	0.2814324462	0.6050917591	0.0000000000	0.1133439005	0.0001318942
0	0.2337604168	0.0814508065	0.1829081247	0.5018571149	0.0000235372
0	0.0097686075	0.7593599468	0.0720913187	0.0962500051	0.0625301219
1	0.0000026141	0.0000031313	0.3626899033	0.0000166307	0.6372877206
0	0.0067203490	0.7150105761	0.1194595095	0.0272282370	0.1315813284
0	0.0807643690	0.1834665609	0.7185783000	0.0171907701	0.0000000000
0	0.0000005618	0.2748069250	0.1367098818	0.4939306647	0.0945519667
2	0.3304899252	0.2645926551	0.3753550740	0.0190396651	0.0105226807
0	0.5004462221	0.0000454830	0.0000193420	0.4983779792	0.0011109737
