0	0.4642125144	0.2617819516	0.1066538951	0.0280806511	0.1392709878
0	0.7607169249	0.1701339043	0.0000868962	0.0690622746	0.0000000000
0	0.0019116947	0.9691544698	0.0015412195	0.0141123059	0.0132803101
2	0.2481209318	0.4936731441	0.0175156434	0.0139902336	0.2267000472
1	0.0777830768	0.6211297780	0.0007214855	0.0169749201	0.2833907397
2	0.2884852328	0.0879438258	0.6166800547	0.0068908867	0.0000000000
0	0.1444702824	0.0255872251	0.2135689302	0.0008804321	0.6154931301
0	0.0001254660	0.3498249407	0.0011457954	0.5046117546	0.1442920432
0	0.1943550037	0.0322352096	0.6371842532	0.0944582173	0.0417673161
0	0.8816641095	0.0462565651	0.0167028064	0.0344760741	0.0209004449
0	0.0558433527	0.8736465975	0.0209452506	0.0484421311	0.0011226681
0	0.7540733802	0.0312161732	0.0318768439	0.1486333639	0.0342002387
0	0.0000238765	0.1380455752	0.3889644784	0.2972248519	0.1757412179
0	0.1983676907	0.2057154988	0.2192296037	0.0046351435	0.3720520633
0	0.0918018376	0.7330760097	0.1388709884	0.0305511282	0.0057000360
1	0.0352407029	0.1046964409	0.2631599984	0.0773993050	0.5195035529
1	0.0000701231	0.0233471833	0.0037920560	0.9296591747	0.0431314629
1	0.2993525082	0.5346531395	0.1560357263	0.0002572463	0.0097013797
0	0.0000000002	0.0330420673	0.0971060038	0.8627241935	0.0071277351
0	0.0009556701	0.0002609181	0.1138186872	0.8533785319	0.0315861927
0	0.0166266460	0.2469206032	0.0562237743	0.1422044229	0.5380245536
0	0.0001586307	0.0660671115	0.0000031506	0.0000000095	0.9337710976
0	0.0071579019	0.4771067200	0.4655457312	0.0108280981	0.0393615489
0	0.0302635966	0.0761377004	0.0000001017	0.3088468217	0.5847517797
0	0.0931200059	0.3329923918	0.1601879884	0.2468811098	0.1668185041
0	0.5665806200	0.2339860219	0.0000085185	0.1994008069	0.0000240327
0	0.0004884205	0.9550548234	0.0409625160	0.0021212041	0.0013730360
1	0.0111006373	0.1820211391	0.7641179881	0.0191969244	0.0235633111
0	0.4287522816	0.1491018689	0.0067744515	0.1671437354	0.2482276626
0	0.2017283833	0.0060365337	0.5652180141	0.1545536890	0.0724633799
1	0.0582929107	0.0443317000	0.2492569935	0.5911301959	0.0569881999
1	0.0000000000	0.1387829982	0.7990614666	0.0563941219	0.0057614133
0	0.1175024267	0.0288936989	0.6685514588	0.0818163394	0.1032360763
0	0.0204244869	0.8848674623	0.0090205912	0.0196259438	0.0660615158
0	0.3243863720	0.4969850781	0.0491031366	0.1290115822	0.0005138310
2	0.0101900746	0.5076426273	0.0000081357	0.0774731032	0.4046860591
1	0.0107535071	0.1375952869	0.0374982607	0.8125297767	0.0016231687
1	0.0000000008	0.0900631536	0.3373442931	0.5336370632	0.0389554893
1	0.5611221319	0.0915229891	0.2550537509	0.0486058230	0.0436953051
0	0.0056846426	0.2054922953	0.6808829590	0.0631463525	0.0447937506
1	0.1615499939	0.7646235022	0.0705900258	0.0000581147	0.0031783634
0	0.0260997650	0.0009413600	0.2131296861	0.7479186743	0.0119105146
0	0.0206530270	0.5876025716	0.0742167404	0.0008099879	0.3167176731
0	0.0034901195	0.0617454063	0.4433217344	0.0276795879	0.4637631519
0	0.5579351427	0.2825536753	0.1385546804	0.0209446652	0.0000118364
0	0.0315238216	0.0000000010	0.0000091342	0.1710738874	0.7973931559
0	0.0007313262	0.1514274896	0.7558059678	0.0920350457	0.0000001706
0	0.3673157429	0.0058542512	0.3588510065	0.2638272590	0.0041517404
2	0.0510958361	0.0000020129	0.0465896501	0.9023125009	0.0000000000
1	0.0526978034	0.0000051115	0.0004548178	0.4021067908	0.5447354765
0	0.1424697361	0.0002549546	0.3204243757	0.1745994831	0.3622514505
1	0.1933467772	0.0000151110	0.6996759333	0.1055230070	0.0014391715
0	0.0638197955	0.0198100811	0.1491587854	0.5376321357	0.2295792023
0	0.0768633042	0.1886010409	0.4034354443	0.2334001666	0.0977000440
0	0.0444988553	0.1040206981	0.2333383908	0.3345338488	0.2836082069
0	0.2612957253	0.3574650742	0.0757757852	0.3054632244	0.0000001908
0	0.0752991164	0.5530623020	0.2015447353	0.0989071891	0.0711866572
0	0.4568964695	0.0446592003	0.0985761650	0.3662033204	0.0336648447
0	0.0149957163	0.3836475454	0.3826426520	0.2057789536	0.0129351327
2	0.0000046811	0.0428390479	0.2447601509	0.1350720225	0.5773240977
0	0.1811761151	0.1761989961	0.2316302536	0.3519631271	0.0590315080
1	0.0026054187	0.0304318489	0.4946936698	0.0000000169	0.4722690457
1	0.0010723187	0.1256199129	0.2209255085	0.0414727045	0.6109095554
1	0.2091986498	0.7104144678	0.0363468510	0.0440400289	0.0000000024
0	0.0026946118	0.3755995672	0.0000000000	0.5394674126	0.0822384083
0	0.0000000740	0.0000000000	0.0584836942	0.9195367086	0.0219795232
0	0.0006772820	0.8365718598	0.1530796054	0.0056777255	0.0039935272
0	0.0000081355	0.8284555291	0.0458262253	0.0056258744	0.1200842356
1	0.0000000000	0.8514095012	0.1127614974	0.0113453031	0.0244836984
0	0.0110973884	0.0000075946	0.0088517653	0.9317668856	0.0482763661
0	0.2138479514	0.6530671394	0.0005768246	0.1325070457	0.0000010390
1	0.0003359926	0.0039119050	0.2287163067	0.0206658005	0.7463699952
1	0.5908492787	0.0534716597	0.1473700339	0.0842810395	0.1240279882
1	0.5112064341	0.0000988551	0.0993397685	0.0308938072	0.3584611350
1	0.1404555266	0.0000010433	0.6465201477	0.0266133964	0.1864098860
0	0.0000000000	0.1634787161	0.0944997857	0.0000012002	0.7420202979
2	0.6696266899	0.1898409157	0.0056538920	0.1008044761	0.0340740263
1	0.0065556022	0.0866188871	0.2186563002	0.6011939842	0.0869752263
1	0.3517739935	0.0695681784	0.0261747037	0.3997408391	0.1527422853
0	0.1916228894	0.2320826337	0.1732666029	0.0209217324	0.3821061417
1	0.2146619211	0.2799309367	0.4301543099	0.0494007924	0.0258520400
0	0.5432630993	0.3840257894	0.0727074183	0.0000031095	0.0000005835
0	0.8201119585	0.0182154048	0.0109895850	0.1505490144	0.0001340373
2	0.0002719466	0.0641422978	0.0000031638	0.9353788913	0.0002037005
0	0.0305473100	0.3666377261	0.3527429005	0.0181083328	0.2319637306
0	0.0026834978	0.3306608116	0.3988548625	0.2422256921	0.0255751360
1	0.3575753724	0.3226292202	0.0032485747	0.3163205912	0.0002262416
0	0.0623672739	0.5919921630	0.0000000000	0.3412312634	0.0044092997
1	0.0000002612	0.0463905692	0.0966964239	0.6420102421	0.2149025036
0	0.3044537858	0.6399408742	0.0102431616	0.0453621773	0.0000000011
0	0.1391877582	0.8450927880	0.0157185820	0.0000000000	0.0000008718
1	0.1235080857	0.6380133607	0.2092032907	0.0001263494	0.0291489136
0	0.0633311489	0.3407476414	0.0551960904	0.0289702765	0.5117548428
1	0.4453703747	0.0758946956	0.0488050728	0.0330049817	0.3969248753
1	0.9140279386	0.0080445363	0.0166556520	0.0309832893	0.0302885839
0	0.2059421929	0.0141141716	0.6136145047	0.0663346673	0.0999944635
1	0.6034391605	0.0000635541	0.0346409952	0.3343778335	0.0274784566
0	0.1291343816	0.6352980756	0.0000000680	0.0184321527	0.2171353222
1	0.0039913274	0.0555972177	0.6021377764	0.1851305454	0.1531431331
0	0.8403373578	0.0078127820	0.0107131917	0.0000000000	0.1411366685
