1	0.0227027260	0.0214991303	0.3261484420	0.0250931061	0.6045565955
1	0.5196231000	0.0583622563	0.1771555820	0.1050096346	0.1398494272
1	0.0104635163	0.0942998686	0.4122135627	0.4522327337	0.0307903187
0	0.0001265302	0.4843324113	0.0030014833	0.0344912350	0.4780483401
1	0.0000046104	0.1173632368	0.1454606732	0.0042312053	0.7329402743
0	0.0001812911	0.2448236300	0.6379263588	0.0060442593	0.1110244608
1	0.2204043714	0.0022703040	0.6912506146	0.0857340151	0.0003406949
1	0.7294141518	0.0119693448	0.0365171879	0.0020342969	0.2200650187
0	0.3237058935	0.0033405379	0.6642805373	0.0017731697	0.0068998616
2	0.0000313619	0.0496304636	0.0010497715	0.9001420639	0.0491463391
0	0.0000032619	0.1376982720	0.1737667763	0.6885316892	0.0000000006
0	0.0087072108	0.0935606268	0.0003212897	0.8974108678	0.0000000049
0	0.2327351821	0.0917274591	0.1935557682	0.1903848808	0.2915967098
0	0.1321451166	0.6127969840	0.0978992984	0.1247203885	0.0324382126
1	0.1173603072	0.0023843997	0.8614664845	0.0030534375	0.0157353711
0	0.0283468672	0.0264418600	0.0000007328	0.8868265206	0.0583840194
0	0.0145956458	0.0007707962	0.0009091456	0.3472543927	0.6364700197
0	0.1566148369	0.6938114228	0.0069484579	0.0000059446	0.1426193378
2	0.0186925464	0.0071956541	0.1718732829	0.0000779322	0.8021605844
1	0.4403860507	0.1261015313	0.3662416657	0.0560410374	0.0112297149
1	0.3646313416	0.0037871694	0.0275153036	0.2446368296	0.3594293557
0	0.0463815502	0.3889750475	0.0347498899	0.3221822815	0.2077112308
1	0.1852946725	0.3393784867	0.0008093968	0.4715872021	0.0029302419
1	0.0066210133	0.5817547498	0.0000000000	0.0000000000	0.4116242370
0	0.1944060752	0.2271895617	0.1305369221	0.4478674410	0.0000000000
1	0.2776496822	0.0000874715	0.0770105266	0.1649082866	0.4803440330
0	0.0277593955	0.4752720401	0.0000000000	0.0412263870	0.4557421774
1	0.0001162973	0.1984265798	0.0210628827	0.2075447409	0.5728494994
1	0.0912145794	0.3085959502	0.0030878443	0.5969684458	0.0001331803
0	0.1707825575	0.0575799491	0.7715747742	0.0000000000	0.0000627192
0	0.0514447734	0.3044279724	0.3916789794	0.0681565546	0.1842917202
0	0.3471235136	0.0000287447	0.1308905516	0.4443680013	0.0775891889
2	0.0168633988	0.0364239923	0.3477227759	0.5971397406	0.0018500925
0	0.0328989045	0.6364180189	0.0070555471	0.3008374222	0.0227901073
1	0.2710542913	0.4551498198	0.0001118384	0.2018550311	0.0718290193
0	0.0068176011	0.3881206828	0.3447858872	0.2602758288	0.0000000001
0	0.0147060780	0.0625646557	0.1222784456	0.3994626187	0.4009882021
0	0.0025555799	0.3143909378	0.0016362182	0.1197994793	0.5616177849
1	0.3350102775	0.0513154484	0.1574473944	0.0752157268	0.3810111528
0	0.6687822784	0.1101603028	0.0188248617	0.1241152708	0.0781172863
0	0.0124066314	0.1355091392	0.4341558835	0.3922350979	0.0256932479
0	0.0362369750	0.2436373052	0.3513998526	0.0820633548	0.2866625123
1	0.0774657777	0.2026056807	0.3214293954	0.3506964852	0.0478026609
0	0.0025059984	0.9522863476	0.0054399019	0.0385710812	0.0011966709
0	0.3253137096	0.0528305421	0.1171426040	0.5047131443	0.0000000000
1	0.0000348218	0.1273190810	0.2682154174	0.2272424813	0.3771881984
0	0.0000000170	0.0350854363	0.0000022632	0.9411909056	0.0237213778
1	0.8266563959	0.0000000004	0.0168764721	0.1362901499	0.0201769817
0	0.0063440100	0.3873303428	0.0000000000	0.4642903829	0.1420352643
0	0.0043953893	0.0634161609	0.0001957087	0.8732101994	0.0587825418
0	0.0851857945	0.5562862970	0.0029996465	0.1827286083	0.1727996537
0	0.0392506472	0.0342748691	0.0001685894	0.9009305980	0.0253752962
0	0.1023723600	0.0000000000	0.0691795985	0.8277246408	0.0007234007
0	0.0003676985	0.1835049736	0.1123047872	0.3378829987	0.3659395420
1	0.0143444274	0.2489840210	0.4958353691	0.1469607393	0.0938754433
0	0.0940935794	0.2847655861	0.5166267229	0.1016934473	0.0028206643
1	0.0717231183	0.5914153381	0.0000000012	0.1784043261	0.1584572162
1	0.1467731156	0.0000000000	0.0000777263	0.8523346972	0.0008144609
1	0.2991973728	0.6814864682	0.0000010998	0.0028641587	0.0164509005
0	0.0201263281	0.0356012623	0.0947042019	0.2486265968	0.6009416107
1	0.0155882631	0.0005668753	0.0097537802	0.9740893108	0.0000017706
0	0.2863173945	0.0054863228	0.3881839114	0.0783736634	0.2416387079
0	0.6972107604	0.0002982254	0.0036800605	0.1531312628	0.1456796910
0	0.6624143027	0.0017280881	0.3340516300	0.0014068750	0.0003991041
1	0.9128748378	0.0000000000	0.0000000000	0.0213035837	0.0658215785
1	0.4531369433	0.0760766986	0.0602338989	0.0720107438	0.3385417154
0	0.7455439131	0.0000000000	0.0050590312	0.2493970537	0.0000000020
1	0.0550397151	0.0051082917	0.5587285416	0.2354886616	0.1456347900
1	0.6717104504	0.0213218842	0.2104569867	0.0784856215	0.0180250573
1	0.0054801691	0.0926939185	0.3790703360	0.5064319437	0.0163236327
2	0.0350025262	0.0596563816	0.3160807709	0.5464563940	0.0428039272
1	0.6856554547	0.0263736381	0.0145707554	0.2700986890	0.0033014627
0	0.4609716506	0.0187324422	0.4770744924	0.0322987331	0.0109226818
1	0.1126933279	0.6205570772	0.0002149509	0.2650125019	0.0015221421
1	0.1295188650	0.1146556309	0.1402951658	0.5594154566	0.0561148817
1	0.2438817745	0.5309549227	0.0959605100	0.0269492963	0.1022534965
1	0.1474471072	0.0260879936	0.0631954828	0.7612192635	0.0020501528
0	0.0477568619	0.1151216143	0.1007161681	0.7350380088	0.0013673470
1	0.3326733323	0.0841199922	0.0055625703	0.1107603363	0.4668837690
0	0.0861787797	0.7739366787	0.0349170756	0.0651397042	0.0398277618
1	0.6088832136	0.0005162320	0.0590500932	0.1427611731	0.1887892880
1	0.1605127384	0.0000001860	0.0505521510	0.0000000475	0.7889348771
0	0.5536384887	0.0000035095	0.0472447597	0.2624258914	0.1366873508
1	0.0421113876	0.8304909520	0.0901121306	0.0000016639	0.0372838658
0	0.0055131849	0.0000007369	0.0000000001	0.9613886983	0.0330973798
1	0.1115093330	0.0000414112	0.8178619234	0.0502345451	0.0203527873
0	0.0206959009	0.0654952782	0.3158355358	0.1752189328	0.4227543522
0	0.5024611388	0.4161410644	0.0000252604	0.0000306353	0.0813419011
0	0.0151763507	0.8449050403	0.0077741334	0.1306004601	0.0015440155
2	0.5063560211	0.4174116581	0.0080971600	0.0081388205	0.0599963403
1	0.0049463145	0.9795856737	0.0002059557	0.0152620560	0.0000000000
0	0.6499163081	0.0683445480	0.0116137198	0.2632503004	0.0068751237
0	0.0064910056	0.3001974297	0.0051878257	0.0613671099	0.6267566291
0	0.6977361911	0.0267242729	0.0980141922	0.1758267022	0.0016986416
1	0.1015000011	0.0442304217	0.0031242903	0.7817552396	0.0693900474
0	0.1382521145	0.0176067594	0.0000000466	0.0134504133	0.8306906662
0	0.7525521876	0.0278414245	0.0000141629	0.2073276142	0.0122646107
1	0.5927956510	0.0072096934	0.2114621171	0.0760767468	0.1124557918
0	0.0000011701	0.1692142704	0.5372543678	0.2145318698	0.0789983220
0	0.0038472402	0.0004438080	0.5018648704	0.4938123131	0.0000317683
