1	0.0545282001	0.0000111399	0.0039235438	0.0002648604	0.9412722558
0	0.1330962604	0.1041972785	0.1628548077	0.5680218238	0.0318298295
0	0.0000000000	0.1498091995	0.2056336094	0.2385803150	0.4059768762
0	0.0129878015	0.1073169384	0.0557769088	0.5238119769	0.3001063744
0	0.3734657184	0.1664908646	0.2937216725	0.0612574257	0.1050643188
0	0.1659691124	0.0282332636	0.1688408189	0.2492964915	0.3876603136
1	0.0000007616	0.0026542905	0.1503214666	0.0275029891	0.8195204922
1	0.1027320068	0.0026772280	0.0930316240	0.6544993059	0.1470598354
0	0.0060559927	0.4830918886	0.0682104872	0.3754620794	0.0671795521
1	0.6400132239	0.2586299912	0.0000025247	0.0003092170	0.1010450432
0	0.0327887571	0.0020574035	0.0220389273	0.0000000000	0.9431149122
1	0.1442267985	0.0000003724	0.0296419763	0.6885735267	0.1375573261
0	0.0040098154	0.0107237285	0.1554131283	0.4669956272	0.3628577006
0	0.1615423251	0.1975355986	0.4762238205	0.1128295548	0.0518687010
1	0.1666146538	0.3519896143	0.0043339606	0.3337311897	0.1433305816
1	0.2329593023	0.0000016647	0.0758499429	0.1304198761	0.5607692139
1	0.1916033543	0.2587355016	0.3266221466	0.0510540504	0.1719849472
1	0.0015704715	0.1155798252	0.2291501957	0.1275413989	0.5261581087
0	0.0386965730	0.1233787790	0.2198503803	0.4571750943	0.1608991735
0	0.1123399655	0.0000050114	0.7572949032	0.0499669082	0.0803932117
0	0.0000014049	0.5254058184	0.4741579992	0.0001868529	0.0002479246
1	0.2272178019	0.1031558269	0.2140847280	0.0029037713	0.4526378719
1	0.1502747595	0.1735973493	0.0268337456	0.6431793052	0.0061148403
0	0.1332816594	0.0001696478	0.3238231122	0.5057781340	0.0369474467
0	0.1933210870	0.1084310960	0.2405642635	0.3404097542	0.1172737993
1	0.1772195039	0.8196302233	0.0000706140	0.0030790993	0.0000005595
1	0.0510537432	0.7437870719	0.0743271603	0.0666307358	0.0642012889
0	0.0005303877	0.7005973295	0.1941060164	0.0000030792	0.1047631872
0	0.0138706905	0.0569989339	0.0155835720	0.0978474733	0.8156993304
1	0.0000000000	0.0000000000	0.9034490190	0.0000013502	0.0965496309
0	0.1648186703	0.1107000237	0.7035651111	0.0009880290	0.0199281659
2	0.7560816172	0.2355805234	0.0005781161	0.0077255190	0.0000342242
0	0.0745363499	0.7101632482	0.1129850778	0.0195336789	0.0827816453
0	0.0109666756	0.2252318742	0.3884330127	0.3700192520	0.0053491855
1	0.9308482150	0.0000049406	0.0396168541	0.0142323124	0.0152976780
0	0.1949482945	0.0767978931	0.0279159438	0.1834405055	0.5168973631
0	0.0000011682	0.3794158496	0.5441056104	0.0413277739	0.0351495979
0	0.0000000679	0.0779775205	0.0000000000	0.8012106410	0.1208117707
1	0.1844843241	0.5495001397	0.2104628067	0.0422974635	0.0132552661
0	0.1294538396	0.0584163692	0.0000027058	0.0239654733	0.7881616121
0	0.0154016906	0.1368088531	0.0163212178	0.0754785232	0.7559897153
1	0.9979606474	0.0008198974	0.0006236289	0.0004237972	0.0001720292
1	0.7290071989	0.1017051037	0.0183461681	0.0174049858	0.1335365435
0	0.1423269106	0.4927132150	0.1574250833	0.1498669039	0.0576678872
0	0.0019898910	0.0521805231	0.2480015489	0.6978035071	0.0000245299
1	0.0022884896	0.3420316258	0.2243811307	0.0743207499	0.3569780040
0	0.0072326276	0.0069989848	0.1526053150	0.0265067867	0.8066562859
0	0.0003750994	0.3612550233	0.0744447715	0.2944623534	0.2694627524
1	0.0852319540	0.1744231073	0.4597797264	0.2320893743	0.0484758379
1	0.1993227866	0.0142534022	0.0087338257	0.7317549452	0.0459350403
1	0.0701038223	0.5677286359	0.0538161902	0.1282930971	0.1800582543
0	0.4023217244	0.2670244737	0.1667631765	0.1484518289	0.0154387965
1	0.0582053360	0.0023181239	0.3061972850	0.4833609594	0.1499182957
0	0.0961924690	0.5405786973	0.2662780153	0.0496729762	0.0472778422
0	0.2839234290	0.3656009495	0.3180253272	0.0000112681	0.0324390262
0	0.0000692974	0.0000000002	0.0310440639	0.9276638256	0.0412228128
0	0.1826814659	0.0351171889	0.7483685277	0.0041446771	0.0296881404
0	0.0013854000	0.3761826755	0.0000000000	0.4135960570	0.2088358675
0	0.2673753118	0.1139952750	0.0376401480	0.1055256544	0.4754636108
0	0.0183991481	0.0288495424	0.4737060066	0.0890789161	0.3899663868
1	0.2565798746	0.0108991247	0.5387941830	0.0179821558	0.1757446619
0	0.0000024258	0.4776986025	0.3273847244	0.1367888413	0.0581254060
1	0.0000000000	0.5991058415	0.2293866238	0.0570271529	0.1144803818
0	0.8269028622	0.0000061665	0.0109711292	0.0355639166	0.1265559255
0	0.0721991264	0.0015254227	0.8935846764	0.0288814963	0.0038092782
1	0.0018610980	0.0105394244	0.7127875288	0.0000009338	0.2748110150
0	0.1838247375	0.5216989823	0.2572077151	0.0000012015	0.0372673635
0	0.1303118192	0.8690560172	0.0000000000	0.0006321632	0.0000000005
0	0.0945302337	0.0034627281	0.5525962032	0.1412601589	0.2081506762
0	0.4117168796	0.0010558567	0.0092173831	0.4120628598	0.1659470207
1	0.2080348577	0.0019317000	0.2157974031	0.1097654278	0.4644706115
0	0.3334947509	0.2561686609	0.1179078936	0.2330581164	0.0593705782
0	0.0875708778	0.0000045645	0.0236594007	0.1892124198	0.6995527372
0	0.0804630608	0.0670951053	0.7751024850	0.0636260278	0.0137133211
0	0.1236136322	0.0000662903	0.2386088822	0.0000000000	0.6377111953
1	0.1170007385	0.0461334761	0.7111615712	0.1256863880	0.0000178261
1	0.0000000050	0.0472455246	0.7427996500	0.0860174214	0.1239373991
1	0.5637406188	0.0692163515	0.0150818624	0.3314814265	0.0204797407
1	0.0000106808	0.0000003210	0.0000615275	0.9999255813	0.0000018895
0	0.0312624259	0.0264254369	0.1290569842	0.3379813347	0.4752738183
1	0.0178774125	0.0336655628	0.9335505311	0.0003418000	0.0145646937
0	0.0371397705	0.7683675779	0.0318002555	0.1617057950	0.0009866011
0	0.0000323789	0.0138943365	0.0027994606	0.6174573567	0.3658164673
0	0.0384996234	0.4790065474	0.0292870849	0.2094373179	0.2437694264
1	0.4330090500	0.3832853697	0.0070347048	0.1086867281	0.0679841473
0	0.8743642074	0.0003956240	0.0388960952	0.0863440734	0.0000000000
0	0.0000864016	0.0754955667	0.7477500887	0.0958557533	0.0808121896
0	0.0092572332	0.6575314447	0.0000035149	0.1854777460	0.1477300613
1	0.0000000005	0.0243308701	0.0763406960	0.8412080323	0.0581204011
0	0.0413658873	0.9413222677	0.0139520690	0.0000001036	0.0033596723
1	0.1631246532	0.3131672028	0.5137624613	0.0099456827	0.0000000000
1	0.1250389962	0.0202354276	0.0223158993	0.0314821292	0.8009275478
1	0.0388111099	0.9564617495	0.0000000002	0.0047271391	0.0000000013
2	0.1927269434	0.0009473356	0.0047457257	0.8015544090	0.0000255864
1	0.1074718611	0.1412757526	0.0000000000	0.6277007296	0.1235516568
0	0.0978521494	0.0982374187	0.0053199174	0.7985905125	0.0000000021
0	0.0062648064	0.0010221254	0.0123781787	0.0482029362	0.9321319533
1	0.2585457714	0.1972047185	0.4564371345	0.0131736172	0.0746387584
1	0.0007736914	0.0000005340	0.0331904203	0.4046810295	0.5613543248
0	0.3548706084	0.0014774148	0.6397741395	0.0038778373	0.0000000000
