2	0.0809940431	0.1290825997	0.6321523532	0.0000787028	0.1576923012
1	0.0000640189	0.0039392040	0.8155277038	0.0000007847	0.1804682887
1	0.0025354006	0.7909992983	0.2051589102	0.0010506323	0.0002557585
0	0.0013041194	0.0000789398	0.0252410657	0.2067235495	0.7666523256
1	0.0000000024	0.6473369341	0.0981746135	0.2420566766	0.0124317734
0	0.0126491876	0.1537769716	0.8333555046	0.0000006469	0.0002176893
1	0.4179987594	0.2617193170	0.3067914672	0.0008957548	0.0125947016
0	0.3065168181	0.1641078979	0.0102493641	0.0011885036	0.5179374163
1	0.0165755612	0.3147457057	0.1922849719	0.4762276801	0.0001660811
0	0.2493891274	0.0543874611	0.5287180890	0.0709999087	0.0965054138
1	0.1168507081	0.1915194229	0.0802909677	0.5991983909	0.0121405104
2	0.3944324961	0.0134146494	0.1460508738	0.2614672464	0.1846347342
0	0.0029941483	0.6772842457	0.0160612318	0.0234703410	0.2801900332
1	0.3071295166	0.2682105334	0.3350868871	0.0533335685	0.0362394945
0	0.2980155121	0.0126190957	0.0000377294	0.5515315786	0.1377960842
1	0.0011635527	0.6625469532	0.0000000000	0.0005840500	0.3357054441
1	0.4366015182	0.0050954537	0.0582850239	0.4985795844	0.0014384198
1	0.8229913835	0.0406412805	0.0000242312	0.0100415385	0.1263015663
0	0.0166918277	0.3149966343	0.0466179414	0.0076402797	0.6140533170
0	0.0728834181	0.4338614914	0.2825634591	0.2088384421	0.0018531894
0	0.0000023277	0.0114589497	0.0223250295	0.0021766697	0.9640370234
0	0.0222516252	0.0485756421	0.3459114916	0.0387198084	0.5445414328
0	0.0781353314	0.5359973298	0.1802264070	0.0329327798	0.1727081521
0	0.0005891724	0.1090884347	0.0184280673	0.8354610346	0.0364332909
2	0.0000028777	0.8024808553	0.1827138392	0.0000248934	0.0147775344
1	0.2750363474	0.0931053102	0.2669267903	0.0102537508	0.3546778014
0	0.1569411919	0.4479866823	0.0124539617	0.0045958376	0.3780223265
1	0.0747404115	0.1490657673	0.1290639794	0.2321574941	0.4149723477
0	0.0005415696	0.3285831404	0.0016884985	0.2190289464	0.4501578450
0	0.0416506143	0.4352266224	0.0059084433	0.4865574094	0.0306569107
0	0.5839991118	0.2525119384	0.0000000000	0.1188973197	0.0445916301
0	0.2821562072	0.0769293956	0.0115019902	0.6230671910	0.0063452161
0	0.0025337176	0.0006259472	0.0003061161	0.4860923006	0.5104419184
1	0.0634222604	0.0319515192	0.1251067339	0.7795135821	0.0000059042
0	0.0291306237	0.0000003565	0.0616411742	0.9092255948	0.0000022508
1	0.3315519822	0.5218817636	0.0036130668	0.0000128303	0.1429403571
0	0.3763235034	0.2222945284	0.0000000238	0.1253254854	0.2760564590
1	0.1988057697	0.5212286993	0.2456229862	0.0333966005	0.0009459443
0	0.0021984023	0.2460686780	0.6071369451	0.0319827713	0.1126132034
0	0.0036110971	0.7869197589	0.0384586175	0.0264135691	0.1445969573
1	0.3675633096	0.2629217987	0.3170737482	0.0224077685	0.0300333750
0	0.0000000003	0.6101415935	0.0037983987	0.1268672579	0.2591927496
0	0.1919108708	0.3902198978	0.1736163739	0.0827930774	0.1614597802
0	0.0660038016	0.4096564781	0.2706357108	0.0109522816	0.2427517278
0	0.0000000001	0.1612802340	0.4327452772	0.0000017803	0.4059727083
0	0.0499536586	0.0265520534	0.2025238016	0.0000000459	0.7209704405
2	0.0229604445	0.1171313177	0.0000000000	0.1013228626	0.7585853751
1	0.2401782634	0.0207072542	0.1175678503	0.6215458779	0.0000007542
1	0.1520647644	0.7652801304	0.0075454367	0.0015130802	0.0735965882
0	0.0180482787	0.0300998119	0.2946235700	0.5704067051	0.0868216344
0	0.0530506562	0.1749990175	0.2875480417	0.4827376186	0.0016646660
0	0.0290476078	0.0431924138	0.6984018476	0.1125269576	0.1168311732
1	0.0000000000	0.1436115734	0.1570492098	0.6706247934	0.0287144235
1	0.0045715747	0.0012420210	0.0556147308	0.9385711237	0.0000005498
0	0.0076202361	0.0000009025	0.0322702801	0.0490314841	0.9110770971
1	0.1193494899	0.0721034779	0.0236927670	0.7668564664	0.0179977987
1	0.4989458394	0.3314176259	0.0238096495	0.0000782876	0.1457485977
1	0.0436754160	0.0494520224	0.7865027154	0.1147335065	0.0056363397
0	0.2937198136	0.0004686716	0.0421985906	0.2426261501	0.4209867741
1	0.4045519301	0.0014201287	0.0088745435	0.0000000005	0.5851533972
0	0.0014004756	0.0004704001	0.5982649349	0.3998641212	0.0000000682
0	0.3638836405	0.0080306540	0.1970977737	0.1426270223	0.2883609095
0	0.0000000000	0.2097482594	0.2068172116	0.0465979892	0.5368365397
0	0.2115191829	0.0454332200	0.5086978907	0.0000002722	0.2343494343
1	0.1363245296	0.0480424477	0.0962508903	0.7193426258	0.0000395067
1	0.0013561580	0.5137055764	0.0001534995	0.1772576964	0.3075270697
0	0.0603800579	0.4636662532	0.0019994399	0.0007466857	0.4732075633
0	0.0072699129	0.2719193674	0.5041743951	0.1026713410	0.1139649836
0	0.0002285831	0.0003094615	0.3781793056	0.5115319131	0.1097507366
0	0.1082305604	0.0035591379	0.2493483813	0.6383194995	0.0005424208
1	0.4568365100	0.0159027505	0.1697662046	0.3569628022	0.0005317328
0	0.5450656399	0.1907474110	0.1892886401	0.0722978962	0.0026004127
0	0.0000159497	0.2688345732	0.0136019255	0.0638807693	0.6536667823
0	0.0008039959	0.9541059345	0.0209770073	0.0174838505	0.0066292118
0	0.0666446430	0.2503522275	0.0154517743	0.1924350284	0.4751163269
0	0.5952652085	0.0011192294	0.0000000000	0.2074939008	0.1961216613
0	0.1305808648	0.0031359799	0.0000000989	0.0377656309	0.8285174255
0	0.1080070767	0.4618962244	0.3011060279	0.1281751935	0.0008154776
0	0.8926392394	0.0813137561	0.0070435194	0.0000564630	0.0189470220
1	0.0024017691	0.4488133499	0.0917375703	0.3579736732	0.0990736375
0	0.7488030695	0.0000000001	0.0159845919	0.2255822376	0.0096301008
1	0.2138781353	0.5650567881	0.1735546393	0.0471611525	0.0003492849
0	0.1585736365	0.0402506147	0.0007494686	0.7782441695	0.0221821108
0	0.0225654876	0.9553501638	0.0151592022	0.0056579840	0.0012671624
0	0.4862291881	0.0058765446	0.0003023131	0.2295499522	0.2780420021
0	0.0003218777	0.0160623006	0.9738875730	0.0000205949	0.0097076538
0	0.0230045267	0.0256889511	0.7460537945	0.0000000000	0.2052527277
0	0.0406576825	0.7619823308	0.0170930069	0.1656710888	0.0145958910
0	0.1278020527	0.0000426223	0.0003207675	0.5258034227	0.3460311348
1	0.0006135881	0.4721644742	0.3712399246	0.1534401024	0.0025419107
0	0.0278950275	0.4572591156	0.4192293568	0.0397113026	0.0559051975
0	0.0513907505	0.4096854493	0.0375040972	0.3652682411	0.1361514619
0	0.6410921131	0.0145512695	0.0000097069	0.2104459880	0.1339009224
0	0.0001989294	0.0036516280	0.3625836248	0.4913196361	0.1422461818
0	0.1281142946	0.1182375477	0.0306123828	0.7111836083	0.0118521665
0	0.1508636053	0.0436550422	0.1129163956	0.6441147224	0.0484502345
1	0.3276398084	0.0204183566	0.6323434216	0.0195984135	0.0000000000
0	0.0000299208	0.5618961057	0.0876964882	0.2811904583	0.0691870270
0	0.3304613021	0.0000000004	0.1792600331	0.4902777680	0.0000008964
2	0.1185326901	0.0849844073	0.1155903829	0.4659929991	0.2148995206
