1	0.7342274589	0.0000026682	0.0000005070	0.0000001267	0.2657692392
0	0.3540501973	0.0000000000	0.0322107583	0.1514759716	0.4622630728
1	0.5496775327	0.2780726453	0.1505943185	0.0000162430	0.0216392605
0	0.1510706718	0.4190517964	0.0073341807	0.3605968640	0.0619464872
0	0.2830165200	0.1357202976	0.3322650975	0.2334087443	0.0155893406
0	0.8137648537	0.0459256686	0.0515574648	0.0854691162	0.0032828967
0	0.3762055856	0.0026938289	0.0645817717	0.4966412361	0.0598775778
0	0.0205693100	0.4207301273	0.4673416419	0.0721234428	0.0192354780
0	0.1087396310	0.0393365096	0.0000000085	0.5523065623	0.2996172887
1	0.1440042615	0.2771106683	0.0459968782	0.5033872895	0.0295009026
1	0.0866402389	0.5141387868	0.0982890305	0.1131236118	0.1878083321
0	0.0332489139	0.2833885616	0.2478259805	0.0004949369	0.4350416071
0	0.0010495153	0.3285040253	0.5970976278	0.0049219976	0.0684268340
1	0.0000000000	0.0835360265	0.0382376097	0.2235285234	0.6546978404
0	0.8957736851	0.0118242546	0.0014620471	0.0387991233	0.0521408899
0	0.6524645922	0.2047541796	0.0506883263	0.0920929019	0.0000000001
0	0.0000000002	0.1315333366	0.0809735771	0.0837635122	0.7037295739
0	0.1274929746	0.0932872615	0.1247755520	0.5833503317	0.0710938802
0	0.2273224613	0.0840414911	0.3689644751	0.0134186978	0.3062528747
0	0.0016747730	0.0128859665	0.2037252178	0.4678421841	0.3138718586
0	0.7254777335	0.0009430404	0.2295252824	0.0440539437	0.0000000000
0	0.0000000014	0.1373895716	0.8365256930	0.0001034306	0.0259813034
0	0.4152188050	0.0000000000	0.5368442079	0.0479369871	0.0000000000
1	0.2530654690	0.0041531969	0.2720731878	0.4703865337	0.0003216126
2	0.3321597954	0.0000127438	0.5385604744	0.1218860847	0.0073809017
0	0.0495363395	0.2172362883	0.2785201490	0.2979819710	0.1567252522
0	0.0002347376	0.7545363109	0.0423971495	0.0961051272	0.1067266749
0	0.1090378315	0.0139003974	0.0000000001	0.0041139867	0.8729477843
0	0.6478299814	0.0000055455	0.0228686491	0.0503144710	0.2789813529
0	0.2916529092	0.0000726542	0.3163334247	0.3702830916	0.0216579204
0	0.0095475551	0.1099246874	0.0004248769	0.2323112432	0.6477916375
0	0.0165530843	0.1532989870	0.0614713343	0.6305771291	0.1380994654
1	0.2224613665	0.2783719525	0.4228868516	0.0675978975	0.0086819319
0	0.7754716756	0.0000030361	0.0003863164	0.1302620585	0.0938769133
1	0.1721815423	0.0043600237	0.4182518018	0.0495013921	0.3557052400
1	0.9789063713	0.0000011296	0.0194595266	0.0006093807	0.0010235918
0	0.2205033111	0.3339234949	0.0593686832	0.3080789878	0.0781255230
0	0.0010506728	0.0402160031	0.1739393559	0.0050141089	0.7797798592
0	0.2019978506	0.1466401023	0.0000155466	0.6054131811	0.0459333193
0	0.0143599724	0.1364146641	0.6423556892	0.0645718211	0.1422978532
0	0.1391198896	0.3304450631	0.1665579409	0.1220672475	0.2418098588
0	0.5324946660	0.2276072244	0.1016074577	0.0303867827	0.1079038692
1	0.3632475204	0.2986187524	0.1406164090	0.1002148424	0.0973024759
0	0.9041358023	0.0301451869	0.0179230579	0.0129251252	0.0348708277
0	0.2393059518	0.1741720717	0.0990865057	0.0000000030	0.4874354677
0	0.0802287819	0.0024529234	0.2749378310	0.4029420012	0.2394384625
0	0.0921502849	0.0003925592	0.0949241982	0.7615090245	0.0510239333
0	0.2406461107	0.4445937513	0.0002025286	0.0000035323	0.3145540772
1	0.0657281217	0.0000000000	0.8348279512	0.0265368980	0.0729070291
0	0.6933006630	0.0020454143	0.1028206705	0.0241375719	0.1776956803
0	0.0001680480	0.0000042229	0.1665251402	0.0441878796	0.7891147093
0	0.0396165827	0.2580009374	0.0246327379	0.3927468743	0.2850028676
1	0.0899987132	0.7792185344	0.0683408714	0.0034490597	0.0589928213
0	0.2642155246	0.3041243967	0.3424860674	0.0000275168	0.0891464945
1	0.0821709939	0.1331296036	0.0144483011	0.2759690109	0.4942820905
0	0.2260757192	0.1302490148	0.0000029251	0.0366543374	0.6070180036
0	0.9884070788	0.0000000000	0.0000134672	0.0075899883	0.0039894657
0	0.3731729526	0.3853070431	0.2375336342	0.0007779115	0.0032084586
0	0.7744017887	0.1193479603	0.1023536757	0.0004019641	0.0034946111
0	0.3901431252	0.1784686772	0.0429713109	0.3731485427	0.0152683440
0	0.0744713480	0.7039140709	0.0721068248	0.0027522000	0.1467555564
0	0.2870877513	0.6076502821	0.0000203092	0.0722176671	0.0330239903
0	0.0000000082	0.0099868444	0.2532653565	0.0377478742	0.6989999167
0	0.1552947346	0.2348048095	0.0152870695	0.5827629559	0.0118504306
0	0.1377497196	0.0041414113	0.0162102530	0.7148433986	0.1270552176
0	0.0023243033	0.0639482971	0.0316132842	0.3755565600	0.5265575555
0	0.0457893462	0.4477586917	0.0679062485	0.0959703349	0.3425753787
0	0.1355017978	0.3075258877	0.4099609203	0.1465117149	0.0004996793
1	0.0742201666	0.7453893228	0.0713580308	0.0258988193	0.0831336604
0	0.9382379618	0.0168133316	0.0001168196	0.0448315753	0.0000003117
0	0.0348902757	0.0000000590	0.0691861665	0.0132508936	0.8826726053
1	0.0149189044	0.1280282319	0.0032598387	0.0722176920	0.7815753331
0	0.1407107077	0.1691762963	0.0025093191	0.6871643648	0.0004393121
0	0.2286384299	0.0155281389	0.0643135913	0.0153830582	0.6761367817
0	0.1292889412	0.5998770470	0.0198966465	0.0844715133	0.1664658520
1	0.0000000020	0.9401843771	0.0598131030	0.0000008565	0.0000016614
1	0.4069494975	0.0045057836	0.4703044783	0.1182300459	0.0000101947
1	0.1383630638	0.0000000000	0.2427179556	0.1880917493	0.4308272314
0	0.0286434628	0.0175091530	0.0221552311	0.0675081558	0.8641839973
0	0.0120424067	0.1106436891	0.0792079103	0.5598454052	0.2382605887
0	0.0031715765	0.1916992230	0.3159535621	0.1103282351	0.3788474032
1	0.0546245564	0.0625461422	0.0000601779	0.3662502264	0.5165188971
0	0.2858130251	0.0330282706	0.2047485818	0.3509600153	0.1254501071
1	0.0942794455	0.1211037706	0.6963809930	0.0739595092	0.0142762817
0	0.0075472681	0.0417909332	0.0001704092	0.0526619764	0.8978294131
1	0.1576985320	0.2101720054	0.2969564981	0.3350060635	0.0001669010
0	0.0087111258	0.0904736505	0.2121082127	0.2036843076	0.4850227034
0	0.0008076797	0.0175506636	0.0069014747	0.0000000180	0.9747401640
2	0.6272604172	0.0060917604	0.0000001693	0.3326880066	0.0339596465
1	0.5591965358	0.0013260523	0.2799895989	0.1252818708	0.0342059423
1	0.0000001105	0.0268286295	0.1492884701	0.2298665923	0.5940161976
1	0.3922962102	0.0000000000	0.3018772294	0.0000012725	0.3058252879
1	0.1591159248	0.0063891213	0.0088700000	0.0671369042	0.7584880497
1	0.0000000000	0.4981430276	0.2147650366	0.1049155494	0.1821763864
1	0.2559688282	0.0289581049	0.0432477105	0.6042978461	0.0675275103
0	0.0531897170	0.3655545780	0.0239832455	0.3360235232	0.2212489364
1	0.8758655370	0.0102472787	0.0004601641	0.1133547409	0.0000722793
1	0.0848112010	0.0232517682	0.7790188465	0.0009322206	0.1119859637
1	0.3003215183	0.1198501159	0.2654730498	0.3143553160	0.0000000000
1	0.5016870144	0.1880282412	0.0250288372	0.0231586246	0.2620972827
