0	0.3734949194	0.0265317972	0.2408726753	0.2929163208	0.0661842873
0	0.0004431447	0.0014455423	0.1007390792	0.2229954473	0.6743767866
0	0.5934751347	0.0020221511	0.0001276676	0.0203473912	0.3840276554
0	0.1989042886	0.6291461209	0.0262291114	0.1270283566	0.0186921225
0	0.1453213081	0.1141219701	0.1078225256	0.6258965746	0.0068376216
0	0.0189709488	0.5055998023	0.0721322122	0.3629390849	0.0403579517
2	0.1290262127	0.1703136132	0.0138181323	0.0007361032	0.6861059387
1	0.0025131886	0.3481676104	0.0003626414	0.0085216806	0.6404348790
0	0.1481240541	0.0000017042	0.8515350788	0.0000000000	0.0003391629
1	0.0251563073	0.0250149462	0.0400295829	0.7478505556	0.1619486080
0	0.0000596256	0.9154603643	0.0000564033	0.0840774626	0.0003461442
0	0.0942151068	0.4490954620	0.0034164091	0.4528877860	0.0003852361
0	0.0000000000	0.0004803525	0.0470034563	0.4653053747	0.4872108166
0	0.0008607110	0.0047741439	0.4042005336	0.0000000001	0.5901646113
0	0.1840072638	0.1893207004	0.0001112760	0.0021355218	0.6244252380
1	0.0014699313	0.0000014435	0.0190264172	0.0201475369	0.9593546711
1	0.0074697863	0.0309225841	0.8418019031	0.0799480478	0.0398576787
2	0.3501485718	0.1153592056	0.0426839236	0.0003877963	0.4914205027
0	0.6290443424	0.0341264556	0.1784160970	0.0008205800	0.1575925250
0	0.0429327954	0.0958588517	0.7331315151	0.0420913275	0.0859855103
1	0.4926575033	0.1288703464	0.0000122258	0.0041342269	0.3743256977
1	0.0819108696	0.0000000000	0.8824384411	0.0012464610	0.0344042283
0	0.0586382998	0.1886549960	0.1945732128	0.5574699906	0.0006635009
1	0.6869978154	0.1067218031	0.0180841551	0.1451013511	0.0430948752
1	0.0000000002	0.0153709954	0.7042566923	0.0984101426	0.1819621694
0	0.0861319503	0.8182898228	0.0509497071	0.0187695814	0.0258589384
0	0.0090666916	0.0194715392	0.0651156350	0.5633723075	0.3429738266
0	0.0328637791	0.3974303324	0.5319196758	0.0377862128	0.0000000000
0	0.2530475833	0.0199887673	0.0364172262	0.1105575439	0.5799888794
0	0.8215407124	0.0092924393	0.0904196718	0.0150335930	0.0637135836
0	0.1474279527	0.1216198475	0.2723357933	0.4586055621	0.0000108444
0	0.0084821295	0.5992263814	0.0104314572	0.3785896545	0.0032703774
0	0.1924500099	0.0000000146	0.8075499756	0.0000000000	0.0000000000
0	0.0166712002	0.0000041636	0.5382131378	0.0847853966	0.3603261018
1	0.0854049530	0.0073980090	0.0000000000	0.9066102866	0.0005867513
0	0.0387555739	0.1026313614	0.6624163789	0.0000000000	0.1961966859
0	0.3916197655	0.1744909399	0.1249560663	0.2362671249	0.0726661034
0	0.2506306687	0.0384757197	0.5551420935	0.0781593052	0.0775922129
1	0.0341721990	0.7740753962	0.0532805953	0.0226402888	0.1158315207
0	0.4238471054	0.0000191555	0.4816920027	0.0944407184	0.0000010181
0	0.0271944659	0.0049506135	0.1457895405	0.8186167571	0.0034486230
0	0.0067331807	0.4229509038	0.0111321101	0.0038247647	0.5553590408
1	0.2956597071	0.4441430001	0.0000000000	0.0268813059	0.2333159870
0	0.0027701485	0.0173006106	0.8821071253	0.0000000000	0.0978221156
0	0.0319928596	0.0606604747	0.0000000094	0.0231070098	0.8842396465
1	0.1806292361	0.0344288562	0.1140620931	0.0029518119	0.6679280026
0	0.0292204571	0.3900353577	0.3611484084	0.2195910343	0.0000047424
1	0.0000007498	0.2910548299	0.0001456721	0.1834883736	0.5253103746
1	0.0146942910	0.0000923190	0.3559116583	0.6128183310	0.0164834007
1	0.4827900623	0.0039004229	0.0344357335	0.4413401066	0.0375336747
0	0.0765996994	0.2261342319	0.2640482809	0.3625143928	0.0707033951
0	0.2013249885	0.3385607955	0.2023800321	0.0020091231	0.2557250609
1	0.0559261816	0.7883034947	0.0489422659	0.1052848424	0.0015432155
0	0.9661281478	0.0025150553	0.0286537306	0.0026219893	0.0000810770
0	0.1971025443	0.0278729156	0.1637019320	0.4186781571	0.1926444510
0	0.0081982107	0.1563738898	0.0004890253	0.1323610942	0.7025777801
0	0.0515713319	0.3368055390	0.0000000114	0.3725925658	0.2390305519
0	0.0326823430	0.1031648146	0.7626662482	0.1014727959	0.0000137983
1	0.0250544549	0.0002290911	0.9138940481	0.0598771563	0.0009452496
2	0.0439467588	0.0783586809	0.0017084655	0.0009069749	0.8750791200
0	0.0084574733	0.0662177256	0.3261846962	0.5991401046	0.0000000003
0	0.0321573477	0.5519372097	0.2705617380	0.0166433023	0.1287004023
0	0.6075414112	0.3835826931	0.0023007716	0.0001160588	0.0064590653
1	0.0455323057	0.0942323505	0.0001259829	0.8601093610	0.0000000000
0	0.2237986892	0.3930171996	0.3114193938	0.0172754401	0.0544892773
1	0.0320921508	0.0043380860	0.4922231077	0.0315455728	0.4398010826
0	0.0886294004	0.1620108552	0.7391446255	0.0000000924	0.0102150266
0	0.0137826382	0.0060650350	0.3992543928	0.0178083195	0.5630896146
0	0.0000056904	0.5393840735	0.1384498772	0.0000000000	0.3221603589
0	0.5612489287	0.1778286804	0.2117748461	0.0150699339	0.0340776110
0	0.0000000028	0.9151200131	0.0021624197	0.0001719623	0.0825456022
0	0.0000983288	0.0048651308	0.8137505179	0.1789086621	0.0023773604
0	0.1678766014	0.1688513691	0.0000000375	0.0001069891	0.6631650029
0	0.3453277432	0.1745922986	0.0814528794	0.3888780345	0.0097490443
0	0.7346625317	0.0531373252	0.0422971218	0.0042513012	0.1656517201
0	0.0004589696	0.1742083172	0.0002415184	0.8250877697	0.0000034251
1	0.8148346580	0.0394933466	0.0795560186	0.0502786174	0.0158373594
1	0.0650786180	0.0000002232	0.8573830354	0.0034738732	0.0740642502
0	0.1794108163	0.6158195339	0.0953344018	0.0920986209	0.0173366270
0	0.7618606453	0.1903975565	0.0016767840	0.0079610332	0.0381039810
0	0.7410908465	0.1260121136	0.1300453477	0.0028369400	0.0000147522
1	0.2348328336	0.0183493509	0.0141042159	0.7174417224	0.0152718772
1	0.7122244114	0.0088580383	0.0000000000	0.0653125218	0.2136050284
0	0.0111659313	0.0445212488	0.5444147515	0.0000003895	0.3998976790
1	0.4190360601	0.4833572905	0.0177261698	0.0745137877	0.0053666919
1	0.6845934375	0.0249460908	0.1946762089	0.0933097152	0.0024745476
1	0.0969044224	0.3184554971	0.1214242676	0.2743116322	0.1889041807
0	0.1268154671	0.6392302653	0.0000000000	0.1736007605	0.0603535072
0	0.0072032425	0.5851565370	0.0102691972	0.1023838451	0.2949871782
1	0.1080296608	0.2512023855	0.2106879216	0.3494765390	0.0806034930
0	0.0379680596	0.4385470678	0.3117481808	0.2117366545	0.0000000372
0	0.0013003863	0.2697863821	0.3383802969	0.2243745213	0.1661584134
0	0.0905186011	0.6000489591	0.0652025573	0.2435863057	0.0006435768
1	0.0001311949	0.0413190535	0.9284802236	0.0063772242	0.0236923038
1	0.0094748824	0.0870840956	0.0329695898	0.8684896694	0.0019817628
1	0.0027534189	0.0000000002	0.8138970230	0.0385470262	0.1448025318
0	0.1843980236	0.2092360613	0.0014985303	0.3287653978	0.2761019869
1	0.0000000362	0.0016813807	0.3358765209	0.4847784262	0.1776636360
1	0.6969594428	0.0000000000	0.0013362263	0.2644515310	0.0372527999
1	0.5718442666	0.0159637119	0.0544625751	0.3577294423	0.0000000040
