1	0.0007348991	0.8671145247	0.0000620344	0.0000535293	0.1320350125
1	0.3236527075	0.4998427767	0.0032079709	0.1731848800	0.0001116648
0	0.0835938859	0.0062867992	0.1442028708	0.7592518917	0.0066645525
0	0.0001352172	0.2689903463	0.3011017603	0.1185028440	0.3112698321
1	0.0099031880	0.6656210596	0.0460286467	0.0135680711	0.2648790346
0	0.5874819384	0.0434500183	0.0470370313	0.3220252042	0.0000058077
0	0.0044834468	0.7963038448	0.0429567158	0.0000000000	0.1562559926
0	0.7163621471	0.0606242400	0.0000039797	0.2230096332	0.0000000000
0	0.0014853182	0.6910183426	0.0113995127	0.0000001813	0.2960966452
1	0.8592415062	0.0540282860	0.0309228033	0.0377052079	0.0181021965
0	0.2493307625	0.1862948646	0.4385617468	0.0024924661	0.1233201601
0	0.0000570481	0.1104269747	0.0231031833	0.8579464077	0.0084663861
0	0.1339951626	0.1648817406	0.5662776796	0.1150135808	0.0198318365
1	0.1574369992	0.8394010708	0.0031619288	0.0000000011	0.0000000000
1	0.0001590381	0.0099780502	0.9303472231	0.0001146809	0.0594010078
0	0.0918972866	0.1142067906	0.0372551837	0.5839180995	0.1727226396
0	0.0002648963	0.3466355853	0.0000000000	0.0027636996	0.6503358189
0	0.2142526761	0.0378953826	0.0020041046	0.6745114737	0.0713363630
0	0.4890380595	0.0000000012	0.4363423734	0.0652450928	0.0093744731
0	0.0255656534	0.0368229976	0.0120422883	0.9255690401	0.0000000206
0	0.1437851848	0.5009778469	0.0744186813	0.1243990451	0.1564192420
0	0.0201838288	0.7815229295	0.0022265234	0.1622828323	0.0337838860
1	0.1536487801	0.0000059986	0.0283678829	0.4023331607	0.4156441778
0	0.0869239947	0.3766536197	0.0000000000	0.5145676742	0.0218547114
0	0.0433163547	0.0350280441	0.8062453831	0.0000000000	0.1154102181
1	0.5965842965	0.1041091001	0.0585131377	0.1823956619	0.0583978039
1	0.0004371320	0.0000750328	0.5312787145	0.0017469893	0.4664621314
0	0.0417522510	0.1058948919	0.6613742279	0.1803092135	0.0106694157
0	0.6200144667	0.3403127312	0.0079205400	0.0021502836	0.0296019784
0	0.0000000000	0.0004498275	0.0208047138	0.0175078393	0.9612376194
2	0.5653455768	0.0049785007	0.1135148699	0.3161609962	0.0000000564
0	0.0324396091	0.0553357863	0.1058462179	0.1835701270	0.6228082596
0	0.4216714744	0.0147279054	0.0028944482	0.0000011957	0.5607049763
1	0.0067375377	0.0587213500	0.0683738865	0.4878648765	0.3783023493
0	0.1050693988	0.6089856675	0.0024613778	0.0273755330	0.2561080229
0	0.0704558541	0.4251690808	0.4345287602	0.0697008261	0.0001454788
0	0.6110828863	0.0332098294	0.0643012916	0.0776763201	0.2137296726
1	0.0659415961	0.0009217482	0.0000533740	0.1347045694	0.7983787123
0	0.1538755382	0.6494081769	0.0603672634	0.1363490215	0.0000000000
0	0.0073587235	0.8603345917	0.0950081320	0.0012490406	0.0360495122
0	0.2658396682	0.0000000014	0.0616441156	0.4740242608	0.1984919540
0	0.0003005825	0.0985969328	0.4711481969	0.4299542878	0.0000000000
1	0.8454794243	0.0528329979	0.0505512808	0.0412211983	0.0099150987
0	0.1490820545	0.0036890038	0.8131776088	0.0317482810	0.0023030519
0	0.0001571631	0.0006655099	0.0027877682	0.9946339724	0.0017555864
0	0.0000056163	0.6343794659	0.0016568143	0.1490660922	0.2148920113
0	0.1417897586	0.1438001700	0.4482329717	0.0026753550	0.2635017447
1	0.1351884128	0.7603214679	0.0009509490	0.1035391702	0.0000000000
0	0.0419740786	0.5545617693	0.0000000000	0.0071732742	0.3962908779
0	0.3012261174	0.4010229039	0.1437609431	0.1497852751	0.0042047605
0	0.0000060983	0.0000034914	0.1781817853	0.0153775900	0.8064310349
1	0.0000019948	0.6176867463	0.3396582728	0.0419036552	0.0007493309
0	0.7352398334	0.1338827543	0.0116536363	0.0085034192	0.1107203568
1	0.5676684661	0.1987883162	0.0029044037	0.0710043228	0.1596344912
0	0.7385545429	0.0931601436	0.1003586610	0.0679266525	0.0000000000
1	0.0000052236	0.9169115039	0.0782890690	0.0029783007	0.0018159029
0	0.2949324249	0.0011492109	0.5846659915	0.0001219283	0.1191304445
0	0.0000000224	0.7080213595	0.0144392538	0.1543161804	0.1232231839
0	0.0357007356	0.0002098668	0.5465220522	0.4105061775	0.0070611680
0	0.3248384152	0.0281252193	0.4532148871	0.0698312346	0.1239902438
0	0.0032298318	0.0006886244	0.5625361977	0.4328696714	0.0006756747
0	0.0118299319	0.7751615530	0.1117193315	0.0010640026	0.1002251810
1	0.0296472762	0.6231110163	0.0492916468	0.0457363493	0.2522137114
0	0.8315907245	0.0066520495	0.0000000000	0.0100143856	0.1517428405
1	0.0307678344	0.0044974599	0.0018843550	0.0232109599	0.9396393907
0	0.0000491620	0.0439456298	0.5303517376	0.3742730743	0.0513803963
0	0.1899195858	0.1505015109	0.5895983368	0.0087264952	0.0612540712
0	0.1053754402	0.1972677878	0.2784917382	0.2550757736	0.1637892602
1	0.0386082926	0.0599254605	0.1532892777	0.0000000000	0.7481769693
2	0.0997609598	0.0000000000	0.0506666900	0.6493691137	0.2002032365
1	0.5391111832	0.0523040967	0.0000002446	0.3405134695	0.0680710061
1	0.0000001702	0.0645207899	0.0094823577	0.0057166979	0.9202799842
0	0.0126948153	0.1611759649	0.0558690493	0.6710825582	0.0991776123
0	0.0109228359	0.0051464305	0.0736879789	0.6044179252	0.3058248296
0	0.2405406696	0.0181107712	0.0696209661	0.2283564580	0.4433711351
0	0.0404782786	0.0016541017	0.0091428874	0.5146605037	0.4340642286
0	0.6469521278	0.0290787717	0.0581561820	0.2634860841	0.0023268345
0	0.5248671126	0.0216328006	0.2440714234	0.0000003640	0.2094282994
0	0.1010949625	0.0676031341	0.6522374955	0.1058223085	0.0732420994
0	0.0000117434	0.0802177085	0.0000001114	0.8995111421	0.0202592947
0	0.6014299602	0.1335593852	0.0722386096	0.0000000097	0.1927720353
0	0.5496946014	0.2119450232	0.0198015772	0.2169478381	0.0016109601
1	0.3569916862	0.6215712592	0.0000000001	0.0001565301	0.0212805244
0	0.8187184757	0.0559194414	0.0000000000	0.1239812051	0.0013808779
0	0.0601864459	0.1659757609	0.4755740185	0.0118172349	0.2864465399
0	0.1068953687	0.1162377141	0.2134476696	0.0054333379	0.5579859098
1	0.0054079537	0.0115930735	0.5058827968	0.0428290694	0.4342871067
0	0.0122919079	0.0002705754	0.7120622969	0.2169032130	0.0584720068
0	0.0355971420	0.5580511455	0.0000000006	0.3964860666	0.0098656453
0	0.0159259234	0.0448060024	0.0000012481	0.8659674461	0.0732993800
1	0.0111161010	0.3345428908	0.0000092053	0.5394737410	0.1148580619
1	0.0493532347	0.0086148970	0.5473287207	0.0629576892	0.3317454584
0	0.2867926052	0.0154529198	0.4184178628	0.2793365980	0.0000000142
0	0.0175747865	0.0000000000	0.0914571301	0.8519967622	0.0389713211
0	0.6559229685	0.2510617492	0.0000000000	0.0295674972	0.0634477852
1	0.0000004376	0.1160936524	0.7967724961	0.0044331619	0.0827002520
0	0.0000000000	0.2891952732	0.2921013970	0.0000000002	0.4187033296
0	0.1203649533	0.0004847235	0.8149016837	0.0141413118	0.0501073277
0	0.5558249147	0.2513629214	0.1925504984	0.0000000000	0.0002616654
2	0.2885163974	0.3421470932	0.1020241117	0.0000000000	0.2673123977
