0	0.2119281697	0.0000000000	0.7880718303
0	0.0006547284	0.9990835232	0.0002617484
0	0.1538423367	0.8373939485	0.0087637149
1	0.1268600441	0.8469240681	0.0262158878
0	0.0828178358	0.8257389901	0.0914431740
0	0.1438084535	0.0682759610	0.7879155854
0	0.7565814330	0.1908829950	0.0525355720
0	0.6314319907	0.3685679960	0.0000000133
1	0.0030599619	0.0766902361	0.9202498020
1	0.0405210955	0.0861790154	0.8732998891
0	0.9955441952	0.0044531902	0.0000026145
1	0.0000001779	0.3916670066	0.6083328155
0	0.0461823765	0.9537392997	0.0000783237
0	0.0648223530	0.0060604992	0.9291171478
0	0.0282112075	0.9476408576	0.0241479349
0	0.3572251685	0.5332504913	0.1095243401
0	0.3896401942	0.0049500667	0.6054097391
0	0.6911236767	0.0000606385	0.3088156849
1	0.0438185361	0.8699809341	0.0862005298
0	0.9242308738	0.0048060529	0.0709630734
0	0.0245253632	0.3910143987	0.5844602381
2	0.3035202760	0.6797864803	0.0166932438
0	0.7534989961	0.2410021676	0.0054988363
2	0.4773011557	0.0555651938	0.4671336505
2	0.3315606487	0.6684390676	0.0000002837
0	0.1200493978	0.0902686459	0.7896819563
1	0.0182216616	0.5158723155	0.4659060229
0	0.2095209633	0.5824445334	0.2080345033
1	0.1163053594	0.0096399895	0.8740546512
0	0.1569538383	0.7459225317	0.0971236301
1	0.3010776033	0.0000000000	0.6989223967
0	0.0000008609	0.9997453685	0.0002537707
0	0.3640537174	0.1310039066	0.5049423760
2	0.1950512149	0.0023030383	0.8026457469
0	0.0000000000	0.0027686394	0.9972313606
0	0.8697622117	0.0796635638	0.0505742244
0	0.4758016618	0.2469507106	0.2772476276
0	0.1992096498	0.0000000000	0.8007903502
1	0.2043944184	0.2448475644	0.5507580172
1	0.0884980471	0.0000000048	0.9115019481
0	0.0003031244	0.0000445613	0.9996523142
0	0.3993128915	0.3647671534	0.2359199552
1	0.4986904872	0.1976142083	0.3036953045
0	0.1214036718	0.8785963282	0.0000000000
0	0.9716158400	0.0053206924	0.0230634676
0	0.1135299214	0.5301780965	0.3562919821
0	0.0028646026	0.0670142208	0.9301211766
1	0.9073016971	0.0905943724	0.0021039304
1	0.6187315471	0.1775391993	0.2037292536
0	0.5550377458	0.0100136171	0.4349486371
0	0.0000007946	0.2617659307	0.7382332747
1	0.1869248744	0.7931106047	0.0199645209
1	0.0383755789	0.0079917366	0.9536326845
0	0.9890281570	0.0000021415	0.0109697014
1	0.9535936323	0.0464063660	0.0000000017
1	0.9210974291	0.0783778295	0.0005247414
0	0.0000002248	0.9991087196	0.0008910557
0	0.8491779899	0.0000001983	0.1508218118
0	0.4325807700	0.5670316142	0.0003876158
0	0.9873242921	0.0126757079	0.0000000000
2	0.0031826312	0.3077609401	0.6890564287
2	0.0889629629	0.7908970431	0.1201399939
1	0.0906686574	0.8378935523	0.0714377903
1	0.0000000000	0.5881594633	0.4118405367
1	0.0000000000	0.9999996086	0.0000003914
0	0.4343494206	0.0023597670	0.5632908124
1	0.0000000000	0.6013759401	0.3986240599
0	0.5175032971	0.0158610930	0.4666356099
0	0.0000000000	0.9987475562	0.0012524438
0	0.2477921437	0.0000093237	0.7521985326
0	0.5850169217	0.0002128686	0.4147702098
0	0.0000013008	0.9347941722	0.0652045270
0	0.0012942368	0.9931703175	0.0055354457
0	0.7344265739	0.2622242394	0.0033491867
0	0.0338684458	0.7012290491	0.2649025052
0	0.9989058281	0.0010941719	0.0000000000
0	0.0005939628	0.0406904586	0.9587155786
1	0.0000577190	0.1670783182	0.8328639628
1	0.0957799331	0.9038191791	0.0004008877
0	0.7240027860	0.1769215641	0.0990756499
0	0.5694777550	0.3403324148	0.0901898302
1	0.2696664784	0.0329228274	0.6974106942
0	0.7575039740	0.0078360630	0.2346599630
0	0.2418608514	0.7405305689	0.0176085796
1	0.0288416598	0.9472392092	0.0239191310
1	0.9478743615	0.0020934962	0.0500321423
0	0.7001922034	0.0581205180	0.2416872786
0	0.3222625047	0.0507899398	0.6269475554
0	0.7526924805	0.1880066769	0.0593008426
0	0.0000013008	0.0361342337	0.9638644654
0	0.1116412672	0.0342152557	0.8541434771
0	0.5904402596	0.0017177683	0.4078419721
1	0.0657864822	0.2135257008	0.7206878170
0	0.9614593920	0.0385406080	0.0000000000
0	0.0918925850	0.5034011892	0.4047062258
2	0.4653719652	0.2304549928	0.3041730420
1	0.6768864530	0.3214750328	0.0016385141
1	0.2021747118	0.3344187751	0.4634065130
0	0.9883285248	0.0070546618	0.0046168134
0	0.3100224677	0.6883093733	0.0016681590
