0	0.6037614204	0.2739384132	0.1223001664
1	0.1701855461	0.7466391595	0.0831752944
0	0.5567826106	0.0298072474	0.4134101420
0	0.4795491385	0.0072328911	0.5132179704
0	0.8420089664	0.0072158552	0.1507751784
0	0.4747982672	0.0000829565	0.5251187763
0	0.9982148591	0.0007023377	0.0010828032
1	0.0019893093	0.0064736088	0.9915370820
1	0.2761345299	0.0638196968	0.6600457733
0	0.1401678608	0.1646261060	0.6952060333
1	0.2465861279	0.6851934841	0.0682203880
1	0.1276740809	0.1703112650	0.7020146541
0	0.0226985561	0.2269700184	0.7503314255
1	0.0263375567	0.0000000072	0.9736624361
0	0.0024868366	0.1210654173	0.8764477461
0	0.5064826520	0.0056680465	0.4878493014
1	0.0341449576	0.8886584374	0.0771966050
1	0.1761630902	0.2965810728	0.5272558370
0	0.4365162114	0.4777506045	0.0857331841
0	0.0060883633	0.9713674986	0.0225441381
1	0.6061645928	0.0518822087	0.3419531985
0	0.5302202760	0.0004025767	0.4693771473
0	0.8448732157	0.0785781566	0.0765486277
1	0.0022784264	0.7205019127	0.2772196610
0	0.4935052416	0.4179466413	0.0885481171
1	0.0066723581	0.9932804523	0.0000471896
0	0.0000005565	0.2545555158	0.7454439277
1	0.2405541295	0.2713139460	0.4881319245
0	0.0035892992	0.6786709457	0.3177397550
0	0.0996755713	0.6389923110	0.2613321176
1	0.3868538808	0.0700168022	0.5431293170
0	0.7848207638	0.0007353478	0.2144438884
1	0.3255168322	0.1151502736	0.5593328942
1	0.6084690035	0.0467507254	0.3447802711
1	0.0000003440	0.9996901176	0.0003095383
0	0.9973284239	0.0011229963	0.0015485798
0	0.7097230681	0.0595873593	0.2306895726
1	0.0000000000	0.0000005260	0.9999994740
0	0.9380528682	0.0164536818	0.0454934500
0	0.0322757035	0.1807235601	0.7870007364
0	0.2753165679	0.0477893948	0.6768940373
0	0.0000000000	0.8054494014	0.1945505986
0	0.8275001849	0.0042173472	0.1682824679
0	0.7735719808	0.1570396676	0.0693883516
1	0.2682150838	0.4392429421	0.2925419741
0	0.0000000018	0.0536905568	0.9463094415
1	0.0013606871	0.9802572959	0.0183820170
0	0.1960318683	0.4556340946	0.3483340372
1	0.2620541813	0.2217888672	0.5161569516
0	0.2847160983	0.4059991156	0.3092847862
1	0.3154422399	0.4146626013	0.2698951588
0	0.0032459967	0.2846682231	0.7120857802
1	0.7552511449	0.0831281827	0.1616206724
0	0.3476973873	0.4147651015	0.2375375112
0	0.0011886084	0.1779712424	0.8208401492
0	0.2115718195	0.0653877899	0.7230403906
0	0.2328080541	0.7295966141	0.0375953318
0	0.9996792899	0.0000749149	0.0002457952
0	0.0200570459	0.0010568604	0.9788860936
0	0.0170072366	0.9729015180	0.0100912454
0	0.0205189778	0.2326299959	0.7468510263
0	0.4918499122	0.4787751229	0.0293749649
0	0.2449673967	0.2105844964	0.5444481068
0	0.1251489241	0.0153051845	0.8595458914
0	0.0300967421	0.6878787467	0.2820245112
1	0.4686974728	0.5312383451	0.0000641821
1	0.0018353830	0.0000278583	0.9981367586
1	0.3406252894	0.0235769214	0.6357977891
0	0.0346753818	0.0679263311	0.8973982871
0	0.6320031028	0.1519422708	0.2160546263
1	0.9097894230	0.0015434731	0.0886671039
0	0.0050261203	0.7635824721	0.2313914076
0	0.1307072843	0.0000219067	0.8692708090
1	0.1437513214	0.7869151961	0.0693334825
0	0.0067100451	0.9748144302	0.0184755247
0	0.7087312087	0.0070354965	0.2842332948
1	0.2107391779	0.5240456247	0.2652151973
1	0.9167637240	0.0305827194	0.0526535566
0	0.6076076279	0.0048465650	0.3875458071
1	0.8383528607	0.1055110129	0.0561361264
0	0.5662563400	0.2672505304	0.1664931296
0	0.1442067095	0.6188938270	0.2368994635
1	0.6343830585	0.2702332533	0.0953836882
1	0.9640077895	0.0155118880	0.0204803225
0	0.7292565296	0.2666865631	0.0040569073
0	0.8916219389	0.0563699014	0.0520081597
1	0.1527373281	0.3138291594	0.5334335125
0	0.0280070587	0.9719929413	0.0000000000
0	0.6020873297	0.2592777398	0.1386349306
0	0.6042658115	0.3101313013	0.0856028872
2	0.0073096092	0.0708079057	0.9218824850
0	0.5843173545	0.0335769384	0.3821057071
0	0.3146919985	0.0000037276	0.6853042738
0	0.6354325491	0.2171547740	0.1474126769
0	0.4389576901	0.4352276812	0.1258146287
0	0.0002387757	0.0004921226	0.9992691017
0	0.9937658931	0.0058990607	0.0003350462
0	0.0524422349	0.6779597652	0.2695979999
1	0.4669580918	0.0039129708	0.5291289374
1	0.8745026760	0.0872669084	0.0382304156
