0	0.3689023650	0.5813745975	0.0497230375
1	0.8968782597	0.1031192978	0.0000024425
1	0.0000000000	0.0798057827	0.9201942173
1	0.5719775830	0.0000000000	0.4280224170
0	1.0000000000	0.0000000000	0.0000000000
0	0.4148529042	0.5280631836	0.0570839122
0	0.9920939018	0.0005837251	0.0073223731
0	0.0031292287	0.6611670250	0.3357037462
0	0.5866711902	0.4133149739	0.0000138359
0	0.9999999816	0.0000000000	0.0000000184
0	0.0042781759	0.0033467121	0.9923751120
0	0.1777154414	0.0000000000	0.8222845586
0	0.2392108903	0.1630629427	0.5977261670
1	0.2278157821	0.0006322666	0.7715519513
0	0.9746292857	0.0000000044	0.0253707098
0	0.0000000000	0.7587039333	0.2412960667
0	0.1906443835	0.7064909567	0.1028646598
0	0.0923613416	0.9076386584	0.0000000000
0	0.6903506410	0.0001199008	0.3095294582
0	0.5246167502	0.4378298442	0.0375534056
1	0.6536305739	0.2010300088	0.1453394174
0	0.2126406789	0.6502308511	0.1371284700
1	0.1582435365	0.8417564635	0.0000000000
0	0.0000000917	0.0012891638	0.9987107444
1	0.0528611483	0.9328159172	0.0143229345
0	0.0540149611	0.6100885073	0.3358965317
0	0.0026958196	0.6603413444	0.3369628360
0	0.8527608662	0.1472373298	0.0000018040
0	0.9722422682	0.0265543447	0.0012033871
2	0.0886973480	0.8626407010	0.0486619509
1	0.7738914900	0.2236442003	0.0024643097
0	0.0442926801	0.1738425635	0.7818647563
1	0.1127705297	0.7011976489	0.1860318214
1	0.0409918828	0.5059659379	0.4530421793
1	0.0036045464	0.5850525242	0.4113429294
1	0.9999667405	0.0000332589	0.0000000007
0	0.0003090514	0.9868190241	0.0128719246
0	0.8035479349	0.1120736025	0.0843784627
1	0.8924981353	0.0691377595	0.0383641053
0	0.0043047157	0.9673386450	0.0283566393
0	0.0001097935	0.9607969636	0.0390932429
2	0.0000000000	0.8229252681	0.1770747319
1	0.0433519165	0.5921829109	0.3644651725
1	0.0546262131	0.1968804447	0.7484933422
0	0.4017393153	0.5878067225	0.0104539622
0	0.0018666135	0.5611017669	0.4370316196
0	0.0116695673	0.8173085613	0.1710218714
0	0.0432943294	0.7834694031	0.1732362675
0	0.4995188441	0.0096936200	0.4907875360
0	0.2624709435	0.2379293263	0.4995997303
1	0.7885935515	0.1207600603	0.0906463882
0	0.4254758628	0.0000000000	0.5745241372
0	0.7003151582	0.0001329082	0.2995519335
0	0.3327205376	0.6494051362	0.0178743263
0	0.5868115964	0.0205087104	0.3926796932
0	0.0009551881	0.9935505590	0.0054942528
0	0.0000389600	0.3941643022	0.6057967378
0	0.0607386948	0.9353148061	0.0039464991
0	0.0000000000	0.8423344853	0.1576655147
1	0.0170431606	0.0537085187	0.9292483207
1	0.0103032986	0.9873014439	0.0023952575
2	0.1065873726	0.8919586555	0.0014539719
1	0.0014914523	0.9985072142	0.0000013335
0	0.8087201484	0.1783610071	0.0129188445
0	0.9191983162	0.0740793943	0.0067222895
0	0.5451401246	0.2915035817	0.1633562937
0	0.0000400061	0.5482474908	0.4517125031
0	0.1480431841	0.2275713462	0.6243854697
0	0.0000000087	0.9934829476	0.0065170437
1	0.0612227596	0.0084992239	0.9302780165
2	0.0050702087	0.1731782814	0.8217515099
0	0.0000032383	0.0236537652	0.9763429964
0	0.2009878663	0.7295654834	0.0694466503
0	0.8819051558	0.0130436076	0.1050512366
0	0.3256998294	0.4574003235	0.2168998471
1	0.9876930576	0.0004352788	0.0118716636
1	0.3714952989	0.1199333288	0.5085713724
0	0.0906826991	0.0067220699	0.9025952311
0	0.8333474719	0.1663477363	0.0003047919
0	0.9675355446	0.0000013131	0.0324631422
0	0.6770887359	0.3206701675	0.0022410966
0	0.0117538942	0.1270696752	0.8611764307
1	0.3482950610	0.4515793865	0.2001255524
0	0.2612044940	0.0006893953	0.7381061106
0	0.0359611986	0.0650432919	0.8989955095
0	0.1848837752	0.1279850317	0.6871311931
0	0.0012383124	0.9349836960	0.0637779916
0	0.1728633631	0.5306366815	0.2964999554
1	0.4338265967	0.0043673224	0.5618060810
2	0.4012967242	0.0025594685	0.5961438073
0	0.1882952832	0.0555586935	0.7561460233
0	0.8911125519	0.1016172592	0.0072701889
0	0.1178415147	0.3150207314	0.5671377539
0	0.9996392820	0.0002817950	0.0000789230
1	0.9525194287	0.0474779401	0.0000026312
1	0.1212508456	0.8255331318	0.0532160226
0	0.6450705033	0.2966674273	0.0582620694
0	0.1270818500	0.1740642702	0.6988538797
0	0.5318154860	0.0037232069	0.4644613071
0	0.0000020411	0.8896393745	0.1103585844
