0	0.2807242679	0.0000081952	0.7192675369
0	0.2562454162	0.0682529667	0.6755016171
0	0.0143675491	0.9199906839	0.0656417670
1	0.7607525954	0.1664695719	0.0727778327
1	0.0153464325	0.1540108298	0.8306427378
1	0.8921773949	0.0423903459	0.0654322593
0	0.4081637899	0.5917023742	0.0001338358
1	0.2099494288	0.0177236767	0.7723268945
0	0.2087944788	0.6589373011	0.1322682201
0	0.1467794062	0.1024836540	0.7507369397
0	0.8121709881	0.0000000067	0.1878290053
0	0.2146159032	0.0490132259	0.7363708709
0	0.1812429614	0.7517655688	0.0669914698
0	0.8553739273	0.0034538923	0.1411721804
2	0.3518446257	0.0855553966	0.5625999777
1	0.8917950907	0.0618625272	0.0463423821
0	0.0017793813	0.2917807548	0.7064398638
1	0.7590650882	0.2408471760	0.0000877358
0	0.0000000000	0.0382641981	0.9617358019
0	0.0000418199	0.9435291574	0.0564290227
1	0.0000016252	0.0001127433	0.9998856315
0	0.1911291105	0.8064903914	0.0023804981
0	0.1135279077	0.8650820264	0.0213900660
1	0.1929447064	0.0354589339	0.7715963597
0	0.5805854974	0.1395091419	0.2799053606
0	0.2856870340	0.4265129531	0.2878000128
1	0.0058451665	0.9719980283	0.0221568052
0	0.0016993260	0.2214604559	0.7768402182
0	0.9656338842	0.0000735131	0.0342926027
1	0.0030013260	0.8110196622	0.1859790118
0	0.0508369351	0.5054843974	0.4436786675
1	0.3870943497	0.0102605509	0.6026450994
0	0.4266747600	0.2222802211	0.3510450188
1	0.2901732752	0.2947560678	0.4150706569
1	0.2130160132	0.5263419804	0.2606420065
1	0.0330372978	0.0042427672	0.9627199349
0	0.0080317688	0.3948375868	0.5971306444
1	0.0010557040	0.8696168078	0.1293274882
0	0.2222033766	0.0006223561	0.7771742673
0	0.5645870002	0.1393800358	0.2960329640
0	0.1323498639	0.8673354100	0.0003147262
1	0.7497861546	0.2459472334	0.0042666120
1	0.4798746248	0.0665549619	0.4535704133
0	0.3222106197	0.5142458850	0.1635434953
0	0.2002823105	0.7818318203	0.0178858692
0	0.9036652147	0.0000000018	0.0963347835
0	0.0114489903	0.9759144293	0.0126365804
0	0.1292132471	0.5295257117	0.3412610412
0	0.0000000000	0.8947876842	0.1052123158
0	0.2468239783	0.7521447565	0.0010312652
0	0.0455142355	0.9086179892	0.0458677754
0	0.9734812877	0.0120515715	0.0144671408
0	0.9256863347	0.0526944738	0.0216191915
1	0.3314082743	0.0719876291	0.5966040966
1	0.7016646058	0.0877559879	0.2105794063
1	0.5740678601	0.4156697498	0.0102623901
1	0.0000000000	0.9576855011	0.0423144989
0	0.0390378186	0.9561252508	0.0048369306
0	0.5971663697	0.2119232021	0.1909104282
1	0.0313232364	0.7384313163	0.2302454472
1	0.0132673336	0.8829973429	0.1037353235
0	0.0420299887	0.7046752578	0.2532947535
0	0.0254598950	0.7322477433	0.2422923617
0	0.2205516436	0.7471125957	0.0323357607
0	0.1530736942	0.1414209677	0.7055053382
0	0.6170828761	0.2747295522	0.1081875717
0	0.0010563582	0.7378687698	0.2610748721
1	0.0036249008	0.9962499309	0.0001251684
1	0.5104881271	0.0557925796	0.4337192933
1	0.9660799886	0.0339185142	0.0000014971
0	0.2477133831	0.7439089380	0.0083776789
0	0.6895709653	0.2853419911	0.0250870436
0	0.0195672095	0.9368335072	0.0435992833
0	0.1017000222	0.6927528023	0.2055471755
0	0.3765096572	0.1446630966	0.4788272463
0	0.0017474259	0.2175975310	0.7806550431
1	0.0004293412	0.9993997971	0.0001708617
0	0.5603734970	0.0170895784	0.4225369245
0	0.4168698133	0.0135365416	0.5695936452
1	0.1270646430	0.0000027436	0.8729326134
0	0.0000003273	0.6116813063	0.3883183664
0	1.0000000000	0.0000000000	0.0000000000
1	0.5059433930	0.4764595757	0.0175970313
1	0.2457887948	0.7402872223	0.0139239829
0	0.2112257746	0.7228454251	0.0659288003
0	0.0857326593	0.0061261865	0.9081411541
1	0.9852194191	0.0045126870	0.0102678939
0	0.9135919653	0.0864079491	0.0000000857
1	0.0000000000	0.8386333850	0.1613666150
0	0.7148145135	0.2851854865	0.0000000000
0	0.9247048819	0.0000000000	0.0752951181
1	0.0144288879	0.0076926914	0.9778784207
1	0.9322519843	0.0418500470	0.0258979688
1	0.3659659821	0.0126983627	0.6213356552
2	0.1275920948	0.0869687087	0.7854391965
1	0.0259240964	0.9546208429	0.0194550608
0	0.9595087892	0.0078721952	0.0326190156
1	0.9557978948	0.0000000009	0.0442021043
0	0.1379337981	0.0573844817	0.8046817202
1	0.4154018514	0.0194331160	0.5651650326
