0	0.0064074757	0.4569266731	0.5366658511
1	0.9662951924	0.0191077881	0.0145970196
1	0.4273314549	0.1015099023	0.4711586428
1	0.3181587834	0.0414544002	0.6403868164
2	0.3986574899	0.1153867421	0.4859557680
0	0.0309159451	0.0371158744	0.9319681805
0	0.5098074221	0.0000000000	0.4901925779
0	0.6019213180	0.3948728466	0.0032058354
0	0.4353082350	0.0000053431	0.5646864219
1	0.0452416013	0.3333214480	0.6214369507
0	0.0375767983	0.5156298377	0.4467933640
1	0.0255004302	0.2507370018	0.7237625680
0	0.0010182454	0.0082511534	0.9907306011
0	0.5917246520	0.0000000000	0.4082753480
0	0.5187226076	0.4258404110	0.0554369813
0	0.8276513272	0.0981784168	0.0741702560
1	0.0000000000	0.9999999824	0.0000000176
0	0.2459274043	0.1045837195	0.6494888763
0	0.0766145392	0.0000029390	0.9233825219
0	0.5356458522	0.0117456630	0.4526084848
0	0.0466977896	0.1147232627	0.8385789477
1	0.0000000003	0.6759361749	0.3240638249
1	0.3858036249	0.4140072383	0.2001891368
1	0.5220603731	0.1819905615	0.2959490655
1	0.0422799950	0.0000253924	0.9576946125
0	0.5895080643	0.3956958594	0.0147960763
0	0.2732447010	0.0000979658	0.7266573332
1	0.4203844148	0.0091031960	0.5705123891
0	0.7891239085	0.0580317449	0.1528443465
0	0.0022081083	0.9977769036	0.0000149881
1	0.0131259476	0.9864621148	0.0004119376
2	0.0860825318	0.5297157558	0.3842017123
0	0.5659127470	0.0016402144	0.4324470386
0	0.1489031318	0.1605851621	0.6905117061
0	0.1640389740	0.7023134971	0.1336475289
0	0.0846102370	0.9042972031	0.0110925599
0	0.0838314545	0.5894629919	0.3267055535
1	0.0178038065	0.3760540547	0.6061421388
0	0.3753859571	0.3618334790	0.2627805639
2	0.9352014876	0.0170466899	0.0477518225
0	0.7280645960	0.1831606179	0.0887747861
0	0.2005024234	0.7994975766	0.0000000000
0	0.3015350989	0.4866233336	0.2118415674
1	0.4543718201	0.1400291905	0.4055989893
0	0.1293558650	0.0006672001	0.8699769349
0	0.9488167591	0.0000000000	0.0511832409
0	0.2347770897	0.1800733103	0.5851496000
0	0.9308411911	0.0020236244	0.0671351845
0	0.1048598384	0.4995452274	0.3955949342
1	0.0358137797	0.5476271958	0.4165590245
1	0.9481614339	0.0129847147	0.0388538514
0	0.4416343963	0.0000161146	0.5583494891
1	0.6776670954	0.3217293496	0.0006035550
0	0.0143352285	0.0000000582	0.9856647132
0	0.1498437572	0.8500946934	0.0000615494
0	0.0293102132	0.7092517378	0.2614380490
0	0.7561652569	0.0301089317	0.2137258114
0	0.0000000000	0.3764895517	0.6235104483
0	0.9691000122	0.0005189602	0.0303810276
1	0.0190457123	0.7053171131	0.2756371746
1	0.2752479795	0.7245949871	0.0001570333
0	0.7153470435	0.0001009921	0.2845519644
0	0.1606022221	0.8393790242	0.0000187537
1	0.7583579121	0.0027575822	0.2388845058
1	0.3068019002	0.2373025416	0.4558955582
0	0.9977161451	0.0000000010	0.0022838539
0	0.4289344393	0.5163344528	0.0547311080
1	0.0282928633	0.6781936512	0.2935134854
1	0.9713761498	0.0286237694	0.0000000808
0	0.9938796110	0.0000021597	0.0061182293
0	0.0106523366	0.9831304670	0.0062171964
0	0.0189233841	0.1254356074	0.8556410085
1	0.0000000000	0.5953218207	0.4046781793
1	0.7589333327	0.2410666673	0.0000000000
1	0.0040222939	0.9570001952	0.0389775110
0	0.0646951978	0.8685606315	0.0667441708
1	0.0555153614	0.1521417649	0.7923428737
0	0.8375953243	0.1424097188	0.0199949569
0	0.3430898726	0.3634245328	0.2934855946
2	0.0028376462	0.0598994591	0.9372628948
0	0.0808962319	0.0279587801	0.8911449881
1	0.3179463516	0.2470789518	0.4349746966
0	0.8167602696	0.0929341105	0.0903056199
0	0.2081264605	0.6426116564	0.1492618831
0	0.3042188986	0.6580810639	0.0377000375
0	0.0072894485	0.0494933942	0.9432171573
1	0.1032233219	0.8393970390	0.0573796391
0	0.8129398430	0.0988258195	0.0882343374
1	0.9999999987	0.0000000000	0.0000000013
0	0.0234376162	0.0335624657	0.9429999180
0	0.8903661142	0.0606743999	0.0489594859
1	0.1435864673	0.0006999987	0.8557135339
0	0.3652323645	0.6347676355	0.0000000000
1	0.5164611897	0.0039599053	0.4795789051
1	0.2127698696	0.0000668048	0.7871633256
0	0.7920101185	0.0239851010	0.1840047805
1	0.7019766080	0.0402507601	0.2577726319
0	0.0000000000	0.0454542262	0.9545457738
0	0.1872638829	0.0230048151	0.7897313021
1	0.0846535598	0.9134521954	0.0018942449
