0	0.3836503324	0.0016419375	0.6147077301
2	0.4441048756	0.5123645965	0.0435305279
1	0.0013199938	0.2844454241	0.7142345821
0	0.0005396375	0.3610414898	0.6384188727
0	0.9082225685	0.0356614696	0.0561159619
0	0.6486756446	0.0036581863	0.3476661691
2	0.1554725614	0.0651257539	0.7794016847
0	0.2497976146	0.0000000113	0.7502023741
0	0.3683707230	0.2180349800	0.4135942970
0	0.8809848780	0.0685946275	0.0504204945
0	0.0053619130	0.1929620001	0.8016760869
0	0.1946740938	0.3809854656	0.4243404406
1	0.0281108038	0.0179554722	0.9539337240
0	0.4792577909	0.0734277768	0.4473144323
1	0.0048663761	0.1397441950	0.8553894289
1	0.8290947167	0.0241358979	0.1467693854
1	0.2572045198	0.5194564713	0.2233390088
1	0.3738942700	0.5380337683	0.0880719617
1	0.0184134722	0.0593938041	0.9221927237
0	0.0146050661	0.8824364693	0.1029584646
0	0.0067482406	0.9734017051	0.0198500542
0	0.5157476910	0.0147499955	0.4695023134
0	0.8171151701	0.0795308040	0.1033540258
0	0.9957034914	0.0022708642	0.0020256444
0	0.0980320302	0.0171679426	0.8848000272
0	0.4169568182	0.5386997580	0.0443434237
0	0.8059943923	0.0212734445	0.1727321632
0	0.0055027457	0.1025675466	0.8919297077
2	0.0520063655	0.9306365281	0.0173571064
0	0.0112469550	0.0415466552	0.9472063897
1	0.0006974350	0.9992236117	0.0000789533
0	0.0589108235	0.7821566965	0.1589324801
0	0.3322274608	0.0003473529	0.6674251863
1	0.3998610683	0.1075763706	0.4925625610
0	0.0120828050	0.0015668844	0.9863503107
0	0.9652153363	0.0316226113	0.0031620524
0	0.2006513507	0.6913933727	0.1079552766
1	0.3501490326	0.6274520756	0.0223988918
0	0.0611527273	0.4775514989	0.4612957738
1	0.0023453939	0.2738301395	0.7238244666
0	0.0484868298	0.9515116137	0.0000015566
1	0.5861497292	0.3533445912	0.0605056796
0	0.5227350050	0.3788557419	0.0984092531
1	0.0058982773	0.2438098034	0.7502919192
0	0.9996478287	0.0000858490	0.0002663223
0	0.3414346378	0.0618548684	0.5967104939
1	0.2967693031	0.3070878916	0.3961428052
0	0.0002017365	0.0093454369	0.9904528266
1	0.4372682609	0.3914239539	0.1713077852
0	0.2483469167	0.0224835989	0.7291694844
1	0.7966219807	0.0065723596	0.1968056597
1	0.9221748035	0.0061382895	0.0716869070
0	0.9973828366	0.0000001369	0.0026170265
1	0.4105864495	0.3387625227	0.2506510278
0	0.3979221194	0.5610805837	0.0409972970
1	0.2811248378	0.0000758719	0.7187992902
0	0.6593465346	0.2905782840	0.0500751813
0	0.0007067682	0.5293657194	0.4699275125
0	0.0122753329	0.6339781824	0.3537464846
0	0.0075243050	0.0000095481	0.9924661469
1	0.7993780816	0.1480634384	0.0525584800
1	0.1315776648	0.0138153507	0.8546069845
0	0.1018045283	0.5398906700	0.3583048018
0	0.6284768971	0.3697199627	0.0018031402
0	0.0000636601	0.6752151616	0.3247211783
0	0.0747214489	0.8716640438	0.0536145072
0	0.9907815331	0.0092184669	0.0000000000
1	0.2073323317	0.2289125969	0.5637550714
0	0.2371627882	0.6727405202	0.0900966916
0	0.4225516390	0.0060238061	0.5714245549
0	0.0093058901	0.7451339085	0.2455602014
0	0.8466975223	0.0116506940	0.1416517838
0	0.0005466379	0.5102543766	0.4891989855
0	0.0116541615	0.9803020470	0.0080437915
0	0.9207941013	0.0000027012	0.0792031975
0	0.7632465024	0.0086429167	0.2281105809
0	0.0370375216	0.0128136147	0.9501488637
0	0.1354480381	0.0298015240	0.8347504378
0	0.0500610700	0.9499325193	0.0000064107
0	0.2338575759	0.7661424230	0.0000000011
0	0.9423984615	0.0220655781	0.0355359604
1	0.0291901888	0.1812333457	0.7895764655
0	0.3484793705	0.0057289970	0.6457916325
1	0.0000000867	0.9945941025	0.0054058107
0	0.6941320869	0.0048189570	0.3010489560
0	0.3343337125	0.0002986910	0.6653675966
0	0.0000000000	0.9999999814	0.0000000186
0	0.9009425578	0.0000370613	0.0990203809
1	0.9866310641	0.0133475858	0.0000213500
0	0.2267287763	0.2604466972	0.5128245266
0	0.2619031519	0.2857792569	0.4523175912
0	0.2854162687	0.0104871699	0.7040965614
1	0.0000000870	0.4031017999	0.5968981131
1	0.0763519273	0.3678183797	0.5558296930
0	0.1858200356	0.0640978628	0.7500821016
1	0.9898982371	0.0019514902	0.0081502727
0	0.0163617172	0.5720660550	0.4115722278
0	0.1523921404	0.8475846980	0.0000231616
0	0.0488844783	0.0003807222	0.9507347995
0	0.2501790863	0.0048376712	0.7449832425
