2	0.0955148994	0.4372068071	0.4672782934
1	0.9228241159	0.0000291302	0.0771467539
1	0.0000017089	0.0169585464	0.9830397447
1	0.2105084429	0.7894688098	0.0000227474
0	0.2733967486	0.6241113250	0.1024919264
1	0.2759516875	0.4646761110	0.2593722016
0	0.9081531971	0.0070353717	0.0848114311
0	0.6880972876	0.2505805818	0.0613221306
0	0.6066531040	0.0153573613	0.3779895347
0	0.4002001165	0.2940774519	0.3057224315
0	0.0017614418	0.0019760988	0.9962624594
0	0.6006165309	0.3993834689	0.0000000003
0	0.0360704791	0.9332708684	0.0306586525
1	0.0798932081	0.8902012595	0.0299055324
0	0.0000274113	0.9999616434	0.0000109452
1	0.0024727262	0.9971185666	0.0004087073
0	0.4130385554	0.0713332640	0.5156281806
0	0.6291407534	0.0197152094	0.3511440372
0	0.7838707453	0.0942614086	0.1218678461
2	0.2535730757	0.6831708394	0.0632560849
0	0.4070680196	0.1059806491	0.4869513313
1	0.2479541312	0.5808606762	0.1711851926
0	0.0202032992	0.9788002751	0.0009964258
1	0.0400786051	0.8015980472	0.1583233477
0	0.0991859497	0.8728760480	0.0279380023
1	0.0580220983	0.9232216708	0.0187562309
1	0.0232217195	0.1266205682	0.8501577124
0	0.8226434974	0.0000000000	0.1773565026
1	0.0000000000	0.1948621414	0.8051378586
0	0.7449939288	0.0070470674	0.2479590038
2	0.7608052350	0.1643366159	0.0748581491
0	0.6656299382	0.3343643899	0.0000056719
0	0.0408077339	0.4211551148	0.5380371513
0	0.6661189413	0.3198402814	0.0140407773
0	0.5185251504	0.4276870378	0.0537878119
1	0.9350970511	0.0411353529	0.0237675960
1	0.5649779700	0.0000019829	0.4350200471
0	0.0089119251	0.9323844258	0.0587036491
1	0.5188147283	0.4811844707	0.0000008010
1	0.9590439023	0.0240162887	0.0169398090
1	0.8501861732	0.1428591227	0.0069547041
0	0.0227492670	0.8839568900	0.0932938431
1	0.0771853320	0.8386783302	0.0841363378
0	0.0081594453	0.5380284733	0.4538120814
0	0.0115750797	0.3527309225	0.6356939978
0	0.3556155746	0.0970643211	0.5473201043
1	0.3747717802	0.0013130762	0.6239151436
1	0.0000000083	0.2906215149	0.7093784768
1	0.9034087406	0.0121629335	0.0844283259
0	0.8338445611	0.1427777558	0.0233776831
0	0.0679409698	0.1660862593	0.7659727709
0	0.1913813141	0.6781190152	0.1304996707
0	0.7136554446	0.2855936277	0.0007509277
1	0.6397378738	0.0394803996	0.3207817266
1	0.0448331726	0.9547996104	0.0003672170
0	0.4117851370	0.2792573174	0.3089575455
0	0.1024625847	0.8905662709	0.0069711444
0	0.1007362118	0.6357439033	0.2635198849
1	0.0346602883	0.9060660407	0.0592736711
0	0.0000000000	0.6030199479	0.3969800521
0	0.2923864957	0.6016935519	0.1059199525
0	0.2540455114	0.0022260348	0.7437284538
0	0.0384764723	0.3659530319	0.5955704958
0	0.1017643292	0.3915705260	0.5066651448
0	0.6190660636	0.1576906368	0.2232432996
0	0.2970054754	0.6181463260	0.0848481986
0	0.8944380964	0.0307444360	0.0748174676
2	0.3393781584	0.5363356025	0.1242862391
1	0.0034617958	0.2554729488	0.7410652554
1	0.1055262473	0.3364211483	0.5580526044
0	0.2316151461	0.7088489064	0.0595359475
0	0.3047781418	0.6926629008	0.0025589574
2	0.1843160740	0.7232368983	0.0924470277
0	0.6898840496	0.0005238394	0.3095921110
0	0.1611674437	0.8211395736	0.0176929828
0	0.0899666400	0.8783771851	0.0316561748
0	0.1988733401	0.7919981284	0.0091285315
1	0.1635394546	0.0000001569	0.8364603886
0	0.4358326422	0.1831120460	0.3810553118
1	0.0194996954	0.9175658505	0.0629344541
0	0.3280715682	0.0003825235	0.6715459083
0	0.0371483795	0.6604604476	0.3023911729
0	0.0000000000	0.3600846876	0.6399153124
0	0.2637874433	0.1330468811	0.6031656756
0	0.2152090073	0.0398594162	0.7449315765
2	0.0053617528	0.1648533335	0.8297849137
0	0.1444276504	0.7975584559	0.0580138937
1	0.8142254882	0.1682006570	0.0175738548
1	0.1639109712	0.2267139361	0.6093750927
0	0.2429906033	0.0026234794	0.7543859173
0	0.5892055760	0.1566083945	0.2541860296
1	0.7332539036	0.1199734672	0.1467726291
0	0.1315569625	0.5852670272	0.2831760103
1	0.0657450074	0.4191035703	0.5151514223
0	0.0069385362	0.0156717124	0.9773897513
0	0.1187567108	0.0613947679	0.8198485212
0	0.0048625253	0.0372026167	0.9579348580
0	0.8258870567	0.1695670391	0.0045459042
1	0.0066838735	0.9863951844	0.0069209421
0	0.1602145487	0.0230264029	0.8167590484
