0	0.5375093463	0.3447423351	0.1177483186
1	0.9201329859	0.0756785365	0.0041884776
0	0.0064979463	0.0120558532	0.9814462005
0	0.7095693147	0.0174897433	0.2729409420
1	0.0302321373	0.7630164499	0.2067514128
0	0.2149951817	0.2977015373	0.4873032811
2	0.0737640286	0.0025672220	0.9236687494
1	0.0001362209	0.5183561595	0.4815076196
1	0.3575016161	0.4153853454	0.2271130385
0	0.0975319746	0.1142539751	0.7882140502
0	0.6098135686	0.0178638706	0.3723225608
0	0.6916524432	0.0443045834	0.2640429734
0	0.0000000482	0.0341292815	0.9658706703
0	0.0000229609	0.5315786429	0.4683983962
1	0.0302888454	0.4015196330	0.5681915216
0	0.0682101684	0.8838453993	0.0479444322
0	0.0817596862	0.9182392314	0.0000010824
1	0.8310387527	0.0000853013	0.1688759460
1	0.0014619226	0.0081750908	0.9903629866
1	0.4244985837	0.4550928894	0.1204085270
1	0.2012746457	0.3302307998	0.4684945545
0	0.0440341285	0.9406749544	0.0152909171
1	0.0037482583	0.9326812873	0.0635704544
0	0.0129039492	0.3804554220	0.6066406289
0	0.5617503689	0.0414597030	0.3967899282
0	0.0279545155	0.5427718882	0.4292735962
1	0.0054213879	0.9387007473	0.0558778648
0	0.6381573083	0.0231903166	0.3386523751
1	0.0000004764	0.2234839840	0.7765155396
0	0.2109420476	0.7888458050	0.0002121475
0	0.0315304782	0.0077047866	0.9607647352
0	0.7655415603	0.0000000000	0.2344584397
0	0.3518611685	0.6481211427	0.0000176889
1	0.0053526541	0.0582723290	0.9363750168
0	0.0162684814	0.0119458063	0.9717857123
0	0.2742865241	0.7256680983	0.0000453776
1	0.0361225890	0.9620110241	0.0018663869
0	0.8774993792	0.0119891714	0.1105114494
0	0.9406296069	0.0593702397	0.0000001534
0	0.0568421485	0.9275782838	0.0155795677
0	0.2757466154	0.0023216945	0.7219316901
0	0.0693317295	0.6590766361	0.2715916344
0	0.9196407120	0.0051582373	0.0752010507
1	0.0000000000	0.0001035869	0.9998964131
0	0.0002213236	0.9760280237	0.0237506527
0	0.3717248943	0.0016238187	0.6266512870
0	0.4810305543	0.5135297232	0.0054397225
1	0.0348088320	0.7497965348	0.2153946332
0	0.7849712398	0.1698210780	0.0452076822
0	0.1803824437	0.0127854193	0.8068321370
0	0.9670109236	0.0329889954	0.0000000810
0	0.0006772620	0.4037079177	0.5956148203
1	0.1832357497	0.0405593357	0.7762049146
0	0.0000783200	0.1059064292	0.8940152508
0	0.2894069119	0.0038501491	0.7067429390
1	0.5548859184	0.0004323641	0.4446817175
0	0.8895542407	0.0000004701	0.1104452891
0	0.2366902171	0.7633097829	0.0000000000
0	0.0000054416	0.0000014635	0.9999930950
0	0.7827599102	0.1242126872	0.0930274026
0	0.1097574660	0.0160025012	0.8742400328
0	0.1625645672	0.0000211571	0.8374142757
0	0.0003988555	0.9996011437	0.0000000008
0	0.3096487604	0.4400817888	0.2502694508
0	0.7666678648	0.1651106442	0.0682214910
0	0.2695084158	0.7287961230	0.0016954612
0	0.1177180408	0.0066156092	0.8756663501
0	0.8112593051	0.0000255178	0.1887151771
0	0.0453689897	0.9546297365	0.0000012738
1	0.0136555542	0.0009724804	0.9853719653
1	0.0303145398	0.9678278636	0.0018575965
0	0.7567522512	0.0996043689	0.1436433799
0	0.0006162813	0.1826211953	0.8167625233
0	0.2832827457	0.2010242930	0.5156929613
0	0.9588505663	0.0112757361	0.0298736976
0	0.4563313817	0.0007200916	0.5429485267
1	0.5980077911	0.0013080432	0.4006841656
0	0.1179116096	0.0963521931	0.7857361973
0	0.4312197730	0.0000415980	0.5687386289
1	0.2323290278	0.5838376106	0.1838333616
1	0.0872700604	0.8239879342	0.0887420054
1	0.2554859999	0.7146678227	0.0298461774
0	0.7803107446	0.2174344821	0.0022547734
1	0.2555331922	0.6445798273	0.0998869805
1	0.6500577859	0.0084705738	0.3414716403
1	0.7293823884	0.2645711738	0.0060464378
1	0.0100523057	0.1698174351	0.8201302592
1	0.1960672515	0.0006624099	0.8032703386
0	0.4000379338	0.4897190342	0.1102430320
0	0.4968388327	0.4425282173	0.0606329499
0	0.0476325017	0.9200954686	0.0322720297
0	0.0076865737	0.1782465507	0.8140668757
1	0.9398479834	0.0501383301	0.0100136864
0	0.0002030849	0.0000000000	0.9997969151
1	0.7847018000	0.0048266562	0.2104715439
0	0.0000000000	0.8476481675	0.1523518325
2	0.3545048506	0.0900160927	0.5554790566
1	0.4124053172	0.2439495477	0.3436451350
2	0.0000000000	0.2429019067	0.7570980933
0	0.4456633270	0.1637144396	0.3906222334
