0	0.0009393190	0.0365824515	0.9624782295
1	0.0093800027	0.8918319998	0.0987879975
0	0.0014433394	0.9698490023	0.0287076583
2	0.0056725536	0.3161834915	0.6781439549
1	0.2257915499	0.7709340571	0.0032743930
1	0.0045111871	0.4180068726	0.5774819403
1	0.3689259703	0.0636675152	0.5674065144
2	0.0108770881	0.9631677806	0.0259551312
0	0.1579672873	0.6020227666	0.2400099461
1	0.9548510294	0.0363229603	0.0088260103
1	0.4068508982	0.0267019362	0.5664471656
0	0.0843658795	0.1346171330	0.7810169875
1	0.4213694697	0.1732365214	0.4053940089
0	0.3163093133	0.6836906860	0.0000000007
1	0.0016832002	0.1550371601	0.8432796396
0	0.0053090484	0.2618993553	0.7327915962
0	0.0734571871	0.9102305879	0.0163122250
1	0.1706380247	0.5751825275	0.2541794477
1	0.4896790908	0.3785891642	0.1317317451
0	0.7604580541	0.2185371398	0.0210048062
0	0.5151628108	0.3998561630	0.0849810262
0	0.0000000005	0.0010996287	0.9989003708
1	0.0739257812	0.6484341572	0.2776400616
0	0.6115761477	0.1410489591	0.2473748932
0	0.6512433354	0.2882928570	0.0604638076
0	0.8195147345	0.0685828136	0.1119024519
0	0.4733045981	0.0081152341	0.5185801678
0	0.0196183426	0.3887145505	0.5916671069
0	0.7663417464	0.2336582536	0.0000000000
1	0.5791438670	0.0000008195	0.4208553135
0	0.6946546583	0.3053453417	0.0000000000
2	0.0033629110	0.0000000163	0.9966370727
1	0.5504941184	0.3751295921	0.0743762895
0	0.8563372605	0.0195215704	0.1241411692
1	0.5460925326	0.4539074659	0.0000000015
0	0.0016604995	0.9938174913	0.0045220092
0	0.0627097540	0.0443585033	0.8929317427
0	0.0045879260	0.1013092114	0.8941028626
1	0.0065746023	0.6234858139	0.3699395838
0	0.0000000094	0.8113967487	0.1886032419
0	0.8489683056	0.0000522675	0.1509794270
1	0.6165376115	0.0000000034	0.3834623851
1	0.1311457616	0.8479305531	0.0209236853
0	0.2948501742	0.6341256927	0.0710241331
0	0.1585112732	0.0007683083	0.8407204186
1	0.0002129413	0.0946459661	0.9051410926
0	0.2482165691	0.7153405531	0.0364428779
0	0.0530623665	0.0000004273	0.9469372062
1	0.8475688533	0.0000000000	0.1524311467
0	0.0030177787	0.0019826377	0.9949995836
0	0.2117071215	0.2850514339	0.5032414446
0	0.7698962266	0.0010729139	0.2290308596
0	0.0038365171	0.4386262005	0.5575372824
0	0.0000000000	0.2095516612	0.7904483388
1	0.5291269281	0.0866853686	0.3841877033
0	0.0000000004	0.9769598402	0.0230401594
1	0.1691283440	0.4533505856	0.3775210704
0	0.5236931776	0.0000000000	0.4763068224
1	0.6483369319	0.0398431791	0.3118198890
0	0.9599867893	0.0032358929	0.0367773178
0	0.3337142610	0.3744746614	0.2918110776
0	0.3582089412	0.0000000003	0.6417910585
0	0.0655216761	0.2534183589	0.6810599650
1	0.0730667544	0.2261116298	0.7008216158
0	0.4528457470	0.1591134912	0.3880407618
1	0.0000095124	0.9604560390	0.0395344486
0	0.3403545725	0.6596454252	0.0000000023
1	0.0705671210	0.0741821203	0.8552507587
0	0.5885140519	0.1184288549	0.2930570932
1	0.6368092484	0.0000000000	0.3631907516
0	0.2668162225	0.0703844398	0.6627993377
0	0.0530185596	0.9469814239	0.0000000165
0	0.0411569403	0.0271186387	0.9317244209
0	0.4749550552	0.5078655710	0.0171793738
0	0.9837391164	0.0000002745	0.0162606091
0	0.0574997519	0.6923475772	0.2501526709
1	0.0150311999	0.2865586404	0.6984101597
0	0.6345984945	0.2011655634	0.1642359420
0	0.9666306009	0.0311798474	0.0021895517
0	0.6649383920	0.1791427587	0.1559188493
0	0.2379255653	0.4055224960	0.3565519387
1	0.3438261439	0.5227724521	0.1334014040
0	0.4084225627	0.2384096661	0.3531677711
0	0.6508924885	0.0513240518	0.2977834597
0	0.7749803318	0.1844470341	0.0405726341
0	0.7172888067	0.0000276986	0.2826834947
0	0.6480781917	0.0246900824	0.3272317258
1	0.5528205649	0.4453100595	0.0018693755
1	0.0000000005	0.7013834367	0.2986165628
0	0.5841790403	0.4041359105	0.0116850492
0	0.3502934771	0.6239140220	0.0257925009
1	0.0542247174	0.1103288701	0.8354464125
0	0.1803764979	0.8196235019	0.0000000002
1	0.7783907465	0.2143661955	0.0072430580
0	0.4854333498	0.5143092157	0.0002574345
1	0.1020962254	0.5090669292	0.3888368454
1	0.0884595117	0.7972355144	0.1143049739
0	0.0000003177	0.7974197394	0.2025799429
1	0.5659080388	0.1618193205	0.2722726407
1	0.0004422702	0.9995577298	0.0000000000
