0	0.0000000000	0.9485737479	0.0514262521
0	0.0130012412	0.9683869786	0.0186117803
0	0.2034408292	0.2522151223	0.5443440485
0	0.4949816269	0.0011714573	0.5038469157
0	0.0597950135	0.0010912513	0.9391137352
0	0.0577800652	0.5786357299	0.3635842049
1	0.1315200208	0.8683436424	0.0001363368
0	0.5529292585	0.1520885628	0.2949821787
0	0.0033848369	0.7276667569	0.2689484062
0	0.1074330135	0.7123435857	0.1802234009
1	0.0096753532	0.9897334463	0.0005912005
1	0.3662681470	0.6263235123	0.0074083407
0	0.3803568452	0.3681012039	0.2515419509
0	0.9408176274	0.0591820647	0.0000003079
0	0.0593149465	0.9406425981	0.0000424554
1	0.0534607518	0.0370017926	0.9095374556
0	0.1814241217	0.7746608476	0.0439150306
0	0.0035031123	0.2869803396	0.7095165481
0	0.9601388736	0.0398589736	0.0000021528
0	0.9862000138	0.0000000018	0.0137999843
0	0.2296353729	0.7472453368	0.0231192903
0	0.5990091546	0.0250289192	0.3759619262
0	0.2529844899	0.2605238492	0.4864916609
0	0.0564413376	0.6021747816	0.3413838808
0	0.0141345468	0.9706140457	0.0152514075
1	0.9173198981	0.0075441385	0.0751359635
0	0.0000788289	0.9982410786	0.0016800925
0	0.0033895035	0.0373441590	0.9592663375
1	0.9280625533	0.0680637121	0.0038737347
0	0.4769237168	0.3075796573	0.2154966259
1	0.0102355021	0.3183583576	0.6714061403
1	0.5768596313	0.3938597659	0.0292806028
1	0.3052208455	0.4987911837	0.1959879707
1	0.0389938461	0.7671211835	0.1938849704
0	0.0000477973	0.9998799842	0.0000722185
0	0.8892365331	0.0138457294	0.0969177375
0	0.6058004461	0.3667829472	0.0274166066
1	0.0000000000	0.9796776636	0.0203223364
0	0.2089669406	0.7228284093	0.0682046500
1	0.2980395611	0.3651471322	0.3368133067
0	0.1905129141	0.7215571927	0.0879298932
0	0.7449453808	0.2483232778	0.0067313414
0	0.0000000000	0.5708301596	0.4291698404
0	0.9526371079	0.0294023586	0.0179605334
1	0.0352180722	0.8927410369	0.0720408909
0	0.0454867934	0.6446666216	0.3098465850
1	0.2892684907	0.0000000000	0.7107315093
0	0.0012893498	0.9013399349	0.0973707153
1	0.0000045126	0.3857191733	0.6142763142
0	0.4913035471	0.1573220784	0.3513743745
0	0.2107584494	0.1809731051	0.6082684455
0	0.2072287249	0.6457207889	0.1470504862
1	0.0237725105	0.9474937768	0.0287337127
0	0.0921847872	0.7394614833	0.1683537296
0	0.7379649480	0.0783345516	0.1837005004
0	0.0358005966	0.5725598193	0.3916395841
0	0.4143218711	0.0762215181	0.5094566108
0	0.0300589323	0.7360292441	0.2339118236
1	0.1228434584	0.0950641287	0.7820924129
1	0.0035574712	0.9913301826	0.0051123462
0	0.4483349959	0.0082596383	0.5434053658
0	0.8908073506	0.0660204212	0.0431722282
1	0.3405711793	0.0100989944	0.6493298263
0	0.2008504592	0.5663231774	0.2328263634
0	0.2890262867	0.0000000000	0.7109737133
2	0.2162571353	0.1487826610	0.6349602036
0	0.1168044362	0.7369428713	0.1462526925
0	0.5570104737	0.2365965341	0.2063929922
1	0.0029712898	0.9967696714	0.0002590389
2	0.0087912093	0.0000000002	0.9912087905
2	0.0000000000	0.3595975152	0.6404024848
0	0.5685149038	0.0000000157	0.4314850805
1	0.7291742656	0.0000000000	0.2708257344
0	0.9736159214	0.0162432650	0.0101408136
1	0.0658493970	0.9341506029	0.0000000002
0	0.9626124894	0.0373875106	0.0000000000
0	0.9790922702	0.0050602760	0.0158474538
1	0.3183629307	0.6816245768	0.0000124925
0	0.3008937078	0.1655249530	0.5335813392
0	0.0017112838	0.3498236467	0.6484650695
0	0.7920410023	0.0000367565	0.2079222412
0	0.9833019608	0.0094019126	0.0072961266
1	0.4447753659	0.2762633453	0.2789612888
0	0.1456322274	0.8120076990	0.0423600737
0	0.3418179380	0.1169043922	0.5412776698
2	0.9572313216	0.0042492309	0.0385194476
0	0.0911106628	0.4470103689	0.4618789684
1	0.5353957670	0.0565623060	0.4080419269
0	0.2753206821	0.7056963684	0.0189829494
0	0.3191121545	0.3365076877	0.3443801579
0	0.0715082743	0.2095083255	0.7189834002
0	0.9999999828	0.0000000158	0.0000000014
1	0.1162362522	0.1564188031	0.7273449447
0	0.9721147742	0.0045321332	0.0233530927
0	0.0181596034	0.7422553656	0.2395850310
0	0.1697880883	0.0364256035	0.7937863082
1	0.0383434660	0.9103711554	0.0512853786
0	0.6317250851	0.0141027039	0.3541722110
1	0.0231034782	0.6756452323	0.3012512895
0	0.3731785038	0.1231789544	0.5036425418
