0	0.0047836107	0.9951987757	0.0000176135
0	0.0292286217	0.9680643925	0.0027069859
1	0.0000292462	0.9695308797	0.0304398740
1	0.0000101509	0.8737986584	0.1261911906
0	0.7831927860	0.2154785782	0.0013286358
1	0.5068403415	0.4931596585	0.0000000000
1	0.0064391220	0.9391965379	0.0543643402
1	0.0327074665	0.7877879420	0.1795045914
1	0.0000118241	0.9999881721	0.0000000038
0	0.6801749860	0.0109990167	0.3088259972
0	0.8355751057	0.1644248790	0.0000000152
0	0.0000987293	0.8840380274	0.1158632434
0	0.0068405637	0.2142044197	0.7789550166
0	0.9738200101	0.0000038365	0.0261761534
1	0.0058818036	0.9216218821	0.0724963143
0	0.8643996224	0.0000036570	0.1355967205
0	0.0004328926	0.9130096469	0.0865574605
0	0.6065466989	0.3712750382	0.0221782628
0	0.0810982708	0.9107900956	0.0081116336
1	0.0001549917	0.9998411941	0.0000038142
1	0.0577372377	0.8566864266	0.0855763357
0	0.0267307294	0.1486559546	0.8246133160
0	0.3892427076	0.6090409339	0.0017163585
0	0.7396226887	0.0006029563	0.2597743550
1	0.0257343928	0.9729329485	0.0013326587
1	0.0000000000	0.9884722057	0.0115277943
0	0.2127254011	0.6378966777	0.1493779212
2	0.0000111284	0.9956157919	0.0043730797
0	0.7521661087	0.2478338913	0.0000000000
0	0.9736266170	0.0209392000	0.0054341830
1	0.0575731255	0.9424231618	0.0000037127
0	0.6686777174	0.1306706096	0.2006516730
0	0.8730164111	0.0001143110	0.1268692778
0	0.0043582679	0.0619375315	0.9337042005
0	0.6585408192	0.3271245718	0.0143346090
0	0.0056169098	0.0117761527	0.9826069375
0	0.1178169214	0.1818479806	0.7003350980
0	0.0597856137	0.3703954438	0.5698189425
0	0.2857898947	0.0376626247	0.6765474806
0	0.6969104191	0.0000031590	0.3030864219
0	0.1241491151	0.8120083942	0.0638424907
0	0.8306652290	0.0039778583	0.1653569126
0	0.0833314337	0.9159900547	0.0006785115
1	0.0000000000	0.9948452696	0.0051547304
0	0.5698508954	0.2690130381	0.1611360665
2	0.0000000000	0.9915229620	0.0084770380
1	0.0053786421	0.9932350255	0.0013863325
0	0.2075966512	0.3453884817	0.4470148672
0	0.2395394255	0.2600151665	0.5004454079
1	0.0000002677	0.9273393940	0.0726603383
0	0.0361795575	0.1076097251	0.8562107175
1	0.0002831831	0.9988421498	0.0008746671
0	0.9589447120	0.0078721783	0.0331831097
0	0.0440556894	0.0040237621	0.9519205485
0	0.0000001017	0.7250852207	0.2749146776
0	0.6337455834	0.0008848061	0.3653696104
1	0.0606965025	0.9392562278	0.0000472698
0	0.0016769250	0.5325446815	0.4657783935
2	0.0000000000	0.9938604503	0.0061395497
0	0.9719436233	0.0081902517	0.0198661250
2	0.0000000000	1.0000000000	0.0000000000
0	0.0000007528	0.6086013819	0.3913978653
0	0.0950150845	0.0289483246	0.8760365909
0	0.1602038244	0.2495679556	0.5902282200
1	0.0612900956	0.9387098987	0.0000000057
1	0.0417636155	0.5431944353	0.4150419493
1	0.0000000000	0.9521019189	0.0478980811
1	0.0000000000	0.4449393965	0.5550606035
1	0.0006702420	0.9735635893	0.0257661688
0	0.1887938926	0.0726565470	0.7385495604
0	0.9281553568	0.0000000007	0.0718446425
0	0.3605873344	0.6374867436	0.0019259221
1	0.0008750661	0.9542719413	0.0448529926
0	0.6160128894	0.2750325294	0.1089545811
0	0.9375881417	0.0101471320	0.0522647263
0	0.0957712771	0.9041534663	0.0000752565
0	0.1221415053	0.8417886996	0.0360697951
0	0.0246814262	0.9244358426	0.0508827313
1	0.0160181407	0.9823655861	0.0016162731
0	0.0231506330	0.2667384712	0.7101108958
1	0.0006184373	0.9989118751	0.0004696876
0	0.9548689901	0.0451310098	0.0000000001
1	0.0133599255	0.9682402542	0.0183998203
1	0.9952051243	0.0000044951	0.0047903806
2	0.0000000000	1.0000000000	0.0000000000
0	0.9375085203	0.0575623770	0.0049291027
0	0.9149209664	0.0112156819	0.0738633517
0	0.0354514451	0.0000000008	0.9645485541
0	0.3480040005	0.1096923606	0.5423036388
1	0.0961467115	0.8754153859	0.0284379026
0	0.0138919756	0.1646765645	0.8214314600
0	0.8307547576	0.0000732875	0.1691719550
0	0.6475281692	0.1857780020	0.1666938287
0	0.0482664008	0.1358473349	0.8158862643
1	0.3508483783	0.4669672917	0.1821843300
1	0.0000000000	0.4270945071	0.5729054929
0	0.5447968955	0.1021211548	0.3530819496
2	0.0000000000	1.0000000000	0.0000000000
0	0.8746641919	0.0000000755	0.1253357326
0	0.1499637390	0.4944452040	0.3555910569
