0	0.0003113270	0.0216748178	0.9780138552
0	0.9976444239	0.0000000000	0.0023555761
1	0.0000000011	0.9999986239	0.0000013750
1	0.0055829805	0.7687599617	0.2256570577
0	0.1189942626	0.4741898040	0.4068159334
0	0.4214827020	0.5150437335	0.0634735645
0	0.2566336298	0.0016162122	0.7417501579
0	0.7906837955	0.2088991276	0.0004170769
0	0.0000000000	0.0830547722	0.9169452278
1	0.0000000000	0.9954743381	0.0045256619
1	0.0000000000	0.9828898864	0.0171101136
0	0.0256370409	0.1774255202	0.7969374390
0	0.0683354938	0.0949958666	0.8366686396
1	0.0000000000	0.9999995637	0.0000004363
1	0.0852814953	0.5977164693	0.3170020353
0	0.0105103228	0.0076291414	0.9818605358
0	0.4087866758	0.0332095762	0.5580037480
0	0.9999862206	0.0000137794	0.0000000000
1	0.0000000003	0.9843275429	0.0156724568
0	0.2970553661	0.1816017096	0.5213429243
0	0.3131977907	0.5823422237	0.1044599857
0	0.4029793715	0.5564843188	0.0405363097
0	0.0001405699	0.0079656373	0.9918937928
0	0.9910390674	0.0085843208	0.0003766118
0	0.0080062641	0.9916899197	0.0003038162
0	0.0024941737	0.0464255047	0.9510803216
0	0.3885535604	0.4905484118	0.1208980278
0	0.0165872811	0.2095440194	0.7738686995
0	0.8196739844	0.0000083348	0.1803176808
0	0.7460975350	0.2524448010	0.0014576640
1	0.0000091066	0.9999908934	0.0000000000
1	0.6691377296	0.3293651489	0.0014971215
0	0.0142530409	0.0009329286	0.9848140304
0	0.9745736513	0.0105470127	0.0148793360
0	0.9406426073	0.0246818284	0.0346755643
0	0.1530805578	0.0000000000	0.8469194422
1	0.0000292050	0.9973932221	0.0025775729
0	0.1382874443	0.3217701885	0.5399423673
1	0.0000000000	0.6564565746	0.3435434254
0	0.1633513727	0.6333205763	0.2033280510
1	0.0000003890	0.7918520801	0.2081475309
0	0.3374490867	0.4165294957	0.2460214177
0	0.9732450369	0.0259508337	0.0008041294
0	0.1184250512	0.1702817130	0.7112932358
2	0.0000000000	0.9561197372	0.0438802628
1	0.0861262842	0.8131674485	0.1007062672
0	0.4746001903	0.0902038386	0.4351959711
0	0.1560039181	0.1518876606	0.6921084213
0	0.1862857937	0.8137141527	0.0000000536
0	0.0471889362	0.9515051881	0.0013058757
0	0.9165173285	0.0000005024	0.0834821691
0	0.0659930202	0.6961039897	0.2379029901
0	0.1545959963	0.3640461855	0.4813578182
1	0.0000126178	0.9999873822	0.0000000000
0	0.2745115726	0.5342278855	0.1912605419
0	0.4735107506	0.0277822309	0.4987070185
0	0.1116289039	0.1437112665	0.7446598296
0	0.0409124765	0.5918880619	0.3671994616
1	0.0000000000	0.8117952118	0.1882047882
1	0.0759481452	0.8896932466	0.0343586082
0	0.1873936491	0.5162473329	0.2963590180
0	0.8122766870	0.0752243334	0.1124989796
1	0.0196345230	0.6497837758	0.3305817012
0	0.0000001624	0.4646162596	0.5353835780
0	0.0006235902	0.2208027135	0.7785736963
0	0.0000022037	0.2446706281	0.7553271682
0	0.0097900304	0.5533895071	0.4368204626
0	0.2328025090	0.6910731323	0.0761243587
0	0.0947576358	0.7793407281	0.1259016362
1	0.0000000000	0.9982457397	0.0017542603
1	0.0000000000	0.9763633428	0.0236366572
0	0.2861351519	0.7138505374	0.0000143107
0	0.0050334319	0.0415969335	0.9533696346
0	0.0031509972	0.0000000017	0.9968490011
0	0.9826622322	0.0000001880	0.0173375798
0	0.8902967466	0.0355208049	0.0741824485
1	0.2108939103	0.2279826714	0.5611234183
1	0.0012978101	0.8575828434	0.1411193464
0	0.0018254371	0.9855969479	0.0125776149
1	0.0000000014	0.9994503690	0.0005496296
0	0.1113030182	0.2007733598	0.6879236220
1	0.0027859174	0.9969548591	0.0002592235
0	0.0000001024	0.7983723898	0.2016275079
1	0.0196896737	0.9798849467	0.0004253797
0	0.7703971323	0.0212040725	0.2083987952
2	0.0139044654	0.9846012771	0.0014942574
0	0.0000000002	0.8851969804	0.1148030194
0	0.1436965563	0.8398948718	0.0164085719
1	0.0000996721	0.9999003279	0.0000000000
0	0.0131224094	0.8337494530	0.1531281376
1	0.0028005362	0.9969611773	0.0002382865
0	0.0000000883	0.9999999117	0.0000000000
0	0.2915493368	0.6816104265	0.0268402367
0	0.0301065442	0.3603595256	0.6095339302
1	0.0016007090	0.9978912825	0.0005080085
0	0.2520303003	0.6721933894	0.0757763103
0	0.1002662530	0.2280452203	0.6716885267
0	0.0002685560	0.3474937928	0.6522376512
1	0.0020851630	0.9945932091	0.0033216279
0	0.8520293342	0.1479706457	0.0000000201
