0	0.9929366914	0.0000000010	0.0070633076
0	0.9999999958	0.0000000042	0.0000000000
0	0.5461430206	0.3258973758	0.1279596036
1	0.0025247433	0.6470079882	0.3504672685
0	0.4353934360	0.0930695568	0.4715370072
0	0.3202713660	0.0007395745	0.6789890595
0	0.4723536946	0.0001427437	0.5275035617
2	0.0000000000	0.9971436882	0.0028563118
0	0.0007141135	0.1675473046	0.8317385818
0	0.0456910628	0.0878976086	0.8664113286
0	0.0312249485	0.3138197579	0.6549552937
1	0.0003049271	0.6029131680	0.3967819049
0	0.0848113005	0.0898474321	0.8253412673
0	0.3174739494	0.6632927401	0.0192333105
1	0.0230378372	0.9769368892	0.0000252736
1	0.0071606931	0.9928393052	0.0000000016
0	0.0357599172	0.5417389815	0.4225011013
1	0.0000000159	0.9838508463	0.0161491377
0	0.0674269960	0.9321886704	0.0003843336
1	0.0001358909	0.9947933732	0.0050707359
0	0.2754176727	0.3542002250	0.3703821023
0	0.8947756492	0.0079461132	0.0972782376
1	0.0000000000	0.9868852336	0.0131147664
0	0.6042335588	0.0240263219	0.3717401193
1	0.0000000000	0.7680995930	0.2319004070
0	0.0000359012	0.7971197347	0.2028443641
1	0.0000000000	0.9999916773	0.0000083227
0	0.1995031717	0.6553992616	0.1450975666
0	0.6759403764	0.0002288129	0.3238308108
0	0.7271785019	0.2421006113	0.0307208868
0	0.0006651417	0.9432603854	0.0560744730
1	0.0098259958	0.9755024912	0.0146715130
0	0.4613276315	0.0593126509	0.4793597176
1	0.5953310504	0.3937440992	0.0109248503
1	0.0007901885	0.9524741637	0.0467356478
0	0.1818617814	0.7563316747	0.0618065439
0	0.6814214183	0.2727333515	0.0458452302
0	0.0451295712	0.0007635039	0.9541069248
0	0.0836273703	0.5395321545	0.3768404752
1	0.0183521702	0.8543390706	0.1273087592
0	0.8125126846	0.1445642199	0.0429230955
0	0.7173604739	0.0229183363	0.2597211898
0	0.0362030267	0.8365317075	0.1272652658
1	0.0000000000	0.9716697728	0.0283302272
0	0.8566408571	0.1299985764	0.0133605665
1	0.0000000014	0.3344601510	0.6655398476
0	0.3668131732	0.3608049348	0.2723818919
0	0.9958288724	0.0021055848	0.0020655428
1	0.0000000000	0.9864641871	0.0135358129
1	0.0000001746	0.9999998254	0.0000000000
0	0.1518378623	0.8183145820	0.0298475557
1	0.0000000000	0.9654884067	0.0345115933
0	0.3089008824	0.6910991176	0.0000000000
0	0.7977912701	0.0000000005	0.2022087294
0	0.9988449408	0.0009843794	0.0001706798
1	0.0009584127	0.7143494427	0.2846921446
0	0.1332361138	0.8667637738	0.0000001123
0	0.0000000006	0.0052334233	0.9947665762
0	0.6243998151	0.2769682360	0.0986319489
0	0.7436826449	0.1889794851	0.0673378700
0	0.4881467304	0.4936614851	0.0181917845
1	0.0503599539	0.8878358498	0.0618041963
0	0.0846777834	0.9090941512	0.0062280654
0	0.7852494796	0.1936774233	0.0210730971
0	0.2825333990	0.0181573719	0.6993092291
0	0.0030590138	0.0000048132	0.9969361730
2	0.0000000149	0.9999999851	0.0000000000
0	0.0000295106	0.1516230457	0.8483474437
0	0.7679975517	0.0380832150	0.1939192333
0	0.1286199918	0.2814196915	0.5899603167
0	0.0182646807	0.9813623429	0.0003729765
0	0.9272200100	0.0472612069	0.0255187831
0	0.4617462588	0.4862567223	0.0519970189
0	0.3462523025	0.4923079449	0.1614397526
0	0.0054111923	0.0000766061	0.9945122016
0	0.2290048328	0.0605025727	0.7104925945
1	0.0016034501	0.9910756727	0.0073208773
0	0.8378085389	0.0000001496	0.1621913115
0	0.1907387130	0.0917328824	0.7175284045
1	0.0000000000	0.9999495763	0.0000504237
0	0.9574423514	0.0143838153	0.0281738334
1	0.0314810443	0.8808272876	0.0876916681
0	0.0096927964	0.9896470726	0.0006601311
1	0.0000005642	0.7444555027	0.2555439331
0	0.5258149885	0.4330153114	0.0411697001
1	0.0000128170	0.4010566428	0.5989305403
0	0.4212883629	0.5341732315	0.0445384057
1	0.0000000000	1.0000000000	0.0000000000
0	0.2766980036	0.0875922033	0.6357097931
2	0.0000000000	0.9999998005	0.0000001995
0	0.0050159760	0.0082174023	0.9867666217
0	0.1633839380	0.2673198138	0.5692962482
1	0.0000014400	0.9905292620	0.0094692980
1	0.0000000070	0.9999999930	0.0000000000
0	0.0000000003	0.7500742953	0.2499257044
0	0.0000063643	0.9999936281	0.0000000076
0	0.0000000000	0.9852733105	0.0147266895
0	0.6693726795	0.3081561577	0.0224711628
2	0.0000259884	0.9999739585	0.0000000531
0	0.6989778820	0.1249800858	0.1760420322
