1	0.0322044884	0.9677955116	0.0000000000
0	0.4698081536	0.0037246349	0.5264672115
0	0.0003852228	0.8063343807	0.1932803965
0	0.0010016798	0.0000261288	0.9989721914
0	0.0001249562	0.9998750438	0.0000000000
0	0.8296913622	0.0434950691	0.1268135687
0	0.9822084652	0.0177799477	0.0000115871
0	0.3112690010	0.1550928282	0.5336381708
0	0.4904257703	0.4080616096	0.1015126201
1	0.1860569516	0.6613229426	0.1526201058
0	0.0000249253	0.9989754876	0.0009995871
0	0.0000000000	1.0000000000	0.0000000000
1	0.0000000000	1.0000000000	0.0000000000
0	0.0118362288	0.0227480843	0.9654156869
0	0.0187364978	0.5211695936	0.4600939087
1	0.0002020530	0.0981200257	0.9016779212
1	0.0048303516	0.9830026024	0.0121670460
1	0.5636771818	0.3667241794	0.0695986388
0	0.6785849224	0.2306834119	0.0907316657
1	0.6421662615	0.3577825276	0.0000512109
0	0.0213741086	0.0018357420	0.9767901494
0	0.0840557851	0.5140322113	0.4019120036
1	0.7448823152	0.2214543505	0.0336633343
1	0.0053806842	0.9943167939	0.0003025218
1	0.3795029075	0.3059038817	0.3145932108
1	0.0067807935	0.9922271276	0.0009920790
0	0.0014529077	0.9433990227	0.0551480696
0	0.0000000000	0.7926505790	0.2073494210
0	0.2566815316	0.0013744358	0.7419440326
0	0.1150909111	0.6021776711	0.2827314179
0	0.8329687993	0.0973426635	0.0696885372
0	0.7260183748	0.0000041659	0.2739774592
0	0.0000024158	0.9896408891	0.0103566952
0	0.2696415469	0.7303584531	0.0000000000
0	0.3098384259	0.0013474463	0.6888141278
1	0.3108719341	0.6827333272	0.0063947388
0	0.0003146709	0.8664922876	0.1331930415
0	0.2720183179	0.0000000060	0.7279816761
0	0.0887367150	0.3033051416	0.6079581434
0	0.9972781718	0.0015166748	0.0012051534
0	0.7490141049	0.1352127206	0.1157731745
0	0.2171681502	0.0149449245	0.7678869254
1	0.0915878572	0.6969135192	0.2114986236
1	0.0518116705	0.9434602379	0.0047280916
1	0.1674476859	0.8235948378	0.0089574763
1	0.0000000000	1.0000000000	0.0000000000
0	0.3549532531	0.0000000000	0.6450467469
0	0.0000014747	0.0000000000	0.9999985253
1	0.0365339240	0.9612083321	0.0022577438
1	0.0003900357	0.9952347669	0.0043751973
1	0.0000000119	0.9999999881	0.0000000000
1	0.0865121061	0.8262473104	0.0872405835
0	0.1179479047	0.7107553702	0.1712967251
1	0.0000832767	0.9983968941	0.0015198292
0	0.0122560790	0.1341542571	0.8535896639
1	0.0210491198	0.9773815467	0.0015693336
0	0.2264848772	0.0567607026	0.7167544202
1	0.0622673505	0.8862873510	0.0514452985
0	0.2820051490	0.5658221638	0.1521726872
0	0.7969966314	0.2021648581	0.0008385106
1	0.8113044718	0.1692033300	0.0194921982
0	0.4493345163	0.1558346485	0.3948308351
0	0.8137852447	0.0010828844	0.1851318710
0	0.0091494096	0.8304264308	0.1604241595
0	0.0215488912	0.0209328668	0.9575182421
1	0.6640998187	0.3348166932	0.0010834881
1	0.0000000002	0.9861855330	0.0138144668
1	0.0000000193	0.6273021912	0.3726977895
1	0.6680947071	0.3319052894	0.0000000035
0	0.0050785786	0.1646973522	0.8302240693
0	0.0003594131	0.8675627728	0.1320778141
1	0.0001180946	0.9995998635	0.0002820419
0	0.6547730202	0.1561848722	0.1890421077
1	0.9617663633	0.0349984380	0.0032351987
1	0.0834038249	0.9016949002	0.0149012750
1	0.0000608887	0.9825498335	0.0173892778
0	0.0191422668	0.8817313696	0.0991263636
0	0.0000332652	0.0014218069	0.9985449279
0	0.0000000694	0.7294859279	0.2705140028
0	0.0000629074	0.0660724973	0.9338645954
1	0.0012681001	0.5213286030	0.4774032969
0	0.2196222079	0.3211377423	0.4592400498
0	0.7205529860	0.2239903924	0.0554566216
1	0.0000000007	0.9999999993	0.0000000000
2	0.0000000000	0.9998428296	0.0001571704
0	0.0368045981	0.0033487315	0.9598466704
1	0.0000000869	0.9548315181	0.0451683950
0	0.0000148340	0.9770665148	0.0229186511
0	0.0269912715	0.4661336856	0.5068750429
2	0.0000000000	1.0000000000	0.0000000000
0	0.0744332979	0.0000494224	0.9255172797
1	0.8702504607	0.0008024751	0.1289470642
0	0.0998697446	0.2780658820	0.6220643734
1	0.2152956253	0.7482937524	0.0364106223
0	0.4692391336	0.1395606864	0.3912001799
0	0.1916653403	0.0957288437	0.7126058160
0	0.3638654369	0.4869572806	0.1491772825
0	0.0008332752	0.0097457353	0.9894209895
1	0.5465971635	0.4304784961	0.0229243404
2	0.0181124842	0.9818837083	0.0000038074
0	0.0816626120	0.8930480540	0.0252893340
0	0.0000001385	0.0001037910	0.9998960704
1	0.0053560935	0.4665148253	0.5281290812
0	0.0000253335	0.0000009892	0.9999736773
0	0.0000000000	0.0577404264	0.9422595736
0	0.0000586460	0.0218141100	0.9781272440
1	0.1140154082	0.7473296408	0.1386549511
1	0.0149518734	0.9850481266	0.0000000000
0	0.0000014130	0.6085897560	0.3914088310
0	0.6047574560	0.3916645351	0.0035780090
1	0.1838442081	0.8158995821	0.0002562099
1	0.0000000000	0.9553357841	0.0446642159
0	0.0718267252	0.8123865145	0.1157867603
0	0.0525293167	0.0218489476	0.9256217357
1	0.0192919805	0.9236486235	0.0570593960
1	0.9530115305	0.0282045842	0.0187838853
1	0.0200972611	0.2453081555	0.7345945834
0	0.1627163491	0.0001191445	0.8371645064
1	0.0001050098	0.6573739778	0.3425210124
1	0.0000000000	0.9968574549	0.0031425451
0	0.0353331380	0.5783015889	0.3863652731
0	0.0001315040	0.9396895291	0.0601789669
0	0.9343352760	0.0000000094	0.0656647146
1	0.0000000000	0.0000000006	0.9999999994
0	0.0000106471	0.9999893529	0.0000000000
0	0.4482172031	0.3861239910	0.1656588060
0	0.2551971170	0.4922892521	0.2525136309
0	0.9799437687	0.0200562311	0.0000000002
1	0.5915357731	0.4084642266	0.0000000003
0	0.2467210925	0.2169902680	0.5362886395
1	0.5717073669	0.4116465699	0.0166460631
0	0.4009065212	0.1016109803	0.4974824985
0	0.9537625534	0.0000000000	0.0462374466
0	0.0056532075	0.8732153971	0.1211313954
0	0.0153093070	0.9185683120	0.0661223809
0	0.4362703673	0.1449724303	0.4187572024
0	0.0024566397	0.0391037838	0.9584395764
2	0.0000000000	1.0000000000	0.0000000000
0	0.2285898144	0.0065451280	0.7648650575
0	0.0724284307	0.0069019849	0.9206695844
1	0.0017859500	0.9982138232	0.0000002268
1	0.0000037742	0.2831574828	0.7168387430
0	0.0000002446	0.5718227934	0.4281769620
0	0.0000000000	0.8269870722	0.1730129278
2	0.0887605638	0.9112394362	0.0000000000
0	0.5666302848	0.0822048209	0.3511648942
0	0.9992865064	0.0007134936	0.0000000000
2	0.9556076816	0.0151761635	0.0292161549
0	0.0012556846	0.3545844911	0.6441598243
1	0.0012512862	0.2856814308	0.7130672830
0	0.1471261858	0.0044190452	0.8484547690
1	0.0014383996	0.9440745391	0.0544870613
0	0.0496608366	0.0509118142	0.8994273492
0	0.0054424903	0.0000031207	0.9945543890
1	0.0012468593	0.7600794101	0.2386737306
0	0.0000009721	0.1700531058	0.8299459221
0	0.1517500203	0.0216453984	0.8266045813
0	0.0504567540	0.0019196146	0.9476236314
0	0.9952186122	0.0000000003	0.0047813875
1	0.0489247263	0.9423465635	0.0087287102
0	0.0000015046	0.5881318065	0.4118666888
1	0.0000028012	0.9983121851	0.0016850137
0	0.7672074107	0.2251556739	0.0076369154
0	0.0301924350	0.0000000000	0.9698075650
2	0.0587701156	0.9412298844	0.0000000000
2	0.0223689155	0.9776310845	0.0000000000
0	0.0002017479	0.0000065701	0.9997916821
0	0.1001424853	0.4533928543	0.4464646604
1	0.5180800682	0.1477983026	0.3341216292
1	0.1756787636	0.7809459078	0.0433753286
2	0.0043972781	0.9956027219	0.0000000000
1	0.0028453822	0.9308659947	0.0662886231
0	0.9977762081	0.0021837022	0.0000400897
0	0.2228070644	0.0397277085	0.7374652270
0	0.0049504209	0.0003689687	0.9946806104
0	0.0000014929	0.9351346651	0.0648638419
1	0.0510689274	0.9489310726	0.0000000000
0	0.9944393697	0.0020480391	0.0035125912
0	0.0001832735	0.1670127516	0.8328039750
0	0.0003526612	0.0360105785	0.9636367603
0	0.6146358798	0.0101170336	0.3752470866
0	0.0544120944	0.0579098035	0.8876781021
0	0.0178763402	0.0415796986	0.9405439612
0	0.0000000000	0.3745517800	0.6254482200
1	0.9411310570	0.0000004314	0.0588685117
0	0.0000669355	0.6644867450	0.3354463195
1	0.0000000435	0.7811355274	0.2188644291
1	0.2493254199	0.6849066936	0.0657678865
1	0.5086770307	0.4913229693	0.0000000000
0	0.0979987460	0.7648210973	0.1371801567
0	0.7361266551	0.0974500106	0.1664233343
0	0.0000415040	0.0000000028	0.9999584932
0	0.0798063325	0.9201334436	0.0000602239
2	0.0001000415	0.9998488137	0.0000511448
1	0.3418851270	0.5229886538	0.1351262191
0	0.0133806981	0.0000000000	0.9866193019
0	0.2540466864	0.7459533136	0.0000000000
1	0.0215475905	0.9784524095	0.0000000000
1	0.0333379254	0.2343673943	0.7322946803
1	0.0000024835	0.9978098221	0.0021876943
0	0.3629628018	0.5107549409	0.1262822573
0	0.0795396816	0.0219996534	0.8984606650
0	0.1968283689	0.0000619638	0.8031096673
0	0.6240545113	0.0003178950	0.3756275936
0	0.9970627008	0.0029372992	0.0000000000
1	0.8030762900	0.1800479846	0.0168757254
1	0.8831244114	0.1168698042	0.0000057845
1	0.0095667264	0.8697522118	0.1206810618
0	0.0003604783	0.0000002367	0.9996392850
0	0.0000000000	0.7680749822	0.2319250178
0	0.0442900907	0.6384043767	0.3173055326
0	0.1081631048	0.3617631905	0.5300737048
1	0.9795690229	0.0204158368	0.0000151404
0	0.2682667152	0.1343376230	0.5973956618
0	0.6825712885	0.0630477406	0.2543809710
1	0.0399166632	0.5297524964	0.4303308404
0	0.7610231249	0.0586087886	0.1803680864
0	0.1924285545	0.0337149758	0.7738564697
2	0.0060551435	0.9938637552	0.0000811014
0	0.0000000000	0.0761262664	0.9238737336
0	0.8071250455	0.1926316605	0.0002432940
1	0.2350528398	0.7647085607	0.0002385994
0	0.0039106610	0.0000933115	0.9959960275
1	0.0220858126	0.9779141874	0.0000000000
0	0.0000000074	0.2543860130	0.7456139796
1	0.8357397986	0.0712216381	0.0930385634
0	0.0868732888	0.8849932949	0.0281334163
0	0.4599984267	0.4713571849	0.0686443884
0	0.9997506226	0.0002387872	0.0000105903
0	0.0000000000	0.5057091287	0.4942908713
0	0.1089200368	0.6517583055	0.2393216577
0	0.0000000000	0.0079652667	0.9920347333
0	0.9540565893	0.0452250408	0.0007183700
0	0.2781876941	0.2815674964	0.4402448095
2	0.0218481558	0.9781518442	0.0000000000
2	0.1430609872	0.8569390125	0.0000000002
0	0.0004073171	0.8154008220	0.1841918608
1	0.0288845459	0.2171212605	0.7539941936
0	0.0558508625	0.4785262767	0.4656228609
0	0.0000048301	0.0182884117	0.9817067582
0	0.9999764497	0.0000002218	0.0000233285
0	0.8064065545	0.0000003869	0.1935930586
1	0.0000000000	1.0000000000	0.0000000000
1	0.0000000001	0.9996319619	0.0003680380
1	0.3881016870	0.1276760271	0.4842222859
0	0.0109131630	0.4519152543	0.5371715827
2	0.0000000000	0.9999927264	0.0000072736
1	0.0948854665	0.4928735982	0.4122409353
0	0.0000000000	0.0000001558	0.9999998442
0	0.0000720355	0.0745330742	0.9253948903
1	0.0000000000	0.4240305623	0.5759694377
1	0.6638589664	0.3359863309	0.0001547027
1	0.0000001074	0.9999998926	0.0000000000
0	0.0000000000	0.4227337475	0.5772662525
0	0.1664341454	0.0001143759	0.8334514787
0	0.6923884423	0.2997162189	0.0078953388
1	0.0000240642	0.9958384518	0.0041374841
2	0.0000000019	0.9181616505	0.0818383477
0	0.0450756108	0.1714286757	0.7834957135
0	0.0000000001	0.4300402874	0.5699597126
1	0.0000132076	0.7325107793	0.2674760131
1	0.9981215789	0.0008941873	0.0009842337
0	0.0308073951	0.0173532969	0.9518393080
1	0.9750404238	0.0249595373	0.0000000390
1	0.2132630127	0.7867338152	0.0000031721
0	0.3469045338	0.0723493334	0.5807461328
0	0.8712510810	0.0290694636	0.0996794555
0	0.0000000000	0.1202047051	0.8797952949
0	0.0227077399	0.8009375509	0.1763547092
0	0.8497021620	0.1424721750	0.0078256630
0	0.0007470300	0.6699277549	0.3293252151
2	0.0000548108	0.9999451892	0.0000000000
1	0.7647610243	0.2321884403	0.0030505353
0	0.0027804934	0.0154003841	0.9818191224
1	0.0000000000	0.0131117514	0.9868882486
1	0.0000000006	0.4930540270	0.5069459724
0	0.3684153638	0.0456432439	0.5859413923
0	0.0000000000	0.0661438556	0.9338561444
0	0.0000000000	0.0000002344	0.9999997656
0	0.0903626678	0.1027751599	0.8068621723
0	0.0000000000	0.5965525907	0.4034474093
0	0.0002383117	0.0628034826	0.9369582057
1	0.0000027230	0.9999972770	0.0000000000
0	0.4497446068	0.5116704020	0.0385849911
1	0.1804182399	0.7973688222	0.0222129378
0	0.0000053619	0.3630966167	0.6368980215
0	0.0282656394	0.0001351414	0.9715992192
0	0.4768853547	0.5231146450	0.0000000003
0	0.0390780600	0.1664227199	0.7944992201
0	0.0000054387	0.0068144191	0.9931801422
1	0.4399148254	0.5596071932	0.0004779814
0	0.0040773503	0.1626700279	0.8332526218
0	0.0000376430	0.3537882961	0.6461740609
1	0.1614520390	0.8103782069	0.0281697542
0	0.2823421846	0.0011001147	0.7165577007
0	0.0524022438	0.9299358215	0.0176619347
0	0.5395104945	0.3864678484	0.0740216571
0	0.5830785813	0.3090837289	0.1078376898
0	0.4408021039	0.1622269414	0.3969709548
0	0.2369404156	0.0464242241	0.7166353603
0	0.0016988076	0.9490835826	0.0492176099
1	0.4466242176	0.1625907391	0.3907850434
0	0.0403244107	0.2849869809	0.6746886084
1	0.0000182412	0.9927143052	0.0072674536
0	0.8013747605	0.1979451008	0.0006801387
0	0.0003842980	0.0573484774	0.9422672246
1	0.0105365367	0.9481233027	0.0413401606
2	0.0000000000	1.0000000000	0.0000000000
1	0.0956223937	0.9043776063	0.0000000000
0	0.0012383046	0.9333548242	0.0654068713
0	0.0251823889	0.2599840417	0.7148335694
1	0.0000000000	1.0000000000	0.0000000000
0	0.6666019484	0.0166425443	0.3167555073
1	0.3441387480	0.0557714585	0.6000897934
2	0.0571990568	0.9428009432	0.0000000000
0	0.0000000978	0.0000034902	0.9999964119
1	0.1518551812	0.8345363667	0.0136084521
0	0.0000000000	0.2489123700	0.7510876300
1	0.0000000000	0.4785947330	0.5214052670
0	0.0926680580	0.0010361683	0.9062957737
0	0.4126413974	0.2145631860	0.3727954165
0	0.0003679005	0.7961703471	0.2034617525
1	0.1514929030	0.0007036044	0.8478034925
0	0.0913691620	0.7946923452	0.1139384929
1	0.1024726094	0.8975273881	0.0000000025
0	0.0029359730	0.9582724320	0.0387915950
0	0.8823524943	0.0869772135	0.0306702922
0	0.3368886524	0.0000002588	0.6631110887
1	0.4383913113	0.5538869573	0.0077217314
0	0.9998336003	0.0000573352	0.0001090645
0	0.6554281272	0.0002271191	0.3443447538
0	0.3082235732	0.0000000151	0.6917764118
1	0.0019200876	0.9970420555	0.0010378570
1	0.0348864652	0.3986743636	0.5664391712
1	0.0215059535	0.9783387753	0.0001552712
0	0.0217230002	0.0345571377	0.9437198621
0	0.1949108678	0.2217671549	0.5833219773
0	0.0000000000	0.0000000027	0.9999999973
1	0.0030802235	0.9969197555	0.0000000210
2	0.0088379628	0.9911583225	0.0000037146
0	0.0040931523	0.4234746093	0.5724322383
0	0.5165473394	0.3779979426	0.1054547180
0	0.0004421926	0.0887767086	0.9107810988
0	0.0010479748	0.0000079963	0.9989440289
2	0.0020845134	0.9979154865	0.0000000001
1	0.6391131715	0.3608287516	0.0000580769
1	0.3134367306	0.6854004412	0.0011628281
0	0.1579651733	0.0361294350	0.8059053917
0	0.9999655534	0.0000000000	0.0000344466
1	0.3455424242	0.6531039223	0.0013536535
2	0.0000000007	0.9999999992	0.0000000002
1	0.4011132709	0.4688899627	0.1299967664
0	0.8645260218	0.1354711328	0.0000028454
1	0.0000000000	1.0000000000	0.0000000000
0	0.0352105947	0.1303350050	0.8344544003
2	0.0000000000	0.9999727005	0.0000272995
0	0.0002008142	0.8940192387	0.1057799471
0	0.0004982400	0.7467090748	0.2527926853
0	0.9999973963	0.0000026037	0.0000000000
1	0.4838968395	0.5156790045	0.0004241561
0	0.0000000000	0.8906720317	0.1093279683
0	0.0333989048	0.9572368972	0.0093641979
0	0.0000013442	0.0117507943	0.9882478616
1	0.1519356786	0.8375602093	0.0105041121
1	0.0005492670	0.9993101001	0.0001406328
2	0.0157175746	0.9841762257	0.0001061996
0	0.0065513450	0.2382307080	0.7552179470
1	0.2383525323	0.7614559117	0.0001915559
1	0.5527202147	0.4472797842	0.0000000011
0	0.0987028793	0.0000000000	0.9012971206
0	0.5645238028	0.0883732601	0.3471029371
0	0.0702157828	0.0288586206	0.9009255966
0	0.1272331786	0.6817054178	0.1910614036
0	0.0100444612	0.3817140834	0.6082414554
0	0.0025221509	0.9973558184	0.0001220307
0	0.9907757546	0.0092236869	0.0000005585
0	0.5546956321	0.0000000000	0.4453043679
2	0.0000029802	0.7214358489	0.2785611710
1	0.0002258739	0.8426334125	0.1571407136
0	0.0419813138	0.0032634492	0.9547552370
0	0.0091067455	0.0000050200	0.9908882345
2	0.3121713598	0.6878286402	0.0000000000
1	0.6961677828	0.1009057504	0.2029264668
0	0.9955291870	0.0043005940	0.0001702190
1	0.0180527881	0.2923738706	0.6895733412
0	0.0000000276	0.9833895010	0.0166104714
0	0.7148640950	0.2828439641	0.0022919409
0	0.5577993299	0.0004956323	0.4417050378
0	0.0059248442	0.9641330542	0.0299421016
0	0.0222854724	0.0291120304	0.9486024972
0	0.3420113089	0.3034161154	0.3545725757
1	0.0000000000	1.0000000000	0.0000000000
0	0.8004064308	0.0000000000	0.1995935692
0	0.0653527429	0.9346425071	0.0000047500
2	0.0000000000	1.0000000000	0.0000000000
0	0.9854386724	0.0000000190	0.0145613086
0	0.3354873729	0.4954106632	0.1691019639
1	0.0050432136	0.9949567864	0.0000000000
0	0.1320668219	0.7750960153	0.0928371628
2	0.0000000000	0.9998660835	0.0001339165
0	0.0000018365	0.1854411440	0.8145570195
1	0.0000000000	0.9043687706	0.0956312294
0	0.0000112272	0.2980260114	0.7019627614
0	0.9838264312	0.0161595815	0.0000139873
0	0.0087791644	0.9754946068	0.0157262288
0	0.0001180198	0.8723458189	0.1275361612
0	0.0017370416	0.5645752226	0.4336877358
1	0.0000000000	0.9999602131	0.0000397869
0	0.0547868822	0.8947104327	0.0505026851
0	0.4254474722	0.0000000000	0.5745525278
0	0.3551280726	0.2173046412	0.4275672862
0	0.5100457259	0.4353506820	0.0546035921
0	0.0011817890	0.0001715520	0.9986466590
1	0.0005655069	0.9994341526	0.0000003405
0	0.7970904891	0.0065647556	0.1963447552
0	0.0886810144	0.0130358139	0.8982831717
0	0.0283316924	0.0576817203	0.9139865873
1	0.0061430527	0.9903145078	0.0035424396
1	0.0000000002	0.5027643665	0.4972356333
1	0.0138927033	0.9565735679	0.0295337288
1	0.0011483249	0.9985214666	0.0003302085
1	0.0134961811	0.1383902538	0.8481135651
1	0.3395783468	0.6604216532	0.0000000000
0	0.8324876225	0.1670109414	0.0005014361
1	0.0000000000	0.9944206878	0.0055793121
2	0.0000000756	0.9980894640	0.0019104604
0	0.9625861962	0.0000000000	0.0374138038
0	0.8466004525	0.0258287898	0.1275707576
2	0.0000000000	1.0000000000	0.0000000000
0	0.0628709161	0.6158083846	0.3213206992
0	0.0000212539	0.1029604750	0.8970182711
0	0.6444194389	0.1943920584	0.1611885028
0	0.0000000000	0.9832386575	0.0167613425
0	0.0065473231	0.8745460574	0.1189066195
1	0.0000535557	0.0000072816	0.9999391627
1	0.0142741583	0.9857252767	0.0000005650
0	0.5202309695	0.2343997718	0.2453692587
0	0.2099034386	0.5299519054	0.2601446560
0	0.5315883785	0.0540932492	0.4143183723
1	0.0016829480	0.9983170520	0.0000000000
1	0.0000039144	0.9999960856	0.0000000000
0	0.0006020731	0.3802112802	0.6191866467
1	0.0000000058	0.5145503468	0.4854496473
1	0.0000000000	1.0000000000	0.0000000000
0	0.1487377118	0.0000000000	0.8512622882
0	0.8302960047	0.1696594023	0.0000445931
1	0.0000000070	0.9647504052	0.0352495878
0	0.9861574885	0.0138415703	0.0000009412
1	0.0005430672	0.9994569328	0.0000000000
0	0.0860303438	0.8696245891	0.0443450671
0	0.0073442613	0.0678502761	0.9248054625
1	0.6404453682	0.3595522777	0.0000023541
0	0.0001791279	0.0000000000	0.9998208721
2	0.0087308126	0.9912690107	0.0000001767
0	0.0791420364	0.0009715288	0.9198864349
0	0.0257871179	0.0000002297	0.9742126524
0	0.0000000000	0.5764396247	0.4235603753
1	0.2039690890	0.6371427972	0.1588881139
0	0.0000018178	0.0116498479	0.9883483343
0	0.0006780166	0.2289314924	0.7703904909
0	0.0000000000	0.1830224701	0.8169775299
0	0.3976953879	0.0097654787	0.5925391335
0	0.6995487035	0.0888047351	0.2116465614
0	0.9969847900	0.0007113699	0.0023038401
0	0.0000006985	0.3106169242	0.6893823773
0	0.1324950215	0.4487351030	0.4187698755
0	0.5298286266	0.0000000000	0.4701713734
1	0.0017331696	0.9836963030	0.0145705274
1	0.0000000075	0.7984448859	0.2015551066
0	0.8003377616	0.0799888739	0.1196733645
0	0.0001797737	0.0000105397	0.9998096867
0	0.1009712973	0.0000097887	0.8990189140
0	0.0000135677	0.8171098592	0.1828765730
0	0.0000406022	0.0000000000	0.9999593978
0	0.0008372727	0.9121560372	0.0870066901
0	0.0154022795	0.0186608616	0.9659368590
1	0.0322119210	0.9595569211	0.0082311579
0	0.2163888936	0.0000000000	0.7836111064
0	0.5348641696	0.0916998245	0.3734360059
1	0.6340203969	0.3525843606	0.0133952425
1	0.0261027504	0.0068481256	0.9670491241
0	0.1633070286	0.6022476599	0.2344453115
0	0.0123012775	0.0000000000	0.9876987225
0	0.0091167477	0.9090656136	0.0818176387
0	0.8999517493	0.1000482240	0.0000000267
1	0.9934887458	0.0065105151	0.0000007391
0	0.0008256404	0.0571293584	0.9420450012
0	0.2091729850	0.7904922682	0.0003347468
0	0.0000000000	0.0000000000	1.0000000000
1	0.0008674110	0.9950867746	0.0040458144
1	0.0000000000	0.4742067808	0.5257932192
0	0.3435532933	0.1630472473	0.4933994594
0	0.9609853803	0.0376188556	0.0013957641
0	0.9868363401	0.0004794495	0.0126842103
1	0.0362103488	0.7970206655	0.1667689858
0	0.0002197811	0.9725731346	0.0272070842
0	0.0401330405	0.1649567918	0.7949101678
1	0.0000014237	0.9999884945	0.0000100818
1	0.0475185769	0.9517141747	0.0007672483
0	0.0173269688	0.9826729906	0.0000000406
