0	0.0813701315	0.5848847574	0.3337451112
0	0.1016619051	0.0018334990	0.8965045959
0	0.0039214808	0.9326991840	0.0633793351
2	0.6739595788	0.1912191005	0.1348213207
1	0.0653748117	0.0000032838	0.9346219045
0	0.8298458271	0.0000000001	0.1701541728
0	0.6287490210	0.1202904270	0.2509605520
1	0.0001150013	0.7303850714	0.2694999273
2	0.0123459124	0.9876467143	0.0000073733
1	0.0571410709	0.0000061019	0.9428528272
0	0.0149260882	0.0015989534	0.9834749583
0	0.1283517197	0.3368076896	0.5348405907
1	0.0000790595	0.9999209405	0.0000000000
1	0.1000656715	0.8983994273	0.0015349011
0	0.7680041284	0.0520874405	0.1799084311
0	0.0026415504	0.0343680153	0.9629904344
1	0.0692004086	0.9307993607	0.0000002307
0	0.2596541240	0.0588443606	0.6815015153
0	0.0447289232	0.0000001255	0.9552709512
0	0.5806413532	0.3229405215	0.0964181252
1	0.0028181651	0.1898742569	0.8073075780
1	0.3271691425	0.6374443837	0.0353864739
1	0.0879962454	0.5138154367	0.3981883180
0	0.9990685725	0.0000000000	0.0009314275
0	0.0000024342	0.2640763215	0.7359212444
1	0.0000074613	0.9948031818	0.0051893569
1	0.0044932162	0.9636204680	0.0318863158
0	0.1440497593	0.8408099977	0.0151402430
0	0.2839433055	0.0267000242	0.6893566703
0	0.0208970120	0.0270959159	0.9520070720
0	0.3013825399	0.2668624453	0.4317550148
0	0.0104797839	0.0000047362	0.9895154799
0	0.9977736799	0.0022256589	0.0000006612
0	0.7383494043	0.2490360254	0.0126145703
0	0.0000395506	0.0000169560	0.9999434934
0	0.6033698940	0.2149662584	0.1816638476
0	0.4751809359	0.1983211913	0.3264978728
1	0.0374286990	0.9181187329	0.0444525682
2	0.1988968820	0.8004573207	0.0006457973
0	0.0219567743	0.0000000000	0.9780432257
0	0.0002630839	0.9704082952	0.0293286208
2	0.7849558249	0.0818175658	0.1332266093
0	0.0273110902	0.5361927089	0.4364962009
0	0.0675227767	0.0039397399	0.9285374834
0	0.3472857723	0.0004338937	0.6522803340
0	0.4892837220	0.5088109260	0.0019053521
0	0.0000202414	0.0136270977	0.9863526609
1	0.9612902784	0.0343907488	0.0043189728
1	0.0014821440	0.5175762426	0.4809416134
0	0.0000319559	0.9133596445	0.0866083995
1	0.0000000000	0.9999996868	0.0000003132
0	0.0292960353	0.0235482113	0.9471557534
1	0.2361744240	0.0117618536	0.7520637224
1	0.0280902524	0.9708796204	0.0010301272
0	0.0535190188	0.8928516891	0.0536292921
0	0.9985974415	0.0002908140	0.0011117445
1	0.1478828697	0.0044705725	0.8476465578
1	0.0010577559	0.9880578391	0.0108844050
1	0.9721740152	0.0164462661	0.0113797187
0	0.2058045069	0.0570684529	0.7371270402
0	0.1471201687	0.1489359828	0.7039438485
0	0.5638036536	0.2611221281	0.1750742183
1	0.5436211860	0.0000000010	0.4563788131
0	0.1119096098	0.0000004941	0.8880898961
0	0.0000000081	0.0002009724	0.9997990195
0	0.1688704230	0.0000000000	0.8311295770
0	0.1012321959	0.0020060361	0.8967617680
0	0.2918591163	0.0048375977	0.7033032860
0	0.5841301181	0.0000016051	0.4158682768
0	0.0813581444	0.1353236969	0.7833181587
1	0.3026127695	0.6880588166	0.0093284138
0	0.0016773387	0.1476374160	0.8506852453
0	0.7281368179	0.0699579756	0.2019052065
0	0.8789272337	0.0877018590	0.0333709074
0	0.0000000148	0.0027303188	0.9972696664
0	0.3536229164	0.4646817315	0.1816953521
0	0.0327960147	0.6589226360	0.3082813493
0	0.7122456995	0.1185374163	0.1692168842
0	0.6373396790	0.0982848017	0.2643755192
0	0.0823948912	0.5447185734	0.3728865354
0	0.9138707769	0.0861281195	0.0000011035
0	0.0366412751	0.7952037149	0.1681550100
1	0.9987838782	0.0000134315	0.0012026903
0	0.0948794653	0.0000000000	0.9051205347
0	0.0000000151	0.0000000000	0.9999999849
0	0.0000076222	0.0417946395	0.9581977382
1	0.3620238563	0.6244406964	0.0135354473
0	0.8660701035	0.0736633555	0.0602665410
0	0.2772184241	0.0002140586	0.7225675174
1	0.0130414884	0.0109008766	0.9760576350
0	0.0064020002	0.8153082174	0.1782897824
1	0.8421345193	0.1446709465	0.0131945342
0	0.5035736906	0.2763874988	0.2200388106
0	0.0283646642	0.0000052171	0.9716301188
0	0.6784312185	0.1485663381	0.1730024434
1	0.0294024932	0.8572488318	0.1133486750
0	0.6010903193	0.1213007777	0.2776089030
0	0.8681533759	0.0388734740	0.0929731501
1	0.4980682685	0.4202362015	0.0816955300
0	0.0225120460	0.4464810190	0.5310069350
1	0.9580329981	0.0254333506	0.0165336513
2	0.8031674451	0.0185055086	0.1783270463
0	0.0105245575	0.0003316627	0.9891437798
0	0.0017003124	0.0000050683	0.9982946193
0	0.5074190836	0.4893247242	0.0032561921
0	0.0307122287	0.6056151365	0.3636726347
0	0.1906880899	0.5207403691	0.2885715410
1	0.9403534938	0.0149576847	0.0446888215
0	0.2434413583	0.0044608385	0.7520978033
0	0.3950145843	0.4259279094	0.1790575063
0	0.2016722563	0.0325467573	0.7657809864
0	0.0044952777	0.0000000000	0.9955047223
1	0.7489954376	0.2510045624	0.0000000000
0	0.4031361514	0.0000000000	0.5968638486
0	0.0008435420	0.1662823829	0.8328740751
1	0.8918136712	0.0713571358	0.0368291931
0	0.0876865798	0.4419326660	0.4703807542
0	0.1343114293	0.5322410819	0.3334474888
0	0.0000000000	0.2332270260	0.7667729740
1	0.3454086224	0.4587921594	0.1957992182
0	0.0000559032	0.0001520270	0.9997920699
0	0.0010969211	0.0003558788	0.9985472001
0	0.1462320816	0.3301292653	0.5236386531
0	0.0086687511	0.9494832750	0.0418479740
2	0.3245294018	0.1472738961	0.5281967022
0	0.0022954243	0.3647719286	0.6329326471
0	0.9663490090	0.0336449684	0.0000060226
0	0.0000000002	0.0002257741	0.9997742257
1	0.1558505399	0.0102444432	0.8339050169
1	0.0197880191	0.0000025486	0.9802094323
1	0.0000023655	0.0000135574	0.9999840771
0	0.7072219438	0.1390769013	0.1537011548
0	0.0516578659	0.0009590599	0.9473830742
0	0.0875160813	0.0001345527	0.9123493660
0	0.9048552551	0.0000328476	0.0951118974
0	0.0312156523	0.0198926679	0.9488916798
1	0.5868537204	0.3516388834	0.0615073962
0	0.5731975027	0.0040458011	0.4227566962
0	0.0050414142	0.3765585955	0.6183999903
0	0.7297331689	0.1439994691	0.1262673621
1	0.7721473717	0.2039250440	0.0239275843
0	0.2843066218	0.5157688343	0.1999245439
0	0.7429826070	0.0041339271	0.2528834660
0	0.1086048464	0.5050250830	0.3863700706
1	0.0331620448	0.8899747434	0.0768632118
0	0.7816767396	0.0050021579	0.2133211025
0	0.0329145452	0.0970350406	0.8700504142
1	0.3159736999	0.6745395498	0.0094867503
0	0.0146698823	0.9593148872	0.0260152305
0	0.0238419841	0.2067532044	0.7694048115
1	0.4388839779	0.2754976596	0.2856183624
0	0.0416295825	0.1615220348	0.7968483827
1	0.9976886560	0.0005510514	0.0017602926
1	0.8163415042	0.0002705568	0.1833879389
0	0.5915125617	0.2857356511	0.1227517872
0	0.0047625445	0.2222033649	0.7730340906
0	0.0004834200	0.0000000001	0.9995165800
0	0.9994516908	0.0000000000	0.0005483092
0	0.5171640430	0.3114498136	0.1713861434
0	0.4517909372	0.5473240454	0.0008850174
1	0.6501343433	0.3285545195	0.0213111372
1	0.9999373769	0.0000621009	0.0000005222
0	0.8038325072	0.0000102040	0.1961572888
0	0.1224143653	0.0000000000	0.8775856347
0	0.0129838856	0.0303641697	0.9566519447
1	0.4745871135	0.5254128825	0.0000000040
1	0.6535967337	0.1445447952	0.2018584711
1	0.9835043597	0.0002142240	0.0162814163
0	0.3083871132	0.0843401669	0.6072727199
1	0.2332803172	0.2055294042	0.5611902786
0	0.9831653122	0.0104707515	0.0063639363
0	0.0002626874	0.0110109581	0.9887263545
0	0.4987693029	0.4699111928	0.0313195043
0	0.0000000000	0.0762198739	0.9237801261
0	0.2742038130	0.4877521079	0.2380440791
0	0.8093230550	0.0019431783	0.1887337667
0	0.0000097549	0.0782470765	0.9217431686
0	0.5412960679	0.3521092803	0.1065946518
0	0.0003484022	0.0105151934	0.9891364044
1	0.0000011541	0.0137607473	0.9862380986
1	0.1390248699	0.0502425371	0.8107325930
0	0.4059669005	0.4384568402	0.1555762593
0	0.1146437090	0.0011534411	0.8842028499
0	0.0000006705	0.0193775651	0.9806217644
0	0.7049632292	0.2933460701	0.0016907007
1	0.0285997426	0.8027443283	0.1686559291
0	0.8220436778	0.0215410327	0.1564152895
0	0.2900966168	0.0028195562	0.7070838270
1	0.4090657767	0.4741807031	0.1167535202
0	0.4161283001	0.3102110886	0.2736606113
0	0.0888729789	0.2609352451	0.6501917760
0	0.0000039257	0.4041138375	0.5958822368
0	0.1273517796	0.0000000000	0.8726482204
0	0.0000000000	0.0000174450	0.9999825550
0	0.6026639719	0.1007232580	0.2966127701
0	0.1617676886	0.3040257922	0.5342065192
1	0.8878921289	0.0000000000	0.1121078711
1	0.9186966519	0.0641937451	0.0171096030
0	0.8945635059	0.1054364940	0.0000000002
1	0.0244515221	0.0348078073	0.9407406706
1	0.4966773300	0.5033185594	0.0000041105
0	0.0000000000	0.0000000000	1.0000000000
1	0.0001165350	0.0000000006	0.9998834645
0	0.0001391454	0.0046952019	0.9951656527
0	0.6203382655	0.2821599268	0.0975018077
2	0.5883659744	0.3965289636	0.0151050620
0	0.0860454619	0.1989661066	0.7149884315
0	0.8270995758	0.0000000000	0.1729004242
0	0.9996056475	0.0003889878	0.0000053647
0	0.6608571305	0.0073088787	0.3318339908
1	0.3545876413	0.0000261758	0.6453861829
0	0.3202631796	0.6193603210	0.0603764994
0	0.7585919490	0.2414080510	0.0000000000
0	0.1980916842	0.1057220500	0.6961862657
0	0.0000266923	0.9903210878	0.0096522199
0	0.0116317095	0.0115769190	0.9767913715
0	0.1853629272	0.0092066851	0.8054303877
0	0.0713560049	0.1029038502	0.8257401449
0	0.2565598483	0.0903924527	0.6530476990
0	0.7910377442	0.0019178086	0.2070444472
0	0.0492685852	0.0019436484	0.9487877664
0	0.0344567571	0.4884496739	0.4770935690
0	0.4055820047	0.0546889313	0.5397290640
0	0.0028076922	0.6018032942	0.3953890136
1	0.5066752038	0.0297214387	0.4636033575
1	0.0000000003	0.0003333483	0.9996666513
1	0.0370083522	0.2822683861	0.6807232617
0	0.4493622225	0.0038896967	0.5467480808
2	0.3097017709	0.6827310659	0.0075671632
0	0.2739389008	0.0275928206	0.6984682786
0	0.0000000000	0.1179550790	0.8820449210
0	0.0253591564	0.5845280750	0.3901127687
0	0.0000000000	0.0411283477	0.9588716523
0	0.4977028440	0.0777469032	0.4245502527
0	0.1118496170	0.0003147925	0.8878355905
1	0.1613175657	0.2918537575	0.5468286767
0	0.1044543757	0.0347262126	0.8608194117
0	0.0000000705	0.2335244006	0.7664755289
0	0.0150041784	0.0000006185	0.9849952030
0	0.1606729291	0.0000000003	0.8393270706
1	0.8554013572	0.1317117855	0.0128868573
0	0.5156210801	0.0000000421	0.4843788778
0	0.0013257136	0.2566509761	0.7420233103
0	0.1880659890	0.0850610727	0.7268729383
1	0.9773052792	0.0170741546	0.0056205663
0	0.3386361048	0.2860671682	0.3752967269
1	0.8702882135	0.1224510875	0.0072606990
0	0.6809048445	0.1014885054	0.2176066501
1	0.3608682232	0.6390262487	0.0001055281
0	0.0002837356	0.0441800586	0.9555362058
0	0.4892463190	0.1049906513	0.4057630297
0	0.0118221166	0.1372147100	0.8509631734
1	0.0036419104	0.9920227754	0.0043353142
0	0.0056234436	0.9208154100	0.0735611464
1	0.0000411490	0.4819771821	0.5179816689
1	0.7731535357	0.1682688349	0.0585776294
0	0.0000000000	0.0000000000	1.0000000000
0	0.0000000000	0.1294364640	0.8705635360
1	0.6584643037	0.3368597469	0.0046759494
0	0.7284987551	0.0000000000	0.2715012449
0	0.0000005475	0.0690477826	0.9309516699
0	0.0007863894	0.0000000000	0.9992136106
0	0.0000242656	0.0567905108	0.9431852236
0	0.3080428328	0.6675396098	0.0244175574
1	0.2401613484	0.6994851228	0.0603535287
0	0.0681254714	0.9318711090	0.0000034196
0	0.0000000000	0.1063119572	0.8936880428
0	0.0000059846	0.6872526081	0.3127414073
0	0.0604771274	0.9331174782	0.0064053944
0	0.0226856321	0.2297529035	0.7475614644
0	0.0132853716	0.0001164248	0.9865982036
0	0.8625570054	0.0996751961	0.0377677985
1	0.8152346187	0.1637182523	0.0210471290
0	0.0018288815	0.9190909786	0.0790801398
0	0.0018633395	0.0036361713	0.9945004893
0	0.0009078797	0.0919012074	0.9071909130
0	0.2434810713	0.0000583975	0.7564605312
0	0.0005521198	0.9795265341	0.0199213461
1	0.3357950841	0.4175060670	0.2466988488
0	0.0125689571	0.4175400177	0.5698910252
0	0.4176798368	0.0000000000	0.5823201632
1	0.0013138846	0.0000000000	0.9986861154
0	0.6393138318	0.0212483357	0.3394378325
0	0.0000026665	0.2593744908	0.7406228427
1	0.4293747093	0.0000000285	0.5706252622
1	0.0731082237	0.9039657135	0.0229260627
0	0.1705155398	0.8066675523	0.0228169079
0	0.4687529707	0.0078641010	0.5233829283
1	0.0000890143	0.3188156973	0.6810952883
1	0.9771447594	0.0086258008	0.0142294398
1	0.0304213481	0.0007541046	0.9688245473
0	0.9052535634	0.0861939871	0.0085524495
0	0.0000181663	0.0000000000	0.9999818337
0	0.0000000028	0.5946389047	0.4053610926
0	0.7398034654	0.0000000006	0.2601965339
0	0.1262957896	0.8507402257	0.0229639847
0	0.0126840466	0.9858425771	0.0014733763
0	0.0000000000	0.6848605780	0.3151394220
0	0.0168832645	0.0043851797	0.9787315558
1	0.5286412861	0.2928106097	0.1785481042
1	0.0249918846	0.0000003900	0.9750077253
2	0.0011255414	0.9315358609	0.0673385976
2	0.6116350725	0.3786177279	0.0097471996
0	0.0000000000	0.2114068836	0.7885931164
0	0.2735870878	0.2751608845	0.4512520277
1	0.2288263641	0.0147788042	0.7563948317
0	0.0000000000	0.0038189605	0.9961810395
1	0.1950453972	0.7986506366	0.0063039662
0	0.9709248937	0.0218454259	0.0072296804
0	0.0000000000	0.2652325161	0.7347674839
1	0.9429246949	0.0527420981	0.0043332071
0	0.0015452353	0.0668575939	0.9315971707
0	0.0128658544	0.0601378873	0.9269962583
1	0.0400151733	0.1356722945	0.8243125322
0	0.8904911163	0.0000136945	0.1094951892
1	0.0000676828	0.2790352335	0.7208970837
0	0.3144429462	0.1136626858	0.5718943679
0	0.2711703750	0.0000273659	0.7288022591
1	0.0680605354	0.8493341886	0.0826052760
0	0.6190868375	0.1473685329	0.2335446295
1	0.3699482123	0.0000000000	0.6300517877
1	0.0636125196	0.7467275718	0.1896599086
0	0.0000024150	0.4883044945	0.5116930904
0	0.0271009107	0.0022294784	0.9706696109
0	0.7801123179	0.0822069455	0.1376807366
0	0.9999619466	0.0000072050	0.0000308483
1	0.0996652452	0.8510577702	0.0492769846
1	0.1707534487	0.8135305708	0.0157159805
0	0.0142559128	0.5047309817	0.4810131055
0	0.9506515889	0.0001599406	0.0491884705
0	0.2017690503	0.2910176410	0.5072133086
0	0.2857218325	0.0511526932	0.6631254743
0	0.6771972893	0.0496919516	0.2731107590
0	0.0080255313	0.6981407425	0.2938337262
1	0.8832549941	0.1058977735	0.0108472324
1	0.6025134498	0.3951490474	0.0023375028
1	0.0027743872	0.4928429786	0.5043826343
0	0.1525408660	0.8461595459	0.0012995881
0	0.1036729975	0.2528582177	0.6434687848
2	0.7333126558	0.2665426992	0.0001446450
0	0.1150151493	0.0102433827	0.8747414680
0	0.6885059364	0.0001938515	0.3113002121
0	0.0145969240	0.0000000000	0.9854030760
1	0.0022578288	0.9800690737	0.0176730974
0	0.0108327970	0.9805553697	0.0086118332
1	0.0032833234	0.7758152967	0.2209013799
1	0.1134949352	0.3751706802	0.5113343846
1	0.0000816308	0.9689555601	0.0309628091
2	0.3135705999	0.2397550447	0.4466743554
1	0.0199450056	0.0566613764	0.9233936179
0	0.7713622705	0.0660926030	0.1625451265
1	0.1126997666	0.3076765567	0.5796236767
1	0.2501379296	0.0268360169	0.7230260536
0	0.0865350219	0.0000000000	0.9134649781
1	0.4305609277	0.5414443395	0.0279947328
0	0.0413780247	0.0000427841	0.9585791912
0	0.1693547801	0.0000000000	0.8306452199
1	0.3806715498	0.2795159596	0.3398124906
1	0.0150916340	0.0196931613	0.9652152047
1	0.1954855754	0.5052551756	0.2992592490
0	0.3685886742	0.0026605386	0.6287507873
1	0.5983388840	0.3996877712	0.0019733449
1	0.0000014342	0.6900905166	0.3099080491
0	0.3424747626	0.0583315175	0.5991937200
1	0.1580882538	0.1340675297	0.7078442165
0	0.6724615086	0.0000000096	0.3275384817
0	0.5419802620	0.0000137264	0.4580060116
0	0.5906560859	0.0217227751	0.3876211391
0	0.0484292301	0.2104322231	0.7411385469
0	0.0993896533	0.0118550281	0.8887553185
0	0.4622941896	0.0458654248	0.4918403856
0	0.0727412849	0.0451413072	0.8821174079
0	0.1638253941	0.2013060325	0.6348685733
0	0.0849229415	0.3531128447	0.5619642138
0	0.6533414133	0.2238106816	0.1228479051
0	0.0103813364	0.0196907387	0.9699279249
1	0.7652760601	0.2346790588	0.0000448811
0	0.0162931943	0.0000000001	0.9837068056
0	0.0004931608	0.0146592965	0.9848475427
0	0.2967516069	0.2282094301	0.4750389630
0	0.7986246043	0.0000069805	0.2013684152
0	0.1630025343	0.4545627456	0.3824347201
0	0.5171805493	0.3411540982	0.1416653524
1	0.7221229180	0.0000000000	0.2778770820
0	0.0000000000	0.0000000093	0.9999999907
0	0.0001109377	0.1214289544	0.8784601080
0	0.0211607577	0.0008171778	0.9780220646
1	0.0000032249	0.2531727222	0.7468240528
0	0.0161982055	0.2093925215	0.7744092730
0	0.2173045861	0.0472264786	0.7354689352
1	0.9999744859	0.0000240496	0.0000014645
1	0.7452736735	0.0000000000	0.2547263265
1	0.0498403541	0.7141003391	0.2360593068
1	0.1139142098	0.8676455733	0.0184402168
0	0.0119592758	0.1381180332	0.8499226909
1	0.0042992166	0.0000093167	0.9956914667
0	0.3265128794	0.5611656774	0.1123214432
1	0.1188833003	0.0893919930	0.7917247067
0	0.0000041930	0.5125247395	0.4874710675
0	0.0890355796	0.0117483545	0.8992160659
1	0.0440689819	0.1899947642	0.7659362539
1	0.3577165199	0.6173084606	0.0249750195
0	0.1148945034	0.0402641534	0.8448413432
0	0.1133090301	0.0014645817	0.8852263881
1	0.1940960455	0.0401553978	0.7657485567
1	0.0001823454	0.9998170395	0.0000006151
1	0.1587965664	0.6491749571	0.1920284765
0	0.0000000000	0.0009296154	0.9990703846
1	0.1197509615	0.3109466633	0.5693023752
1	0.6704200739	0.0286543973	0.3009255288
0	0.0899653078	0.9100282827	0.0000064095
1	0.6483308523	0.3516689416	0.0000002061
1	0.8756305695	0.0545100380	0.0698593925
1	0.0904737045	0.6993957789	0.2101305166
1	0.6036083601	0.3243983392	0.0719933007
0	0.3649760506	0.0000000022	0.6350239472
0	0.0255166960	0.0851391599	0.8893441441
0	0.2815432033	0.6541461807	0.0643106160
1	0.1803039992	0.3944071066	0.4252888943
1	0.0000000000	0.9278334331	0.0721665669
0	0.0295010384	0.7117876002	0.2587113614
0	0.7899696045	0.0196208366	0.1904095589
0	0.0378258312	0.0000097095	0.9621644593
0	0.1145678965	0.0723502552	0.8130818483
0	0.0012849903	0.5046408942	0.4940741155
1	0.4672865261	0.5327134738	0.0000000001
1	0.0449559483	0.0000587884	0.9549852633
0	0.0867787827	0.8729613366	0.0402598807
0	0.6270224935	0.0000000000	0.3729775065
0	0.2828748290	0.6448349008	0.0722902702
1	0.0000920054	0.0699955432	0.9299124514
0	0.0673646977	0.4881536089	0.4444816934
2	0.0778314806	0.0942322558	0.8279362636
0	0.0000001298	0.7368923639	0.2631075063
1	0.9862976084	0.0133277528	0.0003746388
1	0.0728965353	0.0002847763	0.9268186884
1	0.9648651763	0.0341085047	0.0010263189
0	0.1406746334	0.6298011088	0.2295242579
1	0.1374957938	0.8396380435	0.0228661627
0	0.0552925900	0.0000000040	0.9447074060
0	0.4245720144	0.3966824421	0.1787455434
0	0.0000163469	0.0240340754	0.9759495777
0	0.1941888172	0.0000000932	0.8058110896
0	0.0491097769	0.4819058179	0.4689844052
1	0.0055451719	0.5764425697	0.4180122584
1	0.7926148276	0.0096726079	0.1977125645
0	0.0066599693	0.9432589528	0.0500810779
0	0.4971398087	0.2001350347	0.3027251566
1	0.2851212639	0.0000037642	0.7148749719
1	0.9740827450	0.0217321362	0.0041851188
1	0.2220620717	0.5344642079	0.2434737203
0	0.9287007047	0.0712992947	0.0000000005
0	0.0023661418	0.3191235630	0.6785102952
0	0.0461290445	0.0001151403	0.9537558152
0	0.0000188605	0.0546804223	0.9453007172
0	0.9960337512	0.0029419202	0.0010243285
1	0.7735521456	0.0047148550	0.2217329993
0	0.1924349410	0.4567702046	0.3507948543
0	0.0000000001	0.9972520357	0.0027479642
0	0.1506966944	0.0040571962	0.8452461094
0	0.0489528092	0.4565870915	0.4944600992
0	0.0022114654	0.0000105226	0.9977780120
1	0.0359692949	0.6750832718	0.2889474333
0	0.0329128426	0.2762474378	0.6908397196
0	0.0035850775	0.0000000000	0.9964149225
0	0.0409241488	0.0185654530	0.9405103982
0	0.4057979743	0.0000491220	0.5941529037
1	0.4842619514	0.2663756030	0.2493624456
1	0.0000429478	0.0054205594	0.9945364927
0	0.3492638842	0.0239466038	0.6267895120
0	0.0006831495	0.2957518842	0.7035649663
0	0.6583095605	0.0429148091	0.2987756304
0	0.0955464637	0.0634895010	0.8409640353
0	0.0000204860	0.0329371241	0.9670423899
0	0.0001330109	0.0060424833	0.9938245058
1	0.0376071775	0.0350008625	0.9273919600
0	0.0000002773	0.0000386697	0.9999610531
0	0.0004544657	0.3699326398	0.6296128945
1	0.5061063782	0.2381557089	0.2557379130
1	0.0167657349	0.0015752743	0.9816589908
0	0.6510880549	0.2675574762	0.0813544689
0	0.0278759797	0.0297136681	0.9424103522
1	0.6344221455	0.0000000071	0.3655778474
0	0.3077265801	0.1284671722	0.5638062477
1	0.2814182926	0.6529117814	0.0656699260
0	0.9886386649	0.0112827212	0.0000786139
0	0.1730371128	0.7451043443	0.0818585430
1	0.0715585585	0.0257379386	0.9027035029
0	0.1483829797	0.2083412545	0.6432757658
0	0.0002294633	0.0000156918	0.9997548450
1	0.8087994968	0.0944348392	0.0967656640
0	0.1230886748	0.1964526468	0.6804586784
1	0.9930893189	0.0011246217	0.0057860593
0	0.7550899291	0.0915572743	0.1533527966
1	0.3277210207	0.0000010206	0.6722779587
1	0.5572838929	0.0005317584	0.4421843487
0	0.2263203347	0.0000000000	0.7736796653
1	0.0000030309	0.0000011558	0.9999958132
1	0.1371430917	0.8494822398	0.0133746685
1	0.0583377543	0.1613407920	0.7803214537
