0	0.3119081737	0.4897007120	0.1983911143
0	0.3628386718	0.0196596684	0.6175016597
1	0.0000000081	0.9396896326	0.0603103593
0	0.0000002859	0.1392844374	0.8607152767
1	0.0004117854	0.8969858525	0.1026023621
0	0.0857270392	0.7496970093	0.1645759515
0	0.1674341826	0.1359871729	0.6965786446
0	0.1115047092	0.1956024891	0.6928928017
0	0.0249218127	0.9750148799	0.0000633074
0	0.0350948018	0.7522852717	0.2126199265
1	0.0000000000	0.9846044865	0.0153955135
0	0.0001480676	0.9706725146	0.0291794179
1	0.0005334120	0.7494908722	0.2499757158
0	0.1489542214	0.0031734018	0.8478723769
0	0.4114234663	0.5885731619	0.0000033718
1	0.6944577046	0.2997067308	0.0058355646
0	0.0032936343	0.0000001147	0.9967062511
1	0.0168125354	0.8137675043	0.1694199602
0	0.0047498967	0.6174667591	0.3777833442
0	0.0000003262	0.9276497662	0.0723499076
1	0.2715595325	0.0001453186	0.7282951490
0	0.0641748307	0.7972922865	0.1385328828
0	0.0000000000	0.4408389421	0.5591610578
2	0.6852409580	0.3084578586	0.0063011833
0	0.0970034941	0.3523426163	0.5506538896
0	0.5844396219	0.0249061368	0.3906542413
1	0.0081487686	0.7896324823	0.2022187492
0	0.0383637586	0.1326576831	0.8289785583
1	0.0738735698	0.9261086161	0.0000178141
0	0.2461415192	0.6203044767	0.1335540041
0	0.0000000005	0.7016556554	0.2983443441
0	0.0902965862	0.5326572483	0.3770461655
0	0.0952264669	0.9046852393	0.0000882937
2	0.0246081513	0.5705608901	0.4048309586
0	0.0024536062	0.3484266955	0.6491196984
0	0.0779477734	0.2178485802	0.7042036464
0	0.2359739499	0.5128324687	0.2511935814
1	0.0024080203	0.3476448356	0.6499471441
1	0.0041234804	0.0650164434	0.9308600762
0	0.8428103137	0.0000000665	0.1571896198
0	0.6218932145	0.0394857541	0.3386210313
0	0.1904346889	0.1799413275	0.6296239836
0	0.0000068137	0.9206690593	0.0793241270
0	0.0000118264	0.6732147042	0.3267734694
0	0.0445468668	0.1157157962	0.8397373370
1	0.3064747978	0.6935250912	0.0000001111
1	0.0603459365	0.6408743021	0.2987797614
1	0.0052807543	0.9946513999	0.0000678457
1	0.0000933837	0.0330969402	0.9668096761
1	0.0011195274	0.9988802998	0.0000001729
1	0.2901019707	0.6395324471	0.0703655821
0	0.2132449486	0.5686130990	0.2181419524
1	0.0000000095	0.3356783013	0.6643216892
0	0.0692644676	0.7837251051	0.1470104273
0	0.7556128757	0.2413797141	0.0030074102
0	0.5759128642	0.1340199096	0.2900672262
0	0.2074259165	0.5373271004	0.2552469831
1	0.0413274174	0.3824200007	0.5762525819
0	0.3004457073	0.6113693694	0.0881849233
0	0.3439706946	0.6430361288	0.0129931767
0	0.3885981783	0.6107777477	0.0006240740
0	0.0343408220	0.2168397163	0.7488194617
1	0.0079981642	0.9916549054	0.0003469304
0	0.2285023103	0.0000001047	0.7714975850
1	0.0000001577	0.9640874537	0.0359123886
0	0.0001865782	0.1453148041	0.8544986177
0	0.0703486217	0.0000840108	0.9295673675
0	0.0000466876	0.1408960452	0.8590572671
1	0.0349433786	0.3122691121	0.6527875093
0	0.0051676655	0.7159748483	0.2788574863
0	0.0245549078	0.8788962115	0.0965488807
1	0.0849195479	0.8884776678	0.0266027843
0	0.1602707230	0.0054380462	0.8342912309
1	0.7024317279	0.2975033136	0.0000649585
2	0.0111436046	0.9888563954	0.0000000000
2	0.0594763538	0.9405236460	0.0000000002
0	0.0249424851	0.9750492554	0.0000082595
0	0.2226233932	0.7773642617	0.0000123451
0	0.0919268180	0.9043758333	0.0036973487
0	0.0239962855	0.7842527041	0.1917510104
0	0.0009179193	0.6999284457	0.2991536350
0	0.1770658208	0.5019558490	0.3209783301
0	0.9984759063	0.0000000045	0.0015240891
0	0.3969307473	0.2535863572	0.3494828955
0	0.9956312523	0.0026506597	0.0017180880
0	0.1871123468	0.0000000000	0.8128876532
0	0.1220358280	0.8776934899	0.0002706821
0	0.0256060455	0.0059641116	0.9684298429
0	0.5948991234	0.1901798785	0.2149209980
0	0.0861628779	0.8234100958	0.0904270263
1	0.3919347361	0.5812833013	0.0267819627
0	0.1514860976	0.3037817496	0.5447321528
0	0.9649879142	0.0062123818	0.0287997039
0	0.8004818544	0.1372579495	0.0622601961
1	0.0991663982	0.7499097062	0.1509238956
0	0.4227354721	0.2257518104	0.3515127174
0	0.8419072226	0.0645239653	0.0935688121
0	0.1265448202	0.6437105786	0.2297446012
0	0.2043554510	0.7128677819	0.0827767671
0	0.1238713013	0.5072466948	0.3688820040
0	0.0596074535	0.9351256873	0.0052668592
0	0.1482986698	0.4951902986	0.3565110316
0	0.0042211436	0.9160983727	0.0796804837
2	0.0384806684	0.9615193316	0.0000000000
0	0.0504424970	0.8477517001	0.1018058028
0	0.3045638628	0.6186359776	0.0768001596
0	0.1002004053	0.7891796359	0.1106199588
0	0.1812451527	0.0771490064	0.7416058409
0	0.3091676039	0.0195454168	0.6712869793
1	0.2652228739	0.6012034779	0.1335736482
0	0.0576567598	0.2090420112	0.7333012289
1	0.3989277850	0.5960648288	0.0050073862
2	0.1416972626	0.7640810370	0.0942217004
0	0.0000004693	0.9918051823	0.0081943484
0	0.0016373768	0.9864823084	0.0118803148
0	0.3849980127	0.6140721525	0.0009298348
0	0.8372495789	0.0528877277	0.1098626934
1	0.3519524589	0.6220508129	0.0259967282
0	0.6165145105	0.3650567182	0.0184287712
0	0.2265204191	0.0486528954	0.7248266855
1	0.3368916756	0.6563104153	0.0067979091
1	0.6690883161	0.1481682462	0.1827434377
0	0.0000016971	0.7913119809	0.2086863220
0	0.5834502179	0.0000684654	0.4164813166
0	0.2425980086	0.4337336422	0.3236683492
0	0.1297912802	0.3679402015	0.5022685183
0	0.0723750869	0.4639632315	0.4636616816
0	0.1685607097	0.0092691977	0.8221700926
1	0.0503753760	0.9181322294	0.0314923946
0	0.8092796968	0.0683650596	0.1223552437
2	0.0013525967	0.7678443066	0.2308030967
1	0.0272648741	0.7271615816	0.2455735443
0	0.2926299390	0.0422758946	0.6650941664
0	0.9591584641	0.0402233804	0.0006181555
0	0.0742214434	0.8935168434	0.0322617131
0	0.1825670038	0.1327103748	0.6847226214
1	0.0166510998	0.4919507419	0.4913981583
0	0.6586909985	0.1144288352	0.2268801664
0	0.0046769990	0.9948853051	0.0004376959
2	0.0007202511	0.9929614349	0.0063183141
0	0.8418993617	0.0892506203	0.0688500180
0	0.0026900663	0.0119723183	0.9853376155
0	0.0311272602	0.0080417778	0.9608309620
1	0.1572775177	0.8201812756	0.0225412067
0	0.0000510308	0.1119378481	0.8880111211
1	0.0492444213	0.9483004024	0.0024551763
1	0.6623086719	0.3376913281	0.0000000000
0	0.0054385275	0.5849149524	0.4096465202
1	0.0715931020	0.9284068980	0.0000000000
2	0.0180167086	0.9584100993	0.0235731921
0	0.0490080217	0.5775930398	0.3733989385
0	0.9037633549	0.0257036096	0.0705330356
0	0.3056283566	0.1074085955	0.5869630479
0	0.0533098113	0.2621298086	0.6845603801
0	0.0646615965	0.9206448741	0.0146935295
1	0.1703721196	0.0311769118	0.7984509686
1	0.0000954112	0.8294103180	0.1704942708
0	0.1372073857	0.2349540511	0.6278385632
0	0.8628995613	0.0409560473	0.0961443913
1	0.4153136455	0.1982261151	0.3864602394
1	0.1042496688	0.8042970653	0.0914532659
0	0.0034609636	0.5508559392	0.4456830973
0	0.0018380990	0.9738544014	0.0243074997
0	0.2347786955	0.1406813355	0.6245399689
0	0.6714833042	0.2924332580	0.0360834377
1	0.0428345120	0.9235869394	0.0335785486
1	0.0575708731	0.6640012927	0.2784278342
1	0.2730232596	0.7266718135	0.0003049268
0	0.3151504674	0.6267322360	0.0581172967
1	0.2968500525	0.7024016662	0.0007482813
1	0.0007119293	0.9950407493	0.0042473213
0	0.2349708368	0.0715330034	0.6934961598
0	0.3132898431	0.6458618996	0.0408482573
0	0.0001944880	0.0278038248	0.9720016872
0	0.3907419604	0.0000286167	0.6092294229
0	0.1072340674	0.0526454705	0.8401204621
1	0.0316858627	0.9683140911	0.0000000462
0	0.0292651828	0.9440095407	0.0267252765
0	0.8912169522	0.1004236023	0.0083594455
0	0.5035063068	0.3293057734	0.1671879198
1	0.0000000025	0.9994584723	0.0005415252
0	0.7444736029	0.0497387707	0.2057876264
0	0.0019278865	0.4741453386	0.5239267749
1	0.0442509404	0.8268460088	0.1289030508
1	0.0065825669	0.9716136515	0.0218037815
0	0.0072128007	0.1948891043	0.7978980951
0	0.0000198772	0.3440626270	0.6559174958
1	0.3455073174	0.6057721357	0.0487205469
0	0.0052102562	0.0391948845	0.9555948592
0	0.0000304246	0.1332142880	0.8667552873
0	0.3335868030	0.5011436764	0.1652695206
0	0.0222617272	0.9155270063	0.0622112665
0	0.0449765889	0.4780206489	0.4770027621
0	0.2161309536	0.3069179920	0.4769510544
1	0.0779691350	0.1986410593	0.7233898057
2	0.0000012329	0.9926136918	0.0073850754
0	0.5715414128	0.1872968563	0.2411617309
0	0.0022939026	0.1434465264	0.8542595710
0	0.0486976128	0.9460773608	0.0052250263
0	0.0604618394	0.8880659525	0.0514722080
0	0.0140003599	0.4220781343	0.5639215058
2	0.0744414958	0.6119195195	0.3136389847
1	0.0079450249	0.9309590039	0.0610959712
0	0.0922650327	0.1199411416	0.7877938257
0	0.1652563236	0.0097227035	0.8250209729
0	0.0000223574	0.1061557876	0.8938218550
0	0.0003352416	0.5322401770	0.4674245814
1	0.0037784235	0.9884858535	0.0077357230
0	0.0000991696	0.1755910640	0.8243097664
0	0.3376584635	0.0049847299	0.6573568066
1	0.0106331325	0.8751817338	0.1141851337
0	0.0024110262	0.9975867019	0.0000022719
1	0.3987837721	0.2149257032	0.3862905247
1	0.3039027441	0.6031176104	0.0929796455
1	0.0000000000	0.9765117358	0.0234882642
1	0.0194747736	0.9803180919	0.0002071345
1	0.0040141088	0.5270762362	0.4689096550
1	0.2964824929	0.6931682592	0.0103492479
0	0.0146026808	0.9670608338	0.0183364854
1	0.0276791249	0.0120066629	0.9603142122
0	0.0218859046	0.7767345438	0.2013795516
1	0.0997784687	0.5155215004	0.3847000308
1	0.0196034158	0.2180041307	0.7623924535
1	0.0388333687	0.6585641517	0.3026024796
0	0.9874833964	0.0009675401	0.0115490635
0	0.2398866870	0.5988270085	0.1612863045
1	0.7824480600	0.2175040547	0.0000478852
1	0.3335998989	0.2323188244	0.4340812767
1	0.1644256345	0.8354893057	0.0000850597
0	0.1135146783	0.1772200105	0.7092653112
0	0.0596552470	0.0128764238	0.9274683292
1	0.2021062452	0.7975691450	0.0003246098
0	0.1882052115	0.4163321712	0.3954626172
0	0.8417806930	0.0430124015	0.1152069055
0	0.1181542588	0.5220250358	0.3598207054
0	0.1404881557	0.0000000000	0.8595118443
0	0.2622626915	0.5858187158	0.1519185927
0	0.0001026597	0.0786980482	0.9211992922
0	0.5876823266	0.0421559797	0.3701616937
1	0.0331429325	0.8783421424	0.0885149252
0	0.1024102472	0.0341673333	0.8634224195
0	0.0674390572	0.9302455546	0.0023153882
0	0.0000009244	0.5910690583	0.4089300172
1	0.0000000001	0.8973344227	0.1026655772
1	0.0036429045	0.9555069240	0.0408501714
0	0.0315525946	0.0086711404	0.9597762650
0	0.0357581336	0.9498686411	0.0143732253
0	0.4464282695	0.0349200013	0.5186517292
0	0.0141038104	0.9428153227	0.0430808669
0	0.0942547326	0.9056633323	0.0000819351
1	0.0069140100	0.9394099895	0.0536760005
0	0.6676853015	0.0025422275	0.3297724711
0	0.9717317749	0.0003361208	0.0279321043
1	0.4977025314	0.4951240912	0.0071733775
0	0.1663422028	0.8098397016	0.0238180955
0	0.0205737265	0.2990207813	0.6804054923
0	0.2764330362	0.0026710019	0.7208959619
0	0.1174730295	0.0008619644	0.8816650061
0	0.0560063414	0.2709598657	0.6730337929
0	0.0074938679	0.9869788581	0.0055272740
0	0.8399690980	0.0025826458	0.1574482562
0	0.0867092907	0.0019745613	0.9113161480
1	0.0189285184	0.0124459804	0.9686255012
0	0.0000374348	0.2323312206	0.7676313446
0	0.1370415998	0.6944963594	0.1684620408
0	0.0557198123	0.9330579153	0.0112222724
1	0.0000000000	0.9999412903	0.0000587097
1	0.0000000000	0.5415850275	0.4584149725
1	0.0002980941	0.9993274034	0.0003745025
0	0.6353228083	0.0001143262	0.3645628655
0	0.0596886458	0.8859921026	0.0543192517
0	0.1406428001	0.4037736556	0.4555835442
0	0.0906201117	0.9084644098	0.0009154785
1	0.0000000000	0.8721357546	0.1278642454
1	0.0052340119	0.3405217295	0.6542442587
0	0.7565441370	0.0000310017	0.2434248613
0	0.0174496675	0.8763533945	0.1061969381
0	0.0270519525	0.3430449760	0.6299030715
0	0.0155228549	0.3125659071	0.6719112380
0	0.4666284725	0.0004871896	0.5328843378
0	0.0017087171	0.0519084755	0.9463828073
0	0.0603034294	0.7883513306	0.1513452400
0	0.3480390014	0.0765487910	0.5754122075
0	0.3504364754	0.4480668845	0.2014966401
1	0.2400173400	0.5740550964	0.1859275637
0	0.1243634186	0.8331935328	0.0424430486
1	0.0621877964	0.1911490566	0.7466631470
2	0.1151599490	0.8791049127	0.0057351383
1	0.4523684642	0.3313903209	0.2162412149
0	0.0100678532	0.0000001396	0.9899320072
0	0.0000714067	0.0121664364	0.9877621569
1	0.1629991799	0.8368997226	0.0001010975
0	0.0000000391	0.0450853615	0.9549145994
0	0.7080813553	0.2284660514	0.0634525932
1	0.0000000000	0.9994717427	0.0005282573
0	0.9177035516	0.0000048315	0.0822916170
1	0.4242337913	0.5699329502	0.0058332584
0	0.5536320585	0.3825603325	0.0638076090
0	0.1750157851	0.4283338051	0.3966504098
1	0.0127606545	0.9794718392	0.0077675064
1	0.0001480797	0.9958163867	0.0040355336
1	0.2639307801	0.3092110497	0.4268581703
0	0.4037355918	0.0927236978	0.5035407103
0	0.1467275915	0.0264464538	0.8268259547
1	0.0201524812	0.0180494113	0.9617981075
0	0.5234039404	0.0010760363	0.4755200233
0	0.0104555737	0.7097572915	0.2797871348
1	0.1157864866	0.7546275559	0.1295859575
0	0.0491943817	0.0269958037	0.9238098146
0	0.7162221442	0.0255449740	0.2582328818
0	0.0231376935	0.9549837284	0.0218785781
1	0.2018914850	0.2171529834	0.5809555316
0	0.8618795591	0.0997823977	0.0383380432
0	0.3278636580	0.3401322876	0.3320040545
1	0.6104660087	0.3860111305	0.0035228608
0	0.1253734689	0.0049511276	0.8696754036
1	0.0000000055	0.8435419642	0.1564580304
0	0.5236977248	0.0010106003	0.4752916750
0	0.7362700597	0.0047927190	0.2589372213
2	0.0005054317	0.9347665344	0.0647280338
0	0.0075321396	0.0000004011	0.9924674593
0	0.0030484859	0.9958740873	0.0010774269
0	0.2991793315	0.2353577718	0.4654628967
0	0.2608095747	0.3236701937	0.4155202316
2	0.0000148025	0.8997938646	0.1001913329
0	0.1647906171	0.7538106376	0.0813987453
0	0.2209301780	0.1252730632	0.6537967588
0	0.9748405296	0.0156819884	0.0094774820
0	0.6450677468	0.3439710294	0.0109612238
0	0.6975494829	0.2261043467	0.0763461704
0	0.1118038924	0.8846313544	0.0035647531
0	0.3121643545	0.6862704492	0.0015651962
1	0.0000403399	0.9998812080	0.0000784521
0	0.1460675280	0.8520597214	0.0018727506
0	0.4198319369	0.5801627191	0.0000053439
0	0.9188874324	0.0023437792	0.0787687884
1	0.8439772905	0.1452773753	0.0107453342
0	0.3960478485	0.5738733333	0.0300788183
0	0.0000947525	0.9345343024	0.0653709452
2	0.0069061351	0.7927762025	0.2003176624
0	0.4816907549	0.0658837825	0.4524254626
0	0.0533196398	0.0060943078	0.9405860524
1	0.2944670840	0.6376788186	0.0678540973
0	0.1132513832	0.0204489502	0.8662996666
0	0.4563304522	0.1562532560	0.3874162918
0	0.3317306886	0.6669523346	0.0013169768
1	0.0154014957	0.9845607885	0.0000377158
0	0.0651634355	0.9348365645	0.0000000000
1	0.1788748287	0.0099980875	0.8111270839
0	0.7187246512	0.0010385627	0.2802367861
1	0.1335262496	0.8496408397	0.0168329108
0	0.0312394080	0.7471873664	0.2215732256
0	0.6890905109	0.0022248187	0.3086846704
1	0.0000049142	0.9381759843	0.0618191016
1	0.0162267048	0.1947923611	0.7889809342
0	0.1213405357	0.8782754737	0.0003839906
0	0.0321195677	0.0517273023	0.9161531300
0	0.9799592372	0.0200403894	0.0000003735
0	0.9902105621	0.0038436520	0.0059457858
1	0.1936917095	0.0000000000	0.8063082905
0	0.0262024058	0.9053451481	0.0684524460
0	0.3115815774	0.3437147092	0.3447037133
0	0.1946640108	0.8013964929	0.0039394963
0	0.1160104697	0.8158622565	0.0681272739
2	0.0000001053	0.9931594782	0.0068404166
0	0.0006253988	0.4582416144	0.5411329868
1	0.3737038180	0.1180263414	0.5082698406
1	0.0148642727	0.2011803426	0.7839553847
1	0.0000000000	0.0969171589	0.9030828411
0	0.0412295441	0.0069014298	0.9518690261
0	0.2562663786	0.0035720475	0.7401615738
0	0.0586773944	0.6372932429	0.3040293627
0	0.3738619012	0.0523801093	0.5737579895
1	0.4909190566	0.2498222952	0.2592586481
1	0.0000000014	0.9999903205	0.0000096781
0	0.9611604009	0.0343018632	0.0045377359
1	0.2694694609	0.7032339912	0.0272965478
0	0.0004666352	0.7399925209	0.2595408439
0	0.2320369570	0.1071042343	0.6608588087
0	0.0347303982	0.8908363029	0.0744332989
0	0.0237495302	0.5626906747	0.4135597951
0	0.0011074445	0.2320474698	0.7668450858
1	0.0115619280	0.9279708315	0.0604672405
0	0.3355239440	0.5688334308	0.0956426251
0	0.0000186440	0.8491679705	0.1508133854
1	0.4044386502	0.5266400475	0.0689213023
2	0.0000033457	0.9999505061	0.0000461483
0	0.2938488290	0.6980778831	0.0080732878
1	0.0093704491	0.4041158490	0.5865137019
1	0.0084096579	0.9915897333	0.0000006087
1	0.0519908182	0.9329279400	0.0150812418
1	0.1914036583	0.0054936113	0.8031027304
0	0.0160771481	0.0628868936	0.9210359584
0	0.5424176697	0.4554078435	0.0021744868
0	0.4866628877	0.0000036253	0.5133334870
1	0.5538679085	0.3986003678	0.0475317237
0	0.0541451696	0.2844831267	0.6613717037
1	0.4671807091	0.5328192909	0.0000000000
0	0.0028603837	0.6165791752	0.3805604411
1	0.0003665274	0.3155638444	0.6840696282
1	0.4367543598	0.5632456397	0.0000000006
2	0.0005237001	0.9903298613	0.0091464387
1	0.3291364847	0.1357889306	0.5350745847
1	0.0107132409	0.9891551044	0.0001316547
1	0.3322375674	0.6406758904	0.0270865422
1	0.0010604586	0.9546503356	0.0442892058
0	0.4170332172	0.0582252295	0.5247415533
0	0.0424506564	0.9092607224	0.0482886212
1	0.5081044234	0.0649285370	0.4269670396
0	0.2777800198	0.6144975290	0.1077224512
1	0.0061469011	0.8990451908	0.0948079082
1	0.1204098706	0.8794084208	0.0001817086
0	0.1704820977	0.0000643949	0.8294535074
1	0.0853054178	0.7330367828	0.1816577994
0	0.0001058047	0.5606785262	0.4392156690
1	0.6285308115	0.0032313813	0.3682378073
0	0.9877407281	0.0000087033	0.0122505686
0	0.0000000000	0.4907441706	0.5092558294
0	0.6479633447	0.0000002630	0.3520363924
1	0.1080239780	0.8775989233	0.0143770988
0	0.0075342833	0.1801787603	0.8122869564
2	0.3762024910	0.0590030362	0.5647944728
0	0.0929529817	0.0054698017	0.9015772166
0	0.0087874011	0.3192173066	0.6719952924
0	0.5064824806	0.1494759461	0.3440415732
0	0.1800133356	0.0000080417	0.8199786227
0	0.0780580525	0.0000002275	0.9219417200
0	0.5698373588	0.1078131767	0.3223494645
0	0.0000000000	0.1983661881	0.8016338119
0	0.0000000020	0.1872351215	0.8127648765
0	0.0099389543	0.0764252574	0.9136357883
0	0.0000291477	0.6627139443	0.3372569080
0	0.0013190904	0.0338559332	0.9648249765
0	0.6473314173	0.2140952652	0.1385733175
1	0.2784285383	0.5698994241	0.1516720376
0	0.1853066332	0.5825268753	0.2321664915
1	0.0121939888	0.8934226102	0.0943834010
2	0.1534155111	0.3267232692	0.5198612197
0	0.0299376787	0.9301474902	0.0399148311
0	0.1635099940	0.8363306193	0.0001593867
1	0.7501153975	0.2498845416	0.0000000609
0	0.8766494637	0.1227636798	0.0005868565
0	0.2975738279	0.1164353915	0.5859907806
0	0.0094733815	0.9877840677	0.0027425507
1	0.1350470808	0.0077488579	0.8572040612
0	0.6048142493	0.0297027672	0.3654829835
0	0.0787366122	0.7111892422	0.2100741457
0	0.0110997038	0.0030845118	0.9858157844
0	0.2577354924	0.0697761707	0.6724883369
1	0.9533868688	0.0466130399	0.0000000912
1	0.0000000653	0.9999999347	0.0000000000
1	0.6795577500	0.3202409543	0.0002012957
0	0.2585431852	0.4073774216	0.3340793932
1	0.0852287024	0.9132669196	0.0015043780
1	0.0060622778	0.9625586488	0.0313790734
1	0.0260905392	0.9676823687	0.0062270921
0	0.2544371993	0.5887276217	0.1568351791
0	0.0000000048	0.0824880331	0.9175119621
1	0.0093069844	0.9709261370	0.0197668786
0	0.8285187590	0.1714346692	0.0000465718
1	0.0045699863	0.9935358228	0.0018941909
0	0.5304433105	0.0002108753	0.4693458142
0	0.1241866443	0.6292581870	0.2465551688
1	0.6989383284	0.0032275156	0.2978341560
0	0.0616675578	0.2225403968	0.7157920454
0	0.0008406435	0.5951282025	0.4040311540
1	0.3663397356	0.5892081982	0.0444520661
0	0.2128067831	0.2109992768	0.5761939401
0	0.1813469327	0.6865104472	0.1321426201
0	0.0067074969	0.4226797168	0.5706127863
0	0.4805104922	0.4993858040	0.0201037039
0	0.1423002404	0.8320032110	0.0256965485
0	0.1100336296	0.0500404640	0.8399259065
0	0.0000000339	0.2862011764	0.7137987898
1	0.0006023359	0.4580617371	0.5413359270
0	0.0039359444	0.1350980218	0.8609660338
1	0.0000304833	0.9463691341	0.0536003826
1	0.0282003111	0.0000000451	0.9717996439
0	0.0012148960	0.2097002577	0.7890848463
1	0.0580013021	0.7645028110	0.1774958869
0	0.3342834192	0.4549317063	0.2107848745
0	0.8052595837	0.1022207130	0.0925197032
0	0.7983075247	0.0008699873	0.2008224880
1	0.0065223462	0.9711843086	0.0222933453
1	0.0003874005	0.9993263066	0.0002862929
2	0.0003481517	0.9740339847	0.0256178636
0	0.3363159364	0.0332478635	0.6304362001
0	0.7510587586	0.0005089604	0.2484322810
0	0.2563371631	0.7246814978	0.0189813391
0	0.0146734854	0.8541816945	0.1311448201
0	0.6479792375	0.0264899350	0.3255308275
0	0.1338517570	0.5283304707	0.3378177723
1	0.0003278684	0.9754704140	0.0242017176
1	0.6092172118	0.3907820730	0.0000007152
0	0.3960261854	0.0132519280	0.5907218867
1	0.6134826223	0.3865173777	0.0000000000
0	0.2444700563	0.7011610196	0.0543689240
0	0.0490910109	0.3024123856	0.6484966035
0	0.8015000272	0.0041063139	0.1943936589
1	0.7634541156	0.0588183161	0.1777275684
