0	0.1739869694	0.1920508057	0.5601482202	0.0000022451	0.0738117597
0	0.1159976430	0.3710162166	0.0166594540	0.3550235684	0.1413031179
0	0.1177144083	0.3428072546	0.0008827015	0.4844541698	0.0541414657
0	0.0554327711	0.3210674207	0.1027699078	0.0000000000	0.5207299004
0	0.3361053873	0.0548480211	0.5025688925	0.0920874840	0.0143902151
2	0.1100002447	0.0097664735	0.4513475664	0.1000153527	0.3288703628
0	0.2968887557	0.0003043913	0.0460153535	0.6564613854	0.0003301140
0	0.2115544712	0.0837489984	0.0553554281	0.0000093165	0.6493317858
1	0.0011288672	0.0000000000	0.0003255211	0.1370474184	0.8614981933
0	0.0000054484	0.0566416039	0.0055688036	0.2114139518	0.7263701923
