0	0.0413419344	0.0753313197	0.3204960733	0.2277775733	0.3350530993
0	0.0142405078	0.3836053613	0.0846361629	0.4691085892	0.0484093788
0	0.1193990083	0.1331241689	0.2087599699	0.1701726761	0.3685441769
0	0.0019168814	0.0112434405	0.0814129666	0.3241811824	0.5812455292
1	0.3341359104	0.1795081988	0.4861514368	0.0002037232	0.0000007308
0	0.2409729126	0.0371389160	0.1459995953	0.5155504063	0.0603381698
2	0.0381721217	0.6582390188	0.0000000003	0.0360209915	0.2675678677
0	0.0360563187	0.1734461615	0.3697223289	0.3517391749	0.0690360160
0	0.0001945923	0.8179161217	0.1066998760	0.0000000284	0.0751893816
0	0.4944246118	0.4433548841	0.0006008170	0.0000321069	0.0615875801
