0	0.1656064418	0.4389084631	0.0340286499	0.2855540227	0.0759024225
0	0.0183569556	0.0000524961	0.9815438798	0.0000007390	0.0000459295
0	0.0000000007	0.0083720642	0.0002781361	0.5781554701	0.4131943290
0	0.0474659909	0.0007421324	0.1963034697	0.7305056456	0.0249827614
0	0.2292678728	0.1699434087	0.2522753645	0.1899549323	0.1585584217
0	0.0907531036	0.2328923297	0.6428123346	0.0096761112	0.0238661209
0	0.6693391525	0.0729980907	0.2571164161	0.0005463406	0.0000000000
0	0.8294258297	0.1197594327	0.0083918356	0.0397427909	0.0026801112
1	0.0799506043	0.0307815110	0.8878913960	0.0000719580	0.0013045307
2	0.2234758077	0.0175403369	0.0737018354	0.0367526551	0.6485293650
