0	0.3241919906	0.0673971241	0.4031810837	0.0064913779	0.1987384238
0	0.0008586325	0.5336786510	0.3630739097	0.0206204168	0.0817683900
2	0.0000000000	0.3274924032	0.0434742651	0.6290263199	0.0000070118
0	0.0000000000	0.2985811546	0.0696012032	0.0403129707	0.5915046715
1	0.0016412661	0.9628002675	0.0323089881	0.0000379768	0.0032115015
0	0.6672020535	0.0592130496	0.0000000060	0.1305595204	0.1430253704
0	0.3068368326	0.2410603273	0.0412265348	0.0010330615	0.4098432437
0	0.2248784757	0.0099138277	0.7370027131	0.0192686649	0.0089363186
0	0.6354115606	0.1545984858	0.0004739268	0.0000000000	0.2095160267
0	0.0048925601	0.0005740637	0.0143254223	0.8528100726	0.1273978813
