0	0.1445178667	0.0059263785	0.0124226033	0.0769513086	0.7601818430
2	0.2122033161	0.2983526439	0.0847083007	0.3999961296	0.0047396097
1	0.0082201523	0.0527415809	0.0000746720	0.0000000527	0.9389635421
1	0.5052255938	0.3875569323	0.0124008679	0.0031759884	0.0916406176
0	0.3584671267	0.0625305937	0.0373891641	0.5416131046	0.0000000109
0	0.0256561801	0.6462604361	0.0000306638	0.3107681022	0.0172846178
0	0.7090913599	0.0994135746	0.1352699275	0.0002487103	0.0559764278
1	0.0061942677	0.0047312473	0.5455116974	0.0417852615	0.4017775261
0	0.0156466012	0.5651308957	0.0012537581	0.1335829375	0.2843858076
1	0.0273490231	0.1237505667	0.0000005134	0.8488998953	0.0000000013
