0	0.0142899863	0.0000237063	0.4765845323	0.0148205962	0.4942811790
0	0.5715803781	0.0039038076	0.0262658388	0.3980377591	0.0002122164
0	0.9080871242	0.0121339974	0.0000000105	0.0100722732	0.0697065947
2	0.0478593175	0.0660443727	0.0008896610	0.5360452454	0.3491614034
0	0.0224207872	0.1128197488	0.0000049699	0.7440704423	0.1206840518
0	0.0012368385	0.0106446409	0.1528469166	0.4733842569	0.3618873472
0	0.0000000035	0.5501672627	0.1163738453	0.0234470553	0.3100118333
0	0.1516817596	0.0049622043	0.4673973222	0.1546093885	0.2213493254
0	0.2537260457	0.0311044548	0.5071540627	0.0501795250	0.1578359118
1	0.0493931754	0.8182839939	0.1191898192	0.0131330116	0.0000000000
