0	0.0003850751	0.0165839606	0.9830241914	0.0000067651	0.0000000078
0	0.2524587253	0.0003946335	0.2766272258	0.0828465969	0.3876728185
2	0.7652316688	0.0000072575	0.0782004348	0.0165795445	0.1399810944
2	0.4614453610	0.3089155198	0.0928795538	0.0574436162	0.0793159492
1	0.0000837236	0.0000000000	0.4031523692	0.3037671688	0.2929967384
0	0.0387842629	0.6631511791	0.0293665077	0.0679826419	0.2007154085
0	0.1669389423	0.1372539096	0.6501043248	0.0400724603	0.0056303630
1	0.2751969314	0.0007878603	0.0284965936	0.6955103628	0.0000082518
0	0.1300579665	0.0000000000	0.1574574026	0.1118498019	0.6006348291
0	0.2498491364	0.1700552602	0.5599666527	0.0195124144	0.0006165364
