0	0.0000000002	0.0004357581	0.6084821438	0.0405189377	0.3505631602
0	0.0972863944	0.0462851165	0.0502802292	0.0059123751	0.8002358848
0	0.0000031992	0.1823381324	0.5650984092	0.1577317420	0.0948285172
0	0.2158188040	0.3339733634	0.0000005467	0.1621872703	0.2880200156
0	0.4580827555	0.0327869895	0.1783696812	0.0032125317	0.3275480421
1	0.0000000000	0.0000000000	0.0540848385	0.9296076011	0.0163075604
0	0.4858377789	0.0180437326	0.4878653370	0.0000022702	0.0082508813
0	0.0087056204	0.5156929869	0.0208847011	0.2104912599	0.2442254317
2	0.0000747699	0.1708841163	0.5702371831	0.0691565158	0.1896474149
0	0.2956566445	0.2273804115	0.0000622414	0.4738777750	0.0030229277
