1	0.7891236609	0.0333945516	0.1774817874
1	0.1935077307	0.0881460049	0.7183462644
0	0.2800101581	0.5763674509	0.1436223911
1	0.0092177974	0.5598415794	0.4309406231
0	0.2196906124	0.7445171824	0.0357922052
0	0.3649243588	0.6350751056	0.0000005357
0	0.9556762486	0.0433381396	0.0009856119
0	0.4453092288	0.5543630083	0.0003277629
1	0.2893534826	0.1999197672	0.5107267502
1	0.4806045458	0.4193031414	0.1000923129
0	0.1456084239	0.8392045162	0.0151870599
0	0.0575570492	0.0000609185	0.9423820323
0	0.3147460939	0.5540996552	0.1311542509
0	0.0382693529	0.0117488708	0.9499817763
1	0.4792973767	0.0242910696	0.4964115536
0	0.7377006803	0.0756468532	0.1866524666
0	0.0000066248	0.1532737424	0.8467196328
0	0.0000000000	0.0000174150	0.9999825850
0	0.0005603369	0.0012455684	0.9981940947
0	0.2252259461	0.2151747989	0.5595992551
1	0.2461819719	0.5190328017	0.2347852264
1	0.3265269455	0.1273073008	0.5461657537
0	0.0000000912	0.9017206411	0.0982792676
2	0.2456922639	0.1204464904	0.6338612457
1	0.1262524381	0.8734497576	0.0002978043
1	0.2941606324	0.7058393676	0.0000000000
0	0.0001266148	0.0000409844	0.9998324008
0	0.2565211506	0.7434788098	0.0000000396
0	0.0959976573	0.0273773793	0.8766249634
0	0.9112804844	0.0649069912	0.0238125243
1	0.5227661052	0.4560740594	0.0211598354
1	0.1138497486	0.8646392904	0.0215109610
0	0.6436398347	0.2043088701	0.1520512952
0	0.0170842048	0.5600088384	0.4229069568
0	0.2703628162	0.2319938685	0.4976433153
0	0.3080331895	0.0312022891	0.6607645214
1	0.1775698934	0.5242800383	0.2981500683
0	0.1676850392	0.4865032962	0.3458116646
0	0.0123795406	0.9299736219	0.0576468376
1	0.0016021731	0.0913268284	0.9070709985
0	0.0000000198	0.3981915993	0.6018083809
2	0.4160028674	0.1796931377	0.4043039949
0	0.9612681346	0.0237168380	0.0150150274
1	0.0061250056	0.2647969914	0.7290780031
0	0.2312620345	0.0604386189	0.7082993466
0	0.8575909862	0.0122630122	0.1301460016
0	0.6312238125	0.3685163283	0.0002598592
1	0.8430139262	0.1415808403	0.0154052335
1	0.3591489481	0.4270788357	0.2137722161
0	0.5912487386	0.4076355084	0.0011157530
2	0.0247140961	0.8277059907	0.1475799132
0	0.0359057544	0.0002638072	0.9638304384
1	0.6874062837	0.0697294393	0.2428642770
0	0.0582001471	0.7720643256	0.1697355273
0	0.0090428174	0.9860742807	0.0048829020
1	0.7495997566	0.1944156724	0.0559845710
1	0.5391649919	0.4603589494	0.0004760587
0	0.1639103521	0.1861462990	0.6499433490
1	0.3519020710	0.1612919372	0.4868059918
0	0.5519732689	0.0017339459	0.4462927853
1	0.4972952098	0.2891520315	0.2135527586
1	0.9979019472	0.0020972185	0.0000008342
1	0.0009180094	0.1237975571	0.8752844335
0	0.0302241908	0.9647341016	0.0050417076
0	0.6413982266	0.3480655682	0.0105362052
1	0.1440445545	0.8555796639	0.0003757816
0	0.0294117239	0.2004012471	0.7701870290
1	0.0660778848	0.0245620375	0.9093600777
0	0.9976200500	0.0023799499	0.0000000001
1	0.5712255816	0.3012341289	0.1275402894
0	0.3315808198	0.0180358697	0.6503833105
0	0.0000060748	0.0021295864	0.9978643388
0	0.0054294358	0.7660239025	0.2285466617
0	0.3636988988	0.3979984720	0.2383026292
0	0.0000000000	0.1009542115	0.8990457885
0	0.6365265350	0.3634734640	0.0000000011
1	0.0000000000	0.4486123676	0.5513876324
1	0.0000000000	0.3496147497	0.6503852503
1	0.5961610302	0.2221396548	0.1816993150
1	0.0828018868	0.0055778855	0.9116202277
0	0.6398741917	0.3601258083	0.0000000000
0	0.1301751299	0.2919062396	0.5779186305
1	0.2338680663	0.7643263376	0.0018055962
0	0.0006546601	0.0990080049	0.9003373350
0	0.8506113527	0.1476576782	0.0017309691
0	0.0052434106	0.9446107441	0.0501458452
1	0.0093655498	0.6439707268	0.3466637234
0	0.0036551552	0.0998115818	0.8965332631
0	0.0379826025	0.8822531474	0.0797642501
1	0.0031343191	0.6734249118	0.3234407691
0	0.0624036604	0.3101528541	0.6274434855
0	0.6381878588	0.1550296005	0.2067825407
0	0.2597359408	0.0424448999	0.6978191592
0	0.0638362201	0.0250425098	0.9111212700
0	0.1946215175	0.7726939166	0.0326845659
0	0.2163945762	0.2155626335	0.5680427903
0	0.0588486692	0.6718095910	0.2693417398
0	0.0020936751	0.9979054318	0.0000008932
0	0.6006040200	0.1151867101	0.2842092699
1	0.0600059371	0.1657550746	0.7742389883
