0	0.2143340768	0.1479001448	0.6377657784
0	0.9999999805	0.0000000000	0.0000000195
0	0.0000016779	0.9959181301	0.0040801920
0	0.0102036765	0.0520098268	0.9377864967
0	0.1410303754	0.8587932867	0.0001763379
0	0.7056192237	0.0016639363	0.2927168400
1	0.9999913276	0.0000001311	0.0000085413
0	0.0021126318	0.5155409461	0.4823464220
0	0.0082223375	0.9885232769	0.0032543857
1	0.2100504592	0.7862397419	0.0037097989
0	0.0000000000	0.1770026622	0.8229973378
0	0.0085650681	0.0565669034	0.9348680285
1	0.0225797148	0.9774072907	0.0000129944
0	0.0075147797	0.6629033870	0.3295818333
0	0.0019331152	0.9923180700	0.0057488148
1	0.1923187675	0.7629363213	0.0447449111
2	0.0000000025	0.9953248608	0.0046751367
1	0.3424791886	0.0819931026	0.5755277088
1	0.5010835442	0.1531445206	0.3457719352
0	0.0276540469	0.9694539943	0.0028919588
2	0.1067711785	0.8858734421	0.0073553794
0	0.0469691916	0.9529008853	0.0001299231
0	0.0000730213	0.9995450156	0.0003819631
0	0.2538387682	0.6687347438	0.0774264880
0	0.0053079806	0.9794533794	0.0152386401
0	0.9801903668	0.0198094417	0.0000001916
0	0.0000101575	0.9839433916	0.0160464509
1	0.0044489901	0.9955510099	0.0000000000
0	0.0006312714	0.9930071660	0.0063615626
0	0.1939496620	0.7803040781	0.0257462599
0	0.0000000466	0.9563978535	0.0436020999
0	0.8470102659	0.0654425912	0.0875471429
1	0.6654087598	0.3173333532	0.0172578870
1	0.9336430778	0.0661124899	0.0002444323
0	0.0561214246	0.7701684085	0.1737101669
1	0.0000000000	0.9953422858	0.0046577142
1	0.0000006130	0.9999304044	0.0000689825
0	0.0023050630	0.9879296411	0.0097652959
0	0.0630229098	0.9363474519	0.0006296383
0	0.8548040945	0.0177956187	0.1274002868
1	0.1451442532	0.3300274263	0.5248283205
0	0.2744071442	0.4623102791	0.2632825767
1	0.5429069123	0.3965964712	0.0604966165
0	0.0563174154	0.6288286022	0.3148539824
1	0.0081846114	0.1023578809	0.8894575076
0	0.0060232043	0.7091910317	0.2847857640
2	0.0000188122	0.3337060412	0.6662751466
0	0.1182478220	0.8813948542	0.0003573239
0	0.2557706607	0.0328707698	0.7113585694
0	0.8045007258	0.1829837255	0.0125155487
1	0.9999999946	0.0000000000	0.0000000054
0	0.4017726680	0.3379113766	0.2603159554
0	0.0330220525	0.9666442486	0.0003336989
1	0.1916370891	0.5070239192	0.3013389917
0	0.0279757120	0.9720242880	0.0000000000
1	0.9142756077	0.0528092216	0.0329151707
0	0.0537615557	0.8622141034	0.0840243409
1	0.3951570931	0.0152297765	0.5896131304
1	0.6673406674	0.0122033319	0.3204560008
0	0.6396477631	0.0001199222	0.3602323147
0	0.0430980493	0.9569019507	0.0000000000
1	0.0690796741	0.8913676091	0.0395527168
2	0.0005939925	0.8907813560	0.1086246515
0	0.2492735189	0.5874538482	0.1632726328
0	0.7281688847	0.2244221419	0.0474089733
0	0.0000033658	0.9999953920	0.0000012422
0	0.0002004343	0.6743553497	0.3254442160
0	0.0143015881	0.9856981637	0.0000002481
0	0.0001285865	0.0004054683	0.9994659453
0	0.5521201488	0.1621904914	0.2856893597
1	0.0309357777	0.0051543914	0.9639098310
0	0.0751131777	0.3910268982	0.5338599240
0	0.1108602840	0.8156028533	0.0735368627
1	0.1873622224	0.7463011766	0.0663366010
1	0.7051922706	0.2943240792	0.0004836502
0	0.8246575062	0.1726928579	0.0026496358
1	0.0518221425	0.8659555028	0.0822223546
1	0.0000003237	0.7799005833	0.2200990930
0	0.8704115136	0.1295884864	0.0000000000
2	0.0026917053	0.4645203612	0.5327879336
0	0.0027221137	0.6033959134	0.3938819730
1	0.0019915191	0.6874858979	0.3105225830
1	0.1272295683	0.2675958793	0.6051745524
0	0.0536644922	0.7995772128	0.1467582950
1	0.0422521930	0.4305867230	0.5271610840
0	0.3790639958	0.6209360042	0.0000000000
0	0.6745339675	0.3214118326	0.0040541999
0	0.0030973663	0.9967991466	0.0001034871
0	0.0297507483	0.7402223886	0.2300268631
1	0.3775458663	0.5668174468	0.0556366869
0	0.0000000000	0.1943101424	0.8056898576
1	0.0701112184	0.9260367929	0.0038519887
0	0.3398360086	0.6601639881	0.0000000033
2	0.0058968107	0.9940934307	0.0000097585
1	0.0211099362	0.0000000000	0.9788900638
0	0.2770558124	0.6603699866	0.0625742010
1	0.0620683997	0.9342478381	0.0036837622
0	0.1022550554	0.8977325979	0.0000123468
1	0.0867395100	0.9132604900	0.0000000000
1	0.0132042471	0.2146944379	0.7721013151
