1	0.3364192657	0.6628883959	0.0006923384
1	0.0000002360	0.0143829087	0.9856168553
1	0.1749734174	0.7963164297	0.0287101529
1	0.4636593184	0.5363406816	0.0000000000
0	0.0000000000	0.8758590229	0.1241409771
1	0.0300364439	0.7745849548	0.1953786012
2	0.0000001711	0.9999998289	0.0000000000
0	0.0193181073	0.9332173631	0.0474645297
0	0.0077298187	0.9921629418	0.0001072394
0	0.8674765275	0.1324941064	0.0000293661
0	0.3685619626	0.2105656060	0.4208724314
0	0.0565195089	0.9359347922	0.0075456989
0	0.1391309578	0.7021394297	0.1587296125
1	0.0242058349	0.8713487582	0.1044454068
0	0.0019318765	0.9932576863	0.0048104372
1	0.0000000320	0.9815343703	0.0184655977
0	0.5509975968	0.3481549570	0.1008474462
2	0.2273982468	0.7696729340	0.0029288192
0	0.7582132410	0.0000012105	0.2417855485
1	0.0980323570	0.4528043925	0.4491632505
0	0.0000000000	0.9367233198	0.0632766802
0	0.0019505445	0.9897787350	0.0082707205
1	0.9449011575	0.0438943469	0.0112044956
0	0.0917191159	0.6560017166	0.2522791675
0	0.0000008568	0.9955241047	0.0044750386
0	0.2128788490	0.7871211510	0.0000000000
0	0.3985088513	0.6013300335	0.0001611153
0	0.4346359444	0.4754401576	0.0899238979
1	0.8020537304	0.1971823621	0.0007639075
0	0.1314036947	0.4217622967	0.4468340085
0	0.4137444263	0.4932921567	0.0929634170
0	0.0144254298	0.9855745702	0.0000000000
1	0.5860900166	0.1905973511	0.2233126323
1	0.2766225711	0.1594057179	0.5639717110
1	0.0000211395	0.8030479066	0.1969309538
0	0.0205982562	0.8631825039	0.1162192399
0	0.0000002665	0.8950890687	0.1049106648
1	0.1414381275	0.4188384234	0.4397234491
0	0.4871647009	0.1503861391	0.3624491599
0	0.2954452989	0.1833751942	0.5211795069
0	0.0000000142	0.5830577548	0.4169422310
0	0.0000205925	0.8878272142	0.1121521933
1	0.0437549613	0.7373519017	0.2188931369
0	0.0171007045	0.9341524925	0.0487468029
0	0.0000769730	0.9997765240	0.0001465030
0	0.0219138657	0.0021129675	0.9759731669
1	0.4634743431	0.4157762709	0.1207493860
1	0.0835497572	0.9162715540	0.0001786888
0	0.0000000005	0.9920811675	0.0079188320
0	0.9229822659	0.0761304449	0.0008872892
1	0.0004481046	0.7786398380	0.2209120574
0	0.0460794141	0.9509910804	0.0029295055
1	0.0000000001	0.4071948066	0.5928051933
1	0.0000000000	0.0000018612	0.9999981388
1	0.7008299320	0.2942397563	0.0049303117
0	0.2517254672	0.3734232000	0.3748513328
0	0.5965521407	0.2330143474	0.1704335119
1	0.0300225898	0.3146514485	0.6553259617
0	0.0070125714	0.8803474987	0.1126399299
0	0.6762306368	0.3237589379	0.0000104253
0	0.0000000119	0.8641404155	0.1358595726
0	0.0031159033	0.3812744607	0.6156096360
0	0.0079671423	0.5430060649	0.4490267928
0	0.5840343451	0.0051742720	0.4107913829
0	0.0000005737	0.9999994263	0.0000000000
1	0.0017814209	0.9460606880	0.0521578912
1	0.0251670314	0.9672506797	0.0075822889
0	0.0092205115	0.6288271265	0.3619523620
1	0.0000000000	0.9998960760	0.0001039240
2	0.0001890121	0.0382921893	0.9615187987
1	0.0751077636	0.0001021383	0.9247900980
0	0.0000000000	0.9400327538	0.0599672462
1	0.0000103095	0.6336756988	0.3663139917
1	0.0055076303	0.7430037017	0.2514886679
1	0.4652084048	0.5347915952	0.0000000000
0	0.2056387591	0.4389989130	0.3553623279
0	0.0380100384	0.5093166778	0.4526732838
0	0.0725620164	0.9249318453	0.0025061384
0	0.0000000000	0.1257325379	0.8742674620
1	0.1022754080	0.0001238279	0.8976007640
1	0.8290453886	0.1099808102	0.0609738012
1	0.6955459886	0.2556652702	0.0487887413
0	0.0696901966	0.5949492203	0.3353605831
0	0.0515798575	0.0004422234	0.9479779191
0	0.5010984235	0.3459709157	0.1529306608
0	0.4846025826	0.4693635316	0.0460338858
1	0.6124628411	0.3864874048	0.0010497541
0	0.5799731641	0.0363672138	0.3836596220
0	0.0068667092	0.9573622872	0.0357710036
0	0.0006337200	0.9254609109	0.0739053691
0	0.0032705832	0.5051325282	0.4915968887
1	0.1998769114	0.4874434179	0.3126796707
1	0.0413911550	0.8244380448	0.1341708002
1	0.0000000000	0.0003169346	0.9996830654
1	0.0000119113	0.9998302994	0.0001577894
0	0.9460479210	0.0539520790	0.0000000000
0	0.4937702937	0.0000022724	0.5062274339
0	0.0000587400	0.9951012848	0.0048399752
0	0.1545890113	0.8309551649	0.0144558238
0	0.0000009428	0.9998488283	0.0001502289
