0	0.7161583726	0.2826874853	0.0011541421
0	0.8504372394	0.0857573459	0.0638054146
2	0.0872224074	0.0001496860	0.9126279066
0	0.0000069709	0.9975111089	0.0024819202
1	0.9920634083	0.0063690820	0.0015675096
0	0.4363710585	0.0821821313	0.4814468102
0	0.8315668886	0.0000000001	0.1684331113
0	0.0002441448	0.9382726259	0.0614832293
2	0.9586153539	0.0240955590	0.0172890871
1	0.0126370482	0.8045243356	0.1828386163
0	0.9840114023	0.0118432293	0.0041453685
1	0.0208020649	0.2654544728	0.7137434623
1	0.0000933400	0.3964395003	0.6034671597
1	0.0538987007	0.4785380791	0.4675632203
0	0.0046893501	0.7675933376	0.2277173124
0	0.9644944484	0.0250105294	0.0104950223
0	0.0202419539	0.1522114227	0.8275466234
2	0.3062920466	0.6937079534	0.0000000000
0	0.0406859422	0.8127118841	0.1466021737
1	0.0000007909	0.5553541719	0.4446450372
0	0.2184242895	0.0001059177	0.7814697928
1	0.8209763669	0.1751528945	0.0038707386
0	0.6304122159	0.1921052612	0.1774825228
0	0.5069054919	0.0046223770	0.4884721312
0	0.0827521374	0.7987035429	0.1185443196
0	0.6197626642	0.0506945761	0.3295427597
0	0.6413392530	0.2419298907	0.1167308563
0	0.5450360665	0.4549637923	0.0000001411
0	0.2438088125	0.6605335976	0.0956575900
0	0.2993828069	0.0000000000	0.7006171931
0	0.1038976496	0.0213080269	0.8747943234
0	0.5531041432	0.3980291272	0.0488667296
1	0.0131660087	0.9868335841	0.0000004072
1	0.0002388352	0.0055611705	0.9941999943
1	0.1082317425	0.0057467652	0.8860214923
0	0.1761132345	0.8231650050	0.0007217605
0	0.5314341774	0.1872911043	0.2812747183
0	0.9485743649	0.0513047131	0.0001209220
0	0.7471616109	0.0000000801	0.2528383090
0	0.6239565073	0.1003236220	0.2757198708
0	0.0098469198	0.9885799523	0.0015731279
0	0.3871051661	0.2151470460	0.3977477879
1	0.4248862658	0.5705037387	0.0046099955
1	0.9561315130	0.0000000000	0.0438684870
0	0.1013583296	0.7914818121	0.1071598583
0	0.6115753591	0.3884245205	0.0000001205
0	0.9839186156	0.0129309391	0.0031504453
1	0.0000007030	0.0553067291	0.9446925678
1	0.6476704516	0.0452785300	0.3070510184
0	0.0000206089	0.4228882376	0.5770911535
1	0.9324756945	0.0198709634	0.0476533421
0	0.0154567619	0.9833811677	0.0011620704
0	0.1482044706	0.8342270140	0.0175685153
0	0.0848441544	0.0059794459	0.9091763997
0	0.1419246280	0.5903051927	0.2677701793
2	0.7406471767	0.1940860490	0.0652667743
0	0.0011711070	0.0015243005	0.9973045924
1	0.8990815239	0.1006890176	0.0002294586
0	0.0035554304	0.8004142680	0.1960303016
2	0.0434307704	0.0235660299	0.9330031997
1	0.0016828374	0.8117136979	0.1866034647
1	0.0000000000	0.2906571281	0.7093428719
0	0.1410442088	0.5521896230	0.3067661682
2	0.0143195249	0.9519424874	0.0337379878
0	0.7307828083	0.1643517089	0.1048654828
0	0.2583544324	0.6523034059	0.0893421617
1	0.0000012698	0.4346706441	0.5653280860
1	0.0911707778	0.9084601480	0.0003690742
1	0.4894416953	0.3387847604	0.1717735443
0	0.0032437232	0.6246912790	0.3720649978
1	0.6713198066	0.0575599274	0.2711202660
1	0.1652765822	0.0186958926	0.8160275252
0	0.0190220323	0.6048147357	0.3761632319
0	0.0031491006	0.9588357090	0.0380151904
1	0.0162723832	0.8243820647	0.1593455520
0	0.0579973813	0.2024862465	0.7395163722
1	0.0008112257	0.9990714041	0.0001173702
1	0.7456592734	0.0000058603	0.2543348663
1	0.0291644558	0.2867121240	0.6841234202
0	0.3786687876	0.6138017141	0.0075294983
0	0.0189491687	0.5838785817	0.3971722496
0	0.0327691964	0.5376722955	0.4295585081
0	0.9999604711	0.0000376642	0.0000018647
1	0.2753118328	0.1125095100	0.6121786572
1	0.0166483522	0.0028526620	0.9804989857
0	0.0001388696	0.9791563956	0.0207047348
1	0.9188566851	0.0463003406	0.0348429744
0	0.0280880083	0.7255974584	0.2463145333
0	0.0000014085	0.6535462086	0.3464523829
2	0.6331637618	0.3629945706	0.0038416676
0	0.0630510500	0.0206594528	0.9162894971
1	0.3994924542	0.1529840955	0.4475234503
0	0.0003562244	0.9669671849	0.0326765906
0	0.7829082049	0.0296245383	0.1874672568
1	0.6292094067	0.1562408217	0.2145497716
0	0.2882285535	0.1134173629	0.5983540836
0	0.5290577888	0.0001384163	0.4708037949
0	0.3614248647	0.1208462223	0.5177289130
1	0.7366986470	0.2050294973	0.0582718556
1	0.0000000000	0.5691004227	0.4308995773
