2	0.3924094935	0.6029530308	0.0046374757
1	0.0040402481	0.9850298862	0.0109298657
0	0.9655789040	0.0344210960	0.0000000000
1	0.2155217294	0.4882955929	0.2961826777
1	0.8091235752	0.0973487454	0.0935276795
0	0.0000000000	0.6711835829	0.3288164171
1	0.5183572695	0.4474988303	0.0341439001
1	0.0002019947	0.6470698256	0.3527281796
0	0.0807134851	0.9192865149	0.0000000000
0	0.3288575292	0.6710767706	0.0000657002
2	0.0441859517	0.8180205255	0.1377935229
1	0.9976031726	0.0023965144	0.0000003130
0	0.0000846702	0.9789501000	0.0209652298
1	0.0000000000	0.8348541078	0.1651458922
0	0.0910718286	0.2748852348	0.6340429366
0	0.0352725759	0.9647274241	0.0000000000
0	0.0044613996	0.9955385994	0.0000000010
1	0.1863215776	0.8136779511	0.0000004713
2	0.1604598291	0.1265408193	0.7129993517
0	0.0000001237	0.0000207722	0.9999791041
0	0.6529783606	0.3302426651	0.0167789743
1	0.0604519418	0.2542076150	0.6853404433
0	0.0000000000	0.0000851364	0.9999148636
0	0.1881009951	0.5007008758	0.3111981291
0	0.9991999858	0.0008000109	0.0000000033
0	0.7363735747	0.2292135403	0.0344128850
0	0.0000206673	0.5625375121	0.4374418206
0	0.0010617415	0.9989382585	0.0000000000
1	0.0257144695	0.8975233910	0.0767621395
1	0.8980284236	0.0858405957	0.0161309807
0	0.0000504307	0.0133046556	0.9866449137
1	0.0000161873	0.7817457223	0.2182380904
1	0.0288370453	0.8466296717	0.1245332830
0	0.0000030566	0.8439185536	0.1560783898
1	0.6902920303	0.0009879641	0.3087200056
0	0.1591582966	0.4097978241	0.4310438793
0	0.0110573130	0.9886488056	0.0002938814
0	0.0249255867	0.2319672475	0.7431071659
1	0.7873587578	0.0006881696	0.2119530726
0	0.0000000000	0.5400149723	0.4599850277
1	0.0122552157	0.9877446578	0.0000001265
0	0.1596205467	0.8093644618	0.0310149914
0	0.0007817279	0.9538576696	0.0453606026
0	0.1178222492	0.8821775328	0.0000002181
0	0.0086627049	0.9913372951	0.0000000000
2	0.0001608858	0.9530229042	0.0468162101
1	0.0001840415	0.9946993025	0.0051166560
0	0.2417539643	0.3734175492	0.3848284864
0	0.0001525157	0.9846973276	0.0151501567
0	0.0001404480	0.9621921227	0.0376674293
1	0.0000219910	0.7717259664	0.2282520425
1	0.1567766144	0.8321617930	0.0110615925
0	0.0369815863	0.1492681661	0.8137502476
0	0.9894571925	0.0000000000	0.0105428075
1	0.0046490376	0.9494546950	0.0458962674
0	0.1529002850	0.5327426704	0.3143570447
0	0.0437168398	0.9562702442	0.0000129160
1	0.0000000172	0.4189826774	0.5810173054
2	0.9999999989	0.0000000000	0.0000000011
0	0.0003714614	0.3401989935	0.6594295451
0	0.0002553279	0.0497011397	0.9500435324
1	0.0044506588	0.9948692351	0.0006801060
1	0.0102525695	0.7590462259	0.2307012046
0	0.0594137994	0.9281041621	0.0124820385
0	0.0145961469	0.9853937079	0.0000101453
0	0.0140829175	0.8225250619	0.1633920206
0	0.0476625016	0.0001540515	0.9521834468
0	0.9578550777	0.0003786096	0.0417663128
0	0.0976978683	0.8958054659	0.0064966658
0	0.9931261219	0.0024525922	0.0044212859
2	0.9542463597	0.0000000035	0.0457536368
0	0.1008052502	0.8991947498	0.0000000000
0	0.6167430813	0.3832569187	0.0000000000
0	0.3153923908	0.6846075704	0.0000000388
1	0.0690353115	0.9309646884	0.0000000001
1	0.1712544375	0.0000011263	0.8287444362
0	0.1740814748	0.6790149216	0.1469036037
0	0.3783932076	0.0009386855	0.6206681069
0	0.9703116261	0.0000118425	0.0296765314
1	0.0000000278	0.8891786993	0.1108212729
0	0.9204569596	0.0310593024	0.0484837380
0	0.0000001242	0.9999998758	0.0000000000
0	0.3153908068	0.6846091928	0.0000000004
1	0.8842671929	0.0920605260	0.0236722811
0	0.2179422811	0.0000000054	0.7820577136
1	0.0222250538	0.9537659817	0.0240089645
0	0.0010831224	0.8286701984	0.1702466792
1	0.2052381763	0.4964331106	0.2983287132
1	0.2147175980	0.7839485449	0.0013338571
0	0.0975799038	0.9017993435	0.0006207527
0	0.0805229601	0.0001715086	0.9193055313
0	0.0060280404	0.3142837102	0.6796882495
0	0.1035578257	0.8962983743	0.0001438000
0	0.0152833767	0.9580709474	0.0266456759
1	0.0014033040	0.0238694032	0.9747272928
0	0.2588434842	0.7406273842	0.0005291316
1	0.7719370033	0.0003779513	0.2276850454
0	0.9983475037	0.0000000000	0.0016524963
1	0.9678907334	0.0321092162	0.0000000504
0	0.0034836264	0.9964898887	0.0000264849
