0	0.0008618531	0.0867517419	0.9123864050
0	0.0000000078	0.0002142816	0.9997857106
1	0.2018208449	0.7032755285	0.0949036266
0	0.0185753061	0.7579105428	0.2235141511
1	0.4061314010	0.5916167696	0.0022518294
0	0.0000033604	0.9521664212	0.0478302184
0	0.4158800213	0.4825436310	0.1015763477
1	0.0058274652	0.8485582330	0.1456143018
0	0.0000044775	0.9883830026	0.0116125199
0	0.0000000000	0.6651945453	0.3348054547
1	0.5843983547	0.0117269612	0.4038746842
0	0.7207584576	0.2792415424	0.0000000000
1	0.0016138847	0.9982055873	0.0001805280
0	0.1578952358	0.2095513296	0.6325534346
1	0.6172728484	0.3827271515	0.0000000001
1	0.0000000000	0.9930986444	0.0069013556
1	0.0326039216	0.9275201414	0.0398759370
1	0.9709161874	0.0290838125	0.0000000000
0	0.2187417385	0.1462388912	0.6350193703
1	0.0024504564	0.8647216933	0.1328278502
0	0.4271629588	0.0778729792	0.4949640620
1	0.0271281358	0.9724128432	0.0004590210
0	0.0049352915	0.9950647085	0.0000000000
0	0.9948934401	0.0002655717	0.0048409881
1	0.4491700592	0.1568970737	0.3939328672
1	0.0000411225	0.0011678420	0.9987910355
0	0.0002067957	0.0000000001	0.9997932043
0	0.0000000000	0.9465389253	0.0534610747
0	0.0188263605	0.6407772304	0.3403964090
0	0.0001416667	0.9547237726	0.0451345606
0	0.0007750245	0.9805858041	0.0186391715
1	0.6095196792	0.0138342996	0.3766460212
0	0.3597230814	0.5920489255	0.0482279931
0	0.0000016341	0.0099957692	0.9900025967
0	0.1204623872	0.7243296994	0.1552079134
0	0.0000009674	0.9148746134	0.0851244193
1	0.7295869042	0.2458361697	0.0245769261
0	0.0023095656	0.9965058578	0.0011845766
0	0.1946211189	0.1633256402	0.6420532409
1	0.4516101635	0.5483607728	0.0000290636
0	0.3950628540	0.6047550984	0.0001820476
0	0.0000000000	0.2216739512	0.7783260488
0	0.9527634122	0.0472289375	0.0000076503
2	0.0325082631	0.9557808487	0.0117108882
1	0.1056963750	0.8472011368	0.0471024882
1	0.0026485058	0.9391021936	0.0582493006
1	0.4190931456	0.5799640307	0.0009428237
0	0.0562493013	0.9435874940	0.0001632047
0	0.0063623545	0.9550109317	0.0386267138
1	0.0069532016	0.9588010138	0.0342457845
0	0.2585594612	0.7357485440	0.0056919949
0	0.0001025366	0.9918502339	0.0080472294
1	0.0000833292	0.5139555118	0.4859611590
0	0.2596036626	0.7403963374	0.0000000000
0	0.2191476041	0.3183067194	0.4625456764
0	0.9971970271	0.0013350812	0.0014678917
0	0.9475980927	0.0000247670	0.0523771404
0	0.0000000000	0.8486182160	0.1513817840
0	0.0000000000	0.6921816065	0.3078183935
0	0.2022989386	0.7976928581	0.0000082033
0	0.0632067793	0.9248179862	0.0119752345
1	0.0400874624	0.1588416562	0.8010708814
0	0.2125940321	0.7868662369	0.0005397310
1	0.9374452346	0.0461790451	0.0163757204
0	0.3363723555	0.2548405758	0.4087870686
1	0.2417599046	0.7582400934	0.0000000020
1	0.0050917220	0.9936560600	0.0012522180
0	0.9652773585	0.0112683032	0.0234543382
0	0.0255477830	0.8695967882	0.1048554288
1	0.0000347371	0.9954748205	0.0044904424
0	0.0000280415	0.7409984540	0.2589735045
0	0.0000000000	0.0060219741	0.9939780259
0	0.0001542728	0.9980615971	0.0017841301
0	0.0081892020	0.9849227004	0.0068880976
2	0.8838461633	0.0753550957	0.0407987410
1	0.1807988109	0.1081056265	0.7110955626
0	0.2748359632	0.2051170027	0.5200470341
0	0.9923034854	0.0000000000	0.0076965146
1	0.0152642545	0.9841650468	0.0005706987
0	0.0585728989	0.9269400051	0.0144870960
0	0.7709692871	0.2290307129	0.0000000000
0	0.0087136377	0.9697373134	0.0215490489
0	0.0000003293	0.9607479984	0.0392516723
0	0.0155494276	0.9157391869	0.0687113855
1	0.0000000000	0.3659782003	0.6340217997
1	0.0001126228	0.9998851716	0.0000022056
0	0.0243776303	0.3348398753	0.6407824944
1	0.9472109029	0.0527890971	0.0000000000
0	0.0000000000	0.9998876631	0.0001123369
0	0.0000000000	0.8939681333	0.1060318667
0	0.0879158279	0.8913437450	0.0207404272
0	0.5033371980	0.0123562684	0.4843065336
1	0.0132959332	0.9857568898	0.0009471771
0	0.5286261816	0.4713738177	0.0000000007
0	0.6142037925	0.1456073742	0.2401888333
0	0.0685627036	0.8741947328	0.0572425637
1	0.1088303302	0.0807569407	0.8104127291
0	0.7838343986	0.0162626849	0.1999029165
0	0.9954337735	0.0041923021	0.0003739244
2	0.2729129111	0.5253077908	0.2017792981
