0	0.0001973563	0.4607511294	0.5390515143
1	0.0035924136	0.9962642990	0.0001432874
0	0.0000149185	0.7300684273	0.2699166541
0	0.9319781372	0.0001101078	0.0679117549
0	0.0000000013	0.0000000000	0.9999999987
0	0.0023015755	0.9887004103	0.0089980142
1	0.4762042710	0.0723299065	0.4514658224
0	0.0267318759	0.8151569618	0.1581111623
0	0.0000467319	0.9999530958	0.0000001723
0	0.0708251688	0.6023898792	0.3267849520
0	0.1494092475	0.8505907525	0.0000000000
1	0.0000036346	0.1009564168	0.8990399486
1	0.0326220073	0.8219005387	0.1454774540
0	0.0005592324	0.0085682069	0.9908725607
0	0.0003886598	0.6938168980	0.3057944422
0	0.3047289507	0.3223073092	0.3729637400
0	0.0022073450	0.9183176574	0.0794749976
0	0.4630982864	0.4815313577	0.0553703559
1	0.1765257478	0.0249355640	0.7985386882
0	0.0209740606	0.6923226866	0.2867032528
0	0.5189876434	0.4810123566	0.0000000000
0	0.9988751359	0.0011248641	0.0000000000
1	0.2932238212	0.6949722757	0.0118039030
1	0.3383466163	0.5485430248	0.1131103590
0	0.5343616861	0.0420950782	0.4235432356
0	0.4349095667	0.4964605290	0.0686299043
0	0.7905514281	0.2077286070	0.0017199649
0	0.6155578629	0.3844421371	0.0000000000
0	0.1875892986	0.8024330777	0.0099776237
0	0.9670647024	0.0329352823	0.0000000154
0	0.0000001589	0.7777639468	0.2222358944
1	0.0000000182	0.9880591089	0.0119408730
1	0.0000003426	0.9068633816	0.0931362758
0	0.0000272959	0.0192049382	0.9807677658
1	0.3156982859	0.1116186855	0.5726830287
1	0.0000262595	0.1607810655	0.8391926749
0	0.0069149383	0.9823019284	0.0107831334
0	0.0989883434	0.8909379537	0.0100737029
0	0.2159696071	0.7763884457	0.0076419471
1	0.1508828588	0.3994768877	0.4496402536
0	0.8216556293	0.1751787345	0.0031656361
0	0.5055213401	0.4813541830	0.0131244769
0	0.6933319065	0.0866753818	0.2199927117
1	0.0004132533	0.9989852010	0.0006015457
0	0.0000257886	0.5411960293	0.4587781821
0	0.3443407020	0.2581361504	0.3975231476
1	0.0000280180	0.7663319723	0.2336400097
1	0.0861481131	0.4716753826	0.4421765043
1	0.0514012251	0.8468942930	0.1017044819
0	0.0019233878	0.7370469881	0.2610296242
1	0.3773133696	0.6157635716	0.0069230588
1	0.7158481932	0.0258762198	0.2582755870
0	0.1001572384	0.1892654542	0.7105773073
0	0.6623787732	0.0821519134	0.2554693135
0	0.0556755739	0.9443244261	0.0000000000
0	0.8178210340	0.0158389446	0.1663400214
0	0.8531507179	0.1468492820	0.0000000001
1	0.9850645712	0.0000221448	0.0149132840
0	0.0000001212	0.0726035320	0.9273963467
1	0.9503266623	0.0000000000	0.0496733377
1	0.0022406627	0.6598000484	0.3379592889
0	0.0000000041	0.0000048087	0.9999951872
1	0.7660872120	0.2235694017	0.0103433864
1	0.0005083721	0.9982230655	0.0012685624
1	0.6208205556	0.3733914065	0.0057880379
0	0.0056079688	0.9943920293	0.0000000019
0	0.6619254920	0.1223158431	0.2157586649
0	0.0008728936	0.6092526908	0.3898744156
0	0.1752297072	0.8247700899	0.0000002029
0	0.1479879388	0.2213484637	0.6306635975
0	0.1338082379	0.5135825444	0.3526092176
1	0.2574220332	0.7425779668	0.0000000000
0	0.0664475846	0.2191409925	0.7144114229
1	0.5667962459	0.2214147923	0.2117889618
0	0.9841033679	0.0158966321	0.0000000000
0	0.0028667336	0.4768384721	0.5202947943
0	0.6197222826	0.0459049081	0.3343728093
1	0.1308793093	0.8516812109	0.0174394798
0	0.0807036757	0.3869235944	0.5323727298
0	0.4726006366	0.5273993597	0.0000000037
0	0.3423166336	0.5319270141	0.1257563524
0	0.0548722695	0.3237691039	0.6213586266
0	0.0387133525	0.7641421444	0.1971445031
0	0.1683061617	0.4235117104	0.4081821279
0	0.1516562253	0.7899248458	0.0584189289
0	0.2294762504	0.7704880347	0.0000357149
0	0.0000505931	0.2107306876	0.7892187193
2	0.6817574443	0.3182425557	0.0000000000
0	0.0000840247	0.0002309984	0.9996849769
0	0.7734040477	0.1483960488	0.0781999034
1	0.0118231802	0.6551044748	0.3330723450
0	0.9410378598	0.0589621400	0.0000000001
0	0.0445534095	0.9554439179	0.0000026726
0	0.3843110291	0.1599562051	0.4557327658
1	0.0000000000	0.0000058247	0.9999941753
1	0.8021185783	0.0015503236	0.1963310980
1	0.6511884802	0.0005541828	0.3482573369
1	0.5992354872	0.0000000000	0.4007645128
0	0.0011126184	0.9988873816	0.0000000000
1	0.2205539335	0.7794460577	0.0000000087
