0	0.9998479782	0.0000015173	0.0001505044
1	0.9229947423	0.0769841790	0.0000210787
0	0.3826246314	0.6173753324	0.0000000362
0	0.8404244214	0.0479209695	0.1116546091
0	0.2380710645	0.7226144028	0.0393145327
0	0.0000000000	0.6017219897	0.3982780103
2	0.0000007651	0.0680052680	0.9319939669
2	0.0968105117	0.9031894865	0.0000000018
0	0.9409308171	0.0575100003	0.0015591825
1	0.8818810920	0.0231571907	0.0949617173
0	0.0092894859	0.9907050028	0.0000055113
0	0.0900426243	0.6914586373	0.2184987384
0	0.0000000003	0.4775123115	0.5224876882
1	0.2567709781	0.4295183159	0.3137107059
1	0.2079862410	0.7906162556	0.0013975035
0	0.0000000000	0.9993024472	0.0006975528
0	0.0000000000	0.5145806981	0.4854193019
0	0.8358531919	0.1632033724	0.0009434357
0	0.2085543568	0.7643364600	0.0271091832
0	0.1110254631	0.8889385251	0.0000360118
0	0.9972603622	0.0000000000	0.0027396378
1	0.0828255309	0.9048125195	0.0123619496
0	0.1149655310	0.8558716486	0.0291628204
0	0.0422895979	0.9577104021	0.0000000000
0	0.8026297432	0.1321457859	0.0652244710
0	0.0064838299	0.4261296989	0.5673864712
0	0.0018964116	0.9886065787	0.0094970097
0	0.0034126026	0.0000047819	0.9965826155
0	0.0803111448	0.4348876865	0.4848011687
0	0.0101429045	0.2987504235	0.6911066720
0	0.4867588265	0.3718258723	0.1414153011
1	0.4328461458	0.5671538202	0.0000000341
1	0.0000000000	0.2967678588	0.7032321412
1	0.0602150487	0.6194681804	0.3203167709
0	0.1137049437	0.8862950563	0.0000000000
0	0.0591859098	0.6394625093	0.3013515809
1	0.2476404434	0.7031476369	0.0492119197
0	0.1519331067	0.8156900324	0.0323768609
1	0.3491047948	0.0000108750	0.6508843302
0	0.5201183490	0.4525262456	0.0273554054
1	0.0024598191	0.8650655131	0.1324746678
1	0.0052804133	0.9497066487	0.0450129380
0	0.0775039040	0.8689970706	0.0534990255
0	0.0001326627	0.9998667932	0.0000005441
0	0.0000000028	0.9952194237	0.0047805736
0	0.0921348346	0.5779509930	0.3299141724
2	0.2621235345	0.7378764655	0.0000000000
1	0.0000000000	0.2264248076	0.7735751924
1	0.0711997276	0.9288002724	0.0000000000
1	0.1178403885	0.6167649019	0.2653947096
1	0.0000059928	0.4050050110	0.5949889962
0	0.0288167027	0.3340436249	0.6371396724
0	0.0000699468	0.8348110963	0.1651189569
0	0.0023066633	0.0891585556	0.9085347811
1	0.0000512788	0.5127644307	0.4871842904
1	0.1111353539	0.8267689393	0.0620957068
0	0.0965338623	0.5966043285	0.3068618092
0	0.5971639562	0.3373203594	0.0655156844
1	0.3767607752	0.0645112249	0.5587280000
1	0.0459499431	0.3516706370	0.6023794199
0	0.0102076616	0.9897920428	0.0000002956
1	0.8419178302	0.1488393986	0.0092427713
1	0.0295198953	0.0396314150	0.9308486897
0	0.0000198921	0.0558475728	0.9441325351
0	0.7407988974	0.2592011026	0.0000000000
1	0.0117842952	0.0179935363	0.9702221685
1	0.3774844251	0.4443380090	0.1781775659
0	0.0098707084	0.8169075969	0.1732216947
1	0.1579413511	0.7442501182	0.0978085308
0	0.0723146290	0.9276828786	0.0000024924
0	0.0188471544	0.6523328919	0.3288199538
2	0.0000000000	0.9999252683	0.0000747317
0	0.9996422610	0.0000000226	0.0003577164
0	0.0003699205	0.5905923661	0.4090377134
1	0.0000005143	0.9999992591	0.0000002266
0	0.0000000001	0.9958274466	0.0041725533
0	0.1947685796	0.8052207155	0.0000107049
0	0.0001286760	0.9992487688	0.0006225552
0	0.7440344806	0.2113602163	0.0446053031
0	0.4682756406	0.5277226961	0.0040016633
0	0.0000000102	0.8486594981	0.1513404917
0	0.9666203516	0.0333796482	0.0000000002
1	0.0035669269	0.5328938373	0.4635392358
0	0.0000000000	0.1930277948	0.8069722052
0	0.4037171906	0.5830353587	0.0132474507
1	0.9121650991	0.0878327526	0.0000021483
0	0.0000013050	0.4349690464	0.5650296486
0	0.8572706249	0.1424960502	0.0002333249
0	0.3531527121	0.6468472879	0.0000000000
0	0.0500612886	0.9465408637	0.0033978477
0	0.1893813289	0.8106186711	0.0000000000
0	0.7554200341	0.2445799659	0.0000000000
0	0.0748709115	0.3994911801	0.5256379084
0	0.5383634122	0.3513628887	0.1102736991
0	0.0018515416	0.9981484584	0.0000000000
0	0.0130429041	0.6081615664	0.3787955295
1	0.0435018216	0.1282806396	0.8282175388
1	0.1931136945	0.0851399388	0.7217463667
0	0.1414307624	0.8578327403	0.0007364973
0	0.0618325439	0.6231468304	0.3150206257
