1	0.0004580126	0.9560714819	0.0434705055
0	0.2334630398	0.2930908192	0.4734461410
0	0.2182402416	0.7817597584	0.0000000000
1	0.4760936493	0.5171167089	0.0067896418
1	0.5568022392	0.2638104339	0.1793873269
0	0.0615688374	0.9356784762	0.0027526865
1	0.0005904144	0.7755311966	0.2238783891
0	0.0063057162	0.9583559120	0.0353383718
0	0.0723423774	0.8157890845	0.1118685381
0	0.5885687343	0.1393210467	0.2721102191
0	0.5637841590	0.1538927556	0.2823230854
1	0.4079860248	0.5210867971	0.0709271781
0	0.0000000017	0.9999999971	0.0000000012
1	0.0000000045	0.7418628967	0.2581370988
1	0.9996425364	0.0003574636	0.0000000000
0	0.2147931774	0.7848652062	0.0003416164
0	0.9954668850	0.0035366185	0.0009964965
0	0.0401336102	0.8729406764	0.0869257134
1	0.0828179114	0.9171820886	0.0000000000
0	0.1281376724	0.8718497921	0.0000125356
0	0.0000000000	0.9861351392	0.0138648608
1	0.0470829272	0.0001065082	0.9528105647
0	0.2929735955	0.2866708640	0.4203555405
1	0.6197576212	0.2918782284	0.0883641504
0	0.8667575342	0.0919592356	0.0412832302
0	0.9364996342	0.0635003658	0.0000000000
1	0.3966064396	0.5824960245	0.0208975359
1	0.0105613391	0.9894386592	0.0000000018
1	0.4421093401	0.4960988988	0.0617917611
0	0.0083176985	0.9915317519	0.0001505496
0	0.0088352638	0.8562712001	0.1348935360
0	0.0362571352	0.9636227674	0.0001200974
0	0.2946894523	0.1907314626	0.5145790852
0	0.0003229037	0.7913424805	0.2083346158
0	0.0004564349	0.7002253924	0.2993181727
0	0.0000007257	0.9999992739	0.0000000004
0	0.1310915048	0.6973376335	0.1715708617
0	0.0255357874	0.0289398811	0.9455243315
1	0.6816314328	0.0760715297	0.2422970375
0	0.0512966689	0.6058745982	0.3428287329
1	0.0000025286	0.0000000000	0.9999974714
0	0.4899351702	0.3847936000	0.1252712297
0	0.0000086097	0.9964725331	0.0035188572
0	0.1758379535	0.6615632564	0.1625987901
1	0.0000226386	0.9969261607	0.0030512007
0	0.2053816125	0.3426185988	0.4519997887
0	0.1613990379	0.8344509166	0.0041500455
0	0.4503677917	0.5496241152	0.0000080931
0	0.3654940695	0.6186392119	0.0158667186
0	0.0000000000	0.9963138002	0.0036861998
1	0.0003192071	0.0164484457	0.9832323472
0	0.0589949708	0.3332366077	0.6077684215
0	0.1011552162	0.8987426421	0.0001021417
0	0.0040900381	0.9502086906	0.0457012712
0	0.8977928902	0.0944290836	0.0077780262
0	0.0259172000	0.0097004434	0.9643823566
0	0.0052271648	0.2293633576	0.7654094776
0	0.1288331867	0.0116215814	0.8595452319
2	0.0002048265	0.9597546662	0.0400405073
0	0.0246591642	0.9679234525	0.0074173834
0	0.5962363951	0.3995596262	0.0042039787
1	0.0664436423	0.0010760887	0.9324802690
0	0.9998325547	0.0000000000	0.0001674453
1	0.9822904196	0.0000000000	0.0177095804
0	0.0195674494	0.2465577106	0.7338748400
1	0.9702202788	0.0005903259	0.0291893953
1	0.9191269332	0.0807610295	0.0001120374
1	0.0738477112	0.0675909365	0.8585613524
1	0.1139232811	0.8859116311	0.0001650878
0	0.6572178334	0.1965686603	0.1462135062
1	0.7382563088	0.2508510571	0.0108926342
1	0.9996805809	0.0000001150	0.0003193042
0	0.0698160631	0.9218217578	0.0083621792
0	0.3153393564	0.0109470781	0.6737135655
0	0.0009383108	0.9990616892	0.0000000000
0	0.8517969469	0.1481968505	0.0000062025
0	0.1454892753	0.0299796511	0.8245310736
0	0.0155049887	0.9383082177	0.0461867936
0	0.7861010052	0.1515772034	0.0623217913
0	0.9903911827	0.0083944130	0.0012144043
0	0.3981752776	0.5555565920	0.0462681304
0	0.0114815524	0.4622616973	0.5262567504
1	0.7233369951	0.2693527880	0.0073102169
0	0.0000000000	0.9999731925	0.0000268075
0	0.0599747872	0.2999792153	0.6400459975
1	0.0022696533	0.9476283108	0.0501020359
2	0.4964488547	0.4937938481	0.0097572972
0	0.5643816318	0.0438761736	0.3917421946
0	0.0804414736	0.3050308716	0.6145276549
0	0.6381315650	0.3617100020	0.0001584330
0	0.0062461076	0.7890684612	0.2046854311
0	0.0000022608	0.9698667303	0.0301310090
1	0.0677774663	0.1918277497	0.7403947840
1	0.0000235011	0.0062964451	0.9936800538
1	0.0000017870	0.9999536640	0.0000445491
1	0.8377220855	0.0236733273	0.1386045872
0	0.7100089599	0.2870205092	0.0029705309
0	0.9999976390	0.0000000000	0.0000023610
0	0.0002762747	0.9319648371	0.0677588882
0	0.0417087169	0.0000357889	0.9582554943
