1	0.0000000000	0.9999003798	0.0000996202
0	0.3975481903	0.6024518097	0.0000000000
0	0.0527809768	0.1214354122	0.8257836110
0	0.8871347038	0.0806301910	0.0322351052
0	0.0614442724	0.9275330889	0.0110226387
1	0.0068487484	0.2842229272	0.7089283244
0	0.8073763572	0.0349574332	0.1576662097
0	0.6105429287	0.0277135670	0.3617435043
0	0.0617359319	0.8439136698	0.0943503983
0	0.1891808349	0.8108128974	0.0000062676
0	0.0008633727	0.9091629014	0.0899737259
0	0.1766654811	0.0000005275	0.8233339914
0	0.1035182537	0.6459156004	0.2505661460
1	0.0000000000	0.6100277205	0.3899722795
1	0.0182217296	0.0260499382	0.9557283322
0	0.1360117847	0.4441913021	0.4197969132
0	0.0146746172	0.1609490235	0.8243763593
0	0.0709352479	0.4523320206	0.4767327315
1	0.0001358002	0.9998641998	0.0000000000
0	0.3922416299	0.6073718709	0.0003864992
0	0.9704172318	0.0295036930	0.0000790752
0	0.4050411268	0.2452556119	0.3497032612
0	0.5581298053	0.4418701947	0.0000000000
0	0.0032069947	0.0108570038	0.9859360015
0	0.1584374131	0.8307028745	0.0108597123
0	0.7587839648	0.0505094727	0.1907065625
0	0.9424552791	0.0379174937	0.0196272272
0	0.6394278201	0.3515872335	0.0089849464
0	0.0521447312	0.1534844024	0.7943708664
0	0.0894344334	0.9095827607	0.0009828059
1	0.0169395549	0.9830603770	0.0000000682
0	0.2710874875	0.5209858413	0.2079266712
0	0.0560858435	0.4569270059	0.4869871506
0	0.7662865606	0.1993849041	0.0343285352
1	0.2526332122	0.6573833771	0.0899834108
1	0.0004456414	0.9995543586	0.0000000000
0	0.7808066526	0.2118180583	0.0073752891
0	0.0140951705	0.9857951375	0.0001096920
0	0.3602939715	0.3220547543	0.3176512741
0	0.0000000000	0.0000238576	0.9999761424
0	0.0469046346	0.9130246469	0.0400707185
0	0.1642009898	0.1471540688	0.6886449414
0	0.5884214713	0.4106603280	0.0009182007
0	0.7358301388	0.2368960408	0.0272738205
0	0.9885526319	0.0109280481	0.0005193200
0	0.7069374970	0.0117168887	0.2813456143
0	0.1071712375	0.8928285755	0.0000001870
0	0.1122827899	0.3815258836	0.5061913265
1	0.1616610116	0.1642728535	0.6740661349
0	0.0678897897	0.9321102103	0.0000000000
0	0.0001728985	0.7493310757	0.2504960258
0	0.0396265715	0.9603559932	0.0000174353
0	0.9844394125	0.0084716076	0.0070889799
0	0.0239958297	0.9270641283	0.0489400420
0	0.0006282515	0.9879927052	0.0113790433
0	0.0703877841	0.8355104191	0.0941017967
0	0.0880355779	0.9119313772	0.0000330449
1	0.3376582775	0.5946686936	0.0676730289
0	0.4856157936	0.4795500766	0.0348341298
1	0.0016028605	0.9983896472	0.0000074923
1	0.0474611997	0.1112402452	0.8412985551
0	0.9847917062	0.0152082899	0.0000000038
1	0.2363990069	0.1779444550	0.5856565381
0	0.0000000000	0.8052004392	0.1947995608
1	0.0000046845	0.9884898786	0.0115054369
0	0.0118217257	0.9582794982	0.0298987761
0	0.0027075599	0.6606725445	0.3366198956
1	0.7726727640	0.1365860933	0.0907411427
0	0.5876422649	0.0000000000	0.4123577351
0	0.9489627777	0.0148560011	0.0361812213
0	0.8467715869	0.1522326333	0.0009957797
0	0.0016453643	0.0684516313	0.9299030045
0	0.3442071804	0.6522294136	0.0035634060
0	0.0249200051	0.7687162590	0.2063637359
1	0.3982379530	0.3618278337	0.2399342133
0	0.2346583608	0.0002063080	0.7651353313
1	0.0000000024	0.9999999976	0.0000000000
1	0.9999649107	0.0000107803	0.0000243090
0	0.1281663609	0.8292898516	0.0425437875
1	0.0480007497	0.9519992452	0.0000000051
0	0.4275454768	0.2439956050	0.3284589181
0	0.1245026634	0.3253663860	0.5501309506
0	0.1327524344	0.5097877864	0.3574597791
2	0.0046678866	0.9295119932	0.0658201201
1	0.0005525126	0.9808593943	0.0185880931
1	0.9487742631	0.0050508949	0.0461748420
0	0.0000009631	0.4671270457	0.5328719912
2	0.0962546289	0.4293325146	0.4744128565
0	0.0045724327	0.1829778116	0.8124497557
0	0.7484930286	0.2514118868	0.0000950846
0	0.1044777476	0.8955219677	0.0000002846
0	0.0000266517	0.9999733453	0.0000000030
0	0.0000000009	0.8997018478	0.1002981514
0	0.0003329157	0.0030225751	0.9966445091
2	0.1862583873	0.3679351423	0.4458064704
1	0.3887737478	0.4541809544	0.1570452978
1	0.1586906262	0.7828623898	0.0584469840
0	0.0126224502	0.9770173934	0.0103601564
0	0.9989372856	0.0002212920	0.0008414224
0	0.1878029772	0.8057090439	0.0064879789
