0	0.4214288039	0.0105334760	0.5680377202
1	0.5772178698	0.3956052954	0.0271768348
1	0.6686007924	0.1008356022	0.2305636054
1	0.0312785757	0.0486116060	0.9201098183
0	0.7054803090	0.2661842127	0.0283354783
0	0.0369555441	0.2245634705	0.7384809854
1	0.0785637971	0.0007370044	0.9206991985
0	0.9171445332	0.0657371503	0.0171183166
0	0.1580742744	0.7100462610	0.1318794647
0	0.1050987017	0.8948863146	0.0000149837
0	0.4405208031	0.1923710975	0.3671080994
2	0.0772476343	0.4879453800	0.4348069858
0	0.0183101354	0.8759706185	0.1057192461
2	0.3271765185	0.6728145248	0.0000089567
0	0.2413461910	0.7586538047	0.0000000043
0	0.0002406796	0.0109595900	0.9887997304
0	0.1095878589	0.0990927725	0.7913193686
0	0.6506902975	0.3488948567	0.0004148459
0	0.1934638529	0.1461284283	0.6604077188
1	0.2846256987	0.0270353092	0.6883389922
0	0.2613078486	0.0000000181	0.7386921333
0	0.0000000010	0.9999989833	0.0000010157
2	0.1882184783	0.0003072138	0.8114743079
0	0.3565184054	0.6432832795	0.0001983150
1	0.0364259344	0.6491984692	0.3143755964
1	0.6595382265	0.0002463906	0.3402153829
0	0.9783783061	0.0216205154	0.0000011785
0	0.0022650254	0.8770317790	0.1207031956
0	0.0010766819	0.7638002204	0.2351230977
0	0.0388985269	0.4646884351	0.4964130380
1	0.0004916468	0.9995083532	0.0000000000
0	0.7657322681	0.0326667694	0.2016009626
0	0.1452130420	0.8506831694	0.0041037886
1	0.2063098950	0.6988244560	0.0948656490
2	0.3886372779	0.3470144834	0.2643482387
1	0.0012279796	0.7152803258	0.2834916946
0	0.0017189891	0.0274520530	0.9708289579
0	0.4557226862	0.1086518020	0.4356255118
0	0.4181639732	0.5782327505	0.0036032763
1	0.6307696568	0.0003676269	0.3688627163
0	0.0288822461	0.0000062258	0.9711115280
0	0.9735832484	0.0000000000	0.0264167516
0	0.0041598578	0.9611189241	0.0347212181
1	0.0008073112	0.4472503079	0.5519423809
1	0.2884747952	0.5769709322	0.1345542726
1	0.9383122759	0.0340200989	0.0276676253
0	0.4692129215	0.1056217638	0.4251653146
0	0.0009954888	0.4924507411	0.5065537701
0	0.1286409726	0.4506070287	0.4207519986
0	0.2300780861	0.6558327535	0.1140891604
1	0.1790383335	0.0130021272	0.8079595393
0	0.0000000000	0.8869689407	0.1130310593
0	0.1497634806	0.8492619300	0.0009745895
1	0.4372352599	0.1230416150	0.4397231251
1	0.2742281132	0.7257718853	0.0000000015
1	0.6480418358	0.0000000000	0.3519581642
1	0.2498753378	0.6729894920	0.0771351701
0	0.1706746085	0.0013750809	0.8279503106
1	0.4215636183	0.4314782468	0.1469581349
0	0.7891608598	0.1494150752	0.0614240650
0	0.0005862139	0.0000019959	0.9994117901
0	0.0070850863	0.5280402142	0.4648746995
2	0.5303661910	0.0023928480	0.4672409610
1	0.2126501134	0.6595877389	0.1277621478
0	0.5068320047	0.0051616809	0.4880063144
1	0.7152963164	0.0006917538	0.2840119297
1	0.9997149635	0.0002850365	0.0000000000
1	0.4303022304	0.1251793694	0.4445184002
1	0.0000000000	0.0502787135	0.9497212865
1	0.7375916368	0.0909054173	0.1715029459
0	0.5263624245	0.0034387026	0.4701988729
0	0.3069590627	0.0408643235	0.6521766138
1	0.8505426656	0.0578455717	0.0916117627
0	0.2224530353	0.7775469532	0.0000000116
0	0.7245304349	0.2754695650	0.0000000001
2	0.8073191898	0.1858591030	0.0068217072
0	0.8563769295	0.0405841336	0.1030389369
0	0.2251529632	0.3033738493	0.4714731875
0	0.0000000000	0.1315931215	0.8684068785
0	0.0746157947	0.5786376073	0.3467465979
0	0.9999999980	0.0000000000	0.0000000020
0	0.4368353051	0.1452715504	0.4178931445
0	0.0304070622	0.5632222310	0.4063707067
0	0.0006178739	0.1265981962	0.8727839298
0	0.8689238153	0.1201395043	0.0109366804
1	0.4739161970	0.5243305945	0.0017532085
1	0.9147674303	0.0000126309	0.0852199388
0	0.7290135495	0.0789489094	0.1920375411
1	0.0000577750	0.9999396444	0.0000025806
0	0.5257039943	0.2302548069	0.2440411988
0	0.0937010997	0.0021027763	0.9041961240
0	0.9500497555	0.0141597552	0.0357904893
1	0.0000020871	0.7521237337	0.2478741791
0	0.0020781812	0.7427419688	0.2551798500
0	0.0828202383	0.0190248170	0.8981549447
0	0.3332085632	0.6494711199	0.0173203169
0	0.2346709163	0.5679954159	0.1973336678
2	0.1573014516	0.4723189257	0.3703796227
0	0.0041444452	0.9492780393	0.0465775156
0	0.1625805335	0.7652239661	0.0721955004
