0	0.0087964046	0.0000300384	0.9911735570
0	0.0001912483	0.2961685822	0.7036401696
1	0.3031500544	0.0327709184	0.6640790272
1	0.0000037533	0.6925503968	0.3074458499
0	0.0001350143	0.9712903018	0.0285746839
0	0.6574952108	0.3422438152	0.0002609740
1	0.0193123402	0.6422811288	0.3384065309
1	0.0000000000	0.2242512774	0.7757487226
0	0.0000001517	0.9430966560	0.0569031924
1	0.0000001480	0.3849811509	0.6150187011
0	0.6692854335	0.0768868803	0.2538276862
0	0.0000000000	0.9988598632	0.0011401368
1	0.3710002060	0.0619530449	0.5670467492
0	0.4521439107	0.5478367015	0.0000193878
0	0.0052193739	0.9934103432	0.0013702829
0	0.2256479572	0.4196862354	0.3546658074
0	0.0723471509	0.8230962436	0.1045566054
0	0.3902926897	0.4328861043	0.1768212060
0	0.0036965066	0.8557409666	0.1405625267
0	0.1509615058	0.0000056054	0.8490328888
0	0.0003539382	0.8819127371	0.1177333247
0	0.1369939280	0.7247333409	0.1382727311
1	0.0015535098	0.8199341247	0.1785123654
0	0.0400383025	0.9566252526	0.0033364449
0	0.1218892736	0.8216430897	0.0564676366
1	0.0170234293	0.2706287625	0.7123478082
1	0.3920146021	0.2182181923	0.3897672056
1	0.5320474383	0.0457031539	0.4222494078
1	0.1686795669	0.0000000065	0.8313204266
0	0.0049210002	0.2030366245	0.7920423753
0	0.0000155537	0.7409357656	0.2590486807
0	0.1224946674	0.0061140420	0.8713912906
0	0.0035572349	0.9243904466	0.0720523185
0	0.0000010385	0.7493277159	0.2506712456
0	0.0000864274	0.9999133117	0.0000002610
2	0.0070089934	0.0000634540	0.9929275526
0	0.0187831623	0.9560024081	0.0252144296
1	0.1764646526	0.0128065665	0.8107287809
0	0.0107670529	0.9749239435	0.0143090037
0	0.0001030561	0.7691693974	0.2307275465
1	0.0413645436	0.9586350159	0.0000004405
0	0.0005419360	0.5651875551	0.4342705089
1	0.2882671146	0.7108432316	0.0008896538
2	0.0016953055	0.7378090245	0.2604956700
0	0.2620463648	0.0915702429	0.6463833922
1	0.0000000000	0.0219177375	0.9780822625
1	0.0000003039	0.9659875942	0.0340121020
1	0.9115872228	0.0174053496	0.0710074276
0	0.3004208979	0.6749000434	0.0246790586
1	0.0000000000	0.0001796082	0.9998203918
1	0.8404975768	0.1560450904	0.0034573328
2	0.0655960160	0.5192126461	0.4151913379
0	0.2404147820	0.7595852003	0.0000000176
0	0.9173038448	0.0207486485	0.0619475068
0	0.3546394228	0.1518818120	0.4934787652
0	0.1123418310	0.1441676974	0.7434904716
1	0.2937979151	0.6849319051	0.0212701798
0	0.2288032353	0.7679713995	0.0032253652
1	0.7169712713	0.0033122180	0.2797165106
0	0.0017501869	0.7782090975	0.2200407156
0	0.2319324866	0.0815690925	0.6864984209
1	0.2054655159	0.0374244394	0.7571100447
0	0.6920546386	0.0377700437	0.2701753178
1	0.0000136849	0.9999863151	0.0000000000
0	0.1209117357	0.8790880171	0.0000002472
0	0.9601981096	0.0398018895	0.0000000009
0	0.0003335032	0.9966152886	0.0030512082
0	0.9983603241	0.0015868592	0.0000528167
0	0.0000000007	0.0000052000	0.9999947993
1	0.0355472728	0.9644526626	0.0000000646
1	0.0887781956	0.0370739804	0.8741478241
0	0.0040572003	0.0045374020	0.9914053977
1	0.7877484482	0.0132775565	0.1989739953
0	0.2642116039	0.6455474505	0.0902409456
0	0.0166332861	0.9727486167	0.0106180973
1	0.0000000130	0.7597662022	0.2402337849
0	0.0019627454	0.0449878217	0.9530494328
0	0.0006076261	0.0418640678	0.9575283061
1	0.0000000000	0.8777434361	0.1222565638
0	0.0000121241	0.9996091347	0.0003787411
0	0.3264081736	0.0971272595	0.5764645669
1	0.0070145020	0.2600460181	0.7329394799
0	0.7026806519	0.2420549196	0.0552644284
0	0.0000002222	0.9352310304	0.0647687474
0	0.0000865244	0.4146470057	0.5852664699
0	0.1525853725	0.1627839340	0.6846306936
0	0.7400412449	0.2596885975	0.0002701576
0	0.3287321924	0.6545826388	0.0166851688
0	0.0243377046	0.9732824055	0.0023798899
0	0.0666669253	0.2437864701	0.6895466047
1	0.4585031515	0.5352878512	0.0062089973
0	0.1756222381	0.8215939107	0.0027838512
0	0.0046217019	0.9953782235	0.0000000746
0	0.0000000000	0.0366461256	0.9633538744
1	0.2622233566	0.0000000000	0.7377766434
0	0.7116343343	0.2883341219	0.0000315438
0	0.3859956101	0.0478789141	0.5661254757
1	0.0000000000	0.0002188035	0.9997811965
0	0.4984050239	0.3266090179	0.1749859583
1	0.0019183648	0.6423726869	0.3557089483
