0	0.2649608594	0.5676753551	0.1673637856
1	0.0081615714	0.8902806416	0.1015577870
0	0.0000045464	0.3305021478	0.6694933058
0	0.9322278744	0.0219107753	0.0458613503
0	0.1975189126	0.8024810874	0.0000000000
0	0.0000000011	0.8147933958	0.1852066031
0	0.4439163997	0.5458177609	0.0102658393
0	0.5693176147	0.4306823853	0.0000000000
0	0.0113203312	0.3882631454	0.6004165234
1	0.1109573073	0.5155781878	0.3734645050
0	0.0465524423	0.8968387078	0.0566088500
0	0.3624476005	0.2479265500	0.3896258495
1	0.0004077133	0.4622640206	0.5373282661
0	0.0000025083	0.9999974917	0.0000000000
0	0.5517597755	0.1048492666	0.3433909580
0	0.1998651275	0.7345214773	0.0656133952
1	0.0352675422	0.5957815179	0.3689509399
0	0.7888171515	0.0032638576	0.2079189909
0	0.2860662466	0.3447931427	0.3691406107
0	0.0027780598	0.5564961699	0.4407257704
0	0.9901378796	0.0000000000	0.0098621203
0	0.5937540469	0.2167754505	0.1894705026
0	0.4045303484	0.5924118096	0.0030578420
0	0.0575878964	0.0013571147	0.9410549889
0	0.1212956278	0.0496346543	0.8290697179
0	0.7905335643	0.0539266530	0.1555397827
1	0.1525035009	0.6485139395	0.1989825596
0	0.0721415831	0.9237515532	0.0041068637
0	0.0000000000	0.7914122438	0.2085877562
0	0.2620010084	0.0378972893	0.7001017023
0	0.3625877778	0.6137969869	0.0236152353
1	0.1854524896	0.5181802571	0.2963672533
0	0.2061547273	0.7490946106	0.0447506621
0	0.0324869966	0.2240469656	0.7434660378
0	0.1976867421	0.0714132966	0.7308999613
1	0.8976795681	0.0032212813	0.0990991506
1	0.3212088119	0.3802338529	0.2985573353
2	0.2297987417	0.0010500503	0.7691512080
0	0.4500104071	0.1071819921	0.4428076008
0	0.0000000000	0.9999998436	0.0000001564
0	0.3580265162	0.1882393180	0.4537341658
0	0.1770704161	0.7953547564	0.0275748275
1	0.0000083791	0.7152572024	0.2847344185
0	0.0060157663	0.5833716949	0.4106125388
0	0.4341754741	0.5658038457	0.0000206802
0	0.2477965467	0.5200982885	0.2321051648
0	0.0000041338	0.8511268061	0.1488690601
0	0.1521118087	0.8094054389	0.0384827525
1	0.1883047629	0.8058326196	0.0058626175
0	0.4174435220	0.0953681434	0.4871883346
0	0.3068727446	0.0368412129	0.6562860425
0	0.9998522579	0.0001450593	0.0000026828
0	0.0000000017	0.0059352239	0.9940647744
1	0.6771974610	0.1853344817	0.1374680573
0	0.9862423119	0.0000000000	0.0137576881
0	0.9435891075	0.0000263608	0.0563845317
2	0.0015486056	0.7223084233	0.2761429712
1	0.1423921457	0.0239874892	0.8336203651
1	0.0758050095	0.8504028822	0.0737921084
1	0.3718120341	0.1657467601	0.4624412058
1	0.0003873655	0.0017149321	0.9978977024
0	0.0861228359	0.0000499793	0.9138271848
0	0.0472309455	0.1174631635	0.8353058910
0	0.7850067140	0.0288466337	0.1861466522
0	0.2567526139	0.6123240799	0.1309233062
0	0.0032283888	0.9967280956	0.0000435156
1	0.7761712170	0.1518408574	0.0719879257
0	0.4353041402	0.0000629267	0.5646329331
0	0.0286410477	0.0290352868	0.9423236655
0	0.8334825425	0.1541501692	0.0123672883
0	0.0010764664	0.0044104608	0.9945130728
0	0.0974651848	0.1275836404	0.7749511748
1	0.0210726907	0.1615546758	0.8173726335
0	0.0068205828	0.9931783715	0.0000010456
0	0.0000026294	0.0000677616	0.9999296091
0	0.1192060171	0.8807939829	0.0000000000
0	0.1006427595	0.8989070320	0.0004502085
0	0.1337085885	0.0022213108	0.8640701006
0	0.0000000006	0.3566457243	0.6433542751
1	0.6249106996	0.3684908799	0.0065984205
2	0.2182076146	0.1094493212	0.6723430643
1	0.0000348316	0.0004677107	0.9994974578
0	0.0206492301	0.9294245928	0.0499261771
0	0.0482733812	0.6893198541	0.2624067647
0	0.2321504517	0.2218253919	0.5460241564
0	0.7195825513	0.0011309855	0.2792864632
1	0.1564959019	0.4116339543	0.4318701439
0	0.5142897516	0.0423714677	0.4433387808
1	0.0163198132	0.3100960938	0.6735840930
1	0.3294166317	0.3066608204	0.3639225479
1	0.0131105107	0.9491618302	0.0377276592
0	0.7386387123	0.1292448862	0.1321164016
1	0.5055286052	0.0290062050	0.4654651898
0	0.0000002351	0.5558603635	0.4441394015
0	0.2184843254	0.7814546685	0.0000610061
0	0.6658189533	0.3341750646	0.0000059822
0	0.0035531298	0.8973334211	0.0991134491
1	0.0639736911	0.4428456789	0.4931806301
1	0.1309097343	0.0000823425	0.8690079232
1	0.0000002196	0.9051103730	0.0948894073
