2	0.2075802146	0.7033387310	0.0890810545
1	0.0092049415	0.9574628974	0.0333321611
1	0.5704901476	0.4277491322	0.0017607202
1	0.0002283921	0.9922436030	0.0075280049
0	0.0936800030	0.1107446492	0.7955753478
0	0.0061685302	0.4075761647	0.5862553050
0	0.0017304092	0.5738285008	0.4244410900
1	0.1162096144	0.8666645143	0.0171258713
0	0.0074444927	0.2065487107	0.7860067965
0	0.0000037321	0.4676335881	0.5323626798
2	0.0327547811	0.4386841593	0.5285610596
1	0.0221822495	0.1293379449	0.8484798057
0	0.0016124430	0.9978210542	0.0005665029
0	0.0116093905	0.9883489009	0.0000417086
1	0.0326479395	0.8078761939	0.1594758666
1	0.0000000000	1.0000000000	0.0000000000
0	0.8131583832	0.1868275394	0.0000140774
1	0.0063948266	0.9936051734	0.0000000000
1	0.0091779184	0.4659397617	0.5248823199
0	0.0066669720	0.0366369167	0.9566961114
0	0.5882782903	0.4117145738	0.0000071359
0	0.0522820402	0.9463391742	0.0013787857
1	0.0000001731	0.0753931812	0.9246066457
0	0.0002744596	0.9165442224	0.0831813180
1	0.0042859294	0.0007282536	0.9949858170
0	0.1863427094	0.4632359326	0.3504213580
0	0.0031120921	0.9833236167	0.0135642912
1	0.0249464807	0.9633340597	0.0117194596
0	0.0280221256	0.9717089779	0.0002688965
1	0.0089972734	0.9878790925	0.0031236340
1	0.5266915128	0.4670882897	0.0062201975
0	0.2858009156	0.4327141084	0.2814849760
0	0.0000198950	0.6238542098	0.3761258952
1	0.9970817063	0.0012871177	0.0016311760
1	0.0231923366	0.5940352923	0.3827723711
0	0.2368119631	0.7466432971	0.0165447398
1	0.0279290465	0.2586570476	0.7134139059
0	0.2658902320	0.7331356590	0.0009741091
1	0.0287949837	0.9711426903	0.0000623260
0	0.0269573812	0.9707373992	0.0023052196
1	0.0001318590	0.0733955865	0.9264725546
1	0.2269588125	0.1181578274	0.6548833601
0	0.0048554181	0.9951445819	0.0000000000
0	0.0967783716	0.8935628347	0.0096587937
1	0.0000000003	0.7494948368	0.2505051629
0	0.0132345966	0.9679784068	0.0187869966
0	0.1384452650	0.8615547350	0.0000000000
0	0.8252157212	0.1464774496	0.0283068292
0	0.0000000111	0.4598843017	0.5401156872
0	0.8962814418	0.0168597070	0.0868588513
0	0.0056709337	0.1151628148	0.8791662515
0	0.3770551435	0.4049869754	0.2179578811
0	0.1151348439	0.2123893605	0.6724757956
0	0.0191387937	0.9086370306	0.0722241757
1	0.0008396337	0.8166440433	0.1825163229
0	0.2184507651	0.7815492332	0.0000000017
0	0.3551962576	0.6448037424	0.0000000000
0	0.0718911624	0.6216108437	0.3064979939
1	0.1152661074	0.6881909206	0.1965429720
0	0.0000000187	0.9999240041	0.0000759771
1	0.0000000000	0.8238407513	0.1761592487
1	0.0533235969	0.0053494888	0.9413269143
1	0.0125577641	0.8482120160	0.1392302199
0	0.0010410998	0.9989589002	0.0000000000
1	0.0219733842	0.0000007713	0.9780258444
0	0.7864853677	0.2133989390	0.0001156933
0	0.0000000000	0.2602877108	0.7397122892
0	0.0087605174	0.2230309509	0.7682085317
1	0.0776386732	0.9211215521	0.0012397746
0	0.0001012570	0.3578775991	0.6420211439
1	0.0289768660	0.8580506590	0.1129724751
0	0.0132442577	0.1696700471	0.8170856952
0	0.8587058162	0.1409339419	0.0003602419
0	0.0008984016	0.3909078387	0.6081937597
1	0.1321051633	0.4545414760	0.4133533607
0	0.8004416821	0.1838900848	0.0156682331
0	0.0011683845	0.9985996141	0.0002320014
0	0.1922120947	0.7960714234	0.0117164819
0	0.0009343999	0.3532722294	0.6457933707
0	0.0146382761	0.9523754791	0.0329862447
1	0.0425912919	0.8687673574	0.0886413507
1	0.4594731341	0.5297928900	0.0107339759
1	0.0000012560	0.5694760355	0.4305227085
0	0.0866648554	0.9081074377	0.0052277069
0	0.1595521675	0.3492383284	0.4912095041
1	0.3423441628	0.6206813249	0.0369745123
2	0.2293644945	0.3689840712	0.4016514343
1	0.0500356065	0.7029923612	0.2469720323
0	0.0000029805	0.9999970195	0.0000000000
0	0.5908011232	0.3592650863	0.0499337904
1	0.0225835928	0.5308401929	0.4465762143
1	0.0503295879	0.0777759793	0.8718944328
0	0.8630675147	0.0700878005	0.0668446848
0	0.5683077281	0.4315705154	0.0001217565
1	0.1418099300	0.6703326091	0.1878574609
2	0.6409318485	0.1856255406	0.1734426109
0	0.5857546140	0.1239710483	0.2902743376
0	0.6261189208	0.0341434879	0.3397375913
1	0.0000031190	0.6869024489	0.3130944321
0	0.1603436357	0.8396557920	0.0000005723
