0	0.0626816480	0.0752949175	0.8620234345
0	0.0247579503	0.8485534414	0.1266886083
1	0.0212376296	0.9753797938	0.0033825767
1	0.9285552574	0.0010030326	0.0704417100
0	0.0192627667	0.5126303820	0.4681068513
1	0.0769684248	0.7871734062	0.1358581690
1	0.0016765668	0.9748958514	0.0234275818
0	0.0047847828	0.5133198272	0.4818953901
0	0.6115311420	0.0384404009	0.3500284570
1	0.0001074486	0.9998062397	0.0000863116
0	0.0077251952	0.9634448120	0.0288299928
0	0.6383022387	0.2279823952	0.1337153661
0	0.1381664395	0.8108230939	0.0510104666
0	0.1301371805	0.6574665324	0.2123962870
2	0.0000000000	0.5978645864	0.4021354136
0	0.0003000602	0.9544751714	0.0452247684
0	0.6778217460	0.0078460360	0.3143322179
1	0.5848115500	0.4151406041	0.0000478459
0	0.0006744736	0.9990238195	0.0003017069
0	0.4021116242	0.4368830315	0.1610053443
1	0.0000000002	0.0000268640	0.9999731358
0	0.0836477240	0.5671700954	0.3491821806
0	0.8343497282	0.0012192223	0.1644310494
0	0.3384258896	0.6615741048	0.0000000056
1	0.1304708073	0.6292607053	0.2402684874
0	0.0000000000	0.0000000000	1.0000000000
1	0.0000022805	0.8859898875	0.1140078320
1	0.1428211816	0.8518225567	0.0053562618
0	0.1316417744	0.4572405186	0.4111177071
1	0.3241270253	0.5817134416	0.0941595331
1	0.0901728398	0.0231471208	0.8866800395
0	0.0000010815	0.9999989071	0.0000000113
1	0.0000449563	0.8228556226	0.1770994211
0	0.3354632107	0.4321052549	0.2324315344
1	0.0716725486	0.0343123238	0.8940151276
0	0.0274953821	0.1331107418	0.8393938761
1	0.0202837865	0.0354467326	0.9442694810
0	0.9031739402	0.0646110815	0.0322149783
0	0.4674293218	0.4321932300	0.1003774482
0	0.3502447194	0.5416740950	0.1080811856
0	0.1515905964	0.2796016985	0.5688077051
0	0.0261896149	0.3912119399	0.5825984453
0	0.1742239280	0.7432745646	0.0825015073
1	0.0106768099	0.6691289122	0.3201942779
1	0.0000054391	0.7092006362	0.2907939247
0	0.0009944990	0.9953731775	0.0036323235
1	0.0714473978	0.3452008322	0.5833517700
1	0.0280498814	0.3903064766	0.5816436420
0	0.0000028675	0.9588242217	0.0411729107
0	0.5148152969	0.1769146031	0.3082701000
0	0.0504343616	0.1766128023	0.7729528362
1	0.0231560802	0.9484859539	0.0283579659
0	0.5210581309	0.2621904918	0.2167513773
0	0.0278404719	0.0176080625	0.9545514655
1	0.1599361909	0.8400567423	0.0000070668
0	0.5815149713	0.4048794450	0.0136055837
1	0.6572201419	0.3427768172	0.0000030410
0	0.0000000402	0.1014070979	0.8985928619
1	0.5072980291	0.4414062053	0.0512957656
2	0.0000163861	0.9999833165	0.0000002975
1	0.6031494279	0.3968502208	0.0000003513
1	0.0003051362	0.9093114053	0.0903834585
1	0.0691732571	0.0686779490	0.8621487939
1	0.0002226382	0.0496163380	0.9501610238
2	0.3144840748	0.6098206052	0.0756953200
1	0.1766822560	0.8233175141	0.0000002299
1	0.9673085894	0.0000004679	0.0326909427
0	0.0000060671	0.9719819542	0.0280119787
0	0.1331126481	0.8668544073	0.0000329447
1	0.0022380667	0.1448872755	0.8528746578
1	0.0694333579	0.3070004743	0.6235661678
0	0.3435710607	0.6564289383	0.0000000010
0	0.0000000000	0.9797043166	0.0202956833
1	0.0000728926	0.4146167483	0.5853103591
0	0.9789074398	0.0210925564	0.0000000038
0	0.0980259156	0.2860961048	0.6158779796
0	0.7101454073	0.0000152418	0.2898393509
0	0.6909721599	0.2689444453	0.0400833949
1	0.0000000000	0.9826163482	0.0173836518
1	0.0000001954	0.9999966826	0.0000031220
0	0.0006449784	0.4250150203	0.5743400013
1	0.4018583088	0.0329937169	0.5651479743
0	0.9935341472	0.0064658527	0.0000000000
0	0.9611750210	0.0118676268	0.0269573521
0	0.4026850000	0.5855214502	0.0117935498
0	0.0000000000	0.9944664649	0.0055335351
0	0.0000078184	0.9932252456	0.0067669360
0	0.0001904876	0.9991080483	0.0007014641
0	0.5001643685	0.4998356311	0.0000000004
1	0.0000000000	0.9195694307	0.0804305693
0	0.0815301717	0.0248275288	0.8936422996
0	0.2024717427	0.7975282572	0.0000000000
0	0.0797338004	0.8440466915	0.0762195081
1	0.0000030357	0.2464994792	0.7534974852
0	0.0236629224	0.2598122792	0.7165247984
0	0.2950067788	0.4325066534	0.2724865678
0	0.0000010580	0.0002909440	0.9997079981
0	0.0000000004	0.9915643724	0.0084356272
1	0.1288677427	0.8134149003	0.0577173570
1	0.0296166447	0.9072857235	0.0630976318
