2	0.0001261930	0.9757098736	0.0002327854	0.0060247772	0.0179063708
0	0.0153213810	0.7515104274	0.2318901782	0.0000000001	0.0012780134
0	0.3722506165	0.0031371304	0.4542505950	0.0934607802	0.0769008780
0	0.2591355609	0.1513875923	0.0557492347	0.0138590005	0.5198686115
0	0.1356007553	0.0214098976	0.1885662151	0.6512714033	0.0031517287
0	0.4489387331	0.0150599726	0.1145716740	0.4076245469	0.0138050734
0	0.5537145938	0.1392845982	0.0000619856	0.0016342890	0.3053045334
0	0.0016763937	0.0253758009	0.0021065044	0.9368737365	0.0339675646
0	0.0005638084	0.1519518803	0.4374504403	0.4097535878	0.0002802831
0	0.0351951236	0.5960106176	0.0001745309	0.3685414373	0.0000782906
0	0.3400834794	0.1010993771	0.2549961870	0.1204557384	0.1833652182
0	0.0052436233	0.5821533667	0.1619823655	0.0904835291	0.1601371153
0	0.1887843509	0.2957983073	0.2698840106	0.0249952901	0.2205380411
0	0.5337243204	0.1026114153	0.0023143129	0.1992978133	0.1620521380
0	0.2108869758	0.1999218513	0.5891910550	0.0000001180	0.0000000000
0	0.1478962404	0.0038136035	0.2340158345	0.1078733351	0.5064009865
0	0.0129838289	0.4823892951	0.1287214352	0.3604133926	0.0154920482
1	0.0799918661	0.3427880461	0.3337281360	0.2433666611	0.0001252907
0	0.0004731086	0.2576883684	0.4330842864	0.3055850974	0.0031691393
1	0.4778367137	0.2724599391	0.1252886848	0.0474351342	0.0769795283
1	0.2058962305	0.3654009644	0.2596570489	0.1690457562	0.0000000000
0	0.1508585100	0.6448385746	0.0000000127	0.1544500140	0.0498528887
0	0.0000000004	0.0481297510	0.0056583709	0.9436559408	0.0025559370
0	0.0118525961	0.4934748207	0.1285219880	0.2325106786	0.1336399166
0	0.0031794618	0.5695423531	0.0822477091	0.3450126223	0.0000178537
1	0.5525393683	0.0206949308	0.3046059256	0.1220916261	0.0000681492
0	0.1170639781	0.2616047471	0.0081175232	0.5507464062	0.0624673455
0	0.0351606772	0.0001328380	0.1158350974	0.4238266072	0.4250447803
0	0.0032880544	0.0004949730	0.9928418429	0.0032329938	0.0001421360
0	0.0555636829	0.8290294221	0.0151595004	0.0900621476	0.0101852469
0	0.0020894534	0.1016117163	0.2593866049	0.4992233477	0.1376888778
0	0.0076430362	0.0149415944	0.3151128050	0.4505276529	0.2117749115
0	0.0141953587	0.0028113189	0.0043017595	0.0166237206	0.9620678423
1	0.8503188439	0.0846087020	0.0008560635	0.0216257277	0.0425906630
0	0.0462671244	0.1228929666	0.6630688698	0.0122086055	0.1555624338
0	0.1401753375	0.0130481727	0.6278765431	0.0000000000	0.2188999468
2	0.0174985946	0.8946675808	0.0080334138	0.0798004107	0.0000000000
0	0.0433111451	0.0035294474	0.8617826493	0.0888140724	0.0025626858
0	0.1576817992	0.0129777966	0.0255143272	0.4620181922	0.3418078848
0	0.1059970388	0.3663689470	0.4234849989	0.1041356499	0.0000133653
2	0.0457177839	0.6600024469	0.2408620123	0.0441074060	0.0093103509
0	0.0655100518	0.3432262348	0.0006029230	0.2758521109	0.3148086795
0	0.0067157801	0.0792412046	0.7870010227	0.0092481053	0.1177938874
1	0.4357459879	0.0560239994	0.4283802166	0.0798140075	0.0000357886
0	0.1151560093	0.1531687616	0.4388240480	0.0876242776	0.2052269034
0	0.1065097858	0.0679132055	0.4400317692	0.1372588884	0.2482863511
0	0.1749490978	0.1206512586	0.0363118134	0.5199997632	0.1480880670
1	0.0000000000	0.0053258310	0.8120292359	0.1824391909	0.0002057422
1	0.0532847343	0.8393241869	0.0550681123	0.0207147812	0.0316081854
0	0.0345074093	0.7499248088	0.0567836422	0.0006390351	0.1581451046
0	0.0078988508	0.0806205249	0.2893199577	0.5606098174	0.0615508492
0	0.0795267761	0.1464032715	0.4109062594	0.1114173169	0.2517463762
0	0.0316234517	0.3370755527	0.3312887740	0.2383352635	0.0616769581
0	0.0003203359	0.0000010763	0.3921790797	0.4697166151	0.1377828930
0	0.0204063791	0.0573323973	0.8695345283	0.0054985252	0.0472281701
0	0.2672644763	0.0272287550	0.0519647997	0.5143437625	0.1391982065
1	0.2229931378	0.6176558263	0.0000001232	0.1306320482	0.0287188645
0	0.0156895680	0.0000013648	0.9665898055	0.0000001362	0.0177191256
0	0.0176417940	0.7630093710	0.0144152830	0.0118961260	0.1930374260
0	0.1545138818	0.2285445360	0.4101636606	0.1444053326	0.0623725890
0	0.0150412304	0.2506685097	0.0099227437	0.1915197253	0.5328477909
0	0.0029314753	0.9040771820	0.0201413987	0.0248261140	0.0480238301
0	0.1632748099	0.6781605500	0.0060284895	0.0847060042	0.0678301463
0	0.2581865033	0.2559016777	0.0153090995	0.0236747403	0.4469279793
0	0.6663263094	0.0247351523	0.0183594167	0.2807168591	0.0098622626
0	0.0005040373	0.0096743047	0.0327792757	0.9570423823	0.0000000000
0	0.0549213728	0.0398627388	0.0531448708	0.0082961233	0.8437748942
0	0.0000000287	0.0094429827	0.0042980199	0.3592948072	0.6269641616
0	0.0000020429	0.0591643831	0.1328042281	0.7992340203	0.0087953256
0	0.0031495524	0.2975397970	0.2586462450	0.4163256639	0.0243387418
0	0.1458410324	0.0761551085	0.5062438828	0.0068847545	0.2648752218
2	0.0000000000	0.6760929519	0.0000000000	0.3238973540	0.0000096941
1	0.0156049327	0.0082263320	0.5314055458	0.2952992594	0.1494639300
0	0.0099294539	0.1623583872	0.3820355136	0.0008680460	0.4448085992
0	0.3150605355	0.2965573210	0.2152760512	0.1725710466	0.0005350458
0	0.0013297617	0.5418525564	0.0388860369	0.0090490325	0.4088826126
0	0.0568834307	0.0063134196	0.4683149691	0.0211158754	0.4473723051
0	0.0198928271	0.0006003228	0.3405909979	0.2679406153	0.3709752369
1	0.3667660806	0.4489367996	0.1480910023	0.0000476530	0.0361584644
0	0.3265242463	0.0333660770	0.4167593903	0.2233443842	0.0000059023
1	0.1543554655	0.7267871304	0.0014335310	0.0474033198	0.0700205533
0	0.2236018445	0.0172758340	0.4613454440	0.2793887457	0.0183881317
0	0.0015250605	0.0153657468	0.3334815353	0.5192140752	0.1304135821
0	0.0228652746	0.0297113181	0.0608937199	0.7343533087	0.1521763787
1	0.1635769668	0.0740619073	0.3833240187	0.2732385568	0.1057985504
0	0.4001002483	0.0000000000	0.0256013547	0.3681018161	0.2061965809
1	0.3504927352	0.1800760725	0.3254549017	0.0817646312	0.0622116594
0	0.0010796696	0.0148342796	0.5801440191	0.3039019312	0.1000401004
0	0.0645154147	0.0270270572	0.4604303645	0.4479453371	0.0000818264
0	0.2034727113	0.1317447632	0.0862800446	0.4309539451	0.1475485357
0	0.1324379288	0.2232741710	0.0389629346	0.3746131945	0.2307117710
2	0.0012594040	0.3515622270	0.0378480989	0.6093302701	0.0000000000
0	0.1152775255	0.0408833589	0.3450898178	0.3941711667	0.1045781311
0	0.1380990215	0.0027364734	0.2842247807	0.4567115938	0.1182281306
2	0.2473720506	0.4989296432	0.1477290311	0.0017642578	0.1042050173
0	0.0000000000	0.0525234911	0.0000000115	0.4506188048	0.4968576926
1	0.0036395796	0.6618179600	0.0234867055	0.0000021415	0.3110536134
0	0.0719672249	0.0541361753	0.1789469314	0.6917798639	0.0031698045
0	0.0198075272	0.2614141321	0.5521433277	0.1654658171	0.0011691959
0	0.0047431867	0.2438023767	0.0046579187	0.5895842035	0.1572123144
