0	0.1280762561	0.2656549499	0.1264977854	0.3682517372	0.1115192714
0	0.6880861548	0.0398716942	0.0674422161	0.1977182341	0.0068817008
1	0.5502567448	0.0466721816	0.3744503263	0.0073464095	0.0212743379
0	0.0020973315	0.0329167543	0.2165544880	0.0000409786	0.7483904476
0	0.2655879846	0.0047746638	0.7028703969	0.0267668123	0.0000001424
0	0.0558788290	0.0751350620	0.0754507890	0.7931899072	0.0003454128
0	0.0843612620	0.0200921186	0.0272245225	0.8548582597	0.0134638372
0	0.0671039952	0.0002975233	0.5061829863	0.3877989594	0.0386165357
1	0.1731046550	0.0120262315	0.2665547999	0.5314781309	0.0168361827
0	0.4455194801	0.0047118939	0.1461426974	0.2353317207	0.1682942080
0	0.5685275115	0.3094481762	0.0013707699	0.0488977498	0.0717557927
0	0.1504291623	0.0038460182	0.0704805050	0.4223613997	0.3528829148
0	0.0039595491	0.0369757675	0.4147667574	0.5242434759	0.0200544502
0	0.0048142597	0.4132522444	0.1873722640	0.3945612317	0.0000000001
0	0.0003385421	0.1494371686	0.1305039562	0.3886133578	0.3311069753
0	0.3615041287	0.4285808173	0.0860080970	0.0008763528	0.1230306042
0	0.1531280968	0.0376171508	0.0059434141	0.2510988756	0.5522124627
0	0.0005630592	0.0000280649	0.4262283754	0.3558899444	0.2172905561
0	0.1019985826	0.1272562233	0.0560890313	0.6279825580	0.0866736049
0	0.5032844927	0.0213759223	0.1559563992	0.0153957043	0.3039874814
0	0.1192049995	0.0000000000	0.0650060494	0.7885195345	0.0272694166
0	0.2506641439	0.0000088247	0.6119800414	0.0394788953	0.0978680946
0	0.0761588529	0.4603098708	0.2427943172	0.1638351687	0.0569017903
0	0.1864001586	0.2492590696	0.1050759486	0.1537188644	0.3055459589
0	0.0040003788	0.6163928321	0.0325908292	0.2960595247	0.0509564353
0	0.0513192095	0.0203133100	0.8401810043	0.0881864762	0.0000000000
0	0.6768214058	0.1088196653	0.0134252167	0.0359371250	0.1649965873
0	0.0943381061	0.0001601875	0.6814194597	0.2155383375	0.0085439093
0	0.0043249826	0.0016518333	0.7696349133	0.0024205482	0.2219677227
0	0.0468074016	0.0154220601	0.4182809457	0.5168313962	0.0026581963
0	0.6284893789	0.0048583648	0.1158853972	0.2482412421	0.0025256169
1	0.2374997643	0.0562351061	0.0000000562	0.5740389193	0.1322261540
0	0.0100871902	0.0128604761	0.2718629865	0.5678527822	0.1373365651
0	0.2045042014	0.2359121870	0.4165081328	0.0709360523	0.0721394265
0	0.2937870233	0.0263488371	0.2254530283	0.4538157590	0.0005953524
0	0.0575701071	0.0230898254	0.2994343856	0.0607350368	0.5591706451
1	0.0624324726	0.0103721404	0.0665084807	0.7470523387	0.1136345677
0	0.3753439742	0.1417562729	0.1377937598	0.3451042250	0.0000017680
0	0.0214201822	0.8556843155	0.1208957858	0.0000049392	0.0019947773
0	0.2635079239	0.0000073986	0.0000000162	0.3058513350	0.4306333263
0	0.9733431642	0.0195239748	0.0053357901	0.0017970708	0.0000000000
0	0.1358748970	0.8055290374	0.0213176076	0.0310322806	0.0062461773
0	0.5378837752	0.3269704144	0.0823640286	0.0516807916	0.0011009903
0	0.0509726117	0.1852972139	0.2474477596	0.5162824148	0.0000000000
0	0.2562575992	0.0953235001	0.0045664498	0.6438524509	0.0000000001
0	0.0000000007	0.0000175945	0.0485951555	0.9205849105	0.0308023389
0	0.1287844324	0.0000001685	0.1678426820	0.6730426708	0.0303300463
0	0.0765005287	0.0678002520	0.0000098930	0.8426854383	0.0130038881
0	0.2200459192	0.0000000000	0.3219541144	0.3618741542	0.0961258122
0	0.0421489941	0.0244673741	0.9325999557	0.0007308068	0.0000528693
0	0.0006649300	0.6497477727	0.1524319519	0.0554350297	0.1417203157
0	0.4695343605	0.2293982880	0.0009916442	0.2995389862	0.0005367211
0	0.0005745974	0.0078725803	0.8677493295	0.0038393417	0.1199641512
1	0.1451623271	0.0566938972	0.0705432123	0.7276001425	0.0000004209
2	0.0111961730	0.2155853162	0.0005574456	0.5939203780	0.1787406872
0	0.0108503097	0.6113601584	0.0510305212	0.0456942878	0.2810647229
0	0.1578526776	0.0726628043	0.6736534365	0.0914114358	0.0044196458
0	0.1377498171	0.0852899088	0.1091871829	0.6379109675	0.0298621237
0	0.0018984658	0.0691647979	0.1203636737	0.7982239694	0.0103490932
0	0.2004922761	0.0021592730	0.0662826420	0.6651624611	0.0659033478
0	0.1613625708	0.1309642354	0.6765114072	0.0000069906	0.0311547959
0	0.6215527614	0.0929197826	0.1915676639	0.0523471472	0.0416126449
0	0.0272026264	0.0030377845	0.1013648635	0.8587620782	0.0096326474
0	0.0004596843	0.0035080173	0.2130929813	0.0979373813	0.6850019358
0	0.1507242925	0.0000042543	0.1603340693	0.6701557026	0.0187816812
0	0.3609777105	0.0063394044	0.0310756992	0.3753609067	0.2262462792
0	0.0000000040	0.0107593528	0.4861638046	0.5009512398	0.0021255987
0	0.0000001206	0.1139961212	0.0068369115	0.7715925368	0.1075743098
0	0.7356964666	0.0101778135	0.1840454667	0.0700802532	0.0000000000
1	0.0000000189	0.0737165944	0.2897053917	0.6352179499	0.0013600451
0	0.0253088162	0.0611335507	0.0659318336	0.8448663157	0.0027594838
0	0.0766602932	0.0058892697	0.8248715789	0.0027184204	0.0898604378
1	0.1016459948	0.0447530922	0.0000000000	0.8339003470	0.0197005660
1	0.2045532069	0.0156135858	0.3131621901	0.3712978785	0.0953731388
2	0.5793154720	0.2148365543	0.0075693672	0.0505755964	0.1477030102
0	0.0000000000	0.0043971989	0.1031132028	0.7935607647	0.0989288336
1	0.0000065610	0.8721192482	0.0007668361	0.1163742208	0.0107331338
0	0.0392600882	0.0070759454	0.9030704447	0.0491511016	0.0014424201
2	0.0916554730	0.0016278547	0.3157976922	0.5656066810	0.0253122990
0	0.0696651480	0.0000002375	0.4338401316	0.2244132798	0.2720812031
0	0.0915022189	0.1425540529	0.7028556535	0.0000491174	0.0630389574
0	0.0246046034	0.1687644208	0.3130900701	0.4127802120	0.0807606937
1	0.0569949757	0.4254718348	0.5034359529	0.0074709126	0.0066263239
0	0.0000000002	0.8634105009	0.0000056423	0.0759401319	0.0606437247
1	0.2107940328	0.2249066246	0.0000000000	0.1087156218	0.4555837207
0	0.0767758087	0.6897248719	0.0156144603	0.1163266585	0.1015582006
0	0.0268126974	0.0000073374	0.0842013728	0.7224621197	0.1665164727
0	0.5558586414	0.2619715233	0.0197672928	0.1238026385	0.0385999040
0	0.0074252714	0.8917573680	0.0929009239	0.0029812791	0.0049351576
0	0.0203092203	0.0069892707	0.2931637807	0.6129447437	0.0665929846
2	0.1361734270	0.7132761147	0.0636924882	0.0868042302	0.0000537398
0	0.0077046515	0.4692901420	0.5166609684	0.0002438117	0.0061004263
0	0.2008372878	0.0020638334	0.3934586612	0.2896127283	0.1140274894
0	0.0024549768	0.0160046391	0.9267848396	0.0547555445	0.0000000000
0	0.1424350827	0.0905757375	0.3909731498	0.3760112704	0.0000047596
0	0.6778691691	0.0005336787	0.0000475657	0.0003311018	0.3212184845
0	0.6367843061	0.0018275870	0.2882872579	0.0730363777	0.0000644713
0	0.0001153674	0.5824399754	0.2855557247	0.1147424465	0.0171464859
0	0.2721011987	0.0005216873	0.3448784450	0.3728294806	0.0096691884
0	0.7110783519	0.0475886380	0.0000320424	0.2354394500	0.0058615176
