0	0.0697974671	0.4476269220	0.4360216912	0.0351496194	0.0114043003
0	0.0000506834	0.0871476394	0.1262154561	0.7751894606	0.0113967605
0	0.0001062538	0.1578388773	0.1328787637	0.0143266203	0.6948494849
1	0.0020083717	0.1233199335	0.5899311477	0.2819159083	0.0028246387
0	0.4752217263	0.0004103182	0.0000001800	0.5243677754	0.0000000001
0	0.6860108042	0.0000000000	0.2347114118	0.0783758803	0.0009019037
0	0.3337415952	0.2125889089	0.4376408330	0.0000022819	0.0160263810
0	0.0760124640	0.4090794271	0.4612956607	0.0327339591	0.0208784892
0	0.0053796823	0.0447762613	0.7850864828	0.0069946359	0.1577629377
0	0.3883240682	0.0075904914	0.4198023351	0.1834082993	0.0008748059
0	0.8804239903	0.0038444085	0.0081604343	0.0927639276	0.0148072393
0	0.0000078591	0.3339122342	0.0061024935	0.4200790335	0.2398983796
0	0.0308378272	0.6338889258	0.0096267953	0.0962336400	0.2294128118
0	0.3766127202	0.0976675549	0.4058174616	0.1191165236	0.0007857396
1	0.1392446150	0.5926817792	0.0511398536	0.0574917742	0.1594419781
0	0.2377180899	0.0000000000	0.7521247345	0.0081754450	0.0019817306
0	0.0000000001	0.0657958468	0.0002911454	0.9339130076	0.0000000000
0	0.0028514424	0.0007597728	0.1357028324	0.8410617672	0.0196241851
0	0.0031982656	0.1386561784	0.0825281856	0.0964555254	0.6791618450
0	0.0824914157	0.0266608882	0.5559369836	0.0902501041	0.2446606084
0	0.1556751608	0.0000169696	0.4342746550	0.3421598352	0.0678733794
1	0.0473550253	0.2370630282	0.5640262133	0.0413911253	0.1101646078
0	0.0123628929	0.0000968098	0.1382008409	0.1006846966	0.7486547598
1	0.0080465983	0.1801206507	0.0008982444	0.7323746379	0.0785598687
0	0.1433795360	0.0000000001	0.5087340984	0.2911215200	0.0567648455
0	0.1061534872	0.0156289648	0.6072352992	0.2482182365	0.0227640123
0	0.0787546869	0.8621031409	0.0116716867	0.0474690296	0.0000014559
2	0.0000026580	0.0321915135	0.9656053880	0.0000000111	0.0022004294
1	0.1073185011	0.1682273368	0.2633300895	0.1919474923	0.2691765804
0	0.0056573905	0.1231126647	0.0242920778	0.5312838448	0.3156540222
1	0.1394554766	0.0006985793	0.3620837807	0.0278033570	0.4699588065
0	0.4525161698	0.0156994735	0.0698634549	0.2807968908	0.1811240111
0	0.0060371936	0.0972302127	0.0096939766	0.7357766462	0.1512619709
0	0.1515688490	0.0000455193	0.4896248813	0.2660189618	0.0927417885
0	0.1208623635	0.0000000066	0.8648564569	0.0142554363	0.0000257367
0	0.0054475087	0.0039266336	0.4065235330	0.2030435776	0.3810587471
1	0.0029474420	0.0000761419	0.9543798496	0.0000067013	0.0425898652
0	0.0120615944	0.0000001529	0.0243814251	0.8018890107	0.1616678169
0	0.1190178343	0.0002851104	0.0051128678	0.1414819557	0.7341022319
0	0.0000141035	0.0000019036	0.2024220212	0.6738828019	0.1236791698
0	0.3750450046	0.2077524853	0.0177367149	0.3994348367	0.0000309584
2	0.0673232199	0.8990083753	0.0237293764	0.0099209076	0.0000181208
2	0.0060613764	0.6790266424	0.0367667289	0.2781451153	0.0000001370
1	0.0380883486	0.0380103518	0.5489686421	0.2028591090	0.1720735485
1	0.7142673275	0.2788132564	0.0013056002	0.0011365688	0.0044772472
1	0.0020233431	0.0001687428	0.1134791337	0.1855719274	0.6987568530
0	0.6978908270	0.1077087072	0.0556085033	0.0843200561	0.0544719063
1	0.0157577399	0.5933955479	0.0000014074	0.2679087075	0.1229365972
0	0.5303826752	0.1947132410	0.0131529146	0.2121555248	0.0495956444
0	0.0000712971	0.0016717343	0.8523179171	0.1400471587	0.0058918927
0	0.0000866373	0.7566501463	0.2415100086	0.0017498937	0.0000033142
1	0.1937224869	0.4557708273	0.2752992575	0.0621023155	0.0131051128
0	0.0000057184	0.1526650646	0.0000000055	0.7946278836	0.0527013280
0	0.6332846896	0.0000791832	0.0386343673	0.2947400853	0.0332616745
0	0.3922914074	0.0000011356	0.4768999503	0.0206081130	0.1101993937
1	0.0008038680	0.6735807058	0.0440228657	0.2813453596	0.0002472009
1	0.0631546413	0.5495960447	0.1483930606	0.2387589005	0.0000973529
0	0.3265406255	0.0000623070	0.4584262408	0.1799903451	0.0349804816
0	0.1314917597	0.0757293047	0.0462494237	0.4755556252	0.2709738866
0	0.0003900171	0.0000003071	0.1573426624	0.8109619811	0.0313050323
0	0.0023703421	0.0096901792	0.0315643816	0.4120846445	0.5442904526
0	0.0697498305	0.1733351943	0.6444761895	0.1109428125	0.0014959731
1	0.6173636221	0.0586025498	0.0449536750	0.2125332450	0.0665469081
1	0.6176655591	0.0608474247	0.2225073478	0.0959413480	0.0030383204
0	0.5250124955	0.1863753774	0.1718529667	0.1167591604	0.0000000000
0	0.0000906723	0.0000004865	0.9900908172	0.0081754541	0.0016425698
0	0.1138428000	0.0300641647	0.7570786321	0.0265332254	0.0724811778
0	0.1127862772	0.0632448468	0.2124349906	0.4263524888	0.1851813967
1	0.0043056864	0.1096485476	0.8488433669	0.0195576980	0.0176447011
0	0.0904587745	0.0246860970	0.0000316801	0.0003380991	0.8844853493
0	0.5949391296	0.2759381621	0.1119220446	0.0001584770	0.0170421866
0	0.0009010770	0.0000000060	0.3595192062	0.6330087589	0.0065709520
0	0.0020402184	0.0045597371	0.3356369609	0.5170480921	0.1407149914
0	0.6611874790	0.1432364404	0.1771175320	0.0139661951	0.0044923534
0	0.0015323014	0.0000000005	0.0384367292	0.9600204894	0.0000104795
0	0.0084497955	0.0043506558	0.1072258788	0.8799199566	0.0000537134
0	0.0030992140	0.0132301722	0.0038627679	0.5845845555	0.3952232903
0	0.0243495914	0.2722405103	0.1266910103	0.0509526104	0.5257662776
0	0.0000118013	0.9093472714	0.0314964105	0.0107729980	0.0483715189
0	0.0022357912	0.0160218299	0.8722201677	0.0664295392	0.0430926720
0	0.0279923442	0.5927488687	0.3649909066	0.0142616568	0.0000062237
1	0.0039635944	0.0000407869	0.5367590490	0.4536114541	0.0056251156
0	0.0185698117	0.0466631524	0.9122908006	0.0046773645	0.0177988708
0	0.2455484537	0.0222541808	0.3814587818	0.1986339552	0.1521046286
0	0.4759896230	0.0215989927	0.0411600921	0.4516124209	0.0096388714
0	0.0006897619	0.1528814093	0.1547396571	0.6883375916	0.0033515801
0	0.5237527303	0.0983128397	0.0009515644	0.2551208699	0.1218619957
0	0.0241813024	0.0767128873	0.1334908152	0.7654825115	0.0001324836
1	0.2816155681	0.3007597257	0.0809401432	0.3366845630	0.0000000000
1	0.0014989757	0.1528679047	0.8314236334	0.0066207252	0.0075887610
1	0.0782095169	0.9182020971	0.0035321964	0.0000000000	0.0000561896
0	0.3367966517	0.0681311448	0.5886100182	0.0008798180	0.0055823673
1	0.0043053284	0.0000336643	0.0365302538	0.9590675210	0.0000632325
0	0.2127071906	0.3626627734	0.1546994338	0.1128494047	0.1570811975
0	0.0065821638	0.0000168598	0.0071049568	0.8690355876	0.1172604320
0	0.0006197783	0.6750553989	0.0977683405	0.2255119576	0.0010445246
0	0.1773547046	0.0936087782	0.2173787561	0.2170870792	0.2945706820
0	0.0001954707	0.2737360699	0.4364094629	0.2286225609	0.0610364355
0	0.7259213325	0.1245706141	0.0925196911	0.0428675822	0.0141207800
0	0.3147404519	0.4693025094	0.1953726193	0.0008969100	0.0196875094
