0	0.2949618877	0.0000028657	0.3607579361	0.3029325299	0.0413447806
0	0.0094304362	0.0320074260	0.3027904690	0.6178797711	0.0378918977
0	0.2337544385	0.1886812814	0.1432824230	0.4342818536	0.0000000035
0	0.0667533496	0.2989619024	0.2456000879	0.1810038398	0.2076808202
0	0.0751149407	0.6626467901	0.0071273408	0.1257645016	0.1293464267
0	0.3060141926	0.0495832984	0.0229391496	0.0559574559	0.5655059035
0	0.0016403333	0.0000000020	0.2082399831	0.5612034162	0.2289162654
0	0.0202286619	0.0050908158	0.6791827594	0.0512274943	0.2442702687
0	0.0000000000	0.4935729851	0.0033510806	0.4932831211	0.0097928132
1	0.0000709529	0.7899427735	0.1107009135	0.0992853601	0.0000000000
0	0.0356411011	0.0070667747	0.4624518109	0.1507605077	0.3440798057
0	0.0035479537	0.1698373467	0.3284035198	0.4982106177	0.0000005621
0	0.0294945972	0.2219598638	0.1306009745	0.4262510767	0.1916934878
1	0.1270524890	0.1257576986	0.6958997481	0.0493054929	0.0019845714
0	0.0668528652	0.1357837025	0.2120700409	0.0189407013	0.5663526901
0	0.0029138745	0.1005810335	0.0006695509	0.8840014832	0.0118340578
0	0.0442507179	0.6831485571	0.0733282818	0.0038016796	0.1954707636
0	0.0369666226	0.1249807542	0.0820413376	0.7501282740	0.0058830116
1	0.0150755543	0.7755104467	0.0537727051	0.1540280086	0.0016132853
0	0.0459217006	0.4964335066	0.0871047925	0.3705398361	0.0000001642
0	0.0275685595	0.0068478264	0.3272857723	0.5962112564	0.0420865855
0	0.0110439413	0.0038688843	0.0617265221	0.9029465734	0.0204140789
2	0.0000000000	0.3353011985	0.0404559594	0.3222318955	0.3020109466
1	0.4935737791	0.0940535012	0.0178718955	0.2622679593	0.1322328649
0	0.1896673418	0.0635986069	0.4871635762	0.2553755318	0.0041949433
0	0.1298937869	0.3760979793	0.0036902035	0.4903104693	0.0000075610
0	0.0009130083	0.1554091555	0.7788556399	0.0236032305	0.0412189658
0	0.8353506534	0.0784267825	0.0013417563	0.0229536443	0.0619271635
0	0.3237700708	0.0219125122	0.1512112831	0.3516007167	0.1515054173
0	0.3027024221	0.2875651786	0.2135357613	0.1236885033	0.0725081347
0	0.0000001110	0.1927313512	0.0077469921	0.6582294960	0.1412920497
1	0.1868951869	0.0046021395	0.2795093283	0.5136218253	0.0153715200
1	0.2235411247	0.2756000343	0.2003356906	0.1770822446	0.1234409059
1	0.0303369266	0.0591347903	0.5063377412	0.4028178030	0.0013727389
1	0.0026429016	0.0000270937	0.1263128561	0.2987564576	0.5722606909
0	0.6227696049	0.1727481099	0.0218372418	0.1826030802	0.0000419632
1	0.0373856563	0.1637916696	0.6177765087	0.0687290900	0.1123170754
0	0.1079541243	0.0000033090	0.0137223718	0.1079064952	0.7704136998
0	0.1311127327	0.2419513262	0.3810830292	0.2429044959	0.0029484160
1	0.6005344350	0.1090027196	0.0387483988	0.0000000001	0.2517144464
1	0.0298532328	0.3282611673	0.4204547505	0.2180607635	0.0033700859
0	0.3017638014	0.0000000044	0.0978276567	0.5934056505	0.0070028870
0	0.7931758737	0.0000000057	0.0681963618	0.0677217864	0.0709059725
0	0.5497133304	0.0168454283	0.0065416813	0.2747764571	0.1521231028
1	0.1312057187	0.2933422873	0.0526919008	0.1753045360	0.3474555573
0	0.0026340990	0.0000000000	0.1625277489	0.0537135672	0.7811245848
0	0.2890860485	0.0023395515	0.0841650435	0.6188486205	0.0055607360
0	0.0746049663	0.0011827490	0.7978028513	0.1263351412	0.0000742922
1	0.0000000000	0.0327944265	0.1717134313	0.7856221400	0.0098700022
1	0.0450711243	0.3411698968	0.0015262666	0.4539908011	0.1582419113
0	0.6552499073	0.0000246803	0.0208864129	0.0937221406	0.2301168589
0	0.0252862463	0.2300199308	0.1561238240	0.5694338520	0.0191361468
1	0.2768872419	0.2604398581	0.0091794827	0.4466100306	0.0068833867
1	0.0299593081	0.0000268849	0.7753357025	0.0326417478	0.1620363567
1	0.2777368653	0.0337843868	0.4218753700	0.2523422138	0.0142611641
0	0.0923532708	0.6329768292	0.1605649524	0.1112203770	0.0028845707
0	0.4241677472	0.0008156773	0.4188073103	0.1561763876	0.0000328777
0	0.0002694879	0.0000000000	0.0048135521	0.0655026177	0.9294143423
1	0.2597809770	0.6389533493	0.0922576410	0.0090079413	0.0000000915
0	0.2005967473	0.0002263097	0.4532015593	0.3234351607	0.0225402231
0	0.1556886905	0.6370447805	0.0006552757	0.0226970171	0.1839142362
0	0.1094905040	0.0159776835	0.3554275715	0.2036309953	0.3154732457
1	0.4938566511	0.2865769884	0.0378105999	0.1813142872	0.0004414733
0	0.0545718126	0.5139248854	0.2479515019	0.0174245864	0.1661272137
1	0.2004449834	0.2892809612	0.0084665896	0.0106067545	0.4912007113
0	0.0527940411	0.0561364949	0.0642811566	0.6918741928	0.1349141146
0	0.0059184471	0.0796035444	0.7018667990	0.2125945183	0.0000166911
0	0.0008741821	0.0725336303	0.8555697407	0.0701743180	0.0008481289
0	0.2639530138	0.2739686890	0.4090431226	0.0064220235	0.0466131511
0	0.0166312339	0.3914223526	0.2539213604	0.3253030370	0.0127220161
0	0.5529956531	0.2732661966	0.0897428920	0.0677864489	0.0162088095
0	0.0000944487	0.1338311101	0.6598424203	0.1174713066	0.0887607142
0	0.7591729878	0.0297909130	0.1126803135	0.0924805237	0.0058752619
0	0.5969265692	0.3772845531	0.0029817353	0.0065767265	0.0162304159
1	0.0010901629	0.1005252755	0.7780090300	0.1203737509	0.0000017806
2	0.1088711944	0.0641844019	0.8269443837	0.0000000200	0.0000000000
1	0.0282322312	0.4059000737	0.0139091709	0.0663046558	0.4856538685
0	0.0008994366	0.0000000014	0.0085467060	0.9756837589	0.0148700971
1	0.0467949801	0.0000506517	0.2436649419	0.6950724403	0.0144169859
0	0.0364952952	0.5494697908	0.0768447885	0.0318575054	0.3053326201
0	0.0027697627	0.0004646987	0.9674694373	0.0064089354	0.0228871659
1	0.1340419500	0.2556371374	0.5867351918	0.0235857209	0.0000000000
1	0.2252420327	0.3219473724	0.0429275671	0.2821635391	0.1277194887
0	0.0798627497	0.0475642822	0.1230586280	0.6622880634	0.0872262766
0	0.1248639419	0.4654447419	0.0109073128	0.2418506097	0.1569333938
0	0.0239141920	0.0288323889	0.0923677070	0.8548857121	0.0000000000
1	0.0064726341	0.9269727842	0.0057863013	0.0046374527	0.0561308276
0	0.1801935745	0.0301400880	0.3654035434	0.4147135919	0.0095492021
0	0.0605762689	0.0127364622	0.6893404996	0.0012586484	0.2360881209
1	0.0006880941	0.3254813043	0.6687795179	0.0000000007	0.0050510830
1	0.0281982354	0.6629708473	0.0024318176	0.1039277058	0.2024713938
0	0.6714020427	0.0032869034	0.2349308926	0.0799371484	0.0104430129
0	0.0126144109	0.7587024480	0.2286345207	0.0000486203	0.0000000000
0	0.4284096136	0.3394224006	0.2254042166	0.0067637475	0.0000000217
1	0.9440259253	0.0000031901	0.0316963995	0.0142462001	0.0100282849
0	0.0291097762	0.0386837366	0.3906321748	0.0358182487	0.5057560638
0	0.0000000000	0.1165153596	0.1887432987	0.1987554088	0.4959859329
0	0.0565632113	0.0020956446	0.8964443813	0.0438318908	0.0010648720
0	0.3936797870	0.0000390508	0.5465257833	0.0214260401	0.0383293388
0	0.0608058459	0.0272988209	0.2390394897	0.4626021250	0.2102537185
