0	0.1568432422	0.3123347064	0.0110931034	0.0939199468	0.4258090012
0	0.0000000000	0.6909617582	0.0090338586	0.1826978931	0.1173064900
0	0.1284788355	0.2695427371	0.0174746062	0.4685728878	0.1159309332
0	0.4291815918	0.0007570522	0.4098849641	0.0193919356	0.1407844562
0	0.0000000000	0.8283992312	0.0328230680	0.1387773589	0.0000003419
0	0.0992855853	0.0041578158	0.0113984367	0.2947950966	0.5903630656
0	0.0244221015	0.0100539121	0.9227139535	0.0093762919	0.0334337410
0	0.3678339114	0.5222057399	0.0004153178	0.0000000022	0.1095450287
0	0.0000000000	0.0026320992	0.8819297701	0.1154381308	0.0000000000
1	0.0000428036	0.0285874937	0.5438001605	0.4275695343	0.0000000080
0	0.4156093561	0.5557193444	0.0050381087	0.0049849081	0.0186482827
0	0.0000000000	0.3549577503	0.4877641301	0.1133496943	0.0439284254
0	0.1279508831	0.0001618022	0.5393521506	0.2761139473	0.0564212168
1	0.0420077399	0.0011473025	0.2073625449	0.5164174009	0.2330650118
0	0.5394876778	0.1246479369	0.1225324301	0.1568462713	0.0564856839
0	0.2449340963	0.1693311695	0.4330353566	0.1526990787	0.0000002989
0	0.1409019435	0.0167304051	0.1797650703	0.0961947555	0.5664078256
1	0.1381717307	0.0003656038	0.3893772855	0.4720850447	0.0000003354
0	0.0026297620	0.1166924570	0.8141698013	0.0118496294	0.0546583503
0	0.1058932332	0.6494924487	0.0511770444	0.0834411874	0.1099960864
0	0.0459277103	0.1010602292	0.1623000166	0.3405631320	0.3501489120
0	0.1170459710	0.0219392929	0.3060582494	0.1559582814	0.3989982054
0	0.5783596816	0.0153088012	0.0000740146	0.2461430513	0.1601144512
0	0.6975846379	0.0224441735	0.0205507684	0.0103363012	0.2490841189
0	0.0128031136	0.0273522101	0.8664320311	0.0315201626	0.0618924827
0	0.0189241508	0.5285067038	0.3749306404	0.0024983097	0.0751401953
0	0.0000349082	0.0148894561	0.0899828135	0.5815301341	0.3135626881
0	0.0003480080	0.4986327071	0.4101266581	0.0070397515	0.0838528754
0	0.0879902946	0.0267326745	0.8716466680	0.0136301462	0.0000002167
0	0.0000000005	0.0503969575	0.0246569871	0.0000000100	0.9249460448
0	0.0106972884	0.6785621261	0.2791669484	0.0308776526	0.0006959845
0	0.0000367448	0.2778671766	0.4619228812	0.0021803343	0.2579928632
0	0.0034980176	0.0566962635	0.1258240974	0.0350010971	0.7789805244
0	0.0404318375	0.1314887112	0.7773493801	0.0183984620	0.0323316092
0	0.0149193920	0.0000186225	0.9275826714	0.0488361442	0.0086431698
0	0.0430503573	0.0118977532	0.0333089828	0.4430930510	0.4686498556
0	0.5985370809	0.2847057109	0.0817042447	0.0104562953	0.0245966682
0	0.3871649758	0.1662568905	0.0274934744	0.4189972177	0.0000874416
0	0.0000000000	0.0279574165	0.2310421811	0.2220764636	0.5189239388
0	0.0000475402	0.1674321277	0.0303680620	0.0490771729	0.7530750973
0	0.0000280361	0.0000001574	0.0754444077	0.0455940170	0.8789333818
0	0.0000835896	0.0000000000	0.2661576291	0.1055854775	0.6281733038
0	0.0433325294	0.0000392019	0.8841710517	0.0040064194	0.0684507976
0	0.0025051659	0.0133297580	0.0000000000	0.3678446281	0.6163204479
0	0.0015337886	0.0229913516	0.9720388111	0.0003472735	0.0030887752
0	0.0174113592	0.0174182337	0.7143235124	0.2262552239	0.0245916708
0	0.4469294861	0.0000099075	0.5456024780	0.0074575657	0.0000005627
0	0.0095637567	0.9649007248	0.0004150535	0.0000000005	0.0251204645
1	0.0001775566	0.0007806161	0.9600141734	0.0287030476	0.0103246061
0	0.0000000000	0.0001979560	0.0028475808	0.9817786334	0.0151758298
0	0.0017846896	0.1531602473	0.4205954250	0.1177551713	0.3067044668
0	0.0000000345	0.0000585202	0.0000000000	0.0117211787	0.9882202666
0	0.7989156902	0.0078418616	0.0789468611	0.1110463379	0.0032492493
0	0.0814221404	0.0179999952	0.1513659956	0.7421282628	0.0070836060
0	0.3932939579	0.0000000000	0.3048652000	0.0056117473	0.2962290948
1	0.0563336113	0.0399836268	0.6921283575	0.2111544018	0.0004000026
0	0.0000296758	0.0011616783	0.5634599840	0.0554548492	0.3798938126
0	0.0000000002	0.0000015191	0.8423349636	0.0013285477	0.1563349693
0	0.0000000000	0.1408655516	0.7647106869	0.0943400673	0.0000836943
1	0.0008285498	0.0206308611	0.9772232456	0.0004419790	0.0008753645
1	0.0306592765	0.0000043353	0.4569423682	0.5089722437	0.0034217764
0	0.0001802188	0.8379233813	0.0965926998	0.0000000000	0.0653037000
0	0.0000000000	0.0005234418	0.5980570302	0.0003537271	0.4010658009
0	0.0000722453	0.4519649734	0.2492870052	0.2973132260	0.0013625500
0	0.0000163065	0.0000025801	0.8241203451	0.0323433263	0.1435174420
1	0.0000000000	0.1644025172	0.8089498327	0.0109540186	0.0156936315
0	0.0925773055	0.0602549188	0.3824963763	0.3639607870	0.1007106124
0	0.0000000132	0.0000016908	0.4354036175	0.0774112727	0.4871834057
0	0.0343551240	0.3648972292	0.2255559333	0.0528239138	0.3223677998
0	0.0895801239	0.3304382681	0.3460007131	0.1943501967	0.0396306982
0	0.0028428225	0.0381433724	0.8715629708	0.0293467932	0.0581040410
0	0.3417840091	0.1639686855	0.0454223849	0.0358972713	0.4129276493
0	0.0019063447	0.0000000000	0.0311173371	0.1740432012	0.7929331169
0	0.0734769375	0.2567138202	0.5033981483	0.0494784073	0.1169326866
0	0.6732462422	0.0631413518	0.2545754210	0.0000308161	0.0090061689
2	0.0000037845	0.0000000250	0.6907026355	0.3075514624	0.0017420927
1	0.1374239498	0.0000086789	0.8362109958	0.0030661477	0.0232902277
0	0.0327218541	0.3769440845	0.4984641084	0.0000013844	0.0918685686
0	0.3494097025	0.4048196302	0.2316362973	0.0000000000	0.0141343700
0	0.5179202874	0.2208830378	0.0294498786	0.2317467962	0.0000000000
0	0.0024182009	0.0455011206	0.9246770385	0.0273973214	0.0000063185
0	0.0278302677	0.0001907040	0.9689848600	0.0000000002	0.0029941681
0	0.0000000000	0.1458973246	0.3073095665	0.4925445677	0.0542485412
0	0.0000000000	0.8559253848	0.0770357538	0.0646486013	0.0023902601
0	0.0572791307	0.0105234377	0.0500194109	0.4349892387	0.4471887821
0	0.0084875935	0.0219573191	0.9198115646	0.0021953452	0.0475481776
2	0.0000000027	0.0000024068	0.5667749219	0.4117183012	0.0215043673
0	0.0202650623	0.2276165188	0.5083884407	0.1165828946	0.1271470835
0	0.3260246245	0.1042048169	0.0899899762	0.3627610169	0.1170195655
0	0.0003989779	0.0195771608	0.5536029531	0.0000000503	0.4264208578
0	0.0391370525	0.0565959297	0.1615000458	0.7423901817	0.0003767903
0	0.0713607709	0.6337317863	0.2088100132	0.0000000000	0.0860974296
1	0.0000000000	0.0289319197	0.4746812223	0.3478042611	0.1485825970
0	0.0000000000	0.5876178066	0.0772379730	0.3351442204	0.0000000000
0	0.0000407333	0.0698808266	0.0890864987	0.5288007248	0.3121912167
0	0.0306508481	0.1521807575	0.2683039789	0.3084837570	0.2403806584
1	0.0938643502	0.0102204313	0.4416043136	0.4363485831	0.0179623218
0	0.0359236243	0.2945590918	0.4390551288	0.2100629741	0.0203991811
0	0.2426986929	0.6529239069	0.0845529871	0.0198244132	0.0000000000
0	0.0000000000	0.1976624050	0.4042488376	0.0901406170	0.3079481404
