0	0.0006646342	0.4016000813	0.5977352845
0	0.0101027250	0.9487921134	0.0411051616
2	0.4552653063	0.2294087014	0.3153259923
0	0.0000000000	0.0000000000	1.0000000000
1	0.0033869207	0.7548406333	0.2417724461
1	0.0603857412	0.8331046612	0.1065095976
0	0.0000112523	0.1034147274	0.8965740204
1	0.0521909463	0.8612014938	0.0866075599
0	0.0164495535	0.0898786730	0.8936717735
1	0.0005065558	0.2938918869	0.7056015573
1	0.5517647105	0.2264231182	0.2218121713
0	0.8187988322	0.1812010374	0.0000001305
0	0.4564984984	0.2781944650	0.2653070366
1	0.0000001344	0.1120176192	0.8879822464
1	0.1122843420	0.2566324252	0.6310832328
1	0.2219131664	0.7674006530	0.0106861806
0	0.0129873639	0.7229001911	0.2641124449
1	0.0004713869	0.1139377966	0.8855908165
2	0.0000000001	0.9393821672	0.0606178327
0	0.0090543776	0.8298324850	0.1611131374
2	0.0708925207	0.0198866604	0.9092208189
0	0.0000000000	0.0394270526	0.9605729474
1	0.0812861063	0.0259547098	0.8927591839
0	0.0364495098	0.0000170528	0.9635334374
1	0.0261676614	0.4176007243	0.5562316142
1	0.0000000000	0.6281064437	0.3718935563
0	0.2650564137	0.0767604843	0.6581831021
0	0.2039822943	0.2492806836	0.5467370221
0	0.0501140257	0.9017323654	0.0481536089
0	0.5009447623	0.4335577846	0.0654974531
0	0.0454718337	0.8176616996	0.1368664667
0	0.0993447700	0.0988916927	0.8017635373
0	0.0515204394	0.0444393332	0.9040402274
0	0.3733372706	0.6210498764	0.0056128529
1	0.0291489895	0.0425118361	0.9283391743
0	0.0002812076	0.9969078919	0.0028109005
0	0.0000084380	0.8952684134	0.1047231486
0	0.1061616266	0.2713751796	0.6224631937
1	0.0043139796	0.2889195112	0.7067665092
1	0.2615425779	0.0000006001	0.7384568219
1	0.1042427494	0.0111139904	0.8846432602
0	0.0000000000	0.3097278831	0.6902721169
1	0.2908412320	0.2395976029	0.4695611651
0	0.2179407114	0.1464783932	0.6355808954
0	0.0635350401	0.7566444067	0.1798205531
0	0.0000022623	0.4545237316	0.5454740061
0	0.1211171283	0.7305421595	0.1483407122
1	0.0000000000	0.0409602451	0.9590397549
0	0.1408387792	0.8188139483	0.0403472725
1	0.0000737938	0.0316090677	0.9683171385
0	0.3907618092	0.2088933929	0.4003447979
0	0.0212463081	0.8732065996	0.1055470923
0	0.3606318764	0.3102071623	0.3291609613
0	0.0008153894	0.9068773293	0.0923072814
0	0.0000000000	0.7340488133	0.2659511867
0	0.2891169911	0.5591284872	0.1517545217
1	0.0268509673	0.7712034727	0.2019455600
0	0.0000734818	0.0013522401	0.9985742782
0	0.0000000000	0.0531744171	0.9468255829
0	0.0319859620	0.1888971656	0.7791168723
0	0.1163461055	0.1982620985	0.6853917960
0	0.1004242799	0.8101538421	0.0894218780
0	0.1354798066	0.0008382794	0.8636819140
0	0.0000050826	0.5294719558	0.4705229616
0	0.9608233493	0.0383413732	0.0008352775
0	0.0002956659	0.1058749826	0.8938293515
0	0.0000000000	0.9999999746	0.0000000254
0	0.0000000001	0.3250854813	0.6749145186
0	0.0000000000	0.0574199603	0.9425800397
1	0.0000000000	0.3340666767	0.6659333233
0	0.1238500440	0.0067023799	0.8694475761
0	0.7116690560	0.2618315113	0.0264994328
1	0.0662320289	0.0002399260	0.9335280452
0	0.0494798720	0.8685410039	0.0819791241
0	0.0000000003	0.3019082617	0.6980917381
1	0.1683769805	0.1086550549	0.7229679646
2	0.0000000000	0.1882004626	0.8117995374
0	0.0085344436	0.0149443534	0.9765212030
1	0.9921693240	0.0000000000	0.0078306760
0	0.0001565857	0.0380383978	0.9618050166
1	0.0000000123	0.8065069252	0.1934930625
0	0.0188130807	0.0000000000	0.9811869193
1	0.0055117887	0.0752498510	0.9192383603
0	0.0000753114	0.8650131957	0.1349114929
0	0.0000000000	0.9097719425	0.0902280575
0	0.0019171575	0.5696643350	0.4284185075
0	0.0167987649	0.4247773410	0.5584238941
0	0.1903193650	0.3262225422	0.4834580928
1	0.0000000000	0.0000060503	0.9999939497
0	0.0789209922	0.0000000017	0.9210790060
0	0.2736230480	0.5699372687	0.1564396832
0	0.0746998946	0.4607339248	0.4645661806
0	0.2623383697	0.7376614767	0.0000001536
1	0.1509189637	0.6282840659	0.2207969705
1	0.8566069295	0.0156175667	0.1277755038
0	0.5126271256	0.3315785451	0.1557943293
0	0.0007974391	0.0004782407	0.9987243201
0	0.0007023663	0.1748177726	0.8244798611
0	0.0000134602	0.1333084946	0.8666780451
0	0.0006729267	0.0252365328	0.9740905405
