0	0.0114589119	0.9085868793	0.0799542088
0	0.1893806485	0.0627842165	0.7478351350
0	0.3905060320	0.0633436711	0.5461502969
0	0.0168966832	0.9303758417	0.0527274751
1	0.0065795943	0.2728360454	0.7205843602
0	0.4481905014	0.3435634621	0.2082460365
0	0.0000000000	0.1639070789	0.8360929210
0	0.5357248208	0.4479133015	0.0163618777
1	0.0000039042	0.0028880504	0.9971080454
0	0.0038797517	0.0647319990	0.9313882493
0	0.5776302439	0.2890000337	0.1333697224
0	0.2071348856	0.6733595475	0.1195055669
1	0.9999999682	0.0000000000	0.0000000318
1	0.0023977910	0.0000000123	0.9976021968
0	0.0035696130	0.1547277737	0.8417026133
0	0.6330203292	0.1552751238	0.2117045470
0	0.4439227216	0.3341061159	0.2219711625
2	0.3765455625	0.4740907001	0.1493637373
0	0.6819883704	0.0793527947	0.2386588349
1	0.0239430717	0.6269186653	0.3491382630
0	0.0000004281	0.6622180465	0.3377815254
0	0.0519033025	0.2126193242	0.7354773733
0	0.5360416906	0.3176717642	0.1462865453
1	0.0000062206	0.4891224513	0.5108713281
0	0.0000000000	0.9781297483	0.0218702517
0	0.0178084950	0.5519508236	0.4302406814
1	0.0555451709	0.0816349935	0.8628198355
1	0.0007576224	0.1034145982	0.8958277794
0	0.0000044937	0.0226348090	0.9773606974
1	0.6774443340	0.0275780739	0.2949775921
0	0.0009114086	0.0003149039	0.9987736875
1	0.0107785786	0.8306700197	0.1585514017
1	0.0000000036	0.7588886029	0.2411113935
2	0.0018965064	0.9358967836	0.0622067100
0	0.0149388861	0.9568725214	0.0281885925
1	0.0187325701	0.0030657244	0.9782017055
1	0.0000000012	0.7043455867	0.2956544121
0	0.1966634975	0.5566796497	0.2466568528
2	0.0000010245	0.4716878675	0.5283111080
0	0.0688272801	0.3798238044	0.5513489155
0	0.0488113266	0.9511884835	0.0000001899
0	0.0005667054	0.0000000195	0.9994332750
1	0.0286070367	0.0625471275	0.9088458357
2	0.0000001545	0.0393693938	0.9606304517
0	0.0020288733	0.1752868485	0.8226842783
2	0.0000006829	0.3865554215	0.6134438956
0	0.6277912767	0.0000000007	0.3722087226
0	0.3478773373	0.3793390300	0.2727836327
0	0.0043152151	0.0694195037	0.9262652812
0	0.0684569105	0.4812679996	0.4502750898
0	0.0066595125	0.0576947526	0.9356457348
0	0.9129372348	0.0653294605	0.0217333046
1	0.0001307397	0.5218680384	0.4780012219
0	0.0000000000	0.8937483701	0.1062516299
1	0.9957343119	0.0000000124	0.0042656757
2	0.0064730706	0.0002026999	0.9933242295
0	0.0000016580	0.0004925000	0.9995058420
1	0.5369683211	0.3694741807	0.0935574982
0	0.0000000000	0.2194470320	0.7805529680
0	0.0697350630	0.6350955999	0.2951693371
0	0.0020807824	0.9975720214	0.0003471962
1	0.0008946409	0.1296769731	0.8694283861
1	0.0609619054	0.2530196181	0.6860184765
0	0.0016486358	0.8720302383	0.1263211258
0	0.3979454588	0.4901917930	0.1118627483
0	0.0003214603	0.0809038331	0.9187747066
0	0.9515691335	0.0036504663	0.0447804002
0	0.0296058919	0.0506015763	0.9197925318
0	0.0024306970	0.9378951973	0.0596741056
1	0.0000001893	0.1279858181	0.8720139927
1	0.0905565185	0.6033879462	0.3060555353
1	0.9693904388	0.0306089126	0.0000006486
0	0.1829229679	0.4335327283	0.3835443038
0	0.1635312425	0.4767200639	0.3597486936
0	0.0021009097	0.4984477766	0.4994513137
0	0.0149325036	0.5760407816	0.4090267148
0	0.0003060076	0.2674512979	0.7322426945
2	0.9653745650	0.0000655397	0.0345598953
0	0.0404695191	0.1984648115	0.7610656694
0	0.2314398117	0.5263530409	0.2422071474
0	0.0861740385	0.4559687157	0.4578572458
0	0.0000000000	0.3417977456	0.6582022544
2	0.0502700669	0.4531971306	0.4965328025
1	0.0000009569	0.3728839948	0.6271150483
0	0.2954421358	0.4833093199	0.2212485443
0	0.0338495374	0.0200186098	0.9461318528
0	0.0096113149	0.9640100003	0.0263786848
0	0.0111055231	0.0529895214	0.9359049556
0	0.0672231181	0.5394568075	0.3933200744
1	0.4595898094	0.0003823318	0.5400278588
0	0.0000074909	0.9999653068	0.0000272023
1	0.0003132305	0.0624297660	0.9372570035
1	0.0495208994	0.3184303039	0.6320487966
0	0.3711501526	0.1298488230	0.4990010245
1	0.7306903161	0.0065952569	0.2627144269
0	0.0000073915	0.2017636276	0.7982289810
0	0.0028419585	0.6539240592	0.3432339823
0	0.1962424137	0.4576956462	0.3460619402
1	0.2991722353	0.0014485487	0.6993792160
1	0.0013959066	0.9840768194	0.0145272740
