1	0.6825391745	0.0754876007	0.2419732248
0	0.0004443710	0.0061154765	0.9934401524
2	0.0000033853	0.0000075725	0.9999890422
0	0.0038778178	0.2872243385	0.7088978436
0	0.1671975908	0.0019663105	0.8308360986
0	0.1384531333	0.3202605109	0.5412863558
1	0.1957320299	0.0279923700	0.7762756001
1	0.0135335076	0.1536770681	0.8327894243
1	0.0015012931	0.9984936905	0.0000050165
0	0.0000041270	0.1051252038	0.8948706691
1	0.0109098495	0.5208212875	0.4682688630
0	0.0000126061	0.4185089816	0.5814784122
0	0.5832944889	0.4163657445	0.0003397666
1	0.0938561876	0.1767902621	0.7293535503
0	0.2740748099	0.7259251446	0.0000000455
0	0.0020361460	0.0040536275	0.9939102265
1	0.0000000000	0.0112106388	0.9887893612
1	0.1826414977	0.1464650384	0.6708934639
0	0.0000004643	0.0000034550	0.9999960807
1	0.0664512631	0.8666848916	0.0668638452
1	0.6477380543	0.1489167454	0.2033452002
0	0.0237205832	0.9361121674	0.0401672494
1	0.0000000000	0.0974244781	0.9025755219
1	0.0155858134	0.8390255306	0.1453886560
0	0.0000148083	0.1140203052	0.8859648865
1	0.0169135262	0.5141432405	0.4689432334
0	0.0001302167	0.2913391041	0.7085306791
0	0.0000000000	0.9922205540	0.0077794460
0	0.0000596823	0.0896516976	0.9102886201
0	0.9998100136	0.0000001190	0.0001898674
1	0.0418999237	0.1352330953	0.8228669810
1	0.4933767572	0.1215706881	0.3850525546
0	0.0000000032	0.0000014736	0.9999985232
2	0.0752848084	0.8373911843	0.0873240073
1	0.0010045156	0.7306612688	0.2683342156
0	0.0000001295	0.0490521932	0.9509476773
0	0.0025532226	0.4257500508	0.5716967266
1	0.0147257626	0.6054246480	0.3798495894
0	0.0080844307	0.1324324926	0.8594830767
0	0.0002440976	0.1873810970	0.8123748054
1	0.2277281013	0.0076876753	0.7645842235
0	0.3148494933	0.1581165627	0.5270339440
0	0.3324606709	0.2140442093	0.4534951198
0	0.3762738186	0.0005163249	0.6232098564
2	0.0267531524	0.8782131619	0.0950336856
0	0.0034607337	0.9772458966	0.0192933697
0	0.0394773051	0.1775202130	0.7830024819
0	0.0000000000	0.9660260284	0.0339739716
1	0.2111852887	0.7134956936	0.0753190177
1	0.2051201735	0.4534741002	0.3414057263
0	0.0593518712	0.0528798779	0.8877682509
0	0.6117578476	0.2854400024	0.1028021501
1	0.1969652411	0.0210648986	0.7819698603
0	0.0170242548	0.7563322555	0.2266434897
1	0.0000000011	0.0002544244	0.9997455744
0	0.0006404286	0.0000012274	0.9993583440
0	0.2697712927	0.1035613727	0.6266673345
0	0.0008562086	0.7655196585	0.2336241329
0	0.0000006913	0.4815731282	0.5184261806
1	0.4255239633	0.4390607663	0.1354152703
0	0.0026798637	0.7716854529	0.2256346834
1	0.0257553525	0.9742064971	0.0000381504
0	0.2296673427	0.6529102557	0.1174224017
0	0.0010010739	0.0130308731	0.9859680530
0	0.0938004609	0.4422414701	0.4639580690
1	0.0005699193	0.1384763460	0.8609537347
0	0.2313868938	0.7180278636	0.0505852426
0	0.3019867734	0.0371362963	0.6608769303
0	0.0029231147	0.0852696835	0.9118072017
0	0.0000000688	0.0282257136	0.9717742175
1	0.3236543691	0.1675471816	0.5087984494
1	0.2196279207	0.4595881329	0.3207839464
0	0.0244248615	0.0007049230	0.9748702155
1	0.2088968077	0.0824599269	0.7086432655
1	0.0022643438	0.5967220424	0.4010136138
0	0.0599406928	0.2117167122	0.7283425950
1	0.1588728069	0.1827383007	0.6583888924
1	0.0000274583	0.8713849554	0.1285875863
1	0.7038139737	0.0021750635	0.2940109628
0	0.2528140457	0.2520291037	0.4951568506
2	0.0006877390	0.7742695373	0.2250427236
1	0.0169669770	0.3060041681	0.6770288549
0	0.0001933112	0.0038095545	0.9959971343
0	0.0346058925	0.0032004550	0.9621936525
0	0.3246914444	0.5975702591	0.0777382965
0	0.2216001999	0.0286448070	0.7497549932
0	0.0005887370	0.9166265614	0.0827847017
0	0.7452139118	0.0729995283	0.1817865599
0	0.6893257994	0.3099922995	0.0006819011
0	0.0070817961	0.0002111693	0.9927070346
0	0.9950838546	0.0001607944	0.0047553510
0	0.0120866146	0.1604987313	0.8274146541
1	0.3371778992	0.5349759757	0.1278461251
0	0.0003772846	0.8471893691	0.1524333462
0	0.0000000000	0.0006661613	0.9993338387
1	0.4146450677	0.0692927628	0.5160621694
1	0.0000138705	0.1328080494	0.8671780800
0	0.4635864090	0.4905285947	0.0458849963
1	0.0000000000	0.0266409039	0.9733590961
0	0.0170882424	0.0007359871	0.9821757705
