0	0.4005687444	0.5989192934	0.0005119622
0	0.0086469547	0.0319260652	0.9594269802
0	0.0908172680	0.1401263686	0.7690563634
0	0.0729136699	0.1672699634	0.7598163667
0	0.0091599711	0.6095019266	0.3813381023
0	0.0032002333	0.9400737271	0.0567260396
0	0.0170572124	0.4835552221	0.4993875654
0	0.1501019269	0.6279414263	0.2219566469
0	0.1078528123	0.0034416538	0.8887055339
0	0.3008200307	0.2075974365	0.4915825328
1	0.0000000000	0.0030771637	0.9969228363
1	0.0876171354	0.4458718683	0.4665109963
0	0.0000012599	0.0001805586	0.9998181815
1	0.0003244508	0.3715567227	0.6281188265
1	0.2563443070	0.4376505121	0.3060051810
0	0.0000000157	0.3520507639	0.6479492204
0	0.7965617608	0.0000497396	0.2033884996
0	0.1248067332	0.3450737958	0.5301194711
1	0.0000077563	0.0017391322	0.9982531114
1	0.0019150297	0.5632557078	0.4348292625
0	0.4037691607	0.1238250551	0.4724057842
1	0.3289594803	0.3167273862	0.3543131335
1	0.0109387951	0.1042039749	0.8848572300
0	0.8308545640	0.0229128060	0.1462326300
0	0.0000000000	0.7423613476	0.2576386524
0	0.0000050259	0.9991469709	0.0008480032
0	0.9990965959	0.0008953350	0.0000080691
0	0.5889352921	0.0089945947	0.4020701132
0	0.0027338716	0.0000129517	0.9972531767
0	0.0000000000	0.0619337747	0.9380662253
0	0.0976308631	0.8674948612	0.0348742757
0	0.0171814176	0.6801505011	0.3026680813
0	0.1658668821	0.4579557732	0.3761773447
1	0.7350626815	0.2591563758	0.0057809427
0	0.2487486480	0.4798687048	0.2713826472
0	0.0889512069	0.4335509751	0.4774978180
0	0.0047869287	0.5688889697	0.4263241016
0	0.0003743442	0.9983511707	0.0012744851
1	0.0000566618	0.0821173254	0.9178260128
0	0.0203597500	0.9796393176	0.0000009324
0	0.0000238335	0.9164989282	0.0834772383
0	0.0279836049	0.9703452492	0.0016711459
0	0.0311474632	0.8902462737	0.0786062631
1	0.0052135322	0.0864111837	0.9083752841
0	0.0856891676	0.5784754964	0.3358353360
0	0.0213846572	0.1225037962	0.8561115466
0	0.3072069154	0.4502957518	0.2424973329
0	0.4231579677	0.0000005370	0.5768414953
1	0.0002019329	0.0471846903	0.9526133768
1	0.1259029289	0.1315333111	0.7425637599
1	0.3908021731	0.2750474102	0.3341504167
0	0.0000000191	0.9922078177	0.0077921632
1	0.1541242779	0.0000211914	0.8458545306
0	0.0353257841	0.0522709935	0.9124032224
0	0.0000000001	0.9419442827	0.0580557172
0	0.0081728705	0.0749585211	0.9168686084
1	0.0000036316	0.5668872526	0.4331091159
2	0.0034615292	0.0141284123	0.9824100585
0	0.0000000007	0.9999999993	0.0000000000
1	0.5022011561	0.0000001438	0.4977987001
1	0.0065084583	0.0069263878	0.9865651539
1	0.0144263683	0.2016301752	0.7839434565
0	0.5249351867	0.0065393159	0.4685254974
0	0.1413658737	0.2958086368	0.5628254895
0	0.3560090610	0.0107884070	0.6332025320
2	0.7725926236	0.0011870428	0.2262203337
1	0.0001183237	0.0336177298	0.9662639465
0	0.0738985761	0.5162922386	0.4098091853
1	0.4527522801	0.4028047382	0.1444429817
0	0.6932373347	0.0000010017	0.3067616637
1	0.0441261315	0.4655130009	0.4903608676
1	0.0737820143	0.0233881357	0.9028298500
0	0.0080895060	0.9878277810	0.0040827130
0	0.0000000003	0.5959578230	0.4040421767
0	0.0000000000	0.0815276691	0.9184723309
1	0.6211610503	0.2761948951	0.1026440546
0	0.0001763382	0.5287600865	0.4710635753
0	0.0063748358	0.7333610847	0.2602640795
0	0.0726839042	0.1854440483	0.7418720475
0	0.0000037812	0.1494539078	0.8505423110
0	0.0000001606	0.8155770602	0.1844227791
1	0.0001085386	0.1924683676	0.8074230937
1	0.0878587840	0.8194719356	0.0926692804
1	0.0000604311	0.9999382067	0.0000013621
1	0.6508711289	0.1728394418	0.1762894292
0	0.1607715439	0.7297668822	0.1094615739
1	0.0001823047	0.9339774022	0.0658402931
1	0.0000000000	0.4541277615	0.5458722385
0	0.3642827689	0.5723030506	0.0634141805
0	0.0331977786	0.7421872504	0.2246149710
0	0.1363688827	0.1032186733	0.7604124440
0	0.6552629622	0.1471938718	0.1975431659
0	0.0000013746	0.0021888486	0.9978097769
1	0.1051015588	0.1016001817	0.7932982595
0	0.5896131456	0.3420358082	0.0683510462
0	0.6289972078	0.0897869744	0.2812158178
1	0.0000149123	0.0702493609	0.9297357268
0	0.0049008765	0.0000000000	0.9950991235
0	0.7968998262	0.0985463905	0.1045537832
0	0.3611982812	0.1565655969	0.4822361219
