0	0.0000009419	0.2125893328	0.7874097253
0	0.0038505363	0.0000005947	0.9961488690
0	0.0094571697	0.6693062358	0.3212365945
0	0.0619583097	0.2207439019	0.7172977884
0	0.2693819647	0.4314585054	0.2991595299
0	0.0060390416	0.3001979173	0.6937630410
0	0.0373290308	0.3532455926	0.6094253765
2	0.0004414176	0.0936647992	0.9058937832
0	0.1498111688	0.0090422665	0.8411465647
1	0.0784154143	0.3208322954	0.6007522903
0	0.9835542445	0.0156624741	0.0007832815
0	0.5182579604	0.0274288939	0.4543131456
1	0.0621646841	0.1925271765	0.7453081394
0	0.0255045498	0.8142291453	0.1602663049
0	0.2453649595	0.0000003519	0.7546346886
0	0.3166337875	0.0723877967	0.6109784159
0	0.0434755153	0.2160446503	0.7404798344
0	0.4720367185	0.5278904059	0.0000728756
0	0.1477693991	0.1073862736	0.7448443273
0	0.2524724391	0.2666292159	0.4808983450
0	0.0365996602	0.4614253506	0.5019749893
0	0.2438300324	0.1245894548	0.6315805127
0	0.0000000007	0.4629957898	0.5370042096
0	0.9098961091	0.0002054909	0.0898984000
0	0.0012780495	0.8960520284	0.1026699222
1	0.0209431554	0.6155309479	0.3635258967
0	0.0000000000	0.7542354594	0.2457645406
0	0.0081388093	0.8820963140	0.1097648766
0	0.1092137380	0.8641367886	0.0266494734
0	0.0241265141	0.0176639359	0.9582095500
1	0.0424153881	0.8740368370	0.0835477749
0	0.0444098995	0.3289859938	0.6266041067
0	0.9723376241	0.0134020381	0.0142603379
2	0.5226307675	0.1732739683	0.3040952642
0	0.1065532126	0.6273035712	0.2661432162
0	0.0368138653	0.2913721234	0.6718140113
2	0.4234108280	0.0000000580	0.5765891140
1	0.0676292122	0.0000034764	0.9323673114
0	0.0080041969	0.8135611125	0.1784346905
0	0.0927489441	0.0647388884	0.8425121674
0	0.1592882867	0.3840386044	0.4566731090
0	0.0130406890	0.0069351013	0.9800242097
1	0.0203959962	0.4688615125	0.5107424913
0	0.0581100910	0.2695725662	0.6723173427
1	0.7139750761	0.0295962981	0.2564286257
1	0.0000031756	0.0001820235	0.9998148009
0	0.0000000000	0.7029657628	0.2970342372
1	0.0562218122	0.9437609072	0.0000172806
0	0.5273994527	0.2136519449	0.2589486024
0	0.3860927418	0.1594899894	0.4544172689
0	0.0005644163	0.0015985721	0.9978370116
0	0.3259707736	0.4980217698	0.1760074566
1	0.0002326546	0.0132243442	0.9865430012
0	0.0146011758	0.6726605742	0.3127382499
0	0.0051864566	0.6438657431	0.3509478003
0	0.0437500044	0.2259559871	0.7302940085
0	0.4589514100	0.5270590843	0.0139895056
1	0.0063947835	0.4600335375	0.5335716789
1	0.0000044386	0.3538796518	0.6461159097
0	0.0187424432	0.0046964032	0.9765611536
1	0.2149501472	0.0192637429	0.7657861099
2	0.3067158494	0.3806254698	0.3126586808
0	0.0220353533	0.7631891373	0.2147755094
0	0.0589309316	0.0012307203	0.9398383481
0	0.2496449673	0.3250578707	0.4252971621
0	0.0893467131	0.0425448391	0.8681084477
0	0.2766969818	0.5057723264	0.2175306918
0	0.0045401990	0.0654039758	0.9300558252
0	0.0983004259	0.4637655850	0.4379339891
0	0.8717208237	0.0487422209	0.0795369554
0	0.0000000000	0.0448766641	0.9551233359
0	0.0000000002	0.0420110040	0.9579889958
2	0.0000000000	0.1410135914	0.8589864086
0	0.0000000966	0.1224899536	0.8775099498
1	0.4609611015	0.4227034612	0.1163354373
0	0.0422360533	0.7772488458	0.1805151008
0	0.5696369483	0.1509823115	0.2793807402
0	0.0000010392	0.0125307479	0.9874682129
1	0.0343167899	0.7826629522	0.1830202579
0	0.0919955554	0.2389913053	0.6690131393
0	0.0000000000	0.4153953716	0.5846046284
1	0.0024689252	0.7845381786	0.2129928963
2	0.4820131429	0.0860525580	0.4319342991
0	0.0000000011	0.9999999646	0.0000000344
1	0.9725619455	0.0000000949	0.0274379596
1	0.7113421507	0.0955118631	0.1931459862
0	0.0000000000	0.9964922585	0.0035077415
1	0.0010121728	0.9892577753	0.0097300519
1	0.0103534100	0.5396012637	0.4500453264
1	0.1249644286	0.0000000000	0.8750355714
0	0.0930355485	0.7319476542	0.1750167973
0	0.0000000002	0.0377602675	0.9622397323
0	0.2611297099	0.0046146558	0.7342556344
0	0.0005251349	0.0000000028	0.9994748623
1	0.0000015114	0.9055109908	0.0944874978
0	0.0036485472	0.0171346384	0.9792168143
0	0.0479799960	0.0019151944	0.9501048096
1	0.5095385510	0.2637541117	0.2267073372
0	0.0687188790	0.0112961831	0.9199849379
0	0.0063847748	0.5912810617	0.4023341634
