1	0.1619325867	0.3160814534	0.5219859598
0	0.4586703082	0.5265347662	0.0147949256
0	0.3442124428	0.6008876249	0.0548999323
0	0.2003363560	0.7947293844	0.0049342597
1	0.0148283774	0.4573808444	0.5277907782
1	0.0068600146	0.2783974127	0.7147425727
0	0.0000001135	0.7703148439	0.2296850426
1	0.4472229229	0.0046517735	0.5481253036
1	0.6890071800	0.0250949303	0.2858978897
0	0.0000327923	0.9699935910	0.0299736167
0	0.0949131383	0.0867353346	0.8183515271
0	0.3405067598	0.4062058473	0.2532873929
0	0.0919036615	0.8527555963	0.0553407422
1	0.0638349885	0.0000058036	0.9361592079
0	0.0466895762	0.0104980352	0.9428123886
1	0.0000000000	0.9999830637	0.0000169363
1	0.0328593037	0.7534232063	0.2137174900
2	0.0122174673	0.0008049339	0.9869775987
0	0.0000000000	0.0354690444	0.9645309555
1	0.0003486594	0.9706302381	0.0290211024
0	0.0002122608	0.9997877276	0.0000000116
0	0.0003535682	0.0067712946	0.9928751372
1	0.0476869177	0.4896531182	0.4626599641
0	0.0000000000	0.9478997942	0.0521002058
0	0.0000016625	0.6458205477	0.3541777898
1	0.1843221337	0.8150691554	0.0006087109
0	0.2079637486	0.0029617377	0.7890745136
0	0.0000000001	0.0002180982	0.9997819017
1	0.0104045685	0.3644267093	0.6251687223
0	0.2980580839	0.1545035463	0.5474383698
1	0.0179841392	0.5625598164	0.4194560445
1	0.0000000000	0.9610847716	0.0389152284
0	0.4183606650	0.0361017109	0.5455376241
0	0.2561149383	0.7278736084	0.0160114533
0	0.0151916610	0.8606944584	0.1241138806
0	0.0235266688	0.4186706381	0.5578026931
1	0.0000337211	0.0998257127	0.9001405661
0	0.0000768638	0.0140361606	0.9858869756
0	0.0902288807	0.1735641158	0.7362070034
0	0.0434720837	0.5342505118	0.4222774045
1	0.0000658879	0.2655397662	0.7343943460
0	0.0000035166	0.0001969212	0.9997995622
1	0.0003388392	0.3559915094	0.6436696514
0	0.0000145697	0.1027373683	0.8972480620
0	0.0007146221	0.9978816297	0.0014037482
0	0.0288913720	0.6069468252	0.3641618028
0	0.1657763757	0.7962298536	0.0379937707
1	0.8344821190	0.0000000000	0.1655178810
1	0.2975135819	0.0003640859	0.7021223322
1	0.3668804285	0.5396465971	0.0934729744
1	0.0000549121	0.0286492566	0.9712958312
0	0.0000051631	0.7318477809	0.2681470560
1	0.0001434667	0.0042837392	0.9955727941
1	0.4429614107	0.5076485839	0.0493900054
0	0.2281884292	0.0363496665	0.7354619042
0	0.0000000000	0.6976401589	0.3023598411
0	0.0010615403	0.4216377534	0.5773007063
1	0.8801039258	0.0000023337	0.1198937405
0	0.2421307818	0.3515957229	0.4062734953
0	0.3231256417	0.5355814143	0.1412929440
0	0.0000000000	0.0302942664	0.9697057336
1	0.0005870015	0.1282527436	0.8711602549
0	0.0214817323	0.5898539204	0.3886643473
0	0.0740584450	0.1760566417	0.7498849133
0	0.0855024420	0.6397386866	0.2747588714
0	0.0649587557	0.9350351681	0.0000060762
1	0.0975528402	0.6662422488	0.2362049110
1	0.0000039880	0.1719053140	0.8280906980
0	0.0900982084	0.5489536948	0.3609480968
0	0.9805214556	0.0143921724	0.0050863720
0	0.0000946525	0.2601435441	0.7397618034
0	0.0000762890	0.1790143988	0.8209093122
0	0.0505176050	0.0003129106	0.9491694845
1	0.0014685047	0.0141189954	0.9844124999
0	0.0000007572	0.9575672055	0.0424320373
0	0.2533727143	0.7356091918	0.0110180938
1	0.0002226159	0.0003941214	0.9993832627
0	0.1415559283	0.0635431121	0.7949009596
1	0.3242719261	0.1154116390	0.5603164349
0	0.0504905435	0.7185777832	0.2309316733
1	0.0001437406	0.2163084763	0.7835477832
1	0.8172656474	0.0181602802	0.1645740723
1	0.0000000000	0.3303414800	0.6696585200
1	0.0000000012	0.9746983157	0.0253016831
0	0.0000330916	0.9657565950	0.0342103134
1	0.0364923235	0.4507893965	0.5127182800
0	0.0000000000	0.9868581174	0.0131418826
0	0.0417275018	0.5010100456	0.4572624526
0	0.2380941631	0.2168928292	0.5450130077
0	0.0543393863	0.8752495999	0.0704110138
0	0.0000374321	0.0545832008	0.9453793670
0	0.1155392410	0.0986408663	0.7858198927
0	0.0006259498	0.0001200071	0.9992540431
1	0.0000024817	0.0005373567	0.9994601616
0	0.0401572039	0.1320235650	0.8278192311
1	0.9327069924	0.0000000002	0.0672930073
1	0.0003227155	0.0000007717	0.9996765127
1	0.0000019042	0.9999957084	0.0000023874
1	0.3435322421	0.5861101944	0.0703575634
0	0.0297184944	0.7141486011	0.2561329046
