0	0.1227972659	0.1912937506	0.6859089835
0	0.0000000000	0.2712609993	0.7287390007
0	0.1814709393	0.0017989856	0.8167300751
1	0.7171704108	0.0030299706	0.2797996186
0	0.2710749020	0.0137168061	0.7152082919
0	0.0003376351	0.7171360108	0.2825263540
0	0.8009018829	0.0551188533	0.1439792638
1	0.1841695120	0.4783029243	0.3375275637
0	0.0965896202	0.0010236090	0.9023867709
0	0.0106765098	0.1222490704	0.8670744197
0	0.0902542160	0.1305262185	0.7792195655
0	0.8080727099	0.0102633545	0.1816639356
0	0.0252555691	0.9743129029	0.0004315280
2	0.0002344513	0.0178700854	0.9818954633
0	0.0000000000	0.1142914649	0.8857085351
0	0.2357821146	0.1692058931	0.5950119923
1	0.0530313313	0.0048129747	0.9421556940
1	0.0000000000	0.5912386955	0.4087613045
0	0.1480221043	0.6979333461	0.1540445496
0	0.0000000001	0.0000000000	0.9999999999
0	0.0000687336	0.1241575784	0.8757736880
0	0.8677171470	0.1213407405	0.0109421125
1	0.0235371222	0.9653832239	0.0110796539
0	0.0000000000	0.4894840001	0.5105159999
1	0.1885202382	0.3626645815	0.4488151804
1	0.9940135332	0.0056087223	0.0003777445
1	0.0000027244	0.5027217692	0.4972755064
0	0.0000000000	0.8744836078	0.1255163922
1	0.1108720975	0.8194688940	0.0696590085
0	0.9609282000	0.0210256885	0.0180461115
1	0.0366216923	0.5602533750	0.4031249327
0	0.0000000000	0.2888255571	0.7111744429
0	0.0015468900	0.0830968055	0.9153563045
0	0.0000004681	0.8099640691	0.1900354628
0	0.0000389324	0.9780452329	0.0219158347
0	0.0000015870	0.1373745674	0.8626238457
0	0.0040196924	0.8803193578	0.1156609498
1	0.0003891446	0.0109395406	0.9886713148
0	0.0006270948	0.5514430573	0.4479298479
1	0.0208213843	0.5172408668	0.4619377489
0	0.0000000273	0.1306786810	0.8693212917
1	0.0038179149	0.8350976093	0.1610844758
1	0.0188898075	0.8533863578	0.1277238347
2	0.2797823271	0.2752354546	0.4449822183
0	0.0000002405	0.0000000126	0.9999997469
0	0.0000000000	0.9555034036	0.0444965964
0	0.5637990199	0.2944977198	0.1417032603
1	0.0000000000	0.3274439220	0.6725560780
0	0.0000000183	0.1409311295	0.8590688522
1	0.0140205531	0.6233243194	0.3626551276
0	0.0005580374	0.3094237883	0.6900181743
1	0.2000426803	0.5726278569	0.2273294628
0	0.0702330310	0.1734985597	0.7562684093
1	0.2282260486	0.0213052975	0.7504686539
0	0.0395587912	0.9387182238	0.0217229850
1	0.9917765456	0.0000000000	0.0082234544
0	0.0000004964	0.9720325838	0.0279669198
1	0.6644156601	0.0604859503	0.2750983895
0	0.2457904010	0.3208709676	0.4333386314
1	0.0000000000	0.0264483969	0.9735516031
0	0.0000353376	0.0070797766	0.9928848858
2	0.0000000056	0.0000095821	0.9999904123
0	0.0370607735	0.0565604589	0.9063787676
0	0.0000803787	0.1849600600	0.8149595613
1	0.1187270099	0.8571412391	0.0241317511
1	0.0007293804	0.9921981300	0.0070724896
1	0.1127612165	0.2499646865	0.6372740970
2	0.0000029336	0.0025469792	0.9974500872
0	0.0000000703	0.6753854690	0.3246144606
1	0.0200671941	0.7761228182	0.2038099878
1	0.1899497670	0.0018663607	0.8081838723
2	0.3717806197	0.4723442573	0.1558751230
1	0.0000002510	0.8712030122	0.1287967368
0	0.0495715760	0.0414147373	0.9090136867
0	0.0006538805	0.9757934827	0.0235526367
0	0.0460335844	0.9518698414	0.0020965741
1	0.0054316574	0.9945561019	0.0000122407
0	0.0003747399	0.9967907338	0.0028345263
1	0.7647452078	0.0058896739	0.2293651184
1	0.0734237170	0.2760289793	0.6505473037
1	0.0052377860	0.0000136907	0.9947485233
2	0.0106988265	0.2677163679	0.7215848055
0	0.2240228789	0.4956343157	0.2803428054
0	0.0033889997	0.0266797098	0.9699312905
1	0.1758358828	0.6894010715	0.1347630456
1	0.1852116284	0.0952696648	0.7195187068
0	0.0000064535	0.7035374658	0.2964560807
0	0.4678911349	0.3059446114	0.2261642537
1	0.1188983482	0.3462949448	0.5348067070
0	0.9045304316	0.0000000000	0.0954695684
1	0.0072415499	0.2919684299	0.7007900203
0	0.0010156927	0.4115167208	0.5874675865
0	0.7903673157	0.0439546341	0.1656780502
1	0.1665527751	0.5452574131	0.2881898119
0	0.0008433249	0.0000462013	0.9991104738
0	0.6169491991	0.3818552121	0.0011955888
0	0.6928600203	0.0405532757	0.2665867040
0	0.0000000000	0.0193236917	0.9806763083
1	0.0524749838	0.9373297012	0.0101953150
0	0.0766608162	0.4433266430	0.4800125407
