0	0.0170520644	0.6667991998	0.3161487357
0	0.1736053869	0.7387272812	0.0876673319
1	0.0002364406	0.0639317893	0.9358317702
0	0.1276004683	0.3527355400	0.5196639917
0	0.2284852575	0.0196838209	0.7518309216
0	0.0008524554	0.5549847727	0.4441627718
1	0.0010485567	0.7625585577	0.2363928856
0	0.0250419857	0.0749768315	0.8999811827
1	0.4284634262	0.5715356973	0.0000008765
0	0.2063744154	0.2587268730	0.5348987116
0	0.0038312412	0.7272930549	0.2688757039
0	0.0434516718	0.2187644169	0.7377839113
1	0.0101793072	0.3584374724	0.6313832204
0	0.0345635624	0.6997849729	0.2656514647
0	0.0000000000	0.1242872367	0.8757127633
0	0.0164380406	0.5158868346	0.4676751248
1	0.0001214876	0.0405644466	0.9593140658
0	0.0004053975	0.8645260240	0.1350685785
0	0.0000064015	0.0691628560	0.9308307425
1	0.0272337560	0.7372915861	0.2354746579
0	0.0009359770	0.5830236431	0.4160403799
1	0.0000448088	0.8561118870	0.1438433042
1	0.0000000021	0.4657135547	0.5342864432
0	0.0000033156	0.0590827660	0.9409139184
1	0.0000000000	0.4813053946	0.5186946054
1	0.0000000000	0.7297353900	0.2702646100
2	0.2734132785	0.2890200969	0.4375666246
1	0.5012058011	0.1284219023	0.3703722966
1	0.0037817436	0.6593451685	0.3368730879
0	0.0000000000	0.1749346362	0.8250653638
1	0.0107668635	0.2115389831	0.7776941534
1	0.0061742507	0.9513195006	0.0425062487
0	0.9699727060	0.0221669569	0.0078603371
0	0.1566173485	0.8407758246	0.0026068269
0	0.1035624146	0.1078868468	0.7885507387
1	0.0254261893	0.1811738081	0.7934000026
0	0.0000007662	0.8383518150	0.1616474188
0	0.0455677287	0.9543767613	0.0000555100
0	0.6437016360	0.3435594177	0.0127389464
0	0.0007455657	0.6938556246	0.3053988097
1	0.0000418488	0.6220696694	0.3778884818
0	0.0024621944	0.9798127250	0.0177250806
0	0.0097782850	0.9388026312	0.0514190838
0	0.0000000329	0.0500019722	0.9499979949
0	0.0159349069	0.1739940252	0.8100710678
0	0.0000000000	0.0067576965	0.9932423035
0	0.0912436342	0.1107515520	0.7980048138
0	0.0079773154	0.9373680890	0.0546545957
0	0.2909462964	0.2632785012	0.4457752024
0	0.0005850851	0.0114828138	0.9879321011
0	0.0000000937	0.7294644231	0.2705354832
0	0.6484024985	0.0000363675	0.3515611341
0	0.0077637554	0.0355977121	0.9566385325
0	0.0427002814	0.0000000000	0.9572997186
1	0.0980812808	0.0468377847	0.8550809344
1	0.0003703966	0.9915041466	0.0081254567
0	0.2554304518	0.0046949243	0.7398746239
2	0.1274511458	0.5786957063	0.2938531479
0	0.0750796327	0.0429798852	0.8819404820
1	0.0000282455	0.0310257043	0.9689460502
2	0.3192477875	0.4705170445	0.2102351680
1	0.0040068133	0.9716730400	0.0243201467
0	0.0000003842	0.3635996320	0.6363999838
1	0.2450408388	0.1161207831	0.6388383781
1	0.0144988261	0.5316982998	0.4538028741
1	0.7054702031	0.2903104631	0.0042193338
0	0.4813950784	0.0442415358	0.4743633858
0	0.0113218417	0.7202206171	0.2684575412
1	0.0000000000	0.4702311835	0.5297688165
1	0.0000000000	0.1780467137	0.8219532863
0	0.2167961551	0.3830445799	0.4001592650
0	0.2363318903	0.7291856826	0.0344824271
0	0.0000000003	0.1004406970	0.8995593027
0	0.0056533895	0.6548477766	0.3394988339
1	0.0000000441	0.0173757513	0.9826242046
0	0.3052931164	0.6947062923	0.0000005913
1	0.2197791874	0.1496035713	0.6306172413
1	0.0202894604	0.1752325087	0.8044780310
0	0.0949231175	0.5865019141	0.3185749683
0	0.0000293382	0.2626936980	0.7372769638
0	0.0000000226	0.3416661674	0.6583338100
0	0.1227801399	0.0111212050	0.8660986551
0	0.0735781184	0.9203938014	0.0060280802
0	0.0003676879	0.9981412519	0.0014910602
1	0.0000094581	0.9999905419	0.0000000000
0	0.0100151527	0.9788231074	0.0111617398
1	0.5609807564	0.3170488956	0.1219703480
1	0.2582023137	0.1429071814	0.5988905049
0	0.1086599695	0.0417915475	0.8495484830
0	0.9303027223	0.0000093097	0.0696879680
0	0.1334829769	0.3063953970	0.5601216262
0	0.0495832947	0.2066319523	0.7437847530
0	0.0000747000	0.6029515229	0.3969737770
0	0.0000000000	0.6408276294	0.3591723706
0	0.3015879668	0.4055630118	0.2928490214
0	0.0183426853	0.1599374512	0.8217198635
0	0.0445587576	0.0070249562	0.9484162862
1	0.0748339109	0.0829907618	0.8421753273
0	0.0027057805	0.0923514160	0.9049428035
0	0.0515799850	0.0040602798	0.9443597352
