Values used for beta_0k(intercept). Sampled from -1.0 to 1.0 uniformly:
   1	0.7430479834
   2	-0.9423276265
   3	-0.9356946327
   4	0.7314416458
   5	0.9813331505
   6	-0.6733452147
   7	0.4121519388
   8	0.1353831503
   9	0.7268359761
  10	-0.8374209199
  11	-0.5796693987
  12	0.7894973297
  13	0.0999164436
  14	0.7561753943
  15	-0.7311904102
  16	-0.8368880459
  17	0.1052619799
  18	0.4237329180
  19	-0.5125436246
  20	-0.6825082202
  21	0.7311700359
  22	0.9070838075
  23	0.9413480013
  24	-0.8230646401
  25	0.2595406268
  26	0.9292004149
  27	0.8590716441
  28	0.0678692867
  29	0.7552623550
  30	0.8645287207
  31	0.9497788789
  32	0.9899048183
  33	-0.4677168589
  34	-0.7890439210
  35	-0.8770657480
  36	-0.7428091307
  37	-0.1818523455
  38	-0.5401782872
  39	0.5722019921
  40	0.3129280242
  41	0.3043775552
  42	0.7570905214
  43	0.1023291063
  44	0.0922654949
  45	-0.5075526172
  46	-0.9298128033
  47	0.4422457988
  48	0.1915806301
  49	0.6139520332
  50	0.1665009740
  51	-0.4186794899
  52	-0.9809811331
  53	-0.1634794278
  54	0.5296677111
  55	0.2729791609
  56	-0.2770014402
  57	-0.6739960485
  58	-0.3868933451
  59	0.2821024010
  60	0.4308650555
  61	-0.1637732981
  62	-0.0521131221
  63	0.8490134673
  64	-0.5885745824
  65	0.6000982752
  66	-0.3490282422
  67	0.2537935889
  68	0.3021470401
  69	-0.0228662850
  70	-0.3639806842
  71	0.8362774689
  72	-0.2755115533
  73	0.5942822195
  74	0.7285992980
  75	-0.7492231073
  76	0.3131271236
  77	-0.0306335381
  78	-0.2149138612
  79	-0.9295931937
  80	0.1032999314
  81	0.3921776098
  82	-0.6197396627
  83	0.8340966566
  84	0.2578073870
  85	0.0703847878
  86	-0.4516977533
  87	-0.3364938064
  88	0.0709797848
  89	0.7855269505
  90	-0.6819377784
  91	0.2051644992
  92	-0.5684563400
  93	0.5571767778
  94	-0.6087154896
  95	0.3068392523
  96	0.6626065937
  97	-0.8881732328
  98	-0.8581330057
  99	-0.0905197339
 100	0.0056915349

Values used for beta_k(effect). Sampled from normal with mean 0 and std 1.0:
   1	-1.2716076358
   2	1.0580931876
   3	-0.1982540994
   4	-0.7232442284
   5	-0.0041698110
   6	0.2434504363
   7	-0.9013852271
   8	-1.1366804704
   9	-1.2052838382
  10	0.0096148065
  11	0.3786040625
  12	0.6428932313
  13	0.1649942877
  14	-0.3966245278
  15	1.2240504245
  16	1.5585061931
  17	1.0586590859
  18	-1.6510264409
  19	-1.1769576811
  20	0.2963441702
  21	-1.5022440997
  22	-0.4787620325
  23	-0.1869202477
  24	-0.3248854827
  25	0.7305661932
  26	0.2860662485
  27	-0.2876672180
  28	0.7507690238
  29	-0.0978316483
  30	-0.6136090839
  31	0.1659054427
  32	-0.1793651476
  33	0.7618085312
  34	-1.3387182427
  35	0.5729938341
  36	-0.3496182392
  37	1.0273232803
  38	-0.1045906099
  39	-2.2381629329
  40	1.0385290798
  41	1.5639577108
  42	0.7270142213
  43	0.4315145471
  44	-0.0921182483
  45	-0.2499552736
  46	-1.0980319036
  47	-0.1414783008
  48	-0.2101919758
  49	-0.9865556893
  50	0.5325002878
  51	1.0076964178
  52	1.3159875162
  53	-1.0152607208
  54	0.1404012537
  55	-0.2915121968
  56	0.8584028267
  57	0.7399126728
  58	-1.1411619061
  59	-1.0930702138
  60	-0.2069239386
  61	-0.9335707853
  62	0.9634067735
  63	1.1830088952
  64	-0.8965146755
  65	-0.9856257678
  66	-0.4812904414
  67	2.3839449056
  68	1.0096033564
  69	-1.8703122291
  70	0.2552325557
  71	-0.5124829629
  72	1.1023177703
  73	-1.7593860593
  74	0.5435217755
  75	0.1470713841
  76	0.2512047758
  77	0.1424127884
  78	-0.4675229079
  79	-2.3787080843
  80	0.8482899346
  81	1.1697419509
  82	-2.2358264147
  83	0.5818069456
  84	-0.6778576089
  85	-0.3930842702
  86	0.4018366852
  87	1.4284249816
  88	0.6386546903
  89	-0.5298456050
  90	-2.3839152120
  91	0.1459377336
  92	0.0299592364
  93	0.1667841753
  94	0.3090663045
  95	-1.5656164806
  96	-0.2280842992
  97	0.1727177910
  98	1.0813051936
  99	-0.4508111444
 100	-0.1929136153
