Values used for beta_0k(intercept). Sampled from -1.0 to 1.0 uniformly:
   1	0.7487227578
   2	0.1529280161
   3	0.0699936833
   4	-0.7968729664
   5	0.0734019344
   6	-0.5579046560
   7	0.7275293354
   8	0.1600505901
   9	-0.2420179639
  10	-0.3716728849
  11	-0.3120237759
  12	-0.3407717879
  13	0.2096818573
  14	-0.4403725357
  15	-0.3523861959
  16	0.3960045314
  17	0.7130610224
  18	0.2408322702
  19	-0.1830690373
  20	-0.6345356301
  21	-0.1322285790
  22	-0.5020809002
  23	0.5164159048
  24	-0.2686367064
  25	-0.8553060162
  26	-0.0865897313
  27	-0.5023752335
  28	0.1901481482
  29	-0.9917884006
  30	-0.5497497710
  31	0.4829194351
  32	-0.3023853375
  33	-0.1445282326
  34	-0.0500550709
  35	0.8662201210
  36	-0.6095519418
  37	0.4827249803
  38	0.5419660130
  39	0.0874462922
  40	0.9958179065
  41	-0.5973813824
  42	-0.7215659899
  43	-0.7843852945
  44	0.5392191955
  45	0.7652061493
  46	0.5531729510
  47	-0.6031729766
  48	-0.4411953295
  49	-0.6103063897
  50	-0.1374817309
  51	-0.3533571599
  52	0.9093004410
  53	0.7251281235
  54	-0.4657891897
  55	0.7863406184
  56	-0.4075801599
  57	-0.3618538785
  58	-0.9200359992
  59	-0.1149588801
  60	0.1326656701
  61	0.0112129544
  62	0.6703943869
  63	-0.9789550128
  64	0.0665929690
  65	-0.7368596530
  66	-0.6726198368
  67	-0.3230791317
  68	-0.5685815645
  69	0.9431883268
  70	0.0340740260
  71	-0.9114363281
  72	0.9858933148
  73	0.0119201661
  74	-0.4516177946
  75	-0.4967295045
  76	0.7569527500
  77	0.4926917442
  78	0.9762514200
  79	0.7061911767
  80	0.3559619900
  81	-0.6649562360
  82	0.7769944795
  83	0.5096413893
  84	0.2472108205
  85	0.1330531715
  86	0.8425356591
  87	-0.6743326315
  88	0.7605708159
  89	0.1703203552
  90	-0.8501378757
  91	-0.2816381206
  92	-0.0792560689
  93	-0.8249159672
  94	-0.8501764363
  95	-0.0979660625
  96	0.8963805300
  97	0.3704691733
  98	-0.5076920340
  99	-0.6840579582
 100	-0.4771917149

Values used for beta_k(effect). Sampled from normal with mean 0 and std 1.0:
   1	0.5203684147
   2	0.1237164396
   3	0.0918709021
   4	0.3030451619
   5	0.0809413341
   6	1.3524354467
   7	-1.2847919134
   8	-0.1837604659
   9	-1.6751935024
  10	0.8479155310
  11	1.1686924437
  12	-0.3928412670
  13	-0.2301339551
  14	0.1058737709
  15	1.2294524708
  16	-1.1921624698
  17	-0.4930494047
  18	-1.3876141668
  19	0.9026525012
  20	-0.0160178187
  21	0.2462689030
  22	-0.0262140236
  23	0.2364782873
  24	-0.1904098335
  25	-2.8175026078
  26	-0.0575686390
  27	-0.9419954434
  28	-1.2408379096
  29	0.7503387755
  30	0.3621402476
  31	1.5706880401
  32	-1.4322051747
  33	-0.5664447413
  34	-1.2044506305
  35	1.6973641897
  36	0.4687711843
  37	-0.4750724537
  38	0.9919924965
  39	-0.2179590757
  40	0.7501199642
  41	-0.2183487714
  42	1.4508651720
  43	-1.3511189431
  44	1.2678569156
  45	-0.0399285024
  46	0.4101426485
  47	0.8378609533
  48	-0.0803911233
  49	-1.9231148555
  50	-0.6952896068
  51	0.6597839109
  52	0.8923054133
  53	1.0537966787
  54	-1.0278038174
  55	-0.6006664500
  56	-1.1571707931
  57	-0.8579287792
  58	-1.9340876289
  59	0.5886605276
  60	-1.3642900686
  61	0.6761222473
  62	-0.9960139458
  63	0.3782829958
  64	0.5396916071
  65	2.4139615762
  66	-0.4333607515
  67	-1.3557805021
  68	0.8568342194
  69	-1.0978827774
  70	-0.4923720330
  71	0.5749966440
  72	2.2359626224
  73	1.3808150582
  74	-2.1079095770
  75	-0.1264302423
  76	-0.6719097568
  77	0.0782503950
  78	1.2508777396
  79	1.0888392405
  80	-0.3164386825
  81	-2.0194629479
  82	0.3305692339
  83	0.4237709532
  84	-0.3466564985
  85	-0.0105046415
  86	0.4709744941
  87	-0.1049603906
  88	-1.4583674536
  89	-0.4027586906
  90	-0.5588660780
  91	0.4685094295
  92	-1.3265309454
  93	-0.0706583526
  94	0.2526806599
  95	-0.5849999460
  96	-0.5033800717
  97	0.4202131765
  98	0.0341913394
  99	-0.0867297206
 100	0.2883192015
