1	0.0496890731	0.0190548185	0.5959941747	0.1926973330	0.1425646007
1	0.0417881929	0.0000000000	0.1238517515	0.0357325821	0.7986274735
1	0.0000000000	0.0000112630	0.0317971753	0.2215909680	0.7466005937
0	0.3955478452	0.0714394002	0.0513504096	0.1853075842	0.2963547608
1	0.3638438264	0.0000795727	0.0000000000	0.0275307184	0.6085458825
0	0.0005206742	0.0155900110	0.0000099108	0.0420282030	0.9418512010
2	0.0000000000	0.1117741559	0.0000840128	0.4155590463	0.4725827850
0	0.3369114532	0.0000000199	0.5240094285	0.0002214650	0.1388576334
0	0.0008751656	0.0000858699	0.0130473493	0.3579659071	0.6280257083
0	0.1244099001	0.0000018994	0.0458745371	0.0004796273	0.8292340361
0	0.2492986250	0.0290089693	0.1570547112	0.0748438238	0.4897938707
0	0.0022922154	0.0013147613	0.0001725665	0.0000012331	0.9962192237
0	0.0000000000	0.0000000000	0.0067210780	0.0000000000	0.9932789220
0	0.0024587016	0.9499041847	0.0000000000	0.0383954186	0.0092416950
0	0.5899672015	0.0009757117	0.3406193464	0.0000000000	0.0684377404
0	0.0061441872	0.9048367997	0.0889382381	0.0000000000	0.0000807749
0	0.9775937835	0.0136182033	0.0046239605	0.0000132028	0.0041508499
0	0.1816638247	0.0000004778	0.1209110269	0.0000000000	0.6974246706
0	0.0000171226	0.0000000000	0.0678546981	0.0000671150	0.9320610643
0	0.2187718601	0.4209624648	0.2215247529	0.0009333420	0.1378075802
0	0.4683065569	0.4047480691	0.0134859962	0.1134593778	0.0000000000
0	0.1048792228	0.0201319594	0.2841053183	0.0599663297	0.5309171698
0	0.0042346014	0.0000000000	0.2263143666	0.0078626276	0.7615884043
1	0.1014122342	0.0000000000	0.0809522983	0.5600728645	0.2575626029
1	0.0001979656	0.4529329090	0.0466721190	0.0136466217	0.4865503846
0	0.0000028777	0.0708949080	0.5612867650	0.3242647537	0.0435506956
1	0.6654970982	0.0485694287	0.1922109294	0.0830751705	0.0106473732
0	0.5714959106	0.0338318939	0.0283920881	0.3660372954	0.0002428119
0	0.0004905306	0.0002118630	0.1571400191	0.6907153181	0.1514422692
0	0.1207289151	0.1188896411	0.0005819065	0.7597779788	0.0000215585
0	0.0000549606	0.0710534811	0.5228629231	0.0000013222	0.4060273131
0	0.0563293100	0.0000038053	0.4186997944	0.4587705156	0.0661965747
0	0.0087407002	0.0000000002	0.0088040484	0.0067459814	0.9757092699
0	0.3415573875	0.2361316923	0.0188218233	0.0671575196	0.3363315772
0	0.0000169631	0.0336516770	0.6878445077	0.0016396085	0.2768472436
0	0.0750963943	0.3313871065	0.0473207761	0.5448287145	0.0013670087
1	0.5503892150	0.3131193409	0.1019553730	0.0001119407	0.0344241305
0	0.6376686770	0.0000059579	0.0215818999	0.1684724659	0.1722709992
0	0.4348584703	0.0000000000	0.0067374891	0.0150228531	0.5433811875
0	0.0001409337	0.5493121988	0.0743221526	0.0017117128	0.3745130021
0	0.4424313382	0.0000000000	0.0919324974	0.0000000000	0.4656361644
1	0.0000000000	0.0000000000	0.8325388027	0.0104562804	0.1570049169
0	0.0000005733	0.0000000000	0.1185553850	0.0000658759	0.8813781658
0	0.3313616642	0.0027789606	0.0451030586	0.0000150425	0.6207412742
0	0.0147235447	0.0000000000	0.0000614927	0.0008109913	0.9844039713
0	0.0001035138	0.0007234950	0.0750568601	0.8511815581	0.0729345730
0	0.5670617969	0.0334667587	0.0019693994	0.0127760806	0.3847259644
0	0.0975050762	0.0010385744	0.8876970885	0.0047973188	0.0089619420
0	0.0091448410	0.0000625951	0.0197138374	0.0000000000	0.9710787265
0	0.0169456933	0.3114337244	0.4174570519	0.0000996680	0.2540638625
0	0.2006826532	0.0652560311	0.1724643963	0.0059870320	0.5556098874
0	0.3796032348	0.2112932935	0.1005548574	0.1106618287	0.1978867857
0	0.2743275038	0.4617164624	0.0153201137	0.0054439222	0.2431919979
0	0.3445037319	0.1952394296	0.0083609677	0.0198381106	0.4320577602
0	0.1150484780	0.0000000000	0.3543844960	0.1033529295	0.4272140965
0	0.0000000000	0.0204264321	0.0004578059	0.0155960053	0.9635197567
0	0.0000039293	0.1949464288	0.1529135464	0.0065536777	0.6455824177
0	0.3727151575	0.2928580523	0.0458092910	0.0000009569	0.2886165423
0	0.0248037486	0.1091712823	0.3153795890	0.0000000177	0.5506453624
1	0.0000000000	0.7982821139	0.0195295410	0.0050146327	0.1771737124
0	0.0219028830	0.0008873648	0.1791115530	0.0048056110	0.7932925883
0	0.0004370826	0.0366772262	0.7719346903	0.1403640056	0.0505869953
0	0.2760736407	0.0767819767	0.1346824175	0.0009899309	0.5114720342
0	0.0666941392	0.0000200645	0.0097260083	0.0000037366	0.9235560515
0	0.0003122849	0.1000389225	0.0000182572	0.0007652015	0.8988653339
0	0.0002718062	0.0523701803	0.0000033255	0.9180045337	0.0293501543
0	0.0000010914	0.2788658432	0.6472460803	0.0000051581	0.0738818271
0	0.0322370793	0.0023041157	0.0000000001	0.0000000000	0.9654588050
0	0.1652018936	0.0007936570	0.6555981155	0.0314060974	0.1470002366
0	0.2715679500	0.0207170777	0.5237016660	0.1311408248	0.0528724815
0	0.0000000000	0.0001857173	0.4371016425	0.2444377685	0.3182748717
0	0.1812697766	0.1980280735	0.1980059651	0.3610572924	0.0616388924
0	0.1399715319	0.0318544525	0.4341616322	0.3894749100	0.0045374734
0	0.5467014201	0.0335182451	0.0000226240	0.3698780194	0.0498796914
0	0.9470008299	0.0008403335	0.0000642610	0.0000838475	0.0520107281
0	0.0514188824	0.0009427403	0.0526974276	0.2955103423	0.5994306073
0	0.1133694010	0.0715238031	0.7231792068	0.0919242769	0.0000033123
0	0.0000008664	0.0151169972	0.2038522840	0.1020555402	0.6789743123
0	0.6989142199	0.0034608016	0.0011833181	0.0097075485	0.2867341119
1	0.0026308224	0.0000473704	0.0055207251	0.0174274696	0.9743736126
0	0.2328142912	0.1344039554	0.4645857428	0.0116185012	0.1565775095
0	0.0010121875	0.0237357128	0.7716092906	0.0246939937	0.1789488153
1	0.0274268908	0.5938584485	0.2778985398	0.0861500543	0.0146660666
0	0.0052955847	0.0013741763	0.8137758290	0.0001417917	0.1794126183
0	0.0000000001	0.6773537270	0.0000000000	0.0895581591	0.2330881139
0	0.0091415955	0.0016779192	0.2974202263	0.2602447378	0.4315155213
0	0.8579945654	0.0259952369	0.0000000000	0.0018988881	0.1141113096
0	0.0000491061	0.8034929047	0.0002134552	0.1962445333	0.0000000008
0	0.6568223666	0.3078203020	0.0353573282	0.0000000000	0.0000000032
0	0.0024241126	0.1085553687	0.8478346682	0.0032387346	0.0379471158
0	0.2003120005	0.0000045530	0.3272312980	0.0008789210	0.4715732274
0	0.0404589025	0.0208531004	0.5016349058	0.0472347074	0.3898183838
0	0.0000464697	0.0000332014	0.0712633381	0.0031473119	0.9255096789
0	0.0348075604	0.0000000000	0.0260551288	0.0307466727	0.9083906381
1	0.1552615293	0.5679048264	0.1171476995	0.0122785566	0.1474073882
0	0.0068485382	0.0139529664	0.0012850999	0.0102478822	0.9676655134
0	0.0000314425	0.1954354896	0.0000000481	0.0087113673	0.7958216524
0	0.0075456404	0.0013616790	0.3831396151	0.0007347535	0.6072183120
0	0.0925833901	0.0004916973	0.0184785060	0.0096576927	0.8787887139
0	0.0005964145	0.4733857387	0.4574466149	0.0000006851	0.0685705468
