0	0.2273758904	0.0368481206	0.7175750967	0.0022958109	0.0159050815
0	0.0103293108	0.0001174137	0.0039558244	0.0000000007	0.9855974504
0	0.0000000526	0.0467930969	0.4934466464	0.0037835604	0.4559766436
1	0.0000000000	0.0409433395	0.8657949690	0.0014012443	0.0918604472
0	0.0000010396	0.3533352209	0.1052245570	0.0719684783	0.4694707042
0	0.0000000000	0.0532269678	0.6994221683	0.1613909953	0.0859598686
0	0.0245807320	0.0000001547	0.8336076816	0.0004348160	0.1413766156
0	0.0027551173	0.8757455329	0.0105178767	0.1005311972	0.0104502759
0	0.0886421712	0.2966137597	0.0036525596	0.4234762848	0.1876152247
0	0.2758075491	0.0146299821	0.0076891225	0.6676404369	0.0342329094
1	0.0646886867	0.1716533103	0.7401614728	0.0000000000	0.0234965303
0	0.0834459617	0.0684647994	0.0000164758	0.1982479554	0.6498248077
0	0.0000012143	0.2378225393	0.6000169935	0.1534295285	0.0087297243
0	0.4621870812	0.0295935422	0.4986671932	0.0094103152	0.0001418682
1	0.0002909643	0.9743405291	0.0144744743	0.0082324318	0.0026616006
0	0.1750768593	0.0634085638	0.0009661030	0.3297962416	0.4307522323
1	0.0003332692	0.0675629218	0.8773051759	0.0531697132	0.0016289200
0	0.6059120612	0.0761890153	0.0875682963	0.0000000000	0.2303306273
0	0.0000000523	0.0051576582	0.0701941309	0.0028992185	0.9217489402
0	0.0000000000	0.0000000169	0.0000000000	0.0000000000	0.9999999831
0	0.3822754980	0.1981240665	0.0403109143	0.3769231759	0.0023663453
0	0.0001150239	0.7168125307	0.1498792316	0.1312569715	0.0019362422
0	0.0000223609	0.0036238228	0.6380639245	0.0131069585	0.3451829333
0	0.0492354097	0.0840513661	0.4467262720	0.0089919654	0.4109949868
0	0.0751849230	0.0112504157	0.9135589116	0.0000057137	0.0000000360
0	0.2009523945	0.0625790149	0.6180112493	0.0042459522	0.1142113891
0	0.2599993418	0.0209558132	0.1806677244	0.0000010675	0.5383760531
0	0.0012066382	0.0000000000	0.5305416340	0.0102192810	0.4580324468
0	0.0469684941	0.4420174907	0.4909300850	0.0020524409	0.0180314893
0	0.2845954778	0.0332018274	0.5092851494	0.0007613782	0.1721561672
0	0.3796794499	0.0706064982	0.0424455383	0.0167750501	0.4904934635
2	0.0000000000	0.4304262859	0.4041729887	0.0285739937	0.1368267317
0	0.1021972539	0.7823407468	0.0388020715	0.0377573425	0.0389025854
0	0.0126830985	0.1620938948	0.2485363903	0.0122947597	0.5643918567
0	0.5055888217	0.0327866245	0.1061089705	0.2093053641	0.1462102192
0	0.3860971834	0.0726553407	0.0528797914	0.0446729655	0.4436947191
0	0.6083403687	0.0115756733	0.0092361037	0.0127260474	0.3581218069
0	0.1182469243	0.2340736745	0.0000000555	0.4359969902	0.2116823556
0	0.0126885902	0.0342348142	0.8997675208	0.0317625219	0.0215465529
0	0.0234235939	0.0033092275	0.1999570632	0.0003090384	0.7730010770
0	0.1515530380	0.0000000000	0.0000043371	0.8460693095	0.0023733155
0	0.0000137719	0.0053111098	0.4987679201	0.0042425195	0.4916646787
0	0.0013970594	0.0577218895	0.0727609525	0.8124975085	0.0556225900
0	0.0000000000	0.1946051047	0.0989259909	0.5244828680	0.1819860364
0	0.0000000000	0.2505305704	0.3922975991	0.2599956338	0.0971761967
1	0.0000000000	0.0453724855	0.9527695021	0.0001994995	0.0016585129
0	0.2726110502	0.1265356460	0.2419888002	0.2109536557	0.1479108480
0	0.0548784244	0.5102107928	0.0577184909	0.0054450327	0.3717472592
0	0.0000240543	0.0658016266	0.1629084965	0.2057533030	0.5655125197
0	0.5075774405	0.0013044705	0.0354910923	0.2748198881	0.1808071086
0	0.8337865093	0.0000069599	0.1570660467	0.0000009517	0.0091395325
0	0.0000034710	0.0006945185	0.7709399622	0.1323065356	0.0960555127
0	0.1846300061	0.2937230118	0.3693198957	0.1193453078	0.0329817786
0	0.2439620661	0.0001784137	0.2851597784	0.0000000000	0.4706997418
0	0.0000000000	0.0001998975	0.8840917755	0.0016420096	0.1140663174
0	0.0533422940	0.2917149538	0.0000009792	0.0000165194	0.6549252536
0	0.6632717463	0.0446756633	0.0257914876	0.0731568120	0.1931042908
0	0.0677561050	0.1437734903	0.0000000028	0.7577502037	0.0307201981
0	0.7042276850	0.1086894901	0.0001010734	0.0390886579	0.1478930936
0	0.0086299387	0.0661840753	0.8772057489	0.0000000000	0.0479802372
0	0.2302061315	0.0000000016	0.5421638988	0.0001570836	0.2274728845
1	0.0164017496	0.7612387123	0.2192278743	0.0012552880	0.0018763758
0	0.0299825414	0.0016372941	0.0055746390	0.0000000008	0.9628055246
0	0.0000000000	0.1451308405	0.0443587025	0.7194878229	0.0910226341
0	0.0000000001	0.0158517209	0.0038676697	0.9616193448	0.0186612645
0	0.8848353586	0.0000000000	0.0000000000	0.0017596098	0.1134050316
0	0.0349025361	0.1174823818	0.6822538383	0.0000006911	0.1653605527
0	0.0000091996	0.4162870457	0.0000000025	0.0007648258	0.5829389264
0	0.8863605259	0.0000043406	0.0000000074	0.0389548503	0.0746802758
0	0.0373039060	0.0000002117	0.4330981797	0.2452903068	0.2843073957
0	0.0001022515	0.0183460055	0.0008666075	0.4282463798	0.5524387557
1	0.0000000000	0.7856424300	0.1391050726	0.0000007161	0.0752517813
0	0.0000000000	0.1820698067	0.4558700677	0.3543129314	0.0077471941
0	0.4639304564	0.0206093043	0.2830727784	0.0281190371	0.2042684238
0	0.0116300195	0.0005233489	0.0201106184	0.0198909727	0.9478450406
0	0.4743466647	0.0155546854	0.5099821238	0.0000000047	0.0001165215
0	0.0000000163	0.0436942279	0.0018834111	0.0000000080	0.9544223368
0	0.0003568022	0.0000000025	0.6661505528	0.0000983792	0.3333942633
0	0.0039278135	0.0011519980	0.0787094210	0.0000000000	0.9162107676
0	0.0069124088	0.7022197309	0.2377228588	0.0059100712	0.0472349303
1	0.0000000000	0.4303803226	0.1145210358	0.1457554410	0.3093432006
0	0.0007613547	0.0000000000	0.7840937805	0.1320657575	0.0830791073
0	0.6844815314	0.0464364760	0.0000283176	0.1391856619	0.1298680130
0	0.0443499983	0.0006465181	0.4474601648	0.0196135207	0.4879297981
0	0.0087152187	0.0019190890	0.0049216615	0.0001169564	0.9843270744
0	0.0152324450	0.1520014353	0.0117277928	0.0041329568	0.8169053701
0	0.0898418598	0.9075767482	0.0000000000	0.0000000000	0.0025813920
0	0.0000042756	0.1107427966	0.0355429005	0.1087521014	0.7449579259
0	0.8860625136	0.0036537368	0.1015439747	0.0000000000	0.0087397749
0	0.0000305133	0.0205820829	0.8241764444	0.1523740517	0.0028369077
0	0.0000064320	0.0489405088	0.0013982875	0.9493987349	0.0002560369
0	0.0000000000	0.0369409996	0.6550053421	0.1847648647	0.1232887936
0	0.2262033363	0.0117591000	0.7517072759	0.0103267724	0.0000035153
1	0.0000004426	0.2999695369	0.6725786164	0.0007238227	0.0267275814
0	0.0000000116	0.3142217989	0.6755486286	0.0000000000	0.0102295609
0	0.0005854980	0.9649093993	0.0001831372	0.0329580118	0.0013639538
0	0.0284237920	0.0828757182	0.0000000000	0.7099293167	0.1787711732
0	0.0035712049	0.0012936965	0.0128012646	0.0122431341	0.9700906998
0	0.0005594960	0.0000326195	0.0000033784	0.9993992814	0.0000052248
0	0.1794113339	0.0000201959	0.2146134827	0.0000000000	0.6059549875
