0	0.3532805237	0.2903420582	0.2748790313	0.0537128117	0.0277855750
0	0.0080863083	0.0448108084	0.9462291926	0.0004573000	0.0004163907
0	0.2016953644	0.0336737591	0.0029720929	0.0094198503	0.7522389333
0	0.0003386778	0.1280479696	0.0876281248	0.5688725426	0.2151126852
0	0.0062051939	0.0000000000	0.1665945323	0.0104656066	0.8167346672
1	0.0001432098	0.5535361013	0.0000000007	0.0756241745	0.3706965138
0	0.2373660992	0.1014540496	0.0026170564	0.0297231473	0.6288396474
0	0.0851794244	0.4265189487	0.1951977294	0.0142900398	0.2788138576
0	0.0008544353	0.2533942128	0.4560757964	0.2896294825	0.0000460729
1	0.0022407233	0.0897812876	0.8552076686	0.0206562479	0.0321140726
0	0.4099584317	0.0001971048	0.2447018728	0.1213664682	0.2237761225
0	0.1323716247	0.0469442448	0.0328274865	0.0416360697	0.7462205743
0	0.9860197070	0.0048860403	0.0090902391	0.0000040136	0.0000000000
1	0.0001330700	0.0050710276	0.6491607682	0.0141831364	0.3314519979
0	0.0297140659	0.7912350580	0.0041577357	0.0053387223	0.1695544180
0	0.0024621693	0.0000118617	0.9195456152	0.0286872504	0.0492931035
0	0.0000007325	0.0137140980	0.0485919455	0.0000003897	0.9376928343
0	0.1807865664	0.0999332269	0.0639542135	0.3388886071	0.3164373862
0	0.2402561625	0.1172915238	0.6322633227	0.0032478815	0.0069411095
1	0.0000000000	0.6072584744	0.3754300941	0.0173113712	0.0000000604
0	0.1942174019	0.0000000000	0.1893997013	0.0658587338	0.5505241630
0	0.0000016223	0.3378103565	0.6274224331	0.0165063664	0.0182592216
0	0.0015213157	0.0021612793	0.0142814660	0.0003579038	0.9816780352
0	0.0000000808	0.0000000000	0.0000463004	0.5737322635	0.4262213553
0	0.0059989009	0.0081991764	0.0272821619	0.0000818365	0.9584379243
0	0.0063298256	0.0499667078	0.8964141426	0.0298238448	0.0174654791
0	0.0000670740	0.7560630676	0.0189686202	0.0331572679	0.1917439703
0	0.0000000726	0.0421894807	0.0000356950	0.0771734641	0.8806012876
0	0.3896516623	0.3294123868	0.2090802017	0.0713041437	0.0005516056
1	0.0001834706	0.4853992486	0.2131497845	0.0033410551	0.2979264413
0	0.2462849945	0.0000000072	0.0015567295	0.0338962294	0.7182620394
0	0.0000000000	0.6679715114	0.2440936327	0.0016332053	0.0863016506
0	0.0004816079	0.3159124259	0.2373257373	0.0240327852	0.4222474437
0	0.0000000000	0.0038592242	0.6072214644	0.0014553050	0.3874640064
0	0.0094645759	0.1312722975	0.0052058951	0.0775744385	0.7764827930
0	0.0489604030	0.4549348084	0.0626848237	0.2385817822	0.1948381827
0	0.0025374062	0.0000000004	0.0048643745	0.0278035018	0.9647947172
0	0.0750917911	0.0864517255	0.0064123063	0.7293439623	0.1027002148
0	0.0787987483	0.0042885916	0.4167323490	0.0005569457	0.4996233654
0	0.0152843158	0.8108793577	0.0934329101	0.0664182764	0.0139851400
0	0.0088530496	0.1459084631	0.5541806899	0.0000024510	0.2910553463
0	0.0705758158	0.0000040642	0.0000008084	0.1217632772	0.8076560344
0	0.0013045638	0.1652446998	0.0077136712	0.1380008485	0.6877362167
0	0.1813710486	0.0093174378	0.0000000025	0.0008227230	0.8084887880
0	0.8387267717	0.0629541608	0.0015218888	0.0886157375	0.0081814412
0	0.0009041055	0.3500322336	0.0000000000	0.1310202609	0.5180434000
0	0.0000000047	0.0000000031	0.2175670826	0.0000223474	0.7824105623
0	0.4830840878	0.0796565811	0.0387322335	0.1126276717	0.2858994259
2	0.0000000000	0.0902713586	0.7547866494	0.0414921621	0.1134498299
0	0.5006206993	0.0247237805	0.0626861179	0.0034600953	0.4085093070
0	0.0825307066	0.0000642875	0.4674770393	0.0094539716	0.4404739950
0	0.0012273439	0.0557289025	0.0000067282	0.0000005487	0.9430364768
0	0.0000000000	0.0471145316	0.6649499079	0.0000002000	0.2879353605
0	0.0000000000	0.0000001067	0.4293737934	0.0006696004	0.5699564994
1	0.0397667005	0.2103379443	0.5533710741	0.1871903859	0.0093338952
0	0.0003239004	0.0001227531	0.4762489848	0.0000000000	0.5233043618
0	0.1037124424	0.1526107752	0.0016113140	0.0078121990	0.7342532694
0	0.0000000043	0.5266462409	0.1501396157	0.0000000000	0.3232141391
0	0.0000001429	0.4889376100	0.3633252892	0.0615356210	0.0862013368
0	0.0111153221	0.8150533678	0.0036104989	0.1698802736	0.0003405376
0	0.0000108022	0.4020687502	0.0138682179	0.0000000000	0.5840522296
0	0.0005764611	0.0180374150	0.5464700398	0.4233885173	0.0115275668
0	0.0024399341	0.0002191210	0.8662338627	0.0150824673	0.1160246148
0	0.0002811870	0.0798792420	0.2875398844	0.3162245813	0.3160751055
0	0.0182950645	0.0042564686	0.8851281229	0.0001236080	0.0921967360
0	0.0254498180	0.2995097769	0.3723056237	0.2825591319	0.0201756495
0	0.0114120001	0.0224701994	0.0000000031	0.0000000000	0.9661177974
0	0.4563107405	0.0222712797	0.4929027750	0.0105579096	0.0179572952
0	0.0000000968	0.0000105327	0.3737473631	0.2035973251	0.4226446823
0	0.0013411818	0.0000000000	0.0066120685	0.8558161686	0.1362305812
0	0.0036487586	0.0340488577	0.7393030350	0.1365187135	0.0864806353
0	0.0078680345	0.0324808806	0.8958904193	0.0000000402	0.0637606254
0	0.6112277472	0.0002074460	0.1654263180	0.1688038704	0.0543346183
0	0.0000000000	0.0647750934	0.6631867436	0.0363231700	0.2357149930
0	0.1324228204	0.0249388913	0.2147881142	0.0297495186	0.5981006555
1	0.0000007656	0.0092104865	0.9510527935	0.0037477570	0.0359881973
0	0.0949018912	0.0104689250	0.3466891158	0.0244817995	0.5234582685
0	0.4242381332	0.3118506586	0.0001096836	0.0003011765	0.2635003481
0	0.6457671496	0.0002788163	0.3382107227	0.0148839808	0.0008593305
0	0.7610797422	0.0350071151	0.0069587277	0.0306914272	0.1662629879
0	0.2249272362	0.0182107066	0.7411667722	0.0079038742	0.0077914108
0	0.0000000000	0.0000001083	0.6952084732	0.1354259728	0.1693654456
0	0.0031881741	0.0081253886	0.3039234851	0.0329696931	0.6517932592
0	0.1596377256	0.0024709671	0.0293484078	0.0071507581	0.8013921414
0	0.0756600836	0.0622393296	0.2272933721	0.5797487291	0.0550584856
0	0.0000000000	0.0000000018	0.4047424849	0.3089056490	0.2863518644
0	0.0000000000	0.0001675826	0.2249758391	0.2533580411	0.5214985373
0	0.0000000000	0.3809744117	0.1004627761	0.0095130539	0.5090497582
0	0.0000000000	0.0000000000	0.0000663225	0.0055129542	0.9944207233
0	0.0077322906	0.1568418045	0.1847861006	0.1158281135	0.5348116908
0	0.1219646020	0.0096779567	0.8675568168	0.0000020443	0.0007985802
0	0.0206466931	0.3328057609	0.5977639602	0.0164407119	0.0323428740
0	0.0264757302	0.0000195881	0.2849286243	0.1959254755	0.4926505819
1	0.0022851089	0.3304800729	0.4510793741	0.0000000000	0.2161554441
0	0.1700254575	0.0242614767	0.0971269548	0.0186705532	0.6899155578
0	0.0000000000	0.2100733594	0.7346312614	0.0105453142	0.0447500650
0	0.3218609690	0.0544562319	0.0596405820	0.0350318714	0.5290103458
0	0.0920266383	0.0105698869	0.4107175031	0.1688640532	0.3178219185
0	0.0111277065	0.0903870900	0.0084118762	0.0416800028	0.8483933245
0	0.0046462205	0.9754376502	0.0000000000	0.0021074224	0.0178087069
