0	0.0242581555	0.3379081947	0.0103779706	0.0000000000	0.6274556792
1	0.0036371958	0.1337506718	0.1370741536	0.0636432557	0.6618947230
0	0.0162896186	0.0406528185	0.9047875018	0.0000137766	0.0382562845
0	0.2296181818	0.3253479610	0.2070691239	0.1281601078	0.1098046255
1	0.0000000000	0.0366306748	0.8871584216	0.0041984125	0.0720124911
0	0.0010355519	0.1431303869	0.2390758720	0.0414503592	0.5753078301
0	0.0428175174	0.0423740315	0.7871693371	0.1276368734	0.0000022406
0	0.0000020304	0.0000000000	0.0009625187	0.0006722268	0.9983632241
1	0.0000006232	0.4886898456	0.1596974609	0.0651902138	0.2864218566
0	0.6349336993	0.2639313411	0.1011204412	0.0000145183	0.0000000000
0	0.1808648610	0.0000000236	0.2811325994	0.0020992929	0.5359032231
0	0.0364304512	0.0002125245	0.0000000004	0.0000000001	0.9633570238
0	0.0004810559	0.0259981704	0.7585419718	0.0345179861	0.1804608158
0	0.0561262590	0.5961508332	0.0000777507	0.0000065210	0.3476386361
0	0.0531225994	0.0000000944	0.8309681270	0.0000000138	0.1159091654
0	0.0000255704	0.0446976570	0.9519318067	0.0033343340	0.0000106320
0	0.0000819486	0.2478215423	0.5076647212	0.0000698384	0.2443619495
0	0.9079307438	0.0820970904	0.0008818771	0.0000271992	0.0090630895
0	0.0116701374	0.0107352887	0.0621345984	0.1040181090	0.8114418665
0	0.0578223359	0.0244319291	0.8641974673	0.0453247786	0.0082234891
0	0.9429762721	0.0000013025	0.0566438947	0.0002835666	0.0000949641
0	0.0276767094	0.0487555244	0.6303767025	0.0000000002	0.2931910635
0	0.1518228046	0.5871623023	0.0529385798	0.1551652244	0.0529110888
0	0.1377480256	0.1149425384	0.0169649861	0.6728242990	0.0575201508
0	0.1500605536	0.0267795100	0.3506728038	0.2031277968	0.2693593359
0	0.0079267782	0.0244259462	0.9018128373	0.0003699690	0.0654644693
0	0.2421678242	0.2737431279	0.1903800225	0.0000524254	0.2936565999
0	0.0000000007	0.4404453141	0.2936731315	0.0000000000	0.2658815537
0	0.0354271324	0.0000002103	0.0797567836	0.0257320821	0.8590837916
0	0.0027351868	0.0059207522	0.0047315495	0.0000424875	0.9865700240
0	0.1072631093	0.0084627456	0.2352959273	0.0000336031	0.6489446147
0	0.0000000000	0.1555508131	0.0000000691	0.5227114233	0.3217376944
0	0.0425421814	0.8975879532	0.0584109207	0.0000062855	0.0014526591
0	0.0086449737	0.4283206572	0.4084680660	0.1045085640	0.0500577391
0	0.0079513889	0.2233949032	0.3209763209	0.4476611526	0.0000162345
0	0.0896665329	0.0062493764	0.5965944006	0.0000000000	0.3074896900
0	0.0290130922	0.1983340569	0.0656605970	0.4782709339	0.2287213200
1	0.0000008874	0.0021927583	0.9805347672	0.0141325744	0.0031390128
0	0.0046863287	0.1118908858	0.8833692384	0.0000000000	0.0000535471
0	0.1397244660	0.3128812127	0.4887047934	0.0104129439	0.0482765841
0	0.4619223146	0.0000132098	0.4688956256	0.0324686975	0.0367001525
0	0.1227017439	0.0000995379	0.0165700436	0.0000009473	0.8606277273
0	0.0000000009	0.2336384643	0.1103363596	0.5495075244	0.1065176508
0	0.3704902973	0.0387354845	0.2819122690	0.0620876585	0.2467742907
0	0.0000000048	0.0077306555	0.0278696942	0.0000021179	0.9643975276
0	0.0267717496	0.3660658392	0.0539614364	0.0959312440	0.4572697309
0	0.0401899173	0.3373650684	0.2437803698	0.0004812508	0.3781833936
0	0.0139156727	0.0726482405	0.8217922030	0.0000720022	0.0915718817
0	0.0323052577	0.0407774087	0.2112006794	0.0962885874	0.6194280668
0	0.0174451664	0.0775184302	0.0003767207	0.0000000000	0.9046596828
0	0.0062338944	0.5755338044	0.2204547711	0.1378877256	0.0598898045
1	0.0038971206	0.4404277426	0.0497606936	0.4971816575	0.0087327856
0	0.0200993476	0.1139045141	0.1837179348	0.0000001032	0.6822781002
0	0.3492649120	0.0059706893	0.1423552373	0.0000000702	0.5024090913
0	0.0538493876	0.0024972582	0.1179709543	0.0227128760	0.8029695239
0	0.7912479814	0.0677340920	0.0645688509	0.0713933867	0.0050556891
0	0.8437702365	0.0127625763	0.0157540963	0.0101438667	0.1175692242
0	0.0001122601	0.0000008200	0.2554231111	0.1252524172	0.6192113917
1	0.0000002642	0.0163307539	0.9684380398	0.0000000000	0.0152309420
0	0.6130410689	0.0222680645	0.0129642526	0.0004672019	0.3512594121
0	0.2651358564	0.6909186197	0.0000025205	0.0000006843	0.0439423191
0	0.0318128547	0.0015026088	0.0209996092	0.0000012902	0.9456836371
0	0.1023411762	0.0000446833	0.0182405672	0.0307236085	0.8486499648
0	0.7018410740	0.0058549300	0.0936554266	0.0899930962	0.1086554731
0	0.1948906227	0.0233135785	0.0219353353	0.0060050246	0.7538554389
0	0.0000000000	0.0000288617	0.1534274378	0.0000501329	0.8464935676
0	0.3228812935	0.0168532458	0.0588918461	0.0096480826	0.5917255319
0	0.0043352329	0.3648013250	0.2502806129	0.0101579473	0.3704248819
0	0.0000000001	0.0022168070	0.2521013285	0.3568587015	0.3888231629
0	0.0003192074	0.5176290184	0.0012508446	0.0001081203	0.4806928093
0	0.0592696014	0.0000000000	0.2421812729	0.1369335477	0.5616155781
0	0.0416554196	0.1413912400	0.4736298735	0.0001127539	0.3432107130
0	0.0000000004	0.3691708957	0.0142680016	0.0000151439	0.6165459584
0	0.0016166786	0.0044670901	0.2570976495	0.0005261794	0.7362924024
0	0.0002894575	0.3682339900	0.5056294877	0.0000398124	0.1258072524
0	0.0004434366	0.1974058562	0.2234595173	0.1607510993	0.4179400907
1	0.0000337794	0.2169367120	0.6178285884	0.0704183104	0.0947826098
1	0.0000855122	0.7504495864	0.2447853485	0.0000557582	0.0046237947
0	0.0421915551	0.0862414136	0.0000053963	0.0044819628	0.8670796721
1	0.0030375571	0.1182803603	0.7357223775	0.0188739903	0.1240857148
0	0.0137522257	0.4804750690	0.3490547159	0.0001488768	0.1565691127
0	0.0324383501	0.0000000058	0.6044026018	0.0000001400	0.3631589024
0	0.0000006101	0.0000000000	0.1998518714	0.0485339300	0.7516135884
0	0.0000000000	0.0069756211	0.0002344464	0.9079072750	0.0848826575
0	0.4975779983	0.0531714987	0.0158237340	0.3436998389	0.0897269301
0	0.0000033841	0.0104967543	0.0201356760	0.0609687143	0.9083954714
0	0.7680844348	0.0000000294	0.0047074056	0.0122910370	0.2149170933
0	0.0000000014	0.0000000000	0.2085621693	0.0000000000	0.7914378293
0	0.8077259003	0.0771151864	0.1104099286	0.0047387876	0.0000101971
0	0.2789605798	0.0000089126	0.0460721646	0.0325532803	0.6424050626
0	0.0025667906	0.0006006092	0.8595090509	0.1058201548	0.0315033946
0	0.0000000226	0.0000000000	0.9769828049	0.0139796570	0.0090375155
0	0.0082002908	0.0083044261	0.0479811218	0.1385915215	0.7969226398
0	0.1101742038	0.0099031905	0.0256529898	0.0000000000	0.8542696159
0	0.0000000000	0.4259200823	0.0523178035	0.0379205544	0.4838415598
0	0.0000000000	0.0000034743	0.9200186617	0.0235579235	0.0564199405
0	0.0908410710	0.1033707113	0.4798192719	0.0605450794	0.2654238664
0	0.0000151953	0.1251357492	0.4822561476	0.2635308162	0.1290620918
0	0.3503366792	0.1591941079	0.3782728291	0.0000000000	0.1121963838
2	0.0000000000	0.7729857516	0.1518157967	0.0160700931	0.0591283586
