0	0.1302902399	0.0055308111	0.1158450860	0.6489453887	0.0993884744
0	0.0015700543	0.0080411520	0.9817841561	0.0051715429	0.0034330948
0	0.0007052799	0.0050966638	0.3389327159	0.0078525765	0.6474127639
0	0.0145759411	0.0166094958	0.8354806185	0.0008592459	0.1324746987
1	0.0000357356	0.0092553347	0.9889111900	0.0010379379	0.0007598017
0	0.0264009438	0.0000692924	0.0000000000	0.0000000742	0.9735296896
1	0.0010371884	0.0080595305	0.9058369833	0.0028172178	0.0822490800
0	0.0904503298	0.0160304319	0.2249505861	0.6648481440	0.0037205082
0	0.0083964526	0.0026930748	0.3916239969	0.0005897368	0.5966967388
0	0.3524679665	0.0000027992	0.5930221020	0.0544428644	0.0000642680
0	0.9298914419	0.0642245897	0.0000338847	0.0058435847	0.0000064990
0	0.1983061684	0.2772753043	0.2035190646	0.1637052915	0.1571941712
0	0.0000007820	0.0839620080	0.9064526368	0.0000002510	0.0095843222
0	0.0000000000	0.0012175863	0.3314505868	0.6668503195	0.0004815074
0	0.0951069874	0.4101363800	0.3581717019	0.1181003721	0.0184845586
0	0.0142799343	0.0186626883	0.2007082711	0.0210452425	0.7453038638
0	0.3669225992	0.0000000000	0.1554900486	0.4774146936	0.0001726586
0	0.6045038445	0.0549757389	0.1725706446	0.1602054265	0.0077443455
1	0.0099729066	0.1542707153	0.6173841964	0.0012225205	0.2171496611
0	0.2016656256	0.0540118232	0.6638967195	0.0000755121	0.0803503196
1	0.0002577784	0.2316017916	0.6124104852	0.0000000000	0.1557299448
0	0.0000000000	0.0000101308	0.0120305647	0.9534358464	0.0345234582
0	0.3605333179	0.0000000442	0.2966714882	0.0000000001	0.3427951496
0	0.1502162838	0.1434873412	0.1421675347	0.0085554089	0.5555734314
0	0.0000000069	0.7966012778	0.0272886896	0.0000012817	0.1761087440
0	0.3732705789	0.2227882812	0.0143627474	0.1471312117	0.2424471807
0	0.0001385711	0.0346839071	0.0182458346	0.8893984855	0.0575332016
0	0.0012242436	0.0001550590	0.4281870881	0.0290767823	0.5413568270
0	0.0044330712	0.0006582091	0.4379455706	0.5190716602	0.0378914889
0	0.0385609033	0.1632896628	0.0000678950	0.0000000000	0.7980815389
0	0.0000225138	0.1503723669	0.2167399574	0.0565408428	0.5763243191
0	0.2348276929	0.0520866882	0.1476425626	0.3568045025	0.2086385539
0	0.0158309915	0.0898460770	0.3454379717	0.0000000000	0.5488849598
0	0.8693302178	0.0238452524	0.0303938064	0.0279929006	0.0484378228
0	0.0003315760	0.0000000001	0.2967562536	0.0000090994	0.7029030709
0	0.8401380930	0.0323291778	0.0758576490	0.0241930246	0.0274820557
0	0.0000004935	0.0051466068	0.0591292438	0.5642603301	0.3714633258
0	0.1293912423	0.2082523648	0.0209022388	0.3072827779	0.3341713762
1	0.3230925535	0.2198933110	0.4559421579	0.0009832793	0.0000886982
1	0.0000000002	0.1625793410	0.1915889404	0.0803380836	0.5654936348
0	0.0453741146	0.0000000147	0.4633162939	0.0092775375	0.4820320393
0	0.2344777954	0.0000737224	0.1589199918	0.2469449356	0.3595835548
0	0.0223170423	0.0005119049	0.0786133828	0.5273314202	0.3712262498
0	0.0143968596	0.0022851829	0.1762417884	0.1832827962	0.6237933729
1	0.0000059201	0.0031917977	0.2667963633	0.3163180311	0.4136878878
0	0.1309167583	0.3037355305	0.2235403601	0.2697523714	0.0720549798
0	0.0058541497	0.0000054085	0.0463013010	0.0155307202	0.9323084206
0	0.0401595713	0.0116720083	0.3508717657	0.0576752004	0.5396214543
0	0.1269704690	0.6551256278	0.0569999408	0.0635318118	0.0973721506
0	0.0007329566	0.0780470882	0.3008415949	0.0284094218	0.5919689384
0	0.0000009473	0.0053827522	0.3731937886	0.5526324532	0.0687900587
1	0.0841994227	0.0005735896	0.7089872073	0.0000048598	0.2062349206
1	0.0000000000	0.0198995215	0.8975212384	0.0017461471	0.0808330930
0	0.0395152046	0.0000000000	0.2991070662	0.5693719510	0.0920057781
0	0.7970093359	0.0012038216	0.0211807373	0.0081811120	0.1724249933
0	0.0000000000	0.0410464916	0.8966758964	0.0058817705	0.0563958415
0	0.0066716795	0.0268701674	0.9635415446	0.0000000129	0.0029165956
0	0.1089322025	0.0569564392	0.0489760281	0.2391063498	0.5460289804
0	0.7773782302	0.0014553456	0.0651878576	0.0001824219	0.1557961446
0	0.0670643750	0.0000000000	0.8190091124	0.1135455976	0.0003809150
0	0.0000000000	0.0542356312	0.2186965835	0.0142383360	0.7128294493
0	0.0191296076	0.6116587453	0.0000001370	0.0000000000	0.3692115101
0	0.0303577786	0.2671757617	0.6904374312	0.0065009728	0.0055280557
0	0.1989218365	0.0058300611	0.0004295161	0.0009181978	0.7939003885
0	0.1914367894	0.0009040097	0.3638544871	0.0056980403	0.4381066735
0	0.3578327425	0.0804362882	0.0161189422	0.0271703515	0.5184416757
0	0.0007668443	0.0240281083	0.0001063834	0.5274429972	0.4476556669
0	0.0000000000	0.0528325820	0.0000040107	0.9176359374	0.0295274698
0	0.0000000000	0.8168625638	0.1821485807	0.0009876661	0.0000011894
0	0.0000000000	0.0018465579	0.3734326961	0.0000000000	0.6247207460
0	0.7863060868	0.0625080617	0.1255712541	0.0000000767	0.0256145207
0	0.0092835871	0.0000001378	0.1579779324	0.0000103443	0.8327279984
0	0.0003428093	0.0024742590	0.9347452425	0.0079149773	0.0545227119
0	0.0013921391	0.1726471899	0.0806965549	0.7213613403	0.0239027757
0	0.1397966147	0.0059404365	0.3357406550	0.0267316675	0.4917906263
0	0.0000000000	0.0582130184	0.0230878139	0.0382469958	0.8804521719
0	0.0000142585	0.5863048951	0.0345349251	0.0000000311	0.3791458902
0	0.6173908784	0.1263540230	0.0004563757	0.1937211260	0.0620775969
1	0.0002663739	0.0098022562	0.3343435580	0.0715289151	0.5840588968
0	0.0000019123	0.0893190144	0.0863855212	0.1925126571	0.6317808949
0	0.0092924936	0.0001387959	0.1432887510	0.0000496886	0.8472302708
0	0.3596571684	0.4247185729	0.0528330525	0.0135706267	0.1492205794
0	0.0749396048	0.0992637437	0.8257957976	0.0000000000	0.0000008539
0	0.0222111129	0.5311138430	0.4332332883	0.0134417558	0.0000000000
2	0.0000000441	0.6360431641	0.3459832525	0.0120877700	0.0058857692
0	0.1799151963	0.0000000001	0.0000000000	0.2426598798	0.5774249238
0	0.0450503697	0.1880700433	0.0274103904	0.0653527850	0.6741164116
0	0.1489150577	0.0000050323	0.5733729052	0.0084659078	0.2692410970
0	0.0024194971	0.2974813311	0.3957658951	0.0514254012	0.2529078754
1	0.0000000000	0.8824826364	0.1115154517	0.0000000000	0.0060019119
0	0.0636643162	0.6388686282	0.2117672649	0.0856396004	0.0000601903
0	0.0000048595	0.1600303605	0.4472133032	0.0619850487	0.3307664281
0	0.1462326646	0.0000000000	0.2131859842	0.1998317340	0.4407496173
0	0.1395740927	0.4418490855	0.1307959320	0.0000006225	0.2877802672
0	0.0726921163	0.0245386893	0.2116653233	0.0000000000	0.6911038711
0	0.0000084947	0.1626316132	0.1016298825	0.0000084034	0.7357216062
0	0.0083305180	0.0000720569	0.0117011443	0.0164289607	0.9634673201
0	0.1876755610	0.0063329498	0.2586291305	0.2376635012	0.3096988575
0	0.0142020713	0.0001084750	0.9827321503	0.0029572907	0.0000000127
1	0.0000000000	0.1273822063	0.8527167849	0.0008091281	0.0190918807
