0	0.4494326580	0.0047342582	0.1772207253	0.0311966174	0.3374157412
0	0.5711656971	0.0000000002	0.0009997761	0.0083202766	0.4195142500
0	0.0387859878	0.0045353600	0.6326858841	0.0238989364	0.3000938318
0	0.0567757180	0.3553558726	0.3441336036	0.0000000000	0.2437348058
1	0.0000000054	0.4499021043	0.1105479220	0.0060879310	0.4334620373
1	0.0444308280	0.0833354028	0.8302676458	0.0045749944	0.0373911289
0	0.0827978959	0.0167111638	0.0000000000	0.0010223112	0.8994686291
0	0.1692546197	0.3318292105	0.0000060359	0.0008412413	0.4980688927
0	0.2784844535	0.5473569630	0.0080087211	0.1660842724	0.0000655901
0	0.0938890506	0.0000513642	0.0911951954	0.0382719120	0.7765924779
1	0.0153304994	0.2043634359	0.7474020800	0.0274208042	0.0054831805
0	0.0226906209	0.3554566794	0.3000570526	0.1404005127	0.1813951344
0	0.0000186293	0.8296168411	0.0336118238	0.0000034514	0.1367492544
0	0.0000000000	0.2208601651	0.0000000000	0.1306095558	0.6485302791
0	0.0010853692	0.0210315474	0.1677943331	0.1038364627	0.7062522876
1	0.0000000000	0.1811556649	0.7923394520	0.0190755315	0.0074293516
0	0.4477298476	0.1009096252	0.0150424770	0.1108708138	0.3254472364
0	0.0000000000	0.0565698119	0.8892487497	0.0000019874	0.0541794510
0	0.0975674173	0.0016192782	0.0258611298	0.0460117740	0.8289404007
0	0.0548260137	0.1872497416	0.0000000000	0.0000000489	0.7579241958
0	0.1147307898	0.0858111987	0.2683207071	0.1639083008	0.3672290035
0	0.6789339139	0.0037724070	0.2401247566	0.0734400739	0.0037288487
0	0.0340178289	0.0597011938	0.3622691961	0.0208555207	0.5231562605
0	0.0000000000	0.3329766582	0.6368564814	0.0088353547	0.0213315057
0	0.0000000000	0.0243687535	0.0118043640	0.8353868785	0.1284400041
0	0.0309870118	0.0002719256	0.2042603470	0.0000000000	0.7644807155
0	0.7899693041	0.0224429240	0.1260936462	0.0559231628	0.0055709628
0	0.0683864710	0.4604777611	0.0003614660	0.0003208014	0.4704535005
1	0.0614391064	0.6769296799	0.2302286157	0.0314025100	0.0000000880
0	0.0000021699	0.0001202392	0.5781828673	0.1563921154	0.2653026082
0	0.1061895062	0.0000000219	0.8432402186	0.0000004136	0.0505698396
0	0.0051603389	0.0101964595	0.0000266158	0.0535074341	0.9311091517
0	0.5144379061	0.2429929648	0.0000033439	0.1848794493	0.0576863359
0	0.3762912122	0.0011448526	0.5954236522	0.0001120888	0.0270281941
0	0.0759899002	0.2165184150	0.7004689609	0.0070227221	0.0000000018
0	0.0000058897	0.0223972264	0.5202591778	0.0000000000	0.4573377061
0	0.0005306652	0.7130980664	0.0000055498	0.0006842379	0.2856814807
0	0.1692927405	0.0000000000	0.0068978453	0.6896798474	0.1341295668
0	0.0000516548	0.2077986698	0.6057707760	0.0075812063	0.1787976931
0	0.0000000000	0.0744957586	0.0001332329	0.1327628038	0.7926082047
0	0.0087224488	0.4076143927	0.3289544977	0.0000660348	0.2546426259
0	0.0009374947	0.0011761850	0.0634271257	0.6730577888	0.2614014058
0	0.1034144607	0.5299340581	0.1074235256	0.0358945549	0.2233334007
0	0.0734925757	0.0317723973	0.4248051732	0.0000000000	0.4699298538
0	0.1487856511	0.0000281270	0.6997609004	0.0000001367	0.1514251849
0	0.1797720655	0.0385805096	0.0000392584	0.1907052737	0.5909028927
0	0.5782209888	0.0000000000	0.0203909462	0.1315843963	0.2698036687
0	0.0000000000	0.1039655623	0.2876061440	0.0171460934	0.5912822002
0	0.0004138709	0.3306588063	0.0959187886	0.0000061565	0.5730023778
0	0.5008500066	0.2139052572	0.0022807672	0.0701090069	0.2128549621
0	0.0366685234	0.7899115577	0.1599017112	0.0135181973	0.0000000104
0	0.0021872714	0.0005967136	0.7326164747	0.1637896675	0.1008098729
0	0.1157307570	0.0179301638	0.0367372788	0.0000492181	0.8295525823
0	0.0000000000	0.1972669066	0.2807139732	0.0163072721	0.5057118481
0	0.0001344290	0.6208791086	0.2931491759	0.0521751096	0.0336621769
0	0.0000000000	0.0347418080	0.1274977188	0.0000585133	0.8377019598
0	0.0000000000	0.0003468143	0.7315432237	0.0056525640	0.2624573980
1	0.0000000000	0.9713193470	0.0228366907	0.0000384404	0.0058055219
0	0.1727228098	0.2563287551	0.2354108747	0.3355375603	0.0000000000
0	0.0131042567	0.0005411711	0.8390277783	0.1473267820	0.0000000118
0	0.4898869167	0.0188934543	0.3695853916	0.0000000017	0.1216342356
1	0.0000000779	0.2628117316	0.1369232679	0.0000155317	0.6002493909
0	0.0000000218	0.9973413828	0.0008548896	0.0002563721	0.0015473337
0	0.0000844819	0.0000000000	0.1184336439	0.4627176984	0.4187641757
0	0.0718593304	0.0284272923	0.1166449098	0.3309962278	0.4520722398
1	0.0000000000	0.1138777093	0.8498103047	0.0143870620	0.0219249239
0	0.0000000000	0.0000018117	0.7980706630	0.2017611348	0.0001663906
0	0.0360926489	0.1848617838	0.0115488626	0.0698330732	0.6976636315
1	0.0000124658	0.0379969800	0.8943765754	0.0123264837	0.0552874951
0	0.0160742131	0.0000000000	0.2464265151	0.5532283387	0.1842709331
0	0.0000001449	0.9718165942	0.0006566793	0.0034704737	0.0240561078
1	0.0000261409	0.1803572578	0.0658388308	0.0354592550	0.7183185155
0	0.1556664655	0.0302208924	0.4003601095	0.0066581661	0.4070943665
0	0.0003203217	0.0001340573	0.7406691416	0.0338642642	0.2250122153
0	0.0147868860	0.0494209673	0.0004290676	0.0000000000	0.9353630791
0	0.2862429292	0.1359503505	0.1735354401	0.0000000000	0.4042712802
0	0.0406606520	0.0343576298	0.8847633115	0.0029196127	0.0372987939
0	0.1358175980	0.0568470557	0.0000385276	0.7977564224	0.0095403963
0	0.0056144311	0.3910729722	0.0458322168	0.0005828626	0.5568975172
0	0.0000000000	0.0245705291	0.9749014488	0.0000132901	0.0005147321
0	0.3630483182	0.2189359418	0.0603926003	0.3566719268	0.0009512130
0	0.0105263272	0.0589129153	0.0034558213	0.0040041348	0.9231008015
0	0.0664229088	0.0000410749	0.2156426637	0.6776471282	0.0402462244
0	0.1741344820	0.8092514510	0.0031230251	0.0001545275	0.0133365145
0	0.0154000093	0.0559858898	0.2412015361	0.0000141791	0.6873983857
0	0.6641171392	0.0000923781	0.0000000219	0.0000000032	0.3357904576
0	0.0022334798	0.9093464218	0.0024441386	0.0758868540	0.0100891057
1	0.0007421452	0.1182965884	0.8052569132	0.0025098096	0.0731945436
0	0.6165694307	0.0001346090	0.2725198368	0.0000000011	0.1107761223
0	0.0941114265	0.0004262905	0.0911508571	0.0019659976	0.8123454282
1	0.0000000000	0.0002994097	0.9908970427	0.0000008387	0.0088027090
1	0.0000000074	0.0242894206	0.9751444230	0.0005661489	0.0000000000
0	0.0513972531	0.2443223371	0.0000000267	0.0000104280	0.7042699551
0	0.0116526295	0.0000000000	0.1998888920	0.0000000001	0.7884584784
2	0.0000013861	0.4309303641	0.5549699877	0.0002220969	0.0138761652
0	0.2105745754	0.0312180053	0.0000366215	0.0000006539	0.7581701439
0	0.0000000000	0.0014837151	0.2446532219	0.0005492677	0.7533137953
0	0.0286371619	0.2509382428	0.0000371179	0.0000062382	0.7203812392
0	0.0020573173	0.2334354579	0.0276415558	0.0882723323	0.6485933367
0	0.3772570407	0.0030193083	0.6034116548	0.0141153023	0.0021966938
