0	0.4378094766	0.2712363231	0.0881046583	0.1346322848	0.0682172572
0	0.0000000000	0.1597292883	0.0439710012	0.6480652963	0.1482344142
0	0.0179945527	0.0008758874	0.9616759849	0.0050252154	0.0144283596
0	0.0446833961	0.0001323249	0.2117029222	0.5939526104	0.1495287464
0	0.0587965623	0.0000000090	0.8313498369	0.0206388356	0.0892147562
0	0.0000832242	0.0672120995	0.1232994026	0.0075122657	0.8018930080
0	0.0062931489	0.2619519227	0.0821442190	0.3163679944	0.3332427149
1	0.0088427597	0.0441510926	0.9019341930	0.0000228671	0.0450490876
0	0.0000000431	0.5324837612	0.0158079577	0.3617567853	0.0899514527
0	0.0859739293	0.0000003258	0.7979761922	0.0782410798	0.0378084729
0	0.0408972295	0.2288896249	0.0705483220	0.6595670248	0.0000977987
0	0.6541111351	0.0400610778	0.0001161290	0.0715366371	0.2341750210
0	0.0071704306	0.0001118657	0.5115876486	0.2957055760	0.1854244791
0	0.3326490093	0.2491882238	0.0105187340	0.3912694243	0.0163746086
0	0.0027276629	0.0089365052	0.3889022671	0.0000105170	0.5994230478
0	0.1194113250	0.2943285839	0.1733141861	0.0526835336	0.3602623714
0	0.0010789929	0.0031009635	0.8382658641	0.0378990844	0.1196550951
1	0.0000000019	0.0103137365	0.6572761118	0.2706843901	0.0617257597
0	0.0888230975	0.0000551918	0.7306155945	0.0539673754	0.1265387408
0	0.0927600311	0.6111596493	0.0000882447	0.2475400488	0.0484520261
0	0.0017285993	0.0763494649	0.0000236452	0.1395406347	0.7823576560
0	0.4334377943	0.2789106109	0.0133081742	0.2739761732	0.0003672473
0	0.1066076536	0.0032355166	0.0044216066	0.0003029662	0.8854322569
0	0.0592596017	0.1039222193	0.5619692027	0.0259090020	0.2489399744
0	0.0856480107	0.3426037025	0.1324692332	0.4042866789	0.0349923747
0	0.0507322679	0.0305471133	0.7430407095	0.1720749992	0.0036049101
0	0.0000000000	0.0000615642	0.7769466641	0.0667103861	0.1562813856
0	0.2764184832	0.0753861635	0.0308509761	0.0009268151	0.6164175620
1	0.0000000000	0.0248596438	0.9750897726	0.0000000000	0.0000505836
0	0.0006132637	0.3617013946	0.0000000000	0.1567498631	0.4809354786
1	0.0000011241	0.2737498573	0.5969367432	0.0739873008	0.0553249745
1	0.0200246362	0.0702980635	0.0193378014	0.6206333233	0.2697061756
0	0.1266958284	0.0002158918	0.7201445418	0.0132331494	0.1397105886
0	0.0000022337	0.0456262728	0.0002734663	0.0070045140	0.9470935132
0	0.0095846320	0.0582660720	0.1551686118	0.1065102823	0.6704704019
0	0.0067346963	0.0668734348	0.0380279085	0.8883639037	0.0000000567
0	0.0000199230	0.3022011167	0.6631591212	0.0304856429	0.0041341962
0	0.3393081383	0.1242366790	0.0381858541	0.1796345134	0.3186348151
0	0.3321496331	0.2688195863	0.1165394340	0.1397189825	0.1427723641
1	0.0000000000	0.0273952941	0.7698693819	0.0000002680	0.2027350560
0	0.0007840039	0.0166677905	0.2675768375	0.0228706317	0.6921007364
0	0.1818987139	0.1342819504	0.0930632678	0.0000000000	0.5907560680
0	0.1737992893	0.4770030858	0.2682530439	0.0013232404	0.0796213406
1	0.0026343413	0.2038911045	0.0928236039	0.0000000145	0.7006509358
0	0.0561854574	0.2399320400	0.4328239425	0.2685135469	0.0025450132
0	0.1341405981	0.4205762754	0.0291815010	0.1973421837	0.2187594417
0	0.0059362473	0.0637337053	0.0274232920	0.8076637578	0.0952429975
0	0.0000000000	0.2078728336	0.3058747587	0.0000000000	0.4862524077
0	0.0097148665	0.0582973912	0.6737505476	0.2236288296	0.0346083650
0	0.7330863128	0.0001700785	0.1099301351	0.0000000000	0.1568134736
0	0.1256935118	0.2323652156	0.5309958375	0.0000000001	0.1109454350
0	0.1112371478	0.0004244786	0.1628728106	0.1576021551	0.5678634080
0	0.0000000000	0.0074715869	0.7511677222	0.1569288057	0.0844318852
0	0.0190061584	0.0168772077	0.0120849919	0.0233756514	0.9286559907
0	0.1106463091	0.0000000000	0.8888461275	0.0004871811	0.0000203823
1	0.0000000000	0.1132076768	0.4184861651	0.1532560896	0.3150500685
0	0.3616467600	0.0264954921	0.4932337252	0.0657578185	0.0528662042
0	0.0774726003	0.2630273720	0.1874791631	0.0000000000	0.4720208646
0	0.7908691027	0.0881014475	0.0000000000	0.0310956256	0.0899338242
0	0.0000000005	0.0741142790	0.2476840976	0.0437357863	0.6344658366
0	0.5517736687	0.0000101131	0.3547700636	0.0844512717	0.0089948830
0	0.0249019082	0.6205435790	0.1030657616	0.1912207630	0.0602679882
0	0.1811686119	0.4864237635	0.2888254345	0.0280290776	0.0155531124
0	0.2111037286	0.0442042121	0.0000000000	0.5873459321	0.1573461271
0	0.0000857574	0.0038778763	0.5473185730	0.4487177930	0.0000000003
0	0.0000981102	0.1604662299	0.6788267870	0.0000304944	0.1605783785
2	0.0000000071	0.1140430511	0.8852537537	0.0000031392	0.0007000489
0	0.0218706161	0.1790694960	0.0669941214	0.2000469030	0.5320188635
0	0.0106179617	0.0548020021	0.1718101909	0.2270259045	0.5357439409
0	0.1124935400	0.1931317838	0.3725318532	0.3204761195	0.0013667035
0	0.0000032801	0.0066852093	0.1336616530	0.0027868653	0.8568629922
0	0.1940780580	0.2241069507	0.1986225653	0.2893151370	0.0938772890
0	0.0000000000	0.0105161013	0.2818469278	0.0014650074	0.7061719635
0	0.0019977295	0.3351624163	0.6291935912	0.0336462630	0.0000000000
0	0.0524914226	0.9103385999	0.0000004969	0.0116531922	0.0255162883
0	0.1814475992	0.0000097222	0.5963722942	0.0000007457	0.2221696387
0	0.0314373328	0.0532764551	0.3158752390	0.1478868541	0.4515241190
0	0.0000000028	0.0000020054	0.0332832365	0.4034000678	0.5633146874
0	0.0000000043	0.0430595749	0.1661615847	0.7874052256	0.0033736105
0	0.0001487490	0.7860246753	0.0000000141	0.2055779332	0.0082486283
0	0.0002031147	0.0277741734	0.8449531287	0.0189469864	0.1081225968
0	0.0000318357	0.0002081652	0.8930025638	0.0000000000	0.1067574352
0	0.3266824950	0.1569121242	0.1036469005	0.3763017231	0.0364567572
0	0.0185231124	0.0809975947	0.1379216013	0.0126920223	0.7498656692
0	0.0000000000	0.0002545270	0.4378784030	0.0290442148	0.5328228553
0	0.2152921247	0.3673919410	0.2308487450	0.1755934204	0.0108737688
0	0.5447996694	0.0029440989	0.0332966862	0.1504107427	0.2685488028
1	0.0271286841	0.0152366542	0.3500320304	0.0000000000	0.6076026313
0	0.0239946219	0.0324041574	0.0305594567	0.0000005750	0.9130411890
0	0.0000000000	0.0033447444	0.2739368787	0.0076130893	0.7151052876
0	0.0981995124	0.0080078828	0.8015123406	0.0073986799	0.0848815843
0	0.2078461242	0.1321887413	0.0057277216	0.0323238009	0.6219136120
0	0.2262724602	0.0001165908	0.5943853302	0.0027411953	0.1764844235
0	0.1947296417	0.3303276931	0.3073218450	0.0000101600	0.1676106602
0	0.0000000000	0.7439968368	0.0614690956	0.1021471515	0.0923869162
0	0.1392961872	0.0847197430	0.0528861493	0.0141825056	0.7089154149
0	0.1348544433	0.0033926407	0.3487666847	0.0008806207	0.5121056105
0	0.8468028692	0.0078127393	0.0292628149	0.0000039844	0.1161175922
0	0.0003328251	0.9256834673	0.0153157923	0.0000000000	0.0586679152
0	0.6369516478	0.0452650502	0.0007793215	0.0010192736	0.3159847069
