0	0.1588606692	0.1923061037	0.0104730189	0.0002463690	0.6381138393
0	0.0000729796	0.1121830259	0.5685679331	0.1065137885	0.2126622730
0	0.0650063113	0.4089221746	0.0000006162	0.0000380210	0.5260328768
1	0.0136185592	0.0004719439	0.4258148452	0.0965785916	0.4635160601
0	0.0004627625	0.0116732363	0.5096410809	0.4414129267	0.0368099936
0	0.0004821928	0.0000000000	0.4359589271	0.3038365655	0.2597223146
1	0.0000000000	0.7899110245	0.0379721808	0.0003723737	0.1717444210
0	0.0944332636	0.0786763545	0.0546473212	0.0021856081	0.7700574526
0	0.7291226967	0.2000728943	0.0650139872	0.0003782802	0.0054121415
0	0.0001607160	0.0684750415	0.5642105089	0.3565166141	0.0106371195
1	0.0012884434	0.8916980239	0.0523215940	0.0476056486	0.0070862900
0	0.0676920817	0.0000222285	0.0144489384	0.0496001138	0.8682366377
0	0.0000003546	0.0001492703	0.0088216165	0.1180748775	0.8729538811
0	0.0455578900	0.3430843473	0.1872704012	0.1485502765	0.2755370849
0	0.1702102777	0.3046232760	0.0002146977	0.0091339243	0.5158178243
0	0.4181931312	0.0818646600	0.0382834520	0.2537800217	0.2078787351
0	0.0938847851	0.0000024388	0.7404654197	0.0022997448	0.1633476116
0	0.0000000014	0.1117085528	0.5555130346	0.0103038253	0.3224745859
0	0.0000000007	0.0001318482	0.8034832023	0.0860484974	0.1103364514
0	0.1948992734	0.3479756917	0.0005516244	0.4371839993	0.0193894112
0	0.0158164309	0.0043547011	0.9798287389	0.0000000000	0.0000001291
0	0.1719329395	0.0090785993	0.6552138207	0.0000243382	0.1637503023
0	0.0069827741	0.6063408000	0.2232863057	0.0000000001	0.1633901201
0	0.0000000112	0.3156782980	0.1412005479	0.0000000000	0.5431211429
0	0.0393481557	0.0000000048	0.2376383508	0.0000000001	0.7230134887
0	0.0003911027	0.0052903758	0.9788836654	0.0000000002	0.0154348559
0	0.0000000184	0.1474749633	0.0000445214	0.6367083665	0.2157721304
0	0.3634472103	0.0054330650	0.0000000000	0.0074013652	0.6237183595
0	0.0847589461	0.0060093874	0.0260141201	0.0076777548	0.8755397916
0	0.0000000000	0.0003572297	0.6566744992	0.1158641212	0.2271041499
0	0.5496849740	0.0000412493	0.1697931041	0.0384516063	0.2420290662
0	0.0215657852	0.1967071931	0.7727098085	0.0090129921	0.0000042211
0	0.0019800967	0.2139115485	0.1843602477	0.0000004864	0.5997476207
0	0.0028509884	0.1706018028	0.0233612244	0.0000002995	0.8031856850
0	0.7308298219	0.0098798558	0.1934811798	0.0347055783	0.0311035642
0	0.0259159281	0.2464052043	0.1838767033	0.0312195152	0.5125826491
0	0.0000000288	0.2300752203	0.0211994468	0.5180582943	0.2306670097
0	0.0197197648	0.0132533134	0.3315681039	0.0488641029	0.5865947150
0	0.0000000000	0.2125492863	0.1080202563	0.0870558552	0.5923746022
0	0.2018503835	0.7114781113	0.0515408747	0.0042336008	0.0308970297
0	0.1638651427	0.0626487099	0.1899497754	0.5491101778	0.0344261943
0	0.0000002252	0.0000000000	0.0976935088	0.0038903976	0.8984158684
1	0.0000000000	0.2401782507	0.6343500635	0.1027645793	0.0227071066
0	0.0808294353	0.1003495236	0.0173000353	0.0419452909	0.7595757149
0	0.1419132373	0.0418859588	0.0339283435	0.0728717321	0.7094007282
0	0.0000060931	0.0000000000	0.0358821730	0.0435183040	0.9205934299
0	0.4108338343	0.0155268283	0.5331945441	0.0404447930	0.0000000004
0	0.0007253724	0.0017161831	0.0000000000	0.0489437071	0.9486147374
0	0.8479955976	0.0013019143	0.0000000000	0.1305190342	0.0201834539
0	0.0810278334	0.5015573062	0.3991996003	0.0000000000	0.0182152601
0	0.0000002296	0.2520454927	0.7207639319	0.0267139863	0.0004763594
0	0.0000000000	0.0159271461	0.0592284012	0.0000000000	0.9248444527
0	0.0000000963	0.0014195360	0.6273622160	0.0176959883	0.3535221634
0	0.9234178369	0.0588598752	0.0000000000	0.0158488532	0.0018734347
0	0.0019497567	0.0989057944	0.0212306320	0.0000000381	0.8779137788
0	0.0126025935	0.0000000279	0.0000166872	0.4559554849	0.5314252065
0	0.0000516764	0.1132816370	0.0000000000	0.0917850118	0.7948816748
0	0.0161327283	0.1220759421	0.2346302662	0.0000038286	0.6271572347
0	0.8866270841	0.0000000000	0.1132016539	0.0000000000	0.0001712620
0	0.0000000003	0.0000040834	0.0503002448	0.0715681512	0.8781275204
0	0.0004238075	0.0481384941	0.4796262328	0.1890912347	0.2827202308
0	0.1361870794	0.2959176776	0.0066010968	0.0001633663	0.5611307799
0	0.0210996319	0.0169288104	0.0871660563	0.8748054686	0.0000000328
1	0.0000000000	0.2179426017	0.7445933123	0.0005830460	0.0368810399
0	0.0006145427	0.9488496000	0.0000416516	0.0195614114	0.0309327943
0	0.0109250844	0.0326162657	0.0748523174	0.7845901244	0.0970162080
0	0.3158751295	0.0628479354	0.1034116886	0.2148073849	0.3030578616
0	0.0000000000	0.0000000000	0.7215875769	0.0000000000	0.2784124231
0	0.4320258536	0.2850641624	0.0145732658	0.2658591362	0.0024775820
0	0.0001967028	0.5731386816	0.0649851310	0.0118987103	0.3497807743
0	0.0045102339	0.0000000000	0.0434967117	0.5131289826	0.4388640718
0	0.0000000000	0.0000000891	0.0784125586	0.0003551318	0.9212322205
0	0.6121483242	0.0046131518	0.3832216260	0.0000000000	0.0000168979
2	0.0000000013	0.1500769458	0.7506964757	0.0572806192	0.0419459580
0	0.0000000000	0.1225678683	0.3387444076	0.0000126391	0.5386750850
0	0.2791831015	0.1838517711	0.0238912568	0.0681991926	0.4448746779
0	0.0698360325	0.0224978219	0.7143552720	0.0000011057	0.1933097678
0	0.0111025334	0.0452622598	0.1691078926	0.7588525502	0.0156747641
0	0.0000000023	0.0037246522	0.6399624380	0.2136690222	0.1426438854
0	0.0000000000	0.1417636582	0.0961559624	0.4224635980	0.3396167813
0	0.6157675304	0.0968494309	0.0300381180	0.0024840635	0.2548608573
0	0.0014364526	0.2152325008	0.6296596989	0.0059127432	0.1477586044
1	0.0000563399	0.2321408106	0.1352486386	0.0852473265	0.5473068844
0	0.0000000253	0.8960562898	0.0499498755	0.0046527025	0.0493411070
0	0.2601454485	0.7394279291	0.0000089147	0.0004065673	0.0000111404
0	0.5255258531	0.0361369233	0.2936117185	0.0019811829	0.1427443222
0	0.0063785429	0.0306063710	0.3881226483	0.0583022891	0.5165901487
0	0.0586374935	0.1174277485	0.6977527864	0.0000000000	0.1261819715
0	0.0380591660	0.0051448688	0.0603632357	0.3043559957	0.5920767337
0	0.4001300696	0.0003607883	0.0144891904	0.0000000000	0.5850199517
0	0.1874121176	0.2800606414	0.2355580818	0.0139142694	0.2830548899
1	0.0000000000	0.2380853081	0.4957484497	0.2048888228	0.0612774193
0	0.0750395916	0.0411252582	0.7604411243	0.0517173808	0.0716766451
0	0.2329484537	0.0000010501	0.6562386270	0.0042337821	0.1065780871
0	0.0276290693	0.1075845324	0.1574887888	0.0082101138	0.6990874957
0	0.0000226201	0.8609759938	0.1389982629	0.0000031057	0.0000000175
0	0.0328858063	0.3300656473	0.1642506805	0.0000164910	0.4727813749
0	0.0202703229	0.2444226107	0.5336180584	0.0000000000	0.2016890080
1	0.0001680158	0.0013110741	0.9974730651	0.0000000000	0.0010478450
0	0.0006420455	0.1600933315	0.0000086849	0.8379298913	0.0013260468
