0	0.1389893731	0.0000783273	0.0876327953	0.6625288851	0.1107706193
0	0.1514892223	0.0011395266	0.0836048923	0.0000000000	0.7637663588
0	0.0000000000	0.0446569521	0.2329805787	0.3413846220	0.3809778471
0	0.2979639709	0.0017904456	0.6989756861	0.0012679789	0.0000019186
0	0.0121156820	0.2788712195	0.6388811798	0.0635016686	0.0066302501
0	0.0000003989	0.1838566453	0.0015863580	0.3957960399	0.4187605580
0	0.1240798530	0.4017069812	0.0412747479	0.4168953845	0.0160430334
0	0.0000024950	0.0051583451	0.9718628549	0.0000143596	0.0229619453
0	0.6844340740	0.0000000007	0.0990869620	0.0230661595	0.1934128039
0	0.0240709611	0.6083258114	0.2512843380	0.1126113223	0.0037075673
0	0.7990773338	0.0691613794	0.0829626921	0.0224815191	0.0263170756
0	0.0099877478	0.0000578448	0.7191112394	0.1869710554	0.0838721126
0	0.0618046171	0.0471689558	0.0282288697	0.0000000000	0.8627975574
0	0.4888218175	0.1952936484	0.2301279103	0.0000000000	0.0857566238
0	0.1696126037	0.1057762520	0.0009934784	0.7201652603	0.0034524056
0	0.0000000000	0.3526044990	0.0143888360	0.1015341963	0.5314724686
0	0.1232865557	0.0060476021	0.2958494704	0.0001160588	0.5747003130
0	0.0589786421	0.0098817559	0.0925823532	0.4064229947	0.4321342541
0	0.8695511872	0.0122708365	0.0830746208	0.0222556285	0.0128477270
0	0.1191320077	0.1483703669	0.0873724973	0.0000662094	0.6450589188
0	0.5887732047	0.0076359331	0.0156168949	0.0152905656	0.3726834016
0	0.0009102037	0.3419975246	0.0000000015	0.0001248005	0.6569674697
0	0.1013667204	0.2016956542	0.6269638686	0.0535126512	0.0164611056
0	0.0063290272	0.1185483715	0.2033520226	0.0000000000	0.6717705788
0	0.4786318130	0.4458829350	0.0000000220	0.0000000000	0.0754852300
0	0.0013358560	0.4318804120	0.0014947267	0.5145878251	0.0507011803
0	0.0082592515	0.0654515017	0.0079326423	0.1703792301	0.7479773745
0	0.9017084027	0.0000370409	0.0830340235	0.0000000000	0.0152205329
0	0.0042366484	0.0522567005	0.5464919126	0.3800180035	0.0169967351
0	0.1896120650	0.0000089651	0.0001700928	0.7246004930	0.0856083841
1	0.0004190211	0.9234131085	0.0733848585	0.0000025114	0.0027805006
0	0.0002615706	0.7797015035	0.1755858843	0.0444508912	0.0000001504
0	0.0039086829	0.0000000000	0.0000000120	0.0000096241	0.9960816810
0	0.2554655295	0.1032439249	0.5623902967	0.0065946148	0.0723056341
0	0.5456226076	0.0000000000	0.0788829488	0.0058467332	0.3696477104
0	0.7140306318	0.2148083231	0.0024920689	0.0290540999	0.0396148763
0	0.0857564213	0.5572224314	0.0648357307	0.0000000000	0.2921854167
0	0.0380390472	0.0045078469	0.3107851892	0.4466110372	0.2000568795
0	0.0000003448	0.2211614151	0.0074519810	0.0003231684	0.7710630907
0	0.5868666649	0.0000000000	0.3852592391	0.0000000000	0.0278740961
0	0.1018905543	0.0203979628	0.5899613889	0.0000456888	0.2877044051
0	0.0000069049	0.8728467762	0.0448240003	0.0009246707	0.0813976479
0	0.3110792948	0.0000002082	0.6720343894	0.0014602146	0.0154258930
0	0.0021243792	0.0648525936	0.8874500148	0.0346055199	0.0109674924
0	0.0009854190	0.0063535007	0.0916888014	0.0010216996	0.8999505793
0	0.0218050433	0.1842183459	0.5970843814	0.0020359798	0.1948562496
0	0.0000000000	0.0007241268	0.4228867159	0.0000000000	0.5763891574
0	0.0000036989	0.1329771420	0.0333000007	0.0000000000	0.8337191584
0	0.1028709435	0.0310297441	0.1210492951	0.1005489427	0.6445010746
0	0.1297838921	0.0043322059	0.2083565797	0.0000000548	0.6575272676
0	0.0001225941	0.0395966892	0.1461230279	0.0000176897	0.8141399990
1	0.0000288710	0.0000436985	0.9995180318	0.0000043978	0.0004050010
0	0.0582095604	0.7599841281	0.1166093437	0.0172350079	0.0479619599
0	0.1523309611	0.2088409495	0.0263524630	0.1002184661	0.5122571603
0	0.0017959619	0.3407160968	0.0015830519	0.5559331161	0.0999717732
0	0.0488955402	0.0620827684	0.3757674699	0.4394197483	0.0738344733
0	0.0117047959	0.3804261365	0.0432030372	0.0000994278	0.5645666026
0	0.3457078541	0.0723577433	0.0000000047	0.1838224920	0.3981119060
0	0.0594821003	0.6237569035	0.0038393700	0.0000000000	0.3129216262
0	0.0088344180	0.3416684977	0.3437239120	0.0000008884	0.3057722839
1	0.0000003439	0.0574062819	0.8056655209	0.0179388181	0.1189890352
0	0.1230575413	0.0966488254	0.0009570826	0.0170453034	0.7622912473
0	0.0971642799	0.2284168905	0.1078487012	0.1454184201	0.4211517083
0	0.0000707033	0.0394422430	0.7949950973	0.1274659186	0.0380260378
1	0.0000000000	0.3390776997	0.6448820974	0.0001355545	0.0159046483
0	0.4338825736	0.0308342771	0.2894282130	0.2451111345	0.0007438018
1	0.0000000000	0.9637055906	0.0101389520	0.0261554574	0.0000000000
0	0.0002746111	0.4167541871	0.5056192082	0.0308462171	0.0465057764
0	0.0000817828	0.0034002719	0.9952246126	0.0000000000	0.0012933327
0	0.1269293569	0.2799833821	0.2793359260	0.3137472425	0.0000040926
0	0.9421989452	0.0000000000	0.0422056415	0.0155954129	0.0000000003
0	0.0000000000	0.0520289597	0.4033073996	0.0481818375	0.4964818032
0	0.1406561708	0.0844062880	0.0000543388	0.2036504852	0.5712327172
0	0.0536896546	0.0005564276	0.0000000002	0.5768022181	0.3689516996
0	0.0000000000	0.0002971364	0.6291874945	0.3699082669	0.0006071023
0	0.0908326492	0.0147098489	0.8251043823	0.0379311374	0.0314219822
0	0.0048303675	0.0326008278	0.9625375400	0.0000102533	0.0000210114
0	0.0236159306	0.7767261366	0.0754281511	0.0003920485	0.1238377332
1	0.0091391561	0.5256159173	0.4330781086	0.0067582756	0.0254085425
0	0.0440150345	0.1090564564	0.7407097260	0.0000391058	0.1061796774
0	0.0540951243	0.3702709889	0.1994400085	0.3008124432	0.0753814351
0	0.1217275996	0.0000259164	0.0550131756	0.4237480894	0.3994852191
0	0.0008070687	0.0035834308	0.6548305718	0.0281616003	0.3126173284
0	0.3726995759	0.2803617607	0.2540695206	0.0019021100	0.0909670328
0	0.1164197155	0.0009535515	0.1815819604	0.0000000000	0.7010447726
0	0.0000000000	0.4220083784	0.4814929294	0.0064968526	0.0900018395
0	0.0047590909	0.8619250344	0.0373814159	0.0000000000	0.0959344588
0	0.0081988660	0.0000001324	0.0119500685	0.0381567024	0.9416942307
0	0.0000273819	0.0030917433	0.0585317818	0.0009288878	0.9374202051
0	0.1943814899	0.2957380562	0.2249866836	0.2210453272	0.0638484430
0	0.0001754478	0.0236874651	0.0041600899	0.0250071701	0.9469698271
2	0.0000142072	0.4816379764	0.4245378830	0.0734321761	0.0203777574
0	0.5584834856	0.0491207547	0.3470531847	0.0000049712	0.0453376038
0	0.1681424479	0.0007855909	0.0000100822	0.2005096498	0.6305522291
0	0.0006428792	0.0154282743	0.1720292601	0.7895740075	0.0223255790
0	0.4576717194	0.0071077354	0.0000000000	0.0000000000	0.5352205452
0	0.0019651566	0.8584747039	0.1012364938	0.0004905690	0.0378330767
0	0.0542645884	0.4280092553	0.4858631196	0.0313808962	0.0004821406
0	0.0949350875	0.0106685705	0.7831313254	0.1112650081	0.0000000085
0	0.0000020669	0.2422071954	0.7495877393	0.0081924893	0.0000105090
