0	0.1492527136	0.3240623588	0.0840654632	0.0000000000	0.4426194644
0	0.2451624055	0.2552781373	0.1363638860	0.1966220548	0.1665735163
0	0.0870383883	0.7697327250	0.0405790624	0.0494048779	0.0532449465
0	0.0169080296	0.0475724252	0.5094211466	0.1537763046	0.2723220941
0	0.0000000000	0.0100949892	0.0476104325	0.0000000719	0.9422945064
0	0.5633572300	0.0000110881	0.0078936585	0.1659019195	0.2628361038
0	0.3685600029	0.0026411792	0.4455616414	0.0000686402	0.1831685364
1	0.0000000000	0.0682204281	0.6419348863	0.1127614054	0.1770832801
0	0.1877760062	0.0130859805	0.0149989326	0.6503791481	0.1337599326
0	0.1512148836	0.0000480749	0.0201415906	0.8275610248	0.0010344260
0	0.0000054625	0.0000048920	0.3750253393	0.0000000021	0.6249643040
0	0.0040149665	0.0622708853	0.8862371489	0.0000202489	0.0474567504
0	0.7403556951	0.0015343969	0.0901972126	0.0000046050	0.1679080904
0	0.0035244548	0.0032980262	0.2031978578	0.0109190311	0.7790606301
0	0.0059437699	0.0538091440	0.0016349673	0.0000000000	0.9386121188
0	0.2537655452	0.0538201967	0.0697199353	0.2859964503	0.3366978726
0	0.0000318203	0.1741617716	0.7497947881	0.0000000000	0.0760116200
0	0.1049935350	0.0000000000	0.0000000000	0.8796475262	0.0153589388
0	0.0308336287	0.0556624024	0.5048510754	0.2139502807	0.1947026128
0	0.0282109981	0.0000000000	0.1317189466	0.0002070112	0.8398630440
0	0.0000000000	0.0000000010	0.1395373816	0.6074011549	0.2530614625
0	0.0000027569	0.0020900954	0.2296409063	0.0000160164	0.7682502250
1	0.0000000030	0.0647588835	0.9063877314	0.0206398799	0.0082135022
0	0.0035827831	0.0225521386	0.8596311119	0.0478386748	0.0663952917
0	0.0088817624	0.0134187998	0.1053813685	0.1643386721	0.7079793972
0	0.2172658859	0.0364683925	0.2209359490	0.2987160735	0.2266136991
0	0.0500031929	0.0123096139	0.2948995102	0.0576156135	0.5851720696
0	0.1027584673	0.0267365992	0.7890935374	0.0000071615	0.0814042345
0	0.0000100994	0.1905692718	0.0899814655	0.0278789712	0.6915601921
0	0.1563290181	0.0168470061	0.0608199251	0.0339900293	0.7320140215
1	0.0000000000	0.1576165196	0.8301611527	0.0000000000	0.0122223276
0	0.0859774519	0.0090677485	0.0555613820	0.4946607941	0.3547326234
0	0.5921737464	0.0484734651	0.3368036650	0.0000001635	0.0225489600
0	0.0238031824	0.1718027004	0.3506007404	0.3036997412	0.1500936356
0	0.0005147271	0.6027584757	0.0800158078	0.0737022297	0.2430087597
1	0.0000190662	0.0530106908	0.1028924443	0.0062488175	0.8378289813
0	0.6032902999	0.0979145337	0.0420247384	0.0000365612	0.2567338667
0	0.1093853972	0.6717431708	0.1979876526	0.0208837795	0.0000000000
0	0.0000038431	0.0000322626	0.8796119190	0.0003709026	0.1199810727
0	0.3652016845	0.0002015183	0.2685161553	0.0591730606	0.3069075813
0	0.0996926984	0.6148649599	0.0092185586	0.0719828945	0.2042408886
0	0.0000000000	0.0000803203	0.1653822419	0.0000000000	0.8345374378
0	0.0444421249	0.2681313533	0.0360813436	0.0002682268	0.6510769515
0	0.0248829218	0.8276031015	0.1168585580	0.0201653334	0.0104900853
1	0.0000136887	0.0373540620	0.9241657664	0.0320820575	0.0063844255
1	0.0000041719	0.4186577074	0.5582927041	0.0014514681	0.0215939485
0	0.0760438508	0.5692456072	0.1741939841	0.0628230197	0.1176935382
2	0.0000000000	0.9753627458	0.0062794829	0.0183091212	0.0000486502
0	0.9075927977	0.0072151571	0.0001545165	0.0302695416	0.0547679871
0	0.4519357012	0.2237805108	0.0356934829	0.0007674186	0.2878228865
0	0.3694979556	0.0000070007	0.0439553364	0.5858312066	0.0007085007
0	0.1586161247	0.3015103528	0.5178660037	0.0056661310	0.0163413879
0	0.8030725219	0.1379307728	0.0013037950	0.0009915436	0.0567013667
0	0.0116961823	0.3857555523	0.5987202529	0.0000000000	0.0038280124
0	0.0000526156	0.0136346746	0.0285131014	0.0018647267	0.9559348817
0	0.2225343884	0.1351508665	0.4616209351	0.0769096796	0.1037841303
0	0.0215231628	0.4749505242	0.0000000000	0.0000000000	0.5035263130
0	0.0113619308	0.0000000631	0.9148891547	0.0724552854	0.0012935660
1	0.0036619317	0.0259514749	0.7586520415	0.0991030066	0.1126315452
0	0.4608469259	0.2801416768	0.0000008021	0.0000086120	0.2590019831
0	0.0001292913	0.7293843234	0.0000449624	0.0241278033	0.2463136196
0	0.1121565764	0.0000000000	0.0000115241	0.1213795168	0.7664523827
0	0.1153612514	0.2933455312	0.3981552992	0.1047893507	0.0883485675
0	0.0002991110	0.0590858690	0.0011982893	0.0541477481	0.8852689826
0	0.1900439426	0.0006797508	0.5880952002	0.0613951360	0.1597859704
0	0.0001468394	0.0023583200	0.0150461910	0.4755786891	0.5068699604
0	0.0405515622	0.0021030705	0.9571039788	0.0000000000	0.0002413885
0	0.1302051102	0.1361377236	0.6665193284	0.0668680693	0.0002697684
0	0.0000000000	0.0023890805	0.0000000012	0.0000011939	0.9976097245
0	0.0100106258	0.2939960490	0.6572735478	0.0384551682	0.0002646092
0	0.0460326942	0.1050444003	0.1076223214	0.0007852211	0.7405153629
0	0.8059473835	0.0000072618	0.0001708815	0.0363859070	0.1574885662
1	0.0000000000	0.0271532416	0.9499057452	0.0000006462	0.0229403669
0	0.1573608655	0.5335316521	0.0000000000	0.3076220881	0.0014853943
0	0.0652213569	0.8753534828	0.0135172962	0.0061847583	0.0397231058
1	0.1382149227	0.2749785845	0.5793056325	0.0000000621	0.0075007982
0	0.0291965646	0.1010985343	0.0288282927	0.1983609571	0.6425156513
0	0.4523777688	0.0397773139	0.4316391016	0.0753818854	0.0008239303
1	0.0000000000	0.7557584664	0.1881562763	0.0000000000	0.0560852573
0	0.0000325884	0.6929254184	0.0000002742	0.0000000000	0.3070417191
0	0.2945630753	0.0101348363	0.6189584520	0.0745272014	0.0018164349
0	0.5196239666	0.0000000000	0.4003911346	0.0061315682	0.0738533306
0	0.0428558695	0.0101554042	0.0010897810	0.0348838920	0.9110150533
0	0.0000000000	0.0907854228	0.8668068904	0.0006333107	0.0417743762
0	0.0752842969	0.2478708871	0.5228686834	0.1536135850	0.0003625476
1	0.0493517644	0.3661363904	0.5845097950	0.0000000000	0.0000020502
0	0.0272335092	0.7175526487	0.1696431364	0.0402103236	0.0453603820
1	0.0000007344	0.1713793323	0.7533398975	0.0004058634	0.0748741724
0	0.0000484725	0.3359125315	0.5150717939	0.0019497475	0.1470174546
0	0.0079376706	0.6001971500	0.0302820821	0.0854530649	0.2761300324
0	0.0000003184	0.0000000000	0.1024596594	0.0042932454	0.8932467768
0	0.0000122383	0.0625513256	0.5267880854	0.3630935951	0.0475547556
1	0.0009414140	0.2369179405	0.7363277801	0.0000210596	0.0257918058
0	0.0235970485	0.3242390467	0.2626589946	0.0058374694	0.3836674407
0	0.0483989126	0.0000862955	0.8934023109	0.0000497913	0.0580626896
1	0.0040337345	0.3069981900	0.0145093229	0.0004033806	0.6740553720
0	0.0188329919	0.0172401771	0.0665440519	0.0000016039	0.8973811752
0	0.3757580336	0.0000689503	0.0548611565	0.0000081623	0.5693036972
0	0.0065687429	0.1108967716	0.0000695301	0.7024815235	0.1799834319
0	0.0000027809	0.0987274710	0.0006623894	0.0000000000	0.9006073587
