0	0.0027307032	0.1834383296	0.4642810905	0.0087920307	0.3407578459
0	0.0038704326	0.0094002648	0.9553395665	0.0124234583	0.0189662778
0	0.0112341624	0.3821047800	0.1707094208	0.0645976898	0.3713539470
0	0.0311351656	0.0075303250	0.0028682528	0.1422066857	0.8162595709
0	0.1441537121	0.0052305118	0.3864571635	0.0540006070	0.4101580058
0	0.0000623100	0.0044713118	0.4685584130	0.4900001887	0.0369077766
0	0.3478684399	0.0715584110	0.1761357816	0.4026873668	0.0017500006
0	0.0440529537	0.0000000353	0.7699345365	0.0000453083	0.1859671662
0	0.1072017563	0.4586538871	0.0445711411	0.2991637115	0.0904095040
0	0.0000407706	0.6841199072	0.0090805027	0.0932379224	0.2135208971
0	0.0370067963	0.1221100606	0.6024649766	0.0307546317	0.2076635347
0	0.1182855126	0.1414984618	0.0000000019	0.0000000000	0.7402160237
0	0.3685343768	0.0362778981	0.0982613144	0.2215416869	0.2753847237
0	0.0000011261	0.0913689388	0.5414204219	0.0524451752	0.3147643380
0	0.0047827039	0.0003772733	0.0063608727	0.0146794716	0.9737996785
0	0.0021570490	0.0000002259	0.6311114752	0.1289526857	0.2377785643
0	0.0831597417	0.8511389063	0.0027094093	0.0025573734	0.0604345693
0	0.0171625070	0.4429528359	0.0438052596	0.0149553770	0.4811240204
0	0.0022190348	0.0254370071	0.0000000000	0.0000084924	0.9723354658
0	0.0001809339	0.0000000000	0.1915368407	0.0712050345	0.7370771909
0	0.3182593288	0.0000000000	0.0463013658	0.2613760874	0.3740632180
0	0.0000000000	0.1590621490	0.0000079520	0.0025624772	0.8383674218
0	0.0001110196	0.0089873332	0.7844603619	0.0000008889	0.2064403964
0	0.0000012254	0.0097441973	0.0684656301	0.0000000000	0.9217889472
0	0.4529131031	0.0000040309	0.2178485073	0.0003320578	0.3289023009
0	0.0187776841	0.0434700528	0.7966276742	0.0134751636	0.1276494253
0	0.0000000000	0.3612939589	0.0953184105	0.0890235927	0.4543640380
0	0.0171200336	0.0005768625	0.5308822463	0.0008922726	0.4505285850
0	0.0886572717	0.0698783006	0.0163279569	0.0001327278	0.8250037430
0	0.3179178275	0.0620129892	0.0003578887	0.0063417246	0.6133695700
0	0.0000000970	0.0000086473	0.5311691464	0.0486511333	0.4201709761
0	0.0084486801	0.0000000006	0.4080628006	0.1233348932	0.4601536255
0	0.0121457672	0.7528571477	0.0000157309	0.0006691544	0.2343121998
0	0.0640005487	0.0443104068	0.5871654550	0.3042388840	0.0002847055
0	0.0000403883	0.2538178843	0.0017583759	0.2241784268	0.5202049247
0	0.0000085920	0.5070232506	0.0212165768	0.0576903365	0.4140612442
0	0.0018406334	0.0000056977	0.0613542610	0.0005186614	0.9362807465
0	0.4084618663	0.0098153275	0.0000008175	0.0000000000	0.5817219886
0	0.0127913420	0.3465661343	0.5857502083	0.0000029877	0.0548893277
0	0.0027532331	0.2388180567	0.1988561361	0.0468191348	0.5127534392
1	0.0000000284	0.6634063274	0.2049029877	0.0000000000	0.1316906564
0	0.0000016548	0.8860733269	0.0000000119	0.0011945344	0.1127304720
0	0.0381793946	0.0392248734	0.1522929268	0.7300221842	0.0402806210
0	0.0003761382	0.0000048460	0.1578790204	0.0718189374	0.7699210580
1	0.0000000000	0.0817466683	0.9043963185	0.0138443411	0.0000126722
1	0.0000000000	0.5143882911	0.3740203112	0.0827972709	0.0287941268
0	0.1134694734	0.0033015729	0.8825026008	0.0007263530	0.0000000000
0	0.1331950989	0.0008201764	0.0000619308	0.3771576135	0.4887651804
0	0.0896055806	0.0000034012	0.2247717604	0.0584435033	0.6271757545
0	0.1081075289	0.0000000053	0.0001435628	0.1323279757	0.7594209273
0	0.4367394998	0.0000270472	0.0194631231	0.0000000158	0.5437703141
1	0.0000000000	0.3130603863	0.1048887027	0.3175551164	0.2644957945
0	0.0555466642	0.0015425075	0.7676417013	0.0256893774	0.1495797496
0	0.0521998303	0.0072655201	0.7587133658	0.0115368410	0.1702844428
0	0.0000090710	0.1214353570	0.0049939443	0.0402261265	0.8333355013
0	0.0030685727	0.0000253381	0.0057311769	0.0049527109	0.9862222013
0	0.4189694516	0.0000000000	0.0868007961	0.0000000000	0.4942297524
0	0.0000387139	0.0000000000	0.5214424195	0.0084936734	0.4700251932
0	0.1604915443	0.0421756793	0.0000005276	0.1240192034	0.6733130454
0	0.0786206651	0.8535106158	0.0018558091	0.0658703541	0.0001425559
0	0.0000003827	0.0649640885	0.4327382488	0.0000000710	0.5022972091
1	0.0000000022	0.7027990013	0.0546934690	0.0063069142	0.2362006133
1	0.0000000933	0.8086973115	0.1620862316	0.0075940782	0.0216222854
0	0.0005078724	0.0000962178	0.9898823929	0.0003533247	0.0091601921
0	0.1636931161	0.0938803875	0.0000000000	0.2404532818	0.5019732146
0	0.2636920105	0.0000000000	0.0000014270	0.2109294005	0.5253771620
0	0.0273492976	0.6519218749	0.0000000000	0.1674556947	0.1532731328
0	0.0000000012	0.3302626706	0.1994464869	0.3000065957	0.1702842455
0	0.3489702238	0.1631121515	0.0930984007	0.0026577444	0.3921614795
0	0.4795728628	0.0000000001	0.0000017478	0.0639736995	0.4564516897
0	0.0008484063	0.0008854729	0.3574132160	0.6312832049	0.0095696998
0	0.0000257264	0.0000000000	0.0005671352	0.8471381424	0.1522689960
0	0.0000122146	0.4967102512	0.0006207280	0.0354317585	0.4672250477
0	0.0366005874	0.5405929503	0.1279903950	0.0004994997	0.2943165677
0	0.0103877930	0.0000000586	0.8574391574	0.0486341878	0.0835388033
0	0.2600962566	0.2064502946	0.2215023969	0.0047014954	0.3072495565
0	0.0000000000	0.0825972636	0.3659570179	0.0000000000	0.5514457185
0	0.0000660668	0.0143743901	0.3985254890	0.0001569320	0.5868771220
0	0.0214007074	0.6533291235	0.2930202849	0.0314999566	0.0007499276
0	0.0660389836	0.9136365561	0.0056959201	0.0000000000	0.0146285403
0	0.4881609035	0.1058991000	0.0370159952	0.0000309098	0.3688930915
0	0.0002301716	0.0639383859	0.8775260132	0.0276745988	0.0306308304
0	0.8824855818	0.0439940371	0.0127638453	0.0038120426	0.0569444932
0	0.0001566234	0.0000000000	0.0031059476	0.2148738095	0.7818636195
0	0.0222753843	0.4093987464	0.5121793185	0.0022630973	0.0538834534
0	0.0551680550	0.1137841544	0.5985313864	0.0000000014	0.2325164028
2	0.0000000000	0.1037990812	0.7106125507	0.0175772623	0.1680111059
0	0.1369112600	0.0112161456	0.2636339761	0.5862243524	0.0020142660
0	0.0000133266	0.1010942944	0.0108976152	0.7468475416	0.1411472223
0	0.1456364753	0.0000000000	0.3822473280	0.0000000000	0.4721161967
0	0.0404638153	0.0220863974	0.8297216742	0.1046943885	0.0030337246
0	0.3123769413	0.6005639473	0.0001683087	0.0249599492	0.0619308535
0	0.1830840060	0.0156933349	0.7319901724	0.0008894098	0.0683430769
0	0.1033148296	0.0000000013	0.1572205878	0.1153981589	0.6240664224
0	0.3757256601	0.0000080016	0.3055255786	0.0227901675	0.2959505922
0	0.0898918856	0.3532824071	0.2710946470	0.0918580851	0.1938729752
0	0.0665717027	0.0233385360	0.0011272429	0.1289069285	0.7800555899
0	0.3911412792	0.0502644642	0.0092843417	0.3959458184	0.1533640965
0	0.1294862425	0.0002305982	0.0943051706	0.2116369448	0.5643410440
0	0.0090156082	0.0279105120	0.8196688500	0.0000560553	0.1433489745
