0	0.7149885331	0.1607350949	0.0996685010	0.0162425353	0.0083653357
0	0.0263237408	0.2213703479	0.0277668724	0.0176972640	0.7068417748
0	0.8361481433	0.0509750185	0.0416402353	0.0033133383	0.0679232647
0	0.0460691297	0.9412646554	0.0000515319	0.0000152632	0.0125994197
1	0.0120332507	0.0340096648	0.8814703554	0.0338014438	0.0386852853
0	0.0321083477	0.4723075546	0.0189899291	0.0258508082	0.4507433604
0	0.2420968915	0.5169844190	0.0771128053	0.0001439873	0.1636618968
0	0.7222022963	0.1305852973	0.0981317065	0.0488791995	0.0002015005
0	0.0158773736	0.4716758870	0.0020021852	0.0025703852	0.5078741689
0	0.3211026967	0.0488729234	0.5649589212	0.0041668861	0.0608985727
0	0.0612845293	0.2880083587	0.2233084408	0.4263168618	0.0010818093
0	0.0000500681	0.0000946863	0.0042093057	0.0000001043	0.9956458355
0	0.0000010868	0.4696045522	0.0000029526	0.0053026179	0.5250887904
0	0.0703919267	0.0058505230	0.2258692484	0.0000000441	0.6978882579
0	0.0372520280	0.9168045714	0.0369575381	0.0070267308	0.0019591317
0	0.0147975898	0.0000385482	0.6289766213	0.3116025292	0.0445847115
0	0.0001094571	0.5129946647	0.0389464394	0.0690152838	0.3789341550
0	0.0005532237	0.9834470301	0.0037993488	0.0000649124	0.0121354850
0	0.2768925448	0.3004925208	0.3317575310	0.0837974500	0.0070599533
0	0.0000000317	0.0000000000	0.4852255601	0.0697641354	0.4450102728
0	0.0294855870	0.3261307111	0.2818064600	0.0506211544	0.3119560876
0	0.9097384001	0.0013180084	0.0388486158	0.0036896638	0.0464053119
0	0.0048338228	0.0356447345	0.0469022606	0.0471220173	0.8654971647
1	0.0002359607	0.4321222767	0.0023223673	0.0351580112	0.5301613841
0	0.1082939486	0.1935578366	0.0000000000	0.0075619112	0.6905863037
0	0.1124716648	0.0751814757	0.1810598080	0.1787214723	0.4525655791
0	0.1323041656	0.0038424831	0.0002126254	0.0164286412	0.8472120847
0	0.1535531012	0.1007897961	0.7381301142	0.0032960583	0.0042309302
0	0.1075928502	0.3678916470	0.1948812465	0.3282914225	0.0013428338
0	0.2902587940	0.0005779835	0.2014230081	0.1676339861	0.3401062283
0	0.4578979839	0.0017091921	0.0203301494	0.4700724634	0.0499902112
1	0.0000000000	0.0574760329	0.9257256340	0.0167956566	0.0000026766
0	0.4572052212	0.5222903418	0.0025522520	0.0001877927	0.0177643924
1	0.0000000001	0.0160584025	0.9765724287	0.0048298571	0.0025393116
0	0.4641510166	0.1496716418	0.3499682001	0.0013922908	0.0348168507
0	0.0031454438	0.0429933106	0.0519123625	0.0335661588	0.8683827243
1	0.0002002217	0.0304807992	0.9370592692	0.0000179506	0.0322417593
0	0.2328004029	0.0000066191	0.2874995312	0.0037034376	0.4759900093
0	0.0001582574	0.0000000000	0.9976371491	0.0000000000	0.0022045935
0	0.0073928374	0.5329214927	0.0516743739	0.0000000000	0.4080112961
0	0.0000070090	0.0194218552	0.5449651019	0.3187745412	0.1168314927
0	0.1583894436	0.0000210073	0.2365739830	0.0115881410	0.5934274251
0	0.3715365887	0.0000593812	0.0002925955	0.1433147675	0.4847966672
0	0.0074454727	0.0151849268	0.5310595835	0.4004697933	0.0458402238
0	0.0001521382	0.1045481644	0.4839403231	0.0000000000	0.4113593743
0	0.1205480641	0.1607015879	0.4608475291	0.0098200549	0.2480827640
0	0.0000000002	0.1068245218	0.1965169707	0.5845420646	0.1121164427
0	0.0000000507	0.6780303266	0.2629070409	0.0176242242	0.0414383575
0	0.1420510608	0.0000847757	0.0785527092	0.7542188885	0.0250925658
0	0.0000000000	0.0881886080	0.8508738470	0.0011438156	0.0597937294
0	0.4116126925	0.0001580684	0.5252926875	0.0442136347	0.0187229170
1	0.0081375739	0.0943373570	0.2974595762	0.3127325515	0.2873329414
0	0.0795459701	0.0092345644	0.4841762685	0.2565451873	0.1704980098
0	0.0000000000	0.4292474094	0.5444706292	0.0262588439	0.0000231176
0	0.1174323103	0.0086635873	0.1118966461	0.0000000000	0.7620074563
0	0.1160691039	0.2143556377	0.4769804018	0.1485994141	0.0439954425
0	0.0001065662	0.0000204969	0.5962081274	0.0000575146	0.4036072949
0	0.7457825475	0.0040102998	0.0612534071	0.1180961677	0.0708575780
0	0.0004910602	0.0411864189	0.2788519859	0.1440459960	0.5354245391
1	0.0061489329	0.3169033817	0.3051123117	0.2597027740	0.1121325997
0	0.2888732096	0.0215428456	0.0137594427	0.0238293893	0.6519951128
0	0.2023369888	0.1417520462	0.0871106252	0.0038930841	0.5649072557
0	0.1919792190	0.1108104628	0.0682326354	0.0000952992	0.6288823836
0	0.1464167574	0.0003017795	0.1331293421	0.6762103348	0.0439417862
0	0.0000000000	0.0176356925	0.5828022942	0.3930733633	0.0064886500
0	0.0193666788	0.0024990659	0.0783061356	0.0029995287	0.8968285910
0	0.0023819962	0.0001444420	0.9538289265	0.0000026392	0.0436419961
0	0.1687266122	0.3065107075	0.4353399781	0.0894227022	0.0000000000
1	0.0008300695	0.7986455615	0.1758930106	0.0026430838	0.0219882745
0	0.0051975232	0.3033173202	0.0005401883	0.0049942352	0.6859507331
0	0.0834152653	0.0227138076	0.7352009836	0.0003403521	0.1583295913
0	0.0203316146	0.0132791125	0.0082297111	0.6120897848	0.3460697770
0	0.0027698717	0.4721002403	0.4153839907	0.0000002055	0.1097456918
0	0.0749680257	0.0000000116	0.0316335285	0.3788702733	0.5145281608
0	0.4237642127	0.0102819109	0.2023780877	0.0000000000	0.3635757888
0	0.5005668503	0.0000000001	0.2985931472	0.1684006719	0.0324393304
0	0.0986695545	0.0000000004	0.0008271795	0.0236885553	0.8768147103
0	0.0000157356	0.0703819993	0.0289134593	0.1495619040	0.7511269018
0	0.2732836358	0.0000292761	0.0318856755	0.6004526935	0.0943487191
0	0.0000000000	0.1456022929	0.1673763133	0.1025221315	0.5844992623
0	0.0000000041	0.0001134385	0.6174587819	0.3618504629	0.0205773126
0	0.0000057348	0.0000005040	0.6743878490	0.1037357586	0.2218701535
0	0.7472434469	0.1421939557	0.0000266079	0.0000000005	0.1105359891
0	0.3452195231	0.0000000000	0.0120370598	0.0897739433	0.5529694737
1	0.0000000000	0.0348960195	0.7380596713	0.0021406277	0.2249036815
1	0.0000734229	0.0054537106	0.6788140479	0.0014797148	0.3141791039
0	0.3942481694	0.0228542967	0.0776082565	0.2998187991	0.2054704783
0	0.0959007338	0.0226753534	0.8309133155	0.0328238155	0.0176867818
0	0.0582176323	0.6672423445	0.0682779411	0.0000000000	0.2062620821
0	0.0247200897	0.2748749676	0.4893551626	0.0016166036	0.2094331766
0	0.0000000000	0.2869178509	0.0514806300	0.0734898874	0.5881116317
2	0.0000000000	0.0954355792	0.8875254036	0.0053627536	0.0116762637
0	0.2222213566	0.0108285792	0.0949083998	0.0115816178	0.6604600467
0	0.0000000532	0.0242636635	0.0000290259	0.0000034843	0.9757037731
0	0.0541050223	0.4278871081	0.1442921357	0.0001168904	0.3735988435
1	0.0000000000	0.1015462977	0.8946265124	0.0038271899	0.0000000000
0	0.0001787211	0.5058505541	0.0007663167	0.0369579935	0.4562464145
0	0.0000017298	0.2316461694	0.1085430854	0.0338340513	0.6259749641
0	0.0000000000	0.0002171609	0.0048002707	0.6671485508	0.3278340175
0	0.0017151364	0.0000010895	0.9980829731	0.0000024651	0.0001983360
