1	0.0314409473	0.8297707324	0.1387883202
0	0.2730925836	0.7128997506	0.0140076658
1	0.5659080758	0.1022727609	0.3318191632
0	0.9924181284	0.0000000000	0.0075818716
0	0.0000000000	0.9985475733	0.0014524267
0	0.0246364573	0.0003163365	0.9750472062
1	0.9569278998	0.0387474241	0.0043246761
0	0.6883756887	0.0000000002	0.3116243110
0	0.9866630153	0.0120056234	0.0013313612
0	0.0549546348	0.9450453631	0.0000000021
1	0.0327203610	0.1743921825	0.7928874564
0	0.8150619988	0.1849380012	0.0000000000
0	0.3603795231	0.5522777344	0.0873427425
0	0.0074894811	0.4006686268	0.5918418921
0	0.2510235875	0.0004608476	0.7485155650
0	0.4123404174	0.0166110152	0.5710485674
0	0.6662407457	0.3261957734	0.0075634809
0	0.7449803253	0.2549348618	0.0000848129
0	0.8105100478	0.1388040306	0.0506859216
2	0.1739835909	0.4481154049	0.3779010043
0	0.1759994352	0.1276068637	0.6963937011
0	0.9961811669	0.0037736963	0.0000451368
0	0.4652582974	0.5131882390	0.0215534636
0	0.0001105351	0.1198780472	0.8800114177
1	0.0294046809	0.4418974093	0.5286979097
0	0.1172399388	0.7780394271	0.1047206342
0	0.2112029726	0.0000008207	0.7887962067
0	0.0098947605	0.4278567196	0.5622485200
0	0.0074740343	0.7796210366	0.2129049291
0	0.0748241620	0.8209445887	0.1042312493
0	0.9888392854	0.0000316910	0.0111290236
0	0.1027851781	0.2058747586	0.6913400632
0	0.8962273640	0.0004550969	0.1033175390
0	0.0076719167	0.0024726936	0.9898553898
1	0.3653869127	0.0136817773	0.6209313101
0	0.0000000000	0.1669417388	0.8330582612
0	0.1231044131	0.1269255653	0.7499700215
0	0.2271043816	0.0472594456	0.7256361727
0	0.0000000000	0.0014288579	0.9985711421
0	0.0083960470	0.3705835364	0.6210204166
0	0.1638758616	0.0003078875	0.8358162508
0	0.7224173783	0.2775826217	0.0000000000
0	0.7628234346	0.2083111561	0.0288654093
0	0.1052784259	0.6461384247	0.2485831495
0	0.0252597993	0.9747391022	0.0000010985
0	0.9113635376	0.0016555359	0.0869809264
0	0.3976097842	0.5388378696	0.0635523463
0	0.9084778934	0.0346302586	0.0568918480
1	0.1323665495	0.8088123936	0.0588210569
0	0.3633691514	0.5578258459	0.0788050027
0	0.8562977359	0.0407040846	0.1029981795
0	0.0689623334	0.6360863565	0.2949513101
0	0.0201645901	0.7432934904	0.2365419195
0	0.6866767867	0.0697272846	0.2435959287
0	0.7070256862	0.0000677821	0.2929065317
0	0.8648482320	0.0589412805	0.0762104875
0	0.0033879482	0.2636575047	0.7329545471
0	0.1206275867	0.0000105847	0.8793618286
0	0.0446760178	0.9536080747	0.0017159074
0	0.0218947813	0.5712216121	0.4068836066
0	0.6823890443	0.0006251979	0.3169857578
0	0.9978515759	0.0010448029	0.0011036213
0	0.0007515489	0.9724214876	0.0268269635
1	0.4538169059	0.0211208289	0.5250622652
0	0.9749726668	0.0250144441	0.0000128891
0	0.1150557768	0.4783249305	0.4066192927
0	0.1971020463	0.7936911945	0.0092067592
0	0.0925777340	0.6534941700	0.2539280960
0	0.2874191950	0.0252158742	0.6873649308
0	0.6720382392	0.0127310342	0.3152307265
0	0.9824233021	0.0164961791	0.0010805188
0	0.0038341152	0.9961658846	0.0000000002
0	0.9390627197	0.0085401289	0.0523971514
0	0.0051327978	0.2853060312	0.7095611710
0	0.0715164169	0.0743882485	0.8540953346
0	0.9909379584	0.0090620416	0.0000000000
0	0.4641755394	0.4004705021	0.1353539585
0	0.1002625585	0.5589476076	0.3407898339
0	0.0903193329	0.6213865042	0.2882941629
0	0.9993239179	0.0006760821	0.0000000000
0	0.6678507502	0.0025145496	0.3296347002
0	0.0994636719	0.4087387791	0.4917975490
0	0.0000023009	0.8118418826	0.1881558165
0	0.0000000160	0.0000000000	0.9999999840
2	0.5483389541	0.2875399650	0.1641210808
0	0.6739272386	0.0342298768	0.2918428846
0	0.2368216140	0.0002870503	0.7628913357
0	0.0411838522	0.8937027068	0.0651134410
0	0.5885098704	0.3680428949	0.0434472347
0	0.0159759681	0.9609832712	0.0230407607
1	0.2749525005	0.2873209933	0.4377265062
0	0.0942150371	0.8982055419	0.0075794210
0	0.2918811331	0.5089507175	0.1991681493
0	0.0496915933	0.9480791167	0.0022292900
0	0.0000770065	0.2619457431	0.7379772503
0	0.0439827002	0.6228374998	0.3331797999
0	0.1698388003	0.0000000000	0.8301611997
0	0.0135798568	0.9864201432	0.0000000000
0	0.0000000000	0.7813039790	0.2186960210
0	0.2455150032	0.1764727920	0.5780122048
