0	0.0002957303	0.0015964128	0.9981078570
0	0.0086252513	0.2488391908	0.7425355579
0	0.2826632788	0.4327373227	0.2845993985
0	0.4607735652	0.0138143785	0.5254120563
0	0.0049176756	0.9519231255	0.0431591989
0	0.0070508813	0.9896238385	0.0033252802
0	0.6947431963	0.0828580098	0.2223987939
1	0.0524494036	0.9475418663	0.0000087301
0	0.0000000000	0.9842230778	0.0157769222
0	0.0000223552	0.9999415862	0.0000360586
0	0.0207062619	0.6498090948	0.3294846433
0	0.7355021775	0.0831146900	0.1813831325
0	0.9472739945	0.0074315305	0.0452944749
0	0.4271950900	0.5714408425	0.0013640675
0	0.1901466718	0.4029451425	0.4069081857
0	0.5482463455	0.3921250078	0.0596286467
0	0.0699507755	0.0298731326	0.9001760919
0	0.0000579633	0.4394902732	0.5604517635
0	0.7140466842	0.2859441304	0.0000091853
0	0.0160979097	0.4357012609	0.5482008294
0	0.7288679157	0.1530855602	0.1180465241
0	0.7091477365	0.1374102381	0.1534420254
0	0.0000001708	0.0000000000	0.9999998292
0	0.0115392823	0.9437758622	0.0446848555
0	0.3398625992	0.3079141599	0.3522232409
0	0.5849515032	0.0617427168	0.3533057800
0	0.3293013327	0.6257065224	0.0449921449
0	0.9423188303	0.0576811697	0.0000000000
0	0.7899932362	0.0081336444	0.2018731194
1	0.3176020653	0.6229271714	0.0594707634
0	0.0000000000	0.0113937523	0.9886062477
0	0.6492345165	0.3399180573	0.0108474261
0	0.0223236623	0.1352895975	0.8423867402
0	0.7652397179	0.2213425309	0.0134177512
0	0.2243835219	0.0000039033	0.7756125748
0	0.8369693494	0.0196698289	0.1433608218
0	0.5997920197	0.0960244293	0.3041835510
0	0.0905659255	0.9054626949	0.0039713796
0	0.8033070667	0.0076426505	0.1890502828
1	0.1355807627	0.7521013999	0.1123178374
0	0.4483646168	0.3584649852	0.1931703980
0	0.5483395049	0.2001944070	0.2514660881
0	0.0735135950	0.0127890959	0.9136973091
0	0.3444175445	0.0274243841	0.6281580714
1	0.0000001138	0.1006234101	0.8993764762
0	0.9993740093	0.0000665362	0.0005594546
0	0.0147337746	0.9852662254	0.0000000000
0	0.3562326414	0.0000000000	0.6437673586
0	0.3425607390	0.3777122022	0.2797270588
0	0.0781496458	0.0000052995	0.9218450547
0	0.0000000000	0.0528920512	0.9471079488
0	0.6296147951	0.3435307635	0.0268544414
0	0.0680860593	0.8028490384	0.1290649023
0	0.0002775851	0.5406084429	0.4591139721
0	0.2193296418	0.4957147312	0.2849556270
0	0.9989183406	0.0010815733	0.0000000861
0	0.2161472991	0.0000000140	0.7838526868
0	0.7436700158	0.0039302205	0.2523997637
0	0.0047004152	0.4010202656	0.5942793192
0	0.2560224226	0.5633590650	0.1806185124
0	0.0109806606	0.8458829456	0.1431363938
1	0.3882479584	0.0154238190	0.5963282226
0	0.0011903378	0.6774081568	0.3214015055
0	0.2958844811	0.0000000008	0.7041155181
0	0.3426243089	0.6469807008	0.0103949903
0	0.5835578081	0.3854364739	0.0310057180
0	0.0001835335	0.0055565225	0.9942599440
0	0.0322356050	0.9664285186	0.0013358764
0	0.1889805023	0.0004165305	0.8106029672
0	0.0042746306	0.6638297801	0.3318955893
0	0.6250057034	0.3325113112	0.0424829855
0	0.1609713919	0.3760530460	0.4629755622
0	0.0779401112	0.9139990064	0.0080608824
0	0.3155615987	0.1720701108	0.5123682906
0	0.0000000000	0.9132318539	0.0867681461
1	0.0223919975	0.0071205722	0.9704874302
1	0.0468862553	0.5198769056	0.4332368391
0	0.0002484772	0.9518964956	0.0478550272
1	0.8903576670	0.0960369406	0.0136053924
0	0.0000000040	0.9987832088	0.0012167872
0	0.8338890155	0.0000000000	0.1661109845
1	0.0624713267	0.9142153173	0.0233133560
0	0.5261410769	0.3949178934	0.0789410297
0	0.2006856479	0.5657162149	0.2335981372
0	0.0000057582	0.0380117012	0.9619825406
0	0.0000097941	0.1284455015	0.8715447043
0	0.8873181543	0.0000000000	0.1126818457
0	0.2313885302	0.0290227748	0.7395886950
2	0.1932789097	0.1427141302	0.6640069601
0	0.2888271630	0.1865780186	0.5245948184
0	0.1244768571	0.8741516405	0.0013715024
0	0.4172909382	0.4151907424	0.1675183193
0	0.6534287886	0.0004640281	0.3461071833
0	0.0000000000	0.1786483282	0.8213516718
0	0.0007555489	0.4867035053	0.5125409458
0	0.9180094766	0.0144693886	0.0675211349
0	0.4517780177	0.0000000313	0.5482219510
0	0.9762923228	0.0013545097	0.0223531675
0	0.0934919961	0.8685242799	0.0379837240
0	0.6749656539	0.0127641725	0.3122701735
