0	0.0263423619	0.4451182901	0.5285393480
0	0.0012188599	0.9547166309	0.0440645092
0	0.0171115817	0.8095795400	0.1733088784
0	0.0118491212	0.9842923061	0.0038585728
0	0.0104672885	0.3092788561	0.6802538554
0	0.9470503823	0.0421037147	0.0108459030
0	0.6634822329	0.2616095283	0.0749082388
0	0.4876276149	0.4023401746	0.1100322104
0	0.1328234035	0.0290566395	0.8381199570
0	0.0000258956	0.0000009038	0.9999732006
0	0.0946065758	0.4792397800	0.4261536442
0	0.7311122334	0.1105347057	0.1583530609
0	0.5658840634	0.4306536522	0.0034622845
0	0.0512432615	0.4766678272	0.4720889112
0	0.3788111840	0.5847525713	0.0364362447
0	0.0000000182	0.3477685111	0.6522314707
0	0.5219007016	0.4279774254	0.0501218730
0	0.9954047493	0.0045940382	0.0000012125
0	0.8590277364	0.1332529356	0.0077193279
0	0.9666192709	0.0216769305	0.0117037986
1	0.0016503076	0.1474868268	0.8508628656
0	0.6246003770	0.0243839047	0.3510157183
0	0.2156417130	0.6642679908	0.1200902962
0	0.9285780684	0.0016676203	0.0697543113
0	0.9985311399	0.0006500877	0.0008187724
0	0.0511339378	0.7308417335	0.2180243287
0	0.0003883970	0.1861572544	0.8134543486
0	0.8595808570	0.0616664575	0.0787526855
0	0.6303910272	0.3691315805	0.0004773924
1	0.9564555874	0.0000100664	0.0435343462
0	0.0000000000	0.0025549251	0.9974450749
0	0.3361861036	0.5583260112	0.1054878852
0	0.2508100233	0.5958038540	0.1533861228
0	0.0598914550	0.0000000007	0.9401085443
0	0.0665989947	0.1244078899	0.8089931154
0	0.1576516230	0.5085393419	0.3338090351
0	0.4072785096	0.3362564418	0.2564650485
0	0.8720142977	0.1279313423	0.0000543601
0	0.2556089572	0.7066272109	0.0377638319
1	0.0000003933	0.4612736071	0.5387259997
0	0.9987794033	0.0008062940	0.0004143027
0	0.5401577095	0.4507336882	0.0091086024
1	0.9305748575	0.0008244354	0.0686007071
0	0.0022663911	0.7158944395	0.2818391694
0	0.9559653039	0.0000036892	0.0440310069
0	0.4635271773	0.3343315187	0.2021413040
0	0.7571629121	0.0000096006	0.2428274874
0	0.8132678748	0.0000000005	0.1867321247
0	0.7686473152	0.2313526848	0.0000000000
0	0.1026632235	0.8093181755	0.0880186011
0	0.0081284276	0.1052298552	0.8866417173
1	0.4087970671	0.2129053211	0.3782976119
0	0.0898304615	0.6709082659	0.2392612726
0	0.3981370916	0.4073867948	0.1944761136
0	0.8441743583	0.0076988210	0.1481268207
1	0.2740024246	0.0701745715	0.6558230039
0	0.3838650805	0.0366105908	0.5795243287
0	0.1279822965	0.0886417627	0.7833759409
0	0.0790037083	0.0004711717	0.9205251200
0	0.3513834661	0.6040178521	0.0445986818
0	0.0145250612	0.9516444727	0.0338304662
0	0.9916279754	0.0000000002	0.0083720245
0	0.9324612304	0.0136990980	0.0538396716
0	0.0596447574	0.9336960251	0.0066592175
0	0.6780036079	0.0004820241	0.3215143680
0	0.0007761093	0.9988262164	0.0003976744
0	0.9940970187	0.0052292304	0.0006737509
2	0.0000000000	0.9967316495	0.0032683505
0	0.0002293391	0.9915209802	0.0082496807
0	0.4816281575	0.1857526667	0.3326191758
1	0.2933198436	0.3657999777	0.3408801786
0	0.0365096645	0.0000000000	0.9634903355
0	0.5332530968	0.0000027742	0.4667441290
0	0.3971858188	0.0330379120	0.5697762692
0	0.7552751743	0.0058173533	0.2389074724
0	0.3155048247	0.6844004539	0.0000947214
0	0.2132927965	0.7688548794	0.0178523240
0	0.5576591343	0.3429864815	0.0993543842
0	0.3368145040	0.0000060018	0.6631794942
0	0.0186161236	0.9784620941	0.0029217824
0	0.0302211608	0.9314474650	0.0383313742
0	0.8381728821	0.0271086549	0.1347184630
0	0.2377238361	0.7297903528	0.0324858111
0	0.8769542542	0.1204248544	0.0026208914
0	0.0000000000	0.9992854644	0.0007145356
0	0.9506540752	0.0023325552	0.0470133696
0	0.8382313147	0.1562733451	0.0054953402
0	0.9479924540	0.0520073961	0.0000001499
0	0.0695139742	0.5856662200	0.3448198058
0	0.1775045218	0.3293386643	0.4931568139
0	0.0133944598	0.8499535932	0.1366519470
0	0.5281185393	0.3017635777	0.1701178830
0	0.0557155455	0.0000019370	0.9442825175
0	0.9094127595	0.0635272641	0.0270599764
0	0.0140234654	0.3499388149	0.6360377197
0	0.1409418559	0.7503125831	0.1087455610
0	0.0476845908	0.5806627462	0.3716526630
0	0.0006747841	0.6651735637	0.3341516522
0	0.1193374574	0.0933971346	0.7872654079
0	0.1010399910	0.3652296696	0.5337303394
