0	0.0334676590	0.9102827740	0.0562495670
0	0.6241905569	0.0011383575	0.3746710856
0	0.7089854811	0.0807546654	0.2102598535
2	0.6048023285	0.0432334320	0.3519642395
0	0.0519055682	0.6133673280	0.3347271038
0	0.1581717151	0.6875044342	0.1543238506
0	0.0953551473	0.4243334496	0.4803114031
1	0.0053226436	0.9025853804	0.0920919760
0	0.1428390917	0.0143276665	0.8428332418
0	0.5163191040	0.1143847037	0.3692961923
0	0.9997955400	0.0000002775	0.0002041825
0	0.1160222958	0.0047186811	0.8792590230
0	0.0794277081	0.0877950067	0.8327772852
0	0.0000000000	0.0000001486	0.9999998514
0	0.3718436589	0.4038608500	0.2242954910
0	0.1814226875	0.4676576946	0.3509196179
0	0.0622581034	0.8286150214	0.1091268751
0	0.9631524433	0.0320632866	0.0047842700
0	0.7055602012	0.1608607198	0.1335790790
0	0.3894369149	0.1109489974	0.4996140877
0	0.1982030999	0.2452488298	0.5565480703
0	0.0794815611	0.9126917622	0.0078266767
1	0.4184888801	0.5814495442	0.0000615757
0	0.2241360161	0.7533289499	0.0225350340
0	0.0000000000	0.0056792025	0.9943207975
0	0.0182262350	0.7500084067	0.2317653583
0	0.0266776073	0.7908701729	0.1824522198
0	0.2659667434	0.0000000305	0.7340332261
0	0.0015294188	0.1916055835	0.8068649977
0	0.0000019217	0.0002896997	0.9997083786
0	0.2052879386	0.0008512671	0.7938607943
0	0.0543950436	0.9455571742	0.0000477822
0	0.0024851065	0.2684153274	0.7290995661
0	0.9827519337	0.0047634323	0.0124846340
0	0.1466848431	0.6829749034	0.1703402535
0	0.4728814235	0.4987421012	0.0283764753
0	0.8652325211	0.1330892119	0.0016782670
0	0.0042667802	0.4601579410	0.5355752788
0	0.5156076017	0.1247868689	0.3596055294
0	0.0227850539	0.5983475925	0.3788673536
0	0.7453448823	0.2546189635	0.0000361543
1	0.9998381798	0.0001618202	0.0000000000
0	0.0481011256	0.8661802031	0.0857186713
0	0.9980433732	0.0000000000	0.0019566268
0	0.1276349582	0.2546106595	0.6177543823
0	0.0211896709	0.0590235820	0.9197867471
0	0.8659669110	0.0009423896	0.1330906994
0	0.8024497512	0.0000009752	0.1975492736
1	0.1473646991	0.7036418078	0.1489934931
1	0.2800480423	0.7154562313	0.0044957264
1	0.3666559985	0.1635535088	0.4697904926
0	0.0766686123	0.2651760575	0.6581553303
0	0.2958972598	0.4370498562	0.2670528840
0	0.0095553077	0.2871977503	0.7032469420
1	0.1819380845	0.6029478857	0.2151140298
0	0.0002882228	0.4426836202	0.5570281570
0	0.4563795945	0.4329408995	0.1106795060
0	0.3330938193	0.0854609241	0.5814452567
0	0.0107315015	0.9327418654	0.0565266331
0	0.9180576303	0.0026887295	0.0792536402
0	0.6903623880	0.2964626713	0.0131749407
0	0.8451066444	0.0000000302	0.1548933253
0	0.1047798829	0.0808957088	0.8143244084
0	0.3526598525	0.0406976067	0.6066425408
0	0.1275492414	0.5084781758	0.3639725828
0	0.4552569534	0.4852197636	0.0595232830
0	0.0215058077	0.0026682102	0.9758259820
0	0.2895093830	0.7104906083	0.0000000087
0	0.0074364503	0.8025920021	0.1899715476
0	0.8239457988	0.1758522429	0.0002019583
0	0.0070856356	0.6591579592	0.3337564051
0	0.0570866853	0.8276923300	0.1152209847
0	0.7697814765	0.2099857293	0.0202327942
1	0.0006688234	0.6887923835	0.3105387930
0	0.5668058654	0.4163007786	0.0168933560
0	0.0029977899	0.8177453539	0.1792568562
0	0.3215336809	0.6318052089	0.0466611103
0	0.7364046993	0.2635953007	0.0000000000
0	0.2770789702	0.0231612197	0.6997598101
0	0.5770200560	0.4223233406	0.0006566035
0	0.7522818135	0.1044564259	0.1432617607
0	0.0890856686	0.8078390985	0.1030752329
0	0.0000533123	0.8407320131	0.1592146746
0	0.0816828721	0.0010452099	0.9172719180
0	0.0000000000	0.8594288036	0.1405711964
0	0.2796287013	0.5727262617	0.1476450369
0	0.9363362150	0.0000000000	0.0636637850
0	0.0448973416	0.0210474142	0.9340552442
0	0.1514535170	0.8485464830	0.0000000000
0	0.0954417955	0.0381891642	0.8663690404
0	0.0000036391	0.8740336016	0.1259627593
0	0.2522565301	0.4667926377	0.2809508322
0	0.0432556258	0.3826392938	0.5741050804
1	0.0057516340	0.1179855570	0.8762628090
1	0.0004869630	0.6439894866	0.3555235505
0	0.7595573285	0.0411774896	0.1992651820
0	0.0916853370	0.4465682332	0.4617464299
0	0.4273936983	0.2653063226	0.3072999790
0	0.8900004423	0.1078385227	0.0021610351
0	0.9550710220	0.0201845335	0.0247444445
