0	0.5420037251	0.0016685870	0.4563276878
0	0.9082396817	0.0452089623	0.0465513560
0	0.0879786539	0.6014626366	0.3105587095
0	0.2664891394	0.2694895071	0.4640213536
0	0.9910142902	0.0004601926	0.0085255172
0	0.0648759561	0.1148912281	0.8202328158
0	0.0000000417	0.0129999588	0.9869999995
0	0.9943681650	0.0015658978	0.0040659372
0	0.4163666006	0.2854859986	0.2981474008
0	0.0843706701	0.9036985440	0.0119307859
0	0.2493763050	0.7506236937	0.0000000013
0	0.2668407349	0.1119024603	0.6212568048
1	0.4424867907	0.5575131863	0.0000000229
0	0.0148522454	0.9387339737	0.0464137809
0	0.5791670121	0.0041700211	0.4166629669
0	0.6831468853	0.2698313012	0.0470218135
0	0.1830243156	0.7979567336	0.0190189508
1	0.1491602633	0.5419179505	0.3089217861
0	0.2351244889	0.0001417271	0.7647337840
0	0.1639971378	0.4647948620	0.3712080002
0	0.0782687253	0.7846866828	0.1370445919
0	0.0040290113	0.0433663674	0.9526046212
0	0.4716416089	0.4902685353	0.0380898558
0	0.2001334726	0.7998636231	0.0000029043
0	0.0844642087	0.2683823418	0.6471534495
0	0.7729360043	0.1181335132	0.1089304824
0	0.2641177988	0.0014582383	0.7344239629
0	0.0000219537	0.0000007126	0.9999773337
0	0.8134354158	0.1464204807	0.0401441035
0	0.9482601056	0.0517356510	0.0000042434
1	0.0466348450	0.0000057926	0.9533593624
0	0.1168501475	0.7059317575	0.1772180950
1	0.0002374659	0.9108505402	0.0889119939
0	0.0000169989	0.0000000000	0.9999830011
1	0.4230811368	0.3174730589	0.2594458043
0	0.4525142432	0.4219140751	0.1255716817
0	0.6593266801	0.0016924749	0.3389808450
0	0.0000948769	0.9998986349	0.0000064882
0	0.0060930974	0.9276685368	0.0662383658
0	0.0000000000	0.4773816614	0.5226183386
0	0.7140638492	0.0674790733	0.2184570775
0	0.2075807849	0.2088556713	0.5835635438
0	0.0022431494	0.9964747126	0.0012821380
0	0.1530681150	0.0046318779	0.8423000071
2	0.0023459424	0.9972707659	0.0003832918
0	0.3846471458	0.3126876570	0.3026651971
0	0.1513976405	0.0164455822	0.8321567773
0	0.0155348052	0.4934492894	0.4910159054
0	0.3621092185	0.6378907815	0.0000000000
0	0.0000000000	0.0756805554	0.9243194446
0	0.1387985144	0.8602322828	0.0009692028
0	0.1038984226	0.0034672049	0.8926343724
0	0.0617282026	0.6420539969	0.2962178004
0	0.0891945260	0.0101088423	0.9006966316
0	0.1973453964	0.0498105087	0.7528440949
1	0.0703950309	0.0039038722	0.9257010968
0	0.5008326477	0.4991669608	0.0000003915
0	0.0616083138	0.9383916862	0.0000000000
0	0.0749790644	0.1043348463	0.8206860893
0	0.2614662397	0.7280294331	0.0105043272
0	0.5896770844	0.0084656446	0.4018572710
1	0.0000000014	0.6507956004	0.3492043982
0	0.7456453230	0.0089239773	0.2454306997
0	0.0259303893	0.4685707818	0.5054988289
0	0.0935168736	0.0004571006	0.9060260258
1	0.0618582911	0.0483035679	0.8898381409
0	0.7082681965	0.2040550950	0.0876767085
0	0.2766631057	0.5826598740	0.1406770203
0	0.0345751709	0.9591663863	0.0062584428
0	0.0000000000	0.0010400120	0.9989599880
0	0.0060337695	0.3500702179	0.6438960126
0	0.5919951473	0.4041426070	0.0038622457
0	0.6411521757	0.1351613718	0.2236864525
0	0.7576496835	0.2273503448	0.0149999717
0	0.0878120103	0.0000010949	0.9121868948
0	0.0412112755	0.7336772060	0.2251115185
0	0.8945205326	0.1054794673	0.0000000001
0	0.2093567699	0.0022325384	0.7884106917
0	0.8078735467	0.0003886005	0.1917378528
0	0.0035036241	0.9659039426	0.0305924333
0	0.7076063859	0.2604879948	0.0319056192
0	0.0017069389	0.7670238870	0.2312691741
0	0.0002920552	0.9997076026	0.0000003422
1	0.0000283538	0.0000000003	0.9999716459
0	0.0264128848	0.8221535841	0.1514335311
1	0.5397586820	0.0149445554	0.4452967626
0	0.0002942842	0.0014190750	0.9982866408
0	0.1041382294	0.8958596984	0.0000020722
0	0.0924636032	0.3001274764	0.6074089204
0	0.8097696865	0.1881656905	0.0020646229
0	0.7715413047	0.2264369165	0.0020217788
0	0.2071726825	0.5171651784	0.2756621391
0	0.8965599243	0.0427090244	0.0607310513
0	0.4560478799	0.5403015053	0.0036506148
0	0.0867265349	0.0106774931	0.9025959720
0	0.4502688171	0.3905150940	0.1592160889
0	0.9735676095	0.0011119115	0.0253204790
0	0.3632927715	0.2335971730	0.4031100555
0	0.7870697020	0.2096937592	0.0032365388
0	0.1927937325	0.1316606527	0.6755456148
