0	0.8899239004	0.1052464634	0.0048296362
1	0.5854986890	0.2554665496	0.1590347614
0	0.0006556226	0.0272019387	0.9721424388
0	0.2137402543	0.2995213280	0.4867384178
0	0.0139908158	0.5136329992	0.4723761850
0	0.0119325339	0.9834076712	0.0046597949
0	0.0460470077	0.8514357643	0.1025172280
0	0.7740021026	0.2082959408	0.0177019566
0	0.0069212074	0.1763109265	0.8167678661
0	0.0030466567	0.9966048869	0.0003484565
0	0.0107854883	0.9666001000	0.0226144118
0	0.0004654455	0.2570794109	0.7424551436
0	0.0694457262	0.7216162125	0.2089380613
1	0.3873483209	0.0273892787	0.5852624004
0	0.9764429016	0.0168377164	0.0067193820
0	0.8668812655	0.1103752329	0.0227435016
1	0.1652159751	0.4399793109	0.3948047140
0	0.8044510895	0.0000139853	0.1955349252
0	0.2222610073	0.6907066430	0.0870323497
0	0.1878221456	0.8121543168	0.0000235377
0	0.4172672184	0.0657848187	0.5169479629
1	0.0541249183	0.7650213049	0.1808537768
0	0.0037321461	0.9621967796	0.0340710743
0	0.0000019567	0.1055267008	0.8944713424
0	0.6295021459	0.0234975452	0.3470003089
0	0.9619277325	0.0378944279	0.0001778397
0	0.2817173698	0.7114241268	0.0068585034
0	0.9999995026	0.0000000000	0.0000004974
2	0.0112267881	0.6280658185	0.3607073934
0	0.1547953601	0.5695302527	0.2756743872
0	0.7068899001	0.0012077704	0.2919023295
0	0.0000001166	0.3222008503	0.6777990331
0	0.1472254938	0.7844437061	0.0683308001
0	0.0096687873	0.0081471653	0.9821840475
0	0.1851283780	0.0000000000	0.8148716220
0	0.5507206791	0.0000001638	0.4492791571
0	0.0021453065	0.0005208479	0.9973338456
0	0.0108188491	0.4059958469	0.5831853040
0	0.1008387016	0.6433335572	0.2558277412
0	0.6004088653	0.0214822911	0.3781088436
0	0.7253574869	0.1902394569	0.0844030563
0	0.0821763329	0.0542474487	0.8635762184
1	0.0932477494	0.6599109575	0.2468412932
0	0.1127714013	0.0000000000	0.8872285987
0	0.6812822158	0.2541473489	0.0645704353
0	0.7830355941	0.2165661814	0.0003982245
0	0.0042324042	0.1922127437	0.8035548520
0	0.2266707992	0.7584354046	0.0148937962
0	0.1146996119	0.0552490193	0.8300513688
0	0.0294171719	0.3659993268	0.6045835014
0	0.0105128494	0.1390308517	0.8504562990
1	0.1402159643	0.0027164789	0.8570675569
0	0.0007612763	0.0670675006	0.9321712231
0	0.7968776458	0.0043503357	0.1987720185
1	0.3782895562	0.0488158386	0.5728946052
0	0.7639217682	0.2354032916	0.0006749402
0	0.0005804532	0.5037754493	0.4956440975
0	0.8018573060	0.0044184604	0.1937242335
0	0.0307917030	0.2517455560	0.7174627410
1	0.0159259424	0.1587426389	0.8253314187
0	0.6773587529	0.0712809921	0.2513602550
1	0.6605279574	0.1389524300	0.2005196126
0	0.1170754311	0.0000001976	0.8829243714
0	0.1756990895	0.1827715804	0.6415293300
0	0.6900491897	0.2582969239	0.0516538864
0	0.7921070344	0.0161359761	0.1917569895
0	0.9078023077	0.0015124481	0.0906852441
0	0.0197061233	0.7220017584	0.2582921183
0	0.4277541132	0.3282346292	0.2440112576
0	0.8127849836	0.1871126501	0.0001023662
0	0.1851280054	0.7605746668	0.0542973278
0	0.3133156010	0.1257700878	0.5609143112
0	0.0018516953	0.9410536081	0.0570946966
0	0.0624434988	0.3422351034	0.5953213978
0	0.7471694883	0.2258914053	0.0269391064
0	0.2352853222	0.0748918876	0.6898227902
0	0.3698795631	0.0742821691	0.5558382678
0	0.0012109269	0.0001498654	0.9986392077
0	0.8067134097	0.0000000432	0.1932865471
0	0.0010662171	0.9988705024	0.0000632806
0	0.8162127376	0.1646162573	0.0191710051
1	0.7918514707	0.0164519804	0.1916965489
0	0.9134366827	0.0358626297	0.0507006876
1	0.0971808657	0.0010818787	0.9017372556
0	0.2236853294	0.0269842247	0.7493304459
0	0.6336356706	0.0001931245	0.3661712048
0	0.6979819074	0.0000000000	0.3020180926
1	0.1382076285	0.8429073559	0.0188850156
0	0.0000000015	0.7293689775	0.2706310210
0	0.2804433669	0.1580828370	0.5614737961
1	0.2458035566	0.0760625040	0.6781339393
0	0.9852971543	0.0000000000	0.0147028457
0	0.9672987805	0.0000339914	0.0326672282
0	0.1698142014	0.7952062689	0.0349795297
0	0.9999832117	0.0000136178	0.0000031705
0	0.1733199080	0.2140303110	0.6126497810
0	0.0175805546	0.8842251152	0.0981943302
0	0.3735665130	0.6250852325	0.0013482546
1	0.1892146382	0.4241478395	0.3866375223
0	0.3667070815	0.4733387801	0.1599541383
