1	0.1160113632	0.7696619053	0.1143267315
1	0.7339188654	0.0056078621	0.2604732724
0	0.0000003805	0.8505104773	0.1494891422
0	0.0219904909	0.0143025967	0.9637069124
0	0.1463504210	0.0393783212	0.8142712578
0	0.5958267700	0.4002582258	0.0039150042
0	0.0444472692	0.0041288891	0.9514238417
0	0.3033599814	0.6965191714	0.0001208472
0	0.7357274273	0.1132044099	0.1510681628
0	0.0000000000	0.0000000000	1.0000000000
0	0.8377825592	0.1185888231	0.0436286177
0	0.0387135061	0.8547316065	0.1065548874
0	0.0086716665	0.0797969492	0.9115313843
0	0.1443471053	0.0726305013	0.7830223935
0	0.1874385026	0.1989923632	0.6135691342
0	0.1702373548	0.3026587667	0.5271038785
0	0.8215849715	0.0457350154	0.1326800131
1	0.1097307881	0.7866448597	0.1036243523
0	0.3005904181	0.0723854733	0.6270241086
0	0.0971075718	0.8478825457	0.0550098825
0	0.1108076902	0.0008646671	0.8883276428
0	0.4987642948	0.2795615313	0.2216741740
0	0.3660127772	0.2463013388	0.3876858840
0	0.2846778162	0.0288114923	0.6865106915
0	0.0577496113	0.9389891828	0.0032612060
0	0.0000009017	0.2363367120	0.7636623863
0	0.7511985613	0.0000062482	0.2487951906
0	0.2188311064	0.7159972132	0.0651716804
0	0.0000131722	0.5208681822	0.4791186456
0	0.0706499920	0.0596709291	0.8696790788
0	0.9952137363	0.0000000000	0.0047862637
0	0.9784578019	0.0109785386	0.0105636595
0	0.3606576324	0.3465240001	0.2928183675
0	0.3109688239	0.5253537950	0.1636773812
0	0.0740224727	0.0042492228	0.9217283045
0	0.3541878388	0.0992847942	0.5465273670
0	0.1043019894	0.3373146414	0.5583833692
0	0.2303873369	0.1230268148	0.6465858484
0	0.0965259886	0.3197138523	0.5837601591
0	0.6196501153	0.3688346227	0.0115152621
0	0.0007639721	0.5413943275	0.4578417004
0	0.0822207823	0.8927362579	0.0250429598
0	0.0049491486	0.9950508514	0.0000000000
0	0.9012239770	0.0304713184	0.0683047047
1	0.4459979102	0.4696427182	0.0843593716
1	0.5133480817	0.1196776590	0.3669742593
0	0.0172923842	0.7981324272	0.1845751886
0	0.7433057823	0.0157081987	0.2409860190
0	0.0524883591	0.2047117982	0.7427998427
0	0.0161820761	0.9838179239	0.0000000000
0	0.1036161600	0.1371084600	0.7592753800
0	0.4307355605	0.0004562183	0.5688082212
0	0.0320814670	0.1909384027	0.7769801304
0	0.0000000000	0.9648519336	0.0351480664
0	0.0385101901	0.1557290585	0.8057607515
0	0.2985514163	0.7005640680	0.0008845157
1	0.1466836687	0.0943742333	0.7589420980
1	0.0898702039	0.9101297961	0.0000000000
0	0.3120545443	0.2986475860	0.3892978698
0	0.5461416749	0.1043742529	0.3494840722
0	0.7535763137	0.0000000000	0.2464236863
0	0.0000003123	0.2154688370	0.7845308507
0	0.0000005453	0.3465307562	0.6534686985
0	0.1712033865	0.0056503011	0.8231463124
0	0.5153738946	0.2704364916	0.2141896138
0	0.3718511504	0.5918784243	0.0362704253
0	0.0734609802	0.3951598919	0.5313791280
0	0.9958287588	0.0000023583	0.0041688829
0	0.3628983147	0.1418205483	0.4952811370
0	0.4880975485	0.1305427036	0.3813597479
1	0.0331356615	0.8814134476	0.0854508909
0	0.0043481464	0.0064966621	0.9891551915
0	0.0080406918	0.0377713079	0.9541880002
0	0.7834134272	0.0683418222	0.1482447506
0	0.9906429024	0.0086992337	0.0006578638
0	0.0282936185	0.4863862996	0.4853200819
0	0.0656745769	0.9340120589	0.0003133641
0	0.0220799738	0.4925189094	0.4854011168
0	0.1273787239	0.0960310977	0.7765901785
0	0.0079863141	0.0173975624	0.9746161235
0	0.0043065191	0.0068537189	0.9888397619
1	0.0690174374	0.8968243957	0.0341581669
0	0.9495469541	0.0002839659	0.0501690800
0	0.0000000000	0.1167194392	0.8832805608
1	0.0558568392	0.7677427004	0.1764004604
0	0.6513474922	0.3416313896	0.0070211182
0	0.0000000000	0.9625761478	0.0374238522
0	0.0000085673	0.2087026240	0.7912888087
0	0.8966065136	0.0037721066	0.0996213798
0	0.0235307507	0.7822496064	0.1942196429
0	0.4690526872	0.0160317392	0.5149155736
0	0.0006354783	0.3109027936	0.6884617281
0	0.4536559205	0.5463440795	0.0000000000
0	0.0000000000	0.0003653007	0.9996346993
2	0.3806106680	0.0023225524	0.6170667796
0	0.5629251639	0.2733184544	0.1637563818
1	0.3767653072	0.0082384544	0.6149962384
0	0.0000227896	0.3020728746	0.6979043358
0	0.1219664820	0.6753007242	0.2027327938
0	0.0154894628	0.6098984503	0.3746120869
