0	0.0000022377	0.2442329365	0.7557648257
0	0.0575383316	0.6868960452	0.2555656232
0	0.0296166221	0.2235366572	0.7468467207
0	0.0521598624	0.1810245215	0.7668156161
0	0.1905788860	0.5634830068	0.2459381072
0	0.0163636268	0.0599198400	0.9237165332
0	0.2838233732	0.0759146182	0.6402620086
0	0.8878840972	0.0170049121	0.0951109907
1	0.5937205656	0.0180740342	0.3882054002
0	0.5387307635	0.0055012493	0.4557679872
0	1.0000000000	0.0000000000	0.0000000000
0	0.6191227374	0.3653746648	0.0155025977
0	0.0634149898	0.1981356279	0.7384493823
0	0.0000000081	0.5942884368	0.4057115551
0	0.0022107496	0.1615704285	0.8362188218
0	0.4193883403	0.5805736426	0.0000380171
1	0.1387456225	0.4226010874	0.4386532901
1	0.3420422816	0.0712610884	0.5866966300
0	0.0185910639	0.9722549319	0.0091540042
0	0.3822949675	0.4403495879	0.1773554445
0	0.9155533791	0.0000003292	0.0844462917
0	0.5115951324	0.0023582178	0.4860466498
0	0.0797828656	0.2420662398	0.6781508946
0	0.5856163973	0.4143825719	0.0000010307
0	0.3393570920	0.5978607590	0.0627821490
0	0.4075602091	0.0000013167	0.5924384742
0	0.3576223155	0.6423776845	0.0000000000
0	0.4734554738	0.5212177731	0.0053267531
0	0.6553100603	0.3158669638	0.0288229759
0	0.0365531103	0.9576666812	0.0057802086
0	0.0027532717	0.9286768946	0.0685698337
0	0.4141742742	0.1579624784	0.4278632474
0	0.2740119149	0.6673347407	0.0586533445
0	0.3162323329	0.5345248486	0.1492428185
2	0.0002367031	0.8733431833	0.1264201136
0	0.8083684747	0.0029619050	0.1886696203
0	0.7176386088	0.2793441727	0.0030172186
0	0.0972709143	0.8864962503	0.0162328354
0	0.9999715038	0.0000000000	0.0000284962
0	0.4482709140	0.0403715393	0.5113575467
1	0.0021624594	0.7794859695	0.2183515711
0	0.1797423810	0.4080655457	0.4121920732
0	0.0007941674	0.0000021395	0.9992036931
0	0.0007708974	0.2449595700	0.7542695327
0	0.8629025127	0.1206996620	0.0163978253
0	0.5361904605	0.4161017160	0.0477078235
0	0.0000326481	0.8945965694	0.1053707825
0	0.0000000000	0.5217874992	0.4782125008
0	0.1883283543	0.0404688870	0.7712027587
0	0.8265951188	0.0708309265	0.1025739547
0	0.0000675640	0.9685328949	0.0313995411
0	0.3166161506	0.5147387581	0.1686450913
0	0.0004974082	0.7335252015	0.2659773903
1	0.2030803827	0.6640895975	0.1328300198
0	0.2725588410	0.6808519476	0.0465892113
0	0.9990421169	0.0000015591	0.0009563240
0	0.3869351682	0.0096479585	0.6034168732
0	0.0607830878	0.8940922802	0.0451246320
0	0.1857203122	0.3262370303	0.4880426575
0	0.3171381826	0.6086286811	0.0742331363
0	0.0348150478	0.4785477715	0.4866371807
0	0.0013845635	0.0028444605	0.9957709759
0	0.1731453291	0.4230340367	0.4038206342
0	0.7107367556	0.2892318531	0.0000313913
2	0.1950185126	0.5734663844	0.2315151029
0	0.5775982731	0.4025268181	0.0198749088
0	0.0000000010	0.6132322990	0.3867677000
0	0.1777945695	0.6368022779	0.1854031526
0	0.0000000000	0.4607760724	0.5392239276
0	0.1419321692	0.0347111401	0.8233566907
0	0.2631569431	0.3291698790	0.4076731779
0	0.1478587430	0.8519409827	0.0002002743
0	0.1322531975	0.2548609808	0.6128858217
0	0.6341964116	0.0000133331	0.3657902553
0	0.9553430946	0.0446567907	0.0000001147
0	0.8171576069	0.1825766785	0.0002657146
0	0.1466398997	0.8310512377	0.0223088627
0	0.1698917973	0.0166652258	0.8134429769
0	0.5522291507	0.4477669879	0.0000038614
0	0.1888264244	0.7424268820	0.0687466935
0	0.0047064642	0.3450831187	0.6502104172
0	0.1034888678	0.1722130275	0.7242981047
0	0.9457546020	0.0542370726	0.0000083254
0	0.3771627396	0.1269650580	0.4958722024
0	0.0000000005	0.1252870981	0.8747129014
0	0.5453906321	0.0006518621	0.4539575057
0	0.9992183318	0.0007816682	0.0000000000
1	0.0000003614	0.1113846623	0.8886149763
1	0.2145562071	0.6810603402	0.1043834526
1	0.0652421729	0.3989138304	0.5358439967
0	0.0341417400	0.6464753914	0.3193828685
0	0.0962651325	0.1321334914	0.7716013762
0	0.9523550899	0.0000001332	0.0476447769
0	0.2618173523	0.4245702017	0.3136124460
0	0.0047847248	0.0810536839	0.9141615913
0	0.0000824206	0.9019398884	0.0979776910
0	0.0000534110	0.0130020026	0.9869445865
0	0.3442389056	0.6557604662	0.0000006281
0	0.0925704124	0.9053110740	0.0021185136
0	0.1018777930	0.3496961530	0.5484260539
