0	0.4657773527	0.4932061249	0.0410165224
0	0.1417457613	0.7794501800	0.0788040586
0	0.0000002049	0.6123362343	0.3876635608
0	0.1717223659	0.1559033304	0.6723743037
0	0.3022073687	0.6959617183	0.0018309129
0	0.1377197359	0.7197821744	0.1424980897
0	0.8912592365	0.0163972878	0.0923434757
0	0.0513795206	0.6474714654	0.3011490139
0	0.0161583597	0.6968915223	0.2869501180
0	0.5911052889	0.4046393470	0.0042553642
0	0.1773905510	0.8226094490	0.0000000000
0	0.2276207612	0.1113114286	0.6610678102
0	0.0027023902	0.7807447112	0.2165528986
0	0.0868792777	0.7606051612	0.1525155611
0	0.1425657470	0.0844604735	0.7729737795
0	0.9546506944	0.0178043947	0.0275449109
0	0.0000196013	0.0150455957	0.9849348030
0	0.0739093446	0.0089502286	0.9171404267
0	0.1686590892	0.5076017141	0.3237391967
0	0.0004774875	0.0000000005	0.9995225121
0	0.6357282031	0.1707270799	0.1935447170
0	0.0141775733	0.0418473597	0.9439750670
1	0.2100664131	0.0849477025	0.7049858844
0	0.3873799924	0.0493622669	0.5632577407
0	0.0750978232	0.8855124560	0.0393897208
0	0.3408922501	0.1368305816	0.5222771683
0	0.4637199343	0.5285073776	0.0077726881
0	0.0652809646	0.1209616450	0.8137573904
0	0.5712980055	0.4285171801	0.0001848144
0	0.0174185412	0.9825150307	0.0000664280
0	0.8180585728	0.0049895931	0.1769518341
0	0.9669974200	0.0027756540	0.0302269259
0	0.1742458584	0.0566550256	0.7690991160
0	0.6264760705	0.0093652639	0.3641586656
0	0.4715575430	0.0000002268	0.5284422302
0	0.8990764085	0.0179050626	0.0830185289
0	0.4896552419	0.0946730325	0.4156717256
0	0.0484945604	0.4159306936	0.5355747460
0	0.1789436549	0.7643990691	0.0566572760
0	0.7816428498	0.0006276062	0.2177295440
0	0.2650662152	0.1430870788	0.5918467060
0	0.1802188987	0.0287985405	0.7909825609
0	0.8056563425	0.1943107238	0.0000329338
0	0.2206698526	0.7793301082	0.0000000393
0	0.0001120833	0.0786220787	0.9212658380
0	0.0000003478	0.5270590709	0.4729405813
0	0.0001465881	0.0071616726	0.9926917393
0	0.0133792878	0.0746641933	0.9119565190
0	0.3774064046	0.1299809717	0.4926126237
0	0.7897216568	0.1324685110	0.0778098322
2	0.8513456719	0.0507234735	0.0979308546
0	0.0160638326	0.7509616876	0.2329744798
0	0.0518184643	0.9448501267	0.0033314090
0	0.0244228078	0.0363070376	0.9392701546
0	0.0474329585	0.3142052493	0.6383617923
0	0.0018232776	0.0001099973	0.9980667251
0	0.9920050988	0.0079868745	0.0000080266
0	0.5059201455	0.4931485170	0.0009313375
0	0.5414277532	0.3140162793	0.1445559675
1	0.6159691219	0.3840308781	0.0000000000
0	0.3182891012	0.6126226856	0.0690882132
0	0.7370968896	0.0252743630	0.2376287474
0	0.0000000839	0.0534383871	0.9465615289
0	0.0120557897	0.0868729272	0.9010712831
0	0.4529126139	0.3914740026	0.1556133836
0	0.8442497764	0.0123751316	0.1433750920
0	0.9421525406	0.0176493008	0.0401981586
0	0.7586796005	0.0000000000	0.2413203995
0	0.9062804450	0.0073887676	0.0863307874
0	0.7715280082	0.0128796134	0.2155923783
0	0.1470055935	0.8432747744	0.0097196322
0	0.5258306348	0.4577598102	0.0164095551
0	0.7487650279	0.2154509590	0.0357840131
0	0.2017225164	0.0111463891	0.7871310945
0	0.0728525324	0.5940907952	0.3330566724
1	0.6097331276	0.3021387948	0.0881280777
0	0.5183156891	0.4809973640	0.0006869469
0	0.3008037369	0.0491295483	0.6500667147
0	0.7961748429	0.1992481080	0.0045770492
0	0.0001738396	0.9911758716	0.0086502888
1	0.6309372996	0.3054272890	0.0636354114
0	0.0733138360	0.8163932373	0.1102929267
0	0.1208435089	0.1039285250	0.7752279661
0	0.0082136561	0.8701708328	0.1216155110
0	0.3886460794	0.5751061961	0.0362477245
0	0.0000000000	0.9693923457	0.0306076543
0	0.0726222162	0.5892301258	0.3381476580
1	0.0757079962	0.5609239780	0.3633680258
0	0.9148627667	0.0753273561	0.0098098772
0	0.0004633074	0.9848252661	0.0147114265
0	0.3014550491	0.3165382732	0.3820066777
0	0.9023649759	0.0000000000	0.0976350241
1	0.1841650072	0.1188775978	0.6969573950
0	0.7496975420	0.2503023554	0.0000001026
0	0.3325777908	0.4728570642	0.1945651450
0	0.6063231037	0.2877686196	0.1059082767
0	0.0021425098	0.1917607590	0.8060967312
0	0.1272048452	0.0003207531	0.8724744017
1	0.0238335786	0.9205721907	0.0555942307
0	0.5465270033	0.0036451229	0.4498278738
