0	0.7709775421	0.0605049781	0.1685174798
0	0.6521033057	0.2998405387	0.0480561555
0	0.7436548642	0.0034869211	0.2528582147
1	0.0012989315	0.9018017142	0.0968993543
1	0.2051930821	0.5855280221	0.2092788958
0	0.9387445348	0.0603593404	0.0008961247
0	0.3849082426	0.4396019157	0.1754898417
0	0.8463344513	0.0755389399	0.0781266089
0	0.1180667230	0.0815027177	0.8004305594
0	0.5123370661	0.0270179671	0.4606449668
0	0.0367240986	0.7378621498	0.2254137516
0	0.5985883419	0.0162707837	0.3851408744
0	0.9722459972	0.0130956391	0.0146583638
0	0.6584061668	0.0865258536	0.2550679796
0	0.0245618255	0.6023631215	0.3730750530
0	0.1719910892	0.0000957897	0.8279131211
0	0.7253030437	0.0072123539	0.2674846024
0	0.0649682453	0.3494864338	0.5855453209
1	0.1536331574	0.4672447610	0.3791220817
0	0.3907095516	0.6007781790	0.0085122694
0	0.5279642458	0.2519202165	0.2201155376
0	0.0510027229	0.4157622356	0.5332350415
1	0.0051166044	0.6919514542	0.3029319414
0	0.5057859745	0.0129450742	0.4812689513
0	0.0077881650	0.3658421016	0.6263697334
0	0.0120412762	0.0012532089	0.9867055149
0	0.9999863599	0.0000001284	0.0000135118
1	0.4415687474	0.5517012587	0.0067299940
0	0.4795482782	0.0119169627	0.5085347591
0	0.4509913321	0.5411311304	0.0078775375
0	0.5832867080	0.0000308957	0.4166823963
0	0.0638658705	0.3873854736	0.5487486559
0	0.9983209345	0.0016790655	0.0000000000
0	0.4830214162	0.4820186529	0.0349599308
0	0.9794400709	0.0020354787	0.0185244503
0	0.4658566532	0.5341405386	0.0000028082
0	0.1181960898	0.5233118754	0.3584920348
0	0.4083351133	0.0002650657	0.5913998210
0	0.9516945584	0.0481140611	0.0001913805
0	0.0194476466	0.6572227943	0.3233295591
0	0.1437406323	0.6170956971	0.2391636706
0	0.0230786444	0.9768399641	0.0000813915
0	0.3501885498	0.1066466201	0.5431648301
0	0.2790511788	0.1252987005	0.5956501208
0	0.0867124495	0.9100334044	0.0032541461
0	0.2549870713	0.4170198344	0.3279930943
0	0.0000000426	0.9256156691	0.0743842883
0	0.4545599648	0.4999106154	0.0455294198
0	0.0000000000	0.0093149397	0.9906850603
1	0.4404488653	0.0378286122	0.5217225225
0	0.3591284763	0.3270010286	0.3138704952
0	0.0000552152	0.7861064027	0.2138383821
0	0.4033728079	0.2962418460	0.3003853461
0	0.5592062274	0.1350550078	0.3057387648
2	0.1429236276	0.1185381938	0.7385381785
0	0.0916236904	0.1980477875	0.7103285221
0	0.0749121555	0.1992444147	0.7258434298
0	0.2856188996	0.6817003323	0.0326807681
0	0.0885054058	0.1187986990	0.7926958952
0	0.2760980960	0.2913703630	0.4325315411
0	0.0133055949	0.9797102191	0.0069841860
0	0.0000000001	0.9998756205	0.0001243794
0	0.2464414702	0.0244165790	0.7291419508
0	0.5791388739	0.0000000305	0.4208610956
0	0.0642821206	0.6646680724	0.2710498069
0	0.4877643206	0.4776822195	0.0345534599
0	0.7230618729	0.0130033871	0.2639347400
0	0.1169537732	0.0731691101	0.8098771168
0	0.0000107718	0.5255708093	0.4744184189
1	0.4531119374	0.0282181912	0.5186698714
1	0.1692649763	0.6275732189	0.2031618048
0	0.9691193180	0.0000015424	0.0308791396
1	0.5499192574	0.0043984286	0.4456823140
0	0.0008141005	0.2486385275	0.7505473721
0	0.9528677083	0.0141845672	0.0329477245
0	0.0000000010	0.9600060293	0.0399939697
0	0.6994168596	0.1849923351	0.1155908053
0	0.6077101324	0.3594405475	0.0328493201
0	0.0271261009	0.0608381395	0.9120357596
0	0.7953285817	0.0112244699	0.1934469483
0	0.1411683604	0.8030226891	0.0558089505
0	0.2034822463	0.7939953877	0.0025223660
0	0.5176088134	0.2826206036	0.1997705830
0	0.1944397561	0.1469434201	0.6586168238
0	0.0000000000	0.7569313997	0.2430686003
0	0.7856709950	0.2143279015	0.0000011034
0	0.0085024615	0.0182878921	0.9732096464
0	0.0747738362	0.0011300902	0.9240960736
0	0.1508217895	0.8491782105	0.0000000000
0	0.0063581993	0.8417607987	0.1518810021
0	0.8961750823	0.0447540762	0.0590708415
0	0.0002962955	0.3412000688	0.6585036357
0	0.0179449550	0.2539906523	0.7280643927
0	0.0149369415	0.8775007723	0.1075622863
0	0.9279219544	0.0621740034	0.0099040422
0	0.0000000000	0.4664490401	0.5335509599
0	0.3932704597	0.0842501737	0.5224793666
0	0.0150851767	0.7885959219	0.1963189014
0	0.6729653364	0.0000247801	0.3270098835
1	0.4762356429	0.2012063982	0.3225579589
