0	0.9868220003	0.0000000012	0.0131779985
0	0.0010626650	0.9782866661	0.0206506689
0	0.0809507816	0.3270780550	0.5919711635
0	0.2124140767	0.6679876899	0.1195982334
0	0.4026155323	0.5973844677	0.0000000000
0	0.3020939668	0.2531102208	0.4447958123
0	0.0938284730	0.8863922567	0.0197792703
0	0.2812447757	0.1971982137	0.5215570106
0	0.9464473044	0.0247703296	0.0287823660
0	0.0726484424	0.4795806026	0.4477709550
0	0.0000176091	0.0000002086	0.9999821823
0	0.4787582562	0.4996078053	0.0216339385
0	0.9037580008	0.0020547597	0.0941872394
0	0.0028040862	0.9964585569	0.0007373569
0	0.0014499600	0.0021177696	0.9964322704
0	0.5210888608	0.1339761966	0.3449349425
0	0.8528304996	0.0522083024	0.0949611980
0	0.9903590493	0.0096409402	0.0000000105
0	0.8745527084	0.0000000000	0.1254472916
0	0.0158921580	0.0076716453	0.9764361967
0	0.1555285909	0.1867351564	0.6577362527
0	0.0297827494	0.8793976162	0.0908196344
0	0.6481201827	0.2157806355	0.1360991817
0	0.4898122623	0.0000150201	0.5101727176
0	0.6223028352	0.0000000000	0.3776971648
1	0.1056078758	0.3611945531	0.5331975711
0	0.4825611176	0.2271444757	0.2902944067
0	0.3937980713	0.0114208314	0.5947810973
0	0.0006521340	0.3810315373	0.6183163287
0	0.2987717329	0.6989846575	0.0022436097
0	0.3695781910	0.2517148695	0.3787069396
0	0.0000006414	0.9999851705	0.0000141882
0	0.7677252869	0.2098576392	0.0224170739
0	0.0668908184	0.8772079663	0.0559012153
0	0.0003968570	0.4896063706	0.5099967724
0	0.1873080771	0.8100111952	0.0026807277
0	0.0136296325	0.8898076487	0.0965627188
0	0.0360443051	0.9558014042	0.0081542907
0	0.0751081362	0.0324034319	0.8924884319
0	0.1410279458	0.1223942726	0.7365777816
0	0.0000038016	0.9786444985	0.0213516999
0	0.0939183032	0.2878771743	0.6182045225
0	0.7766726614	0.1703232608	0.0530040778
0	0.0006028557	0.9063310173	0.0930661269
0	0.3909135581	0.1731263185	0.4359601234
1	0.0557458028	0.8814707796	0.0627834176
1	0.0004839919	0.2165604457	0.7829555624
0	0.1248314177	0.0346568596	0.8405117227
0	0.8190269580	0.1350634745	0.0459095675
0	0.0015940483	0.9984059517	0.0000000000
2	0.0099617195	0.9488152694	0.0412230111
0	0.1127982364	0.1897098943	0.6974918693
0	0.0000000000	0.9999646748	0.0000353252
0	0.9589664461	0.0271869238	0.0138466301
1	0.5195066883	0.4799760127	0.0005172990
0	0.0034647096	0.9965352198	0.0000000706
0	0.2840524972	0.6001214170	0.1158260858
0	0.3733551105	0.6265047693	0.0001401202
0	0.1328164015	0.1573549632	0.7098286353
0	0.0278083457	0.9235995692	0.0485920851
0	0.7400089658	0.0438496320	0.2161414022
0	0.8273723172	0.1608881254	0.0117395574
0	0.3573648347	0.5539355777	0.0886995875
0	0.5253136496	0.0796181955	0.3950681548
0	0.5378125428	0.0783366836	0.3838507736
0	0.9404686571	0.0595112873	0.0000200556
1	0.5081261590	0.2439590263	0.2479148147
0	0.0554681524	0.9445318476	0.0000000000
0	0.9029776796	0.0285945029	0.0684278176
0	0.0826149293	0.9166818381	0.0007032326
1	0.0133457925	0.7946101418	0.1920440658
0	0.6121337752	0.1271248106	0.2607414142
0	0.0221659653	0.9778340347	0.0000000001
0	0.0000000000	0.0997887290	0.9002112710
0	0.6224193143	0.1301401750	0.2474405107
1	0.0276962709	0.0197205999	0.9525831292
0	0.1302788162	0.0009280207	0.8687931631
0	0.1302890813	0.2481374190	0.6215734998
0	0.8686446347	0.1031912205	0.0281641448
0	0.0809901850	0.0202532256	0.8987565894
0	0.0000000089	0.3187111439	0.6812888472
0	0.3743648550	0.5691111124	0.0565240326
0	0.0146003223	0.9663526331	0.0190470446
0	0.3036998483	0.0545452892	0.6417548625
0	0.0000000073	0.5274910177	0.4725089750
0	0.3156569528	0.3263212116	0.3580218356
0	0.0034499009	0.9965500990	0.0000000000
0	0.0000005372	0.9165565042	0.0834429586
0	0.6502800072	0.3483197042	0.0014002886
0	0.9998119605	0.0000025300	0.0001855095
0	0.4263596582	0.4861230579	0.0875172839
0	0.0019204279	0.0000000003	0.9980795719
1	0.0000663847	0.1435334355	0.8564001798
0	0.9983240186	0.0000003839	0.0016755975
0	0.3351073949	0.1974640081	0.4674285970
0	0.3128864512	0.3022911775	0.3848223713
0	0.6449400549	0.0000001853	0.3550597598
0	0.9024730895	0.0000014253	0.0975254851
0	0.2247857939	0.0959386441	0.6792755620
0	0.9191428761	0.0808510879	0.0000060360
