0	0.0005603095	0.9943866357	0.0050530548
0	0.0674896218	0.0108605956	0.9216497826
1	0.0475746963	0.0205952482	0.9318300555
0	0.0000759687	0.1510937420	0.8488302893
0	0.2852577074	0.0000000000	0.7147422926
0	0.0044903799	0.4561398600	0.5393697601
0	0.0000555636	0.9859182017	0.0140262347
0	0.0000000004	0.6219018131	0.3780981866
0	0.0842201972	0.3270279976	0.5887518052
0	0.0000000082	0.8914009325	0.1085990594
0	0.2663093346	0.3325790148	0.4011116507
0	0.0000000000	0.0681646864	0.9318353136
0	0.9004999180	0.0264533374	0.0730467446
1	0.5926479218	0.0000278598	0.4073242184
0	0.0003543738	0.9855086044	0.0141370218
0	0.4203106952	0.4339527813	0.1457365234
0	0.0026907659	0.3219511401	0.6753580940
0	0.4478602732	0.3626277676	0.1895119592
0	0.8935746820	0.0892213168	0.0172040012
0	0.5037634193	0.2859472107	0.2102893701
1	0.0493592823	0.4635132648	0.4871274529
0	0.0012155345	0.8737303158	0.1250541497
0	0.7719775221	0.2006725717	0.0273499062
0	0.2403546932	0.2873494309	0.4722958759
0	0.0000000000	0.2648140860	0.7351859140
1	0.1173649252	0.4961659020	0.3864691728
1	0.2774499203	0.5728038424	0.1497462373
0	0.6337604944	0.1356103182	0.2306291874
0	0.9554759424	0.0009380051	0.0435860524
0	0.0073036567	0.0002229428	0.9924734004
0	0.0835620504	0.6138584712	0.3025794784
1	0.8235339012	0.0668666156	0.1095994832
0	0.0186207162	0.0527033849	0.9286758989
0	0.2363877606	0.5412436049	0.2223686345
0	1.0000000000	0.0000000000	0.0000000000
0	0.9538216341	0.0009172123	0.0452611536
0	0.9920181579	0.0000002375	0.0079816046
0	0.4642170731	0.4098873750	0.1258955519
0	0.3020357011	0.1269554019	0.5710088970
0	0.0097156706	0.0000000000	0.9902843294
0	0.2243822065	0.2549203352	0.5206974583
0	0.7317643481	0.0000003760	0.2682352760
0	0.1348975928	0.4666772177	0.3984251896
1	0.1010476805	0.0625675073	0.8363848122
0	0.0000031894	0.6602215260	0.3397752846
0	0.9825372863	0.0078019944	0.0096607194
0	0.0391591849	0.9404206981	0.0204201170
1	0.0009132722	0.5794041505	0.4196825773
0	0.7197368948	0.1629695668	0.1172935383
0	0.2028854960	0.7473928897	0.0497216143
0	0.5261999548	0.3843200057	0.0894800396
0	0.5544653070	0.3640705967	0.0814640962
0	0.0080831113	0.6470253232	0.3448915655
1	0.9413566080	0.0553679559	0.0032754361
1	0.0430982871	0.8534086022	0.1034931107
0	0.0000004614	0.9763105599	0.0236889787
0	0.7401054709	0.0317549180	0.2281396110
0	0.7369210542	0.2630789350	0.0000000108
0	0.8312844520	0.1543457502	0.0143697977
0	0.6561343047	0.2568604916	0.0870052037
0	0.4761937058	0.3583167086	0.1654895856
0	0.3081282138	0.0000003337	0.6918714526
0	0.6851634499	0.3148320377	0.0000045124
0	0.6474871440	0.2844204584	0.0680923976
0	0.8099894952	0.0343932632	0.1556172417
0	0.2178459970	0.0621494163	0.7200045867
0	0.1392038613	0.0280335167	0.8327626220
0	0.9265362959	0.0219718832	0.0514918209
0	0.0014666856	0.0071335022	0.9913998122
0	0.6059470640	0.0335553677	0.3604975684
0	0.2615515285	0.5474368109	0.1910116607
0	0.1145947559	0.2230254603	0.6623797838
0	0.9303637292	0.0613206192	0.0083156516
1	0.0061468682	0.7403700844	0.2534830474
0	0.0000108172	0.6748392882	0.3251498946
0	0.7985155652	0.1093769209	0.0921075139
0	0.0000000000	0.0486913721	0.9513086279
0	0.6226273521	0.2442316275	0.1331410204
0	0.2026698504	0.1137558961	0.6835742534
0	0.0000000000	0.9998346351	0.0001653649
0	0.0677384947	0.4190819785	0.5131795269
0	0.1416816720	0.0000000008	0.8583183272
0	0.3939511684	0.0444645578	0.5615842738
0	0.8270562233	0.0448429583	0.1281008184
0	0.0066410611	0.9027920299	0.0905669090
0	0.0000446018	0.6277574692	0.3721979290
0	0.3190952479	0.3372998282	0.3436049238
2	0.7696049665	0.0279662348	0.2024287987
1	0.4094705684	0.5451872343	0.0453421974
0	0.5307971648	0.4058826439	0.0633201913
0	0.0000546092	0.8611477903	0.1387976005
0	0.0396953350	0.9030348722	0.0572697929
0	0.1753433486	0.2910430068	0.5336136445
0	0.9574355046	0.0223592034	0.0202052920
0	0.9990136075	0.0009762141	0.0000101784
1	0.4352744050	0.4492337962	0.1154917988
0	0.8721832203	0.1247539811	0.0030627987
0	0.0476556958	0.0036227640	0.9487215402
1	0.0233142411	0.3149591918	0.6617265671
0	0.0101800688	0.1921939222	0.7976260090
