0	0.0050334447	0.0016274335	0.3092071321	0.0001916794	0.2739010278	0.1306051982	0.1338920108	0.0000014381	0.1207196464	0.0248209890
1	0.0000000011	0.0213454723	0.1829057930	0.0647445652	0.0491068434	0.0009188435	0.1343209669	0.0000000097	0.0432439859	0.5034135190
0	0.0043156134	0.0440921565	0.0036685105	0.0308196607	0.0071127052	0.0004993866	0.0009771097	0.0737209359	0.5966706787	0.2381232427
0	0.0069680809	0.0000027579	0.0026124937	0.0059716916	0.0818176141	0.0289805146	0.0009961852	0.3877548681	0.4845835846	0.0003122093
1	0.0324934843	0.0528573452	0.4997339293	0.0511692341	0.0128671863	0.3237408937	0.0000438887	0.0000250517	0.0090819940	0.0179869926
1	0.0197137381	0.1311405665	0.0256036470	0.1379520457	0.1339368533	0.0273683535	0.0028846796	0.0028909859	0.0000122456	0.5184968850
0	0.3634286401	0.0111103718	0.0233501885	0.0146504402	0.1072107725	0.0130687578	0.0412309135	0.0000000000	0.0675818702	0.3583680454
0	0.0000000161	0.0000000000	0.0047296623	0.0002317707	0.0620230912	0.0027665864	0.0997333255	0.0005757278	0.0342911039	0.7956487162
0	0.2124999839	0.0000000000	0.1614222196	0.4866969195	0.0580922713	0.0096596706	0.0213084134	0.0305817886	0.0021693281	0.0175694049
0	0.0001508464	0.0000037344	0.0762912543	0.0482317182	0.0087056734	0.0109244447	0.0208087151	0.0024492696	0.6315445421	0.2008898020
0	0.0812465555	0.0002534703	0.0000006555	0.0051237866	0.0232393846	0.0112704234	0.1472641646	0.0585286253	0.6291567143	0.0439162200
1	0.0000000030	0.0018102310	0.0013558336	0.3328304206	0.0465509919	0.1442492215	0.3368097722	0.0000022094	0.0628024378	0.0735888788
0	0.4415546731	0.0018055126	0.0042042293	0.0599674775	0.2221180723	0.0291534391	0.0000000000	0.1144002521	0.0062311702	0.1205651740
0	0.0069130362	0.1099460828	0.0812533751	0.0251717506	0.1611147744	0.0090771392	0.1723842114	0.1409015089	0.2321335016	0.0611046199
0	0.0926535155	0.0000014882	0.0157318497	0.0121530784	0.0000000004	0.0881608420	0.0777337357	0.0015866765	0.0039643981	0.7080144154
0	0.0466289107	0.0048009548	0.0044195938	0.1777155530	0.0101124304	0.3176576514	0.0433031458	0.0045002519	0.3019341436	0.0889273647
0	0.0007155063	0.0002041108	0.2327326270	0.1002397765	0.0181661092	0.0000410049	0.0021272709	0.6207352659	0.0132993213	0.0117390073
1	0.0000000000	0.0000148706	0.0107518356	0.0364550331	0.0020759008	0.8477795109	0.0000000000	0.0010402804	0.0770373288	0.0248452398
0	0.9128540465	0.0001585108	0.0003099617	0.0095735450	0.0001286048	0.0013665905	0.0000000000	0.0000000019	0.0050248965	0.0705838423
0	0.0000357949	0.1623874089	0.0141291099	0.1336314667	0.0330592017	0.0000174584	0.0102342374	0.3671084686	0.1929780440	0.0864188094
0	0.6082717921	0.0081421948	0.0033647061	0.0073042378	0.2281943987	0.0154224027	0.0261781680	0.0118809491	0.0528138251	0.0384273256
0	0.2343305130	0.0018601996	0.1231033502	0.0084023458	0.0024729422	0.0007627031	0.0013116768	0.1821822809	0.4454106290	0.0001633594
1	0.0080191634	0.0138728784	0.0980037308	0.4085406703	0.0355196083	0.0429499252	0.0570188937	0.0575627328	0.0709367848	0.2075756124
0	0.0000000000	0.0288151832	0.0045520696	0.0000213021	0.0704872785	0.2341846139	0.0114258723	0.0597464173	0.5770331791	0.0137340840
1	0.0331319365	0.0144709198	0.2294970536	0.0088802931	0.0551123483	0.0335811893	0.0272186728	0.0001970477	0.3856488287	0.2122617103
1	0.0000026577	0.0000000228	0.0000000000	0.1584112559	0.0021344665	0.7541660328	0.0000000000	0.0028587115	0.0095663891	0.0728604636
0	0.0553798403	0.0000122866	0.5531610687	0.0014428113	0.0513656623	0.0022478225	0.2148286257	0.0000000015	0.1215618809	0.0000000000
0	0.1743937781	0.0014247417	0.0348285202	0.1589897686	0.1697985888	0.0273910799	0.1510688612	0.1666276490	0.0702185394	0.0452584732
0	0.0000000000	0.1321912352	0.0418320106	0.1621491811	0.0013619160	0.3377200503	0.0115950693	0.2866369074	0.0265136301	0.0000000000
0	0.0000000012	0.0000000000	0.0052758269	0.0026298085	0.0000000000	0.0014793426	0.0028751959	0.0000927906	0.0039798453	0.9836671892
0	0.0091435264	0.0003477876	0.2321681826	0.0039884027	0.4158346329	0.0962171225	0.0034803300	0.0149887827	0.2237957749	0.0000354579
0	0.0000283060	0.2498402588	0.0084071074	0.0051929835	0.1754794145	0.0579945677	0.0119786562	0.0311916453	0.3768227914	0.0830642691
0	0.0993904628	0.0357659440	0.0073709905	0.3936597806	0.0140532107	0.2181953058	0.0000032071	0.0002429891	0.0267093916	0.2046087178
0	0.0183278077	0.0024241713	0.0068247312	0.2586768807	0.1650617077	0.0000000000	0.0000044796	0.0000398503	0.5486403716	0.0000000000
0	0.0037464650	0.0085369514	0.0091415724	0.1181095692	0.0074376738	0.0120297844	0.0677007458	0.0031054571	0.3024820529	0.4677097281
1	0.0000003260	0.0303046084	0.6544717577	0.0606094454	0.1061517676	0.0591858970	0.0034695497	0.0413723266	0.0069771776	0.0374571440
0	0.0960655827	0.0003981713	0.0000787570	0.1030232261	0.0126510822	0.4552376172	0.0000002396	0.0030789352	0.1885585301	0.1409078587
1	0.0000000000	0.1093878914	0.0191517489	0.0036771715	0.0663949880	0.1464267334	0.0003061674	0.0000231610	0.0071856382	0.6474465002
0	0.0810668775	0.0000000001	0.0000024041	0.0060135498	0.0000117742	0.0621530360	0.0087260988	0.0000000000	0.7931420532	0.0488842063
1	0.0162789256	0.0384992187	0.6640526806	0.0067373437	0.0663584003	0.0255255309	0.0000000021	0.0321736876	0.0276499545	0.1227242559
0	0.1014700902	0.0000003360	0.0178374069	0.0000437274	0.3734028514	0.0116267761	0.0138644439	0.0043824553	0.4273292391	0.0500426738
0	0.3568245133	0.0075619261	0.0021002526	0.0070505331	0.0364262748	0.0213007071	0.0158291769	0.0740658612	0.0111378752	0.4677028796
0	0.0017211700	0.0531695245	0.0070962874	0.0000139881	0.0041610121	0.0000000000	0.0000000000	0.0046305746	0.9157890423	0.0134184010
0	0.3614321968	0.1753046880	0.0000093974	0.0012309105	0.0103378443	0.1154426294	0.0526194347	0.1208079191	0.0618359894	0.1009789904
1	0.0000006503	0.0003280626	0.0302637818	0.0042548324	0.7726791258	0.0036249483	0.0059138313	0.0508357976	0.0023251712	0.1297737987
0	0.2790547780	0.2594432402	0.0371892033	0.0149414072	0.0368727250	0.1730484205	0.0345512919	0.0000000000	0.0317562539	0.1331426799
0	0.0000209807	0.0018397517	0.0035343637	0.6044226918	0.0658598915	0.0097976976	0.0000000003	0.0023353789	0.2848118614	0.0273773824
0	0.0004847958	0.0163649078	0.0048147667	0.0002497580	0.0007456579	0.0066439313	0.1344937422	0.0000288005	0.7377158755	0.0984577642
0	0.0030729053	0.0041924484	0.0075655904	0.0120690772	0.0000000000	0.1154255719	0.0301267171	0.0082356235	0.0569642024	0.7623478639
1	0.0048664948	0.1575568450	0.0448525232	0.0001092089	0.1062019652	0.3640983633	0.1707401551	0.0002054330	0.0902639208	0.0611050908
0	0.0000000000	0.3545286133	0.0136197328	0.0000440313	0.0000006401	0.1870197327	0.1679344337	0.2539265643	0.0030543968	0.0198718549
0	0.0452715785	0.0000000000	0.0003498522	0.0001362462	0.1772059559	0.0046478657	0.4004263199	0.0000000000	0.3043362385	0.0676259431
0	0.0000000001	0.0001079307	0.0000000003	0.1057031417	0.0000000051	0.0694250576	0.0000000786	0.0000000000	0.1354910669	0.6892727190
0	0.4046934557	0.0000001216	0.0000320790	0.0566218619	0.0007971909	0.0000005094	0.0000008444	0.0596122720	0.3857256157	0.0925160494
0	0.0017196647	0.0552334359	0.0877562067	0.0000148827	0.0309513095	0.4401931644	0.0000000422	0.0000000002	0.0817429363	0.3023883574
0	0.0094385404	0.0023701060	0.0069591975	0.1820509680	0.0000000611	0.1142935242	0.3217219526	0.0421935997	0.2600068318	0.0609652188
0	0.0000000000	0.0020983640	0.0000029847	0.0106393343	0.0120787116	0.4194607020	0.0788958243	0.0002017237	0.1698463072	0.3067760482
2	0.0000000000	0.0320900607	0.1427940923	0.0052303927	0.0472416934	0.5167083550	0.0000000000	0.0077848574	0.0185421553	0.2296083932
0	0.5400031696	0.0000001728	0.0029937140	0.0059113298	0.0031615391	0.1218652239	0.1656231341	0.0114911710	0.1396891698	0.0092613760
0	0.1237804028	0.0195196548	0.0589849636	0.0001395102	0.0038907911	0.1373101812	0.6427671349	0.0000497845	0.0116941508	0.0018634262
0	0.0021764202	0.0378711731	0.0498262424	0.0000031901	0.4124880809	0.0422345499	0.0290529864	0.0000000000	0.3966943040	0.0296530531
0	0.0026692369	0.2300780132	0.0000000000	0.0096200379	0.0080031343	0.1851231648	0.0280648633	0.0000000000	0.3888736751	0.1475678744
1	0.0072525520	0.1469710005	0.0000000000	0.3992117225	0.0132719894	0.3145382218	0.0017344404	0.0026913644	0.0144228431	0.0999058659
0	0.0036536840	0.2714803544	0.0000689237	0.0827698530	0.1645861795	0.0058125331	0.0041441047	0.0547039389	0.4009535789	0.0118268498
0	0.0001002345	0.0007500492	0.0013025823	0.0054560911	0.0010237155	0.0226847794	0.7371174800	0.0000012872	0.0960658959	0.1354978848
0	0.2141080081	0.0105705378	0.1545956702	0.0000000000	0.0384399440	0.1345074497	0.1116226788	0.1045692260	0.2315864854	0.0000000000
0	0.0000000000	0.0037385615	0.0737222284	0.0001578988	0.2104113189	0.0629229263	0.0312116662	0.0000003451	0.1243404871	0.4934945677
0	0.0074726291	0.0560526388	0.0005434236	0.0000000844	0.0417575388	0.2375145456	0.1098068861	0.0029785804	0.1019250671	0.4419486062
0	0.1086965603	0.4189485713	0.0002912685	0.0000000000	0.0001028453	0.2734583072	0.0220682943	0.0000000000	0.1229743776	0.0534597755
1	0.0000443430	0.1116400257	0.0677459232	0.0000000000	0.0199570078	0.3802876701	0.1124698961	0.0000158666	0.1170998492	0.1907394183
0	0.0030262581	0.0065505201	0.0013926429	0.0006047410	0.0119125052	0.0000000000	0.0065596619	0.0020216423	0.0143931327	0.9535388959
0	0.1674896417	0.0022331623	0.2662241612	0.2608176167	0.0017735050	0.0000000006	0.0480132908	0.1325755013	0.0118671973	0.1090059230
1	0.0149582000	0.0000000000	0.3057937801	0.0159694045	0.5783548392	0.0137965814	0.0000000000	0.0000000000	0.0297239093	0.0414032856
0	0.0640382080	0.0000786871	0.0007933484	0.0000000000	0.1060860140	0.0000043461	0.0000000000	0.0985815653	0.7304178311	0.0000000000
0	0.0000000001	0.0342837247	0.0000002258	0.0142354220	0.0459818236	0.0487918808	0.0174921622	0.0051260310	0.8298095021	0.0042792277
0	0.0327046932	0.5693483692	0.0095547155	0.0140587510	0.0225956083	0.0007851351	0.0008890476	0.0000000146	0.3441201346	0.0059435308
0	0.0082392787	0.0000000578	0.0000030701	0.0000542026	0.0008776498	0.0862398555	0.0000022502	0.0000000000	0.8266152148	0.0779684204
0	0.0518807537	0.0000002133	0.0019179141	0.0000000065	0.0209889011	0.1181618572	0.0577374575	0.0014556489	0.0448711269	0.7029861208
0	0.0000212612	0.0009846489	0.0056872605	0.0013041473	0.8018190567	0.0101270511	0.0056051596	0.0000000000	0.1428217089	0.0316297060
0	0.1114565065	0.0509279204	0.0000949948	0.0000562058	0.1565927871	0.0000000000	0.0000000002	0.0434514158	0.2166520158	0.4207681536
0	0.0000003704	0.0000000262	0.0000590740	0.0001214334	0.0147375029	0.6812014894	0.0111616162	0.1127031392	0.1744971226	0.0055182257
1	0.0000000000	0.2948771578	0.0791498252	0.3164509322	0.0915352452	0.0439609616	0.0000000000	0.0067501629	0.0321572718	0.1351184433
0	0.0000937624	0.1902723243	0.0514479141	0.0000000000	0.5964694176	0.0462005402	0.0011979615	0.0285121506	0.0856465105	0.0001594188
0	0.1578147982	0.0127591755	0.0304994384	0.0019117655	0.0178525271	0.4426105511	0.0005497054	0.1663160483	0.1427840066	0.0269019840
0	0.0049624914	0.0134497198	0.3383752819	0.0044594207	0.1196381353	0.0649560462	0.4534060831	0.0007516947	0.0000000231	0.0000011038
0	0.0001079223	0.2294017762	0.0273246306	0.0877394473	0.5051197461	0.0026251980	0.0086473600	0.0025266135	0.1292360372	0.0072712686
0	0.0162298024	0.0059670909	0.0360327201	0.0127831241	0.0000005958	0.2952606420	0.0251363739	0.0000000032	0.5959887447	0.0126009029
0	0.0394182199	0.0732248909	0.0004703633	0.0166760131	0.5751435401	0.0600289111	0.0003355390	0.0000004396	0.0405976715	0.1941044114
0	0.1693753258	0.0002175756	0.0000188440	0.0026191545	0.0000000534	0.0007453553	0.0154257721	0.0048053090	0.4699731290	0.3368194813
1	0.0056927238	0.2576084737	0.2789070067	0.0485489592	0.0114240837	0.1258879837	0.0001015297	0.0003162218	0.1726593522	0.0988536655
0	0.0003021175	0.1358458386	0.0098933556	0.0112349371	0.0000000385	0.3583122346	0.0000000000	0.0016706039	0.1151110367	0.3676298375
1	0.0274889781	0.0497612700	0.0439573571	0.3673583185	0.0621407872	0.2340061538	0.0721672147	0.0000000005	0.0462691596	0.0968507605
0	0.0094366462	0.5253465872	0.0520341634	0.0000000000	0.0000000076	0.1547764010	0.0119551276	0.0027460204	0.0901345013	0.1535705451
1	0.0002075929	0.0001512855	0.1864075081	0.1111366196	0.0287470849	0.0331473624	0.0000000173	0.0000000001	0.0255079812	0.6146945480
0	0.6214885966	0.0282489439	0.0009616991	0.0000353363	0.0401003197	0.0058115298	0.0398556798	0.0000033615	0.0002592576	0.2632352756
0	0.0000069022	0.0327859510	0.0059595507	0.5851326125	0.0245414226	0.2927336579	0.0063491774	0.0000003507	0.0342235976	0.0182667773
0	0.0702404786	0.0004162754	0.0000000131	0.0001686735	0.1045510280	0.0818766575	0.0132502408	0.0000027774	0.6074879791	0.1220058766
0	0.1707621214	0.0578131826	0.0310465317	0.2237927083	0.0026677381	0.0375888740	0.0016071226	0.0098367990	0.0300743602	0.4348105620
0	0.0014585660	0.0490141431	0.0479306491	0.0269644307	0.0443201049	0.5241809564	0.2481920536	0.0157280242	0.0000000000	0.0422110721
0	0.1712215764	0.4876567937	0.0000000220	0.0316226697	0.0050934612	0.0185624986	0.0016398480	0.0714638266	0.1093336554	0.1034056484
