1	0.0439041018	0.1587851755	0.0858424101	0.6111000260	0.0368136879	0.0079998157	0.0002064589	0.0467101981	0.0086381259	0.0000000000
0	0.0072116573	0.3445367165	0.0452916105	0.0993680489	0.3873513221	0.0371674232	0.0172276880	0.0038890460	0.0555614374	0.0023950500
0	0.0656168447	0.0813117936	0.0000000001	0.0172140977	0.1740079271	0.0792789262	0.0261041845	0.0381231456	0.5087380251	0.0096050555
0	0.0303235859	0.5169320527	0.0970241751	0.1091461301	0.1912447655	0.0026315097	0.0000310880	0.0484695370	0.0041938532	0.0000033030
0	0.0810596697	0.0706074868	0.0269702498	0.0003150550	0.7684191367	0.0023306896	0.0002984139	0.0170174334	0.0171099917	0.0158718732
0	0.0190050531	0.3686548302	0.0990374585	0.1262106741	0.0000716072	0.0036883312	0.3052410006	0.0780823202	0.0000017614	0.0000069634
1	0.0675460794	0.0014479808	0.0503448497	0.7870030161	0.0000245744	0.0000000000	0.0021773968	0.0391277317	0.0442690555	0.0080593156
0	0.0074653119	0.4006994069	0.0000455353	0.0382899413	0.4085947400	0.0106798364	0.0985325775	0.0350087056	0.0006373287	0.0000466164
1	0.0326540161	0.0101464309	0.1778089703	0.6109734190	0.0346939599	0.0000000000	0.0074539814	0.0473714992	0.0000003460	0.0788973773
0	0.0594985105	0.1437642453	0.5710026162	0.0724213897	0.0109912122	0.0242545971	0.0269304656	0.0886743873	0.0000000000	0.0024625761
0	0.1049523310	0.0000094284	0.0785537769	0.0675289969	0.1819033392	0.5135240729	0.0132253512	0.0306459204	0.0045610754	0.0050957077
0	0.0381539940	0.0719817738	0.1248524371	0.3599629179	0.2552711987	0.0345651211	0.0001572609	0.0307301973	0.0843173134	0.0000077858
0	0.0016091582	0.0931638404	0.7980985380	0.0000521933	0.0285986310	0.0128671337	0.0019260376	0.0321658631	0.0315171767	0.0000014280
0	0.0168338530	0.1425040515	0.0382658979	0.0041718289	0.0190784179	0.0861737814	0.0288836283	0.0057275078	0.6583610333	0.0000000000
0	0.0058557563	0.0107591986	0.3388570585	0.2466221028	0.1311378610	0.2102981440	0.0365160948	0.0024667415	0.0051165530	0.0123704894
0	0.0005238909	0.0000057627	0.0395899869	0.0277824734	0.0385250337	0.0002941822	0.2670328753	0.6217575099	0.0039879394	0.0005003457
0	0.0520064820	0.0033007447	0.0220046171	0.3786077940	0.3810948554	0.0009430316	0.0626467948	0.0693951440	0.0298607302	0.0001398061
1	0.1491520754	0.0018389515	0.5788820698	0.1744162334	0.0000000000	0.0002835539	0.0489864859	0.0003374791	0.0000000072	0.0461031436
0	0.0049283174	0.0047724334	0.0031946819	0.0088776450	0.0543717109	0.0174384723	0.8214154602	0.0000023350	0.0759699568	0.0090289872
0	0.0387138563	0.6404693883	0.0387684709	0.0174854896	0.0312635332	0.0472525280	0.0544631963	0.1211607785	0.0104227590	0.0000000000
0	0.0529614708	0.0241653812	0.6347357168	0.1097110690	0.0871953181	0.0619114267	0.0001662317	0.0283658798	0.0000080429	0.0007794630
0	0.0855189084	0.0436109503	0.0000000000	0.7009111851	0.0639440233	0.0000000010	0.0448162504	0.0006657157	0.0591985927	0.0013343732
0	0.6145154974	0.0376619271	0.0090270202	0.0113522404	0.0127491246	0.0000042262	0.1336481581	0.0998254068	0.0811981868	0.0000182123
0	0.0294307194	0.1218135903	0.0001081640	0.3724214454	0.0510880635	0.0456073877	0.0296549312	0.2768184522	0.0157933230	0.0572639233
0	0.0700970601	0.3894242492	0.0207665492	0.3768377353	0.0135827862	0.0102093855	0.0225573356	0.0267345264	0.0561310814	0.0136592910
0	0.0000458727	0.0765029757	0.3604376210	0.2535470977	0.0022093054	0.0325431929	0.0890649076	0.0062353774	0.0186925828	0.1607210669
0	0.0004623727	0.0817238127	0.0080845920	0.2067189956	0.3171507863	0.0002085680	0.0840025067	0.2070885530	0.0351477109	0.0594121021
0	0.0807151433	0.4047018365	0.3253088489	0.0349484141	0.0324642849	0.0005731030	0.0484154374	0.0425019371	0.0007740827	0.0295969122
1	0.0172539421	0.0084084108	0.3351387845	0.6333137913	0.0005603920	0.0014945426	0.0007311698	0.0020847802	0.0000001955	0.0010139912
1	0.3807383923	0.1914418712	0.0107009155	0.0122051913	0.0000000000	0.0921639184	0.0022312089	0.0050287865	0.3054892038	0.0000005120
0	0.0265606772	0.2639729265	0.0047243622	0.1343586905	0.0415117911	0.1234736171	0.0925804625	0.2837211831	0.0044261879	0.0246701022
0	0.0088190739	0.0145541081	0.2977373277	0.2023117631	0.0005746402	0.0067455493	0.0000000351	0.0599690205	0.4092884821	0.0000000000
0	0.0312540378	0.0125817966	0.0003256866	0.0162568313	0.8660885986	0.0000000305	0.0127874103	0.0000000000	0.0002659889	0.0604396193
0	0.0551368187	0.1790929751	0.5704042891	0.0034494351	0.0331593146	0.1268872699	0.0071227676	0.0240857394	0.0005949012	0.0000664893
1	0.0642716229	0.0028732035	0.1552724468	0.6847693074	0.0000311863	0.0041961415	0.0851796452	0.0000011616	0.0034052615	0.0000000234
0	0.0337849520	0.2277297893	0.0225256681	0.3430115722	0.0000000000	0.0000010457	0.2262145045	0.0397956596	0.0291674605	0.0777693480
0	0.0116467551	0.1612613174	0.1194312653	0.2054139637	0.0000360915	0.1867693585	0.1939591371	0.0223026834	0.0929554677	0.0062239603
0	0.0000892492	0.0313426873	0.0000000000	0.2057230359	0.0134105018	0.0018603796	0.0050924589	0.6870841673	0.0008877919	0.0545097279
0	0.1711307423	0.0001384946	0.2488233764	0.0591330049	0.1007483555	0.0318564752	0.0042861954	0.2975956092	0.0000292113	0.0862585353
0	0.0421055423	0.0706508446	0.0000624066	0.2494485359	0.1496489603	0.0364119068	0.1992494629	0.1769320349	0.0725130822	0.0029772235
0	0.3180910635	0.0008143872	0.1765913070	0.1131728474	0.0756436619	0.0000000043	0.2497468133	0.0628142201	0.0000010428	0.0031246525
0	0.0595059578	0.1236557844	0.0000547228	0.0000302453	0.0048533275	0.0456433719	0.1558773446	0.5805815348	0.0293392904	0.0004584206
0	0.0289975635	0.6213183576	0.0000000000	0.0079106363	0.1757457567	0.0843825120	0.0678083554	0.0000283044	0.0022580697	0.0115504445
0	0.0019521420	0.0660353793	0.0000000000	0.8290474685	0.0692731421	0.0232700562	0.0033610183	0.0020119386	0.0042856440	0.0007632110
2	0.0308736979	0.0000000000	0.2542955899	0.0216558627	0.0000000000	0.0000000000	0.6365333312	0.0000000000	0.0565005050	0.0001410132
0	0.0187072751	0.1320589568	0.3239875145	0.1585531104	0.0000007217	0.0311713443	0.0375964256	0.1871836630	0.1104249491	0.0003160395
0	0.1835411163	0.0459839064	0.0010274321	0.3001436943	0.2161728043	0.1320104584	0.0028261427	0.0122301980	0.1051718708	0.0008923768
0	0.1104080381	0.0040745411	0.3977986411	0.0017013556	0.2041311204	0.0000002544	0.0643932381	0.0123666637	0.1333979804	0.0717281671
0	0.0064480048	0.0133935179	0.0018273942	0.0001919731	0.0580811245	0.1745609173	0.7314457539	0.0055380290	0.0019481178	0.0065651676
0	0.0153831523	0.0024680205	0.1924265713	0.1213386089	0.0193556011	0.0224928480	0.0000071859	0.0094098594	0.6103524747	0.0067656779
1	0.2149281319	0.2021983454	0.0293945608	0.2420845492	0.0008750442	0.0173763726	0.2895058640	0.0028543922	0.0000000000	0.0007827398
0	0.3721031915	0.0424778572	0.0057211549	0.1089316817	0.2363913640	0.0120316574	0.0071754927	0.0860790688	0.0138029300	0.1152856019
0	0.2288350687	0.0113182834	0.1139765231	0.0241362601	0.1524509904	0.2936624111	0.0616717366	0.0005092528	0.0212397592	0.0921997147
0	0.0255208755	0.0887261055	0.0306515896	0.0000185185	0.5912753041	0.0066017312	0.0222169404	0.0053183132	0.1457926839	0.0838779380
0	0.6365832485	0.0798305597	0.1530458728	0.0000730869	0.0934976520	0.0000364532	0.0000000778	0.0139414985	0.0035203839	0.0194711668
0	0.0849667051	0.0285978896	0.2012388675	0.1964548553	0.0143364151	0.0045039327	0.0378732632	0.0331650640	0.3978569691	0.0010060385
1	0.0767700060	0.0000000854	0.8349787670	0.0356045372	0.0051246897	0.0011536714	0.0223242765	0.0000200860	0.0001803058	0.0238435751
0	0.1133980703	0.1436685746	0.0790046515	0.2038872738	0.0815346911	0.0026550420	0.1125139013	0.0000000002	0.2373984340	0.0259393612
0	0.0000004356	0.0003286904	0.0004697011	0.0083825534	0.7991940514	0.0261776207	0.0025813936	0.0271714820	0.1356615482	0.0000325236
0	0.1018558629	0.0023188343	0.2340332726	0.0373193457	0.3429667866	0.0042321481	0.0228879182	0.0000154397	0.2112115516	0.0431588403
0	0.0000824102	0.0470337289	0.0191713898	0.1991107328	0.4376706497	0.0223671189	0.0630786176	0.0428997543	0.0411161431	0.1274694547
0	0.0050512469	0.5400704933	0.0285250489	0.0000242845	0.1147902025	0.0007831529	0.3102100879	0.0005454302	0.0000000398	0.0000000132
0	0.0263215900	0.0114395625	0.0068789607	0.0330603144	0.0499477828	0.0003431093	0.4025135477	0.0842632675	0.0542004281	0.3310314371
0	0.0174615046	0.2973712824	0.0000052358	0.0000089777	0.0125425390	0.0880925691	0.0207956442	0.0425457426	0.0366368539	0.4845396506
0	0.0000000002	0.2172709014	0.1408979887	0.2906923436	0.1898885232	0.0068635441	0.0519979824	0.0901585129	0.0022892561	0.0099409474
1	0.0000048371	0.3055391288	0.4745981366	0.0202556922	0.0048664643	0.1429183753	0.0518173639	0.0000000000	0.0000000018	0.0000000000
0	0.9184201473	0.0252087976	0.0002421309	0.0012805897	0.0127009174	0.0043934033	0.0338857113	0.0003414268	0.0035267619	0.0000001138
0	0.0275528050	0.3814800063	0.2110345622	0.0027389258	0.0002182334	0.0831987298	0.0121201820	0.0937167025	0.0582532419	0.1296866110
0	0.0488481102	0.6182700675	0.0000925161	0.0188983475	0.0420548082	0.0256837699	0.0170824345	0.0274997395	0.0000705966	0.2014996101
0	0.0024142969	0.0960183990	0.0128643651	0.0334489148	0.6681309819	0.0470168712	0.0071379271	0.0005301349	0.1275507268	0.0048873822
0	0.1934226345	0.2817500629	0.1159438268	0.1355212371	0.0001687215	0.0399721148	0.0364754902	0.0173506629	0.1271365461	0.0522587031
1	0.0555460479	0.0003571357	0.2407613916	0.2820953270	0.3740874820	0.0019977046	0.0402635079	0.0022190410	0.0026717945	0.0000005679
0	0.2496984851	0.5754206153	0.0337624124	0.0736393846	0.0000098708	0.0488875514	0.0129113727	0.0056702645	0.0000000431	0.0000000000
0	0.1117695375	0.1092580003	0.0250090685	0.4644565394	0.0459388612	0.0766401032	0.0032331417	0.0037631342	0.0238218230	0.1361097910
1	0.0045676137	0.0672100283	0.2629909379	0.0058952692	0.0021128001	0.0000000115	0.6538615352	0.0003492524	0.0000002620	0.0030122897
1	0.4414428590	0.1839544498	0.3498060488	0.0117933579	0.0000000000	0.0017094828	0.0104365306	0.0008572711	0.0000000000	0.0000000000
0	0.0487895611	0.0570959392	0.0064716347	0.0456772276	0.2870946634	0.0019766286	0.4249048007	0.0312335094	0.0613347343	0.0354213010
0	0.0008038621	0.2503874855	0.0515131404	0.2429353846	0.1249027031	0.0033702612	0.3014569462	0.0002548778	0.0243283910	0.0000469480
1	0.1003391252	0.0276073305	0.2578295072	0.1614807492	0.0460162359	0.0201282376	0.1613256867	0.1064848069	0.0862117281	0.0325765928
0	0.0058639236	0.0081016411	0.0291387993	0.2121787823	0.0959931102	0.4028236042	0.1001142094	0.0001850931	0.1389000561	0.0067007807
0	0.0000000000	0.0835501017	0.0135669582	0.1782531751	0.0525620656	0.0050027372	0.5075142950	0.0096594002	0.1498912670	0.0000000000
1	0.0000000000	0.0000010142	0.1006261709	0.5626936950	0.0000192731	0.0000000016	0.0773940963	0.0238539219	0.2116476659	0.0237641612
0	0.2253168665	0.0014880163	0.7279855117	0.0001629655	0.0028295832	0.0086716755	0.0013986587	0.0315861308	0.0005346057	0.0000259860
0	0.0786895495	0.0833854735	0.3473841357	0.0018843778	0.1677139482	0.0000000000	0.2288361645	0.0000000522	0.0597006014	0.0324056972
0	0.0718323993	0.0637227693	0.0000144198	0.0013913272	0.1081494266	0.6594667148	0.0068059649	0.0081242240	0.0154247214	0.0650680327
0	0.3459748683	0.0000141670	0.0911501547	0.0032518855	0.1800857964	0.0010609861	0.0954990816	0.2202993649	0.0624775002	0.0001861953
0	0.0956690058	0.0378998297	0.0766292474	0.2555271102	0.1228588051	0.0000000000	0.1954524369	0.0981156287	0.0032238017	0.1146241346
0	0.0078269295	0.7969335802	0.0002615830	0.1403734992	0.0079878351	0.0026197524	0.0137254132	0.0142524590	0.0005141881	0.0155047604
0	0.0266073835	0.0743699592	0.1196972477	0.0000971471	0.1610420169	0.3893626431	0.0069575353	0.1992293941	0.0168353884	0.0058012847
0	0.1500577793	0.0765626477	0.0378757416	0.0195996982	0.5911175552	0.0791926131	0.0224751672	0.0050721721	0.0150543135	0.0029923120
0	0.0010530107	0.7293666460	0.0219031122	0.0092621895	0.0021043553	0.2251002268	0.0084303119	0.0000000000	0.0000272647	0.0027528829
0	0.0240158409	0.0090931306	0.0000727545	0.0099573380	0.2040866655	0.0244745591	0.6285099305	0.0244937187	0.0642699301	0.0110261321
0	0.0169580486	0.1546684723	0.0238924269	0.0032686697	0.5900986029	0.0014884538	0.0000602390	0.1412668408	0.0040643160	0.0642339302
0	0.2076206097	0.0009683503	0.0126921115	0.1084859083	0.2460082778	0.1619439198	0.0257194896	0.1991298752	0.0276858043	0.0097456533
1	0.5890276520	0.0000992509	0.0117737485	0.0362227665	0.0031617739	0.1400016006	0.2148679389	0.0000000000	0.0048452685	0.0000000002
1	0.0000000000	0.0358255237	0.0096165881	0.3661126345	0.2205354785	0.0789340755	0.1275140065	0.0166850793	0.1447765287	0.0000000852
0	0.0006088891	0.1536004875	0.2555413242	0.2925533663	0.0025494700	0.1085987080	0.0217455522	0.0639703191	0.0227662466	0.0780656368
0	0.3164195224	0.0636827584	0.1619870728	0.1903182146	0.0639876233	0.0000023918	0.0569935787	0.0000003900	0.0241743197	0.1224341283
0	0.0759775216	0.2746686678	0.0623722804	0.0865698356	0.0244968209	0.0937533644	0.2639587489	0.0054758703	0.0334537785	0.0792731116
1	0.0001576070	0.0219299348	0.0184902137	0.0277097192	0.0000711673	0.0000003821	0.6683369998	0.2547106522	0.0084267485	0.0001665754
