0	0.0003607768	0.0085191432	0.1033320772	0.1126411097	0.2852864561	0.0679584114	0.0984491816	0.0306619035	0.1590636958	0.1337272447
0	0.0119413337	0.0000039423	0.0972693971	0.0002701931	0.0000354177	0.0029912820	0.1163571211	0.1734851802	0.5237945998	0.0738515330
1	0.0108093648	0.1179903778	0.0028812274	0.0033081649	0.0000000061	0.7643521674	0.0025316501	0.0022289638	0.0958780161	0.0000200616
1	0.0000000017	0.1388849114	0.1246147038	0.1153596548	0.0000019773	0.0892070502	0.0137208611	0.1020179006	0.3736642946	0.0425286445
0	0.0000205874	0.0009300465	0.0000578711	0.7726866817	0.0114149257	0.0101381007	0.0001008373	0.1177904394	0.0414831513	0.0453773589
1	0.0102216668	0.0000311655	0.0000813047	0.0060440363	0.0000217500	0.2688354978	0.0005619553	0.0000001233	0.7142025003	0.0000000000
1	0.0034933106	0.0686334052	0.1093053098	0.1540181370	0.0113078511	0.2308710395	0.0041925779	0.1680242200	0.1641387452	0.0860154036
0	0.0933628405	0.0094190213	0.2674346133	0.0354272551	0.0000000000	0.1654322261	0.0001114787	0.0507841696	0.1619830222	0.2160453730
1	0.0973193542	0.0000000205	0.0170713029	0.0192935752	0.3425612164	0.3012287162	0.0108097044	0.0136415761	0.1980660898	0.0000084443
1	0.0947252518	0.0148595160	0.2936529045	0.1375673680	0.0003886082	0.0131123350	0.0000000012	0.1290208640	0.1223504962	0.1943226550
0	0.0802656124	0.0020690770	0.1027940783	0.0631424399	0.0520649467	0.1488664928	0.1355605696	0.2663360404	0.1081058726	0.0407948704
0	0.1503882661	0.0635804984	0.0506764551	0.0011034862	0.0301481101	0.0916448891	0.1443095982	0.3248044796	0.1430640955	0.0002801217
0	0.0015850927	0.0000000719	0.0492993986	0.1531879092	0.0000001256	0.0574552489	0.1870734215	0.0037683505	0.5476292432	0.0000011379
0	0.0027513416	0.0099573497	0.0005343961	0.0000000035	0.1423809747	0.0783623123	0.0325593793	0.2272737350	0.1905828634	0.3155976444
0	0.0000002707	0.0035769250	0.0060500539	0.0044265272	0.5021591816	0.2368030408	0.1146880527	0.0066613880	0.0820753522	0.0435592081
0	0.0885167176	0.1523466506	0.2074759658	0.1383333935	0.0000000000	0.0620213849	0.2782488334	0.0240479525	0.0113961867	0.0376129151
1	0.0000996107	0.1175934466	0.0231656380	0.0905340731	0.0000000000	0.4291195046	0.0000002320	0.0185873993	0.3209000958	0.0000000000
0	0.0178113390	0.2607826169	0.1224375888	0.0002500859	0.0000018149	0.0000000000	0.2372188395	0.1931626367	0.0062651052	0.1620699730
0	0.0000376541	0.0352677699	0.2393248884	0.0756827192	0.3696939001	0.0683009422	0.1185514121	0.0195289580	0.0736108208	0.0000009352
0	0.0208970544	0.0005590080	0.0629589006	0.0225440285	0.0557874094	0.0091906492	0.0237224899	0.5664266649	0.2222452498	0.0156685453
0	0.0271849807	0.0244868951	0.1265623338	0.0650054916	0.0351014229	0.0022920138	0.2177189365	0.2431596877	0.0656608318	0.1928274060
1	0.1317962796	0.1476032209	0.1027645458	0.0092810877	0.0000121785	0.0642476582	0.0020100884	0.0570193759	0.4674497793	0.0178157856
0	0.0000016806	0.8420089683	0.0000103698	0.0362687927	0.0114815411	0.0028838326	0.0126724475	0.0398215599	0.0548508076	0.0000000000
0	0.0579498954	0.0045594964	0.0327663018	0.0709430032	0.1080673517	0.0532836302	0.0000021531	0.0247211771	0.6348054486	0.0129015425
0	0.0458028405	0.0000000000	0.0720709343	0.0010223144	0.0054662767	0.0080260569	0.2718036125	0.3754620345	0.2191287515	0.0012171787
0	0.0003909308	0.1168244933	0.1441894024	0.0135444294	0.3101018722	0.0000000722	0.2727288178	0.1104578880	0.0125758963	0.0191861977
1	0.0634557871	0.2392410934	0.0119657946	0.0639613964	0.0000000000	0.0691646342	0.1791404584	0.0591249155	0.3139395211	0.0000063994
0	0.0028348053	0.0062839058	0.0530835557	0.0198638720	0.0239551793	0.1766782361	0.0001361709	0.0090835244	0.1083525450	0.5997282054
0	0.0576426816	0.0002091954	0.0201712983	0.0978680514	0.0837641218	0.0644987953	0.0010463774	0.5178511735	0.0916394129	0.0653088924
1	0.0185454854	0.0199158435	0.0000224063	0.0561747485	0.1685142308	0.0767777124	0.0000000000	0.2275713429	0.4163760869	0.0161021432
0	0.0103842921	0.0034399348	0.1655559244	0.1488883513	0.0270110214	0.0394164141	0.0005406791	0.1394429835	0.4259275929	0.0393928065
0	0.0134848968	0.0003476945	0.4918255113	0.0001560524	0.0888992245	0.1834404082	0.0143141094	0.0817786074	0.0711241552	0.0546293403
0	0.0000002617	0.2898573719	0.0167052295	0.0318229227	0.3129059144	0.1322194936	0.0010265745	0.1461552327	0.0525624290	0.0167445700
0	0.0054893217	0.0014093423	0.0898103239	0.0680055142	0.0042096164	0.0000039467	0.0002413503	0.7268416289	0.0935537114	0.0104352441
1	0.0565409653	0.0204461486	0.1003730408	0.0894707735	0.0620540104	0.2792641383	0.0000224477	0.0097757732	0.3627217748	0.0193309274
0	0.0003121772	0.0624816772	0.1002591203	0.1544322718	0.0808262872	0.0508341722	0.1223154968	0.4072947919	0.0212440054	0.0000000000
0	0.1033028187	0.0000000008	0.0231871734	0.0028661380	0.0004465212	0.0216432395	0.2590921995	0.4337194851	0.0601804028	0.0955620209
0	0.0000094200	0.0000008892	0.0066457761	0.0044505598	0.0000002420	0.0703382452	0.0724856743	0.7094546893	0.0917012747	0.0449132293
0	0.1141804356	0.0002136782	0.1654965924	0.0152066401	0.0390128639	0.0419124929	0.3573413308	0.1347923888	0.0000008335	0.1318427438
0	0.0287599024	0.0085146237	0.7704603783	0.0035932796	0.0401002366	0.0012232175	0.0027528341	0.0142127157	0.0017597305	0.1286230816
0	0.0008952847	0.0165915270	0.4857290735	0.0051280930	0.0193494754	0.0153815533	0.0109578231	0.1613736164	0.2291052787	0.0554882750
0	0.2348987452	0.0251082167	0.0309806603	0.0827561172	0.0538644309	0.1476627494	0.0015349405	0.2530304208	0.0041195664	0.1660441527
0	0.0035067197	0.0801422250	0.0041322405	0.0746753577	0.0568566749	0.3927434596	0.0057931967	0.2141663475	0.0785613980	0.0894223804
1	0.0010800700	0.1706094089	0.0110580107	0.1141349096	0.0002033741	0.1387407861	0.0570255965	0.0000000000	0.3698831825	0.1372646617
0	0.0034118560	0.0000005938	0.1033684325	0.1084880770	0.2008152491	0.0164128731	0.0895844460	0.0713398581	0.4048423174	0.0017362969
0	0.0633856017	0.0897439295	0.0023319338	0.0059867982	0.2856478887	0.0043840630	0.0549883338	0.0247512602	0.4394710077	0.0293091834
0	0.0104669259	0.0000000000	0.2158343671	0.1398180974	0.0112706589	0.0753474729	0.2848083703	0.0820442824	0.1334135779	0.0469962473
0	0.0741694560	0.0262535165	0.0264906210	0.1321489655	0.2268633124	0.0124499896	0.0014388721	0.0050044705	0.4536875258	0.0414932704
1	0.0124065304	0.0394523217	0.0002895122	0.0350457569	0.0047031566	0.9020167090	0.0000024178	0.0000007972	0.0059028522	0.0001799460
0	0.0383654977	0.1688034600	0.3307368010	0.0365983406	0.1283582334	0.0000000000	0.0242004298	0.1514703083	0.1210577916	0.0004091378
0	0.0217076269	0.0154996400	0.1640481013	0.3138127557	0.0637360765	0.0001290279	0.0676090709	0.0874502295	0.2659940040	0.0000134673
0	0.0627975900	0.0000465879	0.0428301300	0.2091738238	0.0053997388	0.0033304753	0.1163330735	0.0182517167	0.5417381505	0.0000987137
1	0.0000001841	0.0027705425	0.1459765143	0.5427392793	0.0000000000	0.0311940790	0.0000000000	0.2597152598	0.0000134156	0.0175907253
1	0.0282114100	0.0175626770	0.3482217860	0.0170451537	0.0000000000	0.2249310404	0.0048069034	0.0643821116	0.2502871143	0.0445518036
0	0.2021403054	0.0138383851	0.0963292290	0.0167103458	0.0259185966	0.0005469184	0.4108386001	0.0156434627	0.1622114437	0.0558227131
1	0.0001099090	0.0891322500	0.0038515569	0.0079525982	0.0186709779	0.4165403202	0.0154378649	0.0001006614	0.3784512565	0.0697526050
0	0.1310183284	0.0000038305	0.0012224726	0.2142211233	0.2587579776	0.0587829300	0.3127238929	0.0002341038	0.0039059872	0.0191293537
0	0.0218537221	0.0044097494	0.0135766674	0.0002401141	0.7417127762	0.0000836083	0.0210604151	0.1001579664	0.0069436603	0.0899613207
0	0.0208034699	0.0000000000	0.0117237328	0.2815594316	0.0357268688	0.0129813473	0.0000591899	0.0623149974	0.5748309578	0.0000000045
0	0.0583921700	0.0064954846	0.4142567948	0.0137243003	0.0144492305	0.0361990704	0.0205882729	0.3812841731	0.0331007221	0.0215097814
0	0.0895000821	0.0022226194	0.3791331569	0.0517115645	0.2016910834	0.0062743790	0.0017893602	0.1446197549	0.0930563856	0.0300016140
2	0.0092295174	0.0120913061	0.0209349862	0.0016151301	0.0000010624	0.9251616081	0.0000000000	0.0062337613	0.0199797733	0.0047528551
0	0.0194646514	0.0000000010	0.0119900395	0.5716108530	0.1588836155	0.0924850567	0.0187513078	0.0012599700	0.0003043373	0.1252501677
0	0.0000349782	0.0034404972	0.5510312938	0.0040541531	0.0639173183	0.0081380975	0.2252624678	0.0404997060	0.1009368375	0.0026846505
0	0.0328852894	0.0009327992	0.2082899936	0.0285173703	0.0007930820	0.0025751832	0.4328825419	0.1955054322	0.0331181445	0.0645001637
0	0.0248726583	0.0230266544	0.0000000603	0.2024671643	0.0074690487	0.0000195074	0.1331427522	0.5208494367	0.0881400541	0.0000126636
0	0.0003000088	0.0000012623	0.0157601358	0.4467364531	0.0344340020	0.0000000000	0.0520376969	0.3206824303	0.0429271390	0.0871208718
0	0.0117649645	0.0024720024	0.0017854580	0.0874656883	0.0001538175	0.0051573038	0.0000005527	0.0231228876	0.7640540696	0.1040232557
1	0.0001845710	0.0680415069	0.0135782410	0.6963724637	0.0000002196	0.0470561781	0.0002459081	0.0016911397	0.1728034165	0.0000263553
0	0.0175018600	0.1495973873	0.0845215210	0.0543226769	0.1562794664	0.0186799920	0.0134415739	0.1936027608	0.2201214988	0.0919312628
0	0.1418717650	0.0092726234	0.0615097804	0.0413356577	0.0026978395	0.0066925782	0.0864951598	0.0906582581	0.5539552925	0.0055110454
0	0.2396809822	0.0126537434	0.0249350967	0.0017344745	0.0032863659	0.0422792312	0.0007444214	0.0000001442	0.6716341863	0.0030513542
1	0.0513803795	0.1244680207	0.0001210558	0.0306591144	0.0000002239	0.1032942218	0.0000000007	0.2638270061	0.4259209472	0.0003290299
0	0.0026820468	0.0029115983	0.0364000310	0.0587192669	0.0523010908	0.0183251463	0.6990582582	0.0167974887	0.1059096449	0.0068954282
0	0.1238251472	0.0000000000	0.0013537414	0.0873660041	0.0404257248	0.0268757492	0.2977501668	0.0741599301	0.3098651894	0.0383783469
1	0.0729127761	0.0026414342	0.0181139551	0.0712457237	0.3120691528	0.2887188439	0.0473379539	0.0028637101	0.1840964502	0.0000000000
0	0.0013382548	0.0000090835	0.1177656529	0.0042111050	0.5808529513	0.0000000000	0.2895848959	0.0000003348	0.0000020276	0.0062356942
0	0.0027511729	0.0000431946	0.1259911754	0.0114209104	0.1669158263	0.0878405658	0.1691982712	0.1738808710	0.2619483746	0.0000096378
0	0.0239660608	0.0101578955	0.0677303651	0.0754801379	0.0691471897	0.0591968012	0.5044711878	0.1694763498	0.0203740110	0.0000000012
0	0.0136782967	0.0024355324	0.0080566616	0.0654605991	0.0526818879	0.0013365483	0.0008501983	0.7240295414	0.1180239077	0.0134468267
0	0.0123085397	0.0066674618	0.1850794068	0.0682259868	0.0005853418	0.0000000985	0.0288095214	0.0692713799	0.5770627220	0.0519895413
0	0.0004451025	0.0000000000	0.0189735470	0.4068259900	0.0672015783	0.0476989781	0.0115651844	0.0227423848	0.3544709959	0.0700762391
0	0.5569450382	0.0233304643	0.0000000000	0.1892790908	0.0595742961	0.1045337089	0.0000003299	0.0186645207	0.0464000052	0.0012725460
0	0.2003606993	0.0000000000	0.0266282022	0.0058023611	0.1096884558	0.0000002369	0.0052409933	0.5329166981	0.0060435854	0.1133187679
0	0.0529783591	0.0000009526	0.0300176505	0.1073905579	0.2866773359	0.0940802473	0.2257920800	0.0535680678	0.0696352448	0.0798595041
0	0.0000012492	0.0043335866	0.0991233117	0.0293185594	0.3442607428	0.0225405527	0.0016099074	0.0914088663	0.1174291998	0.2899740240
0	0.0306884673	0.1986766845	0.0619689575	0.4458609994	0.0389986017	0.0198475235	0.0147523749	0.1850928499	0.0018063085	0.0023072328
0	0.0036186102	0.0038766954	0.0015444337	0.1235826628	0.0691952126	0.1854490818	0.3982322183	0.1928456584	0.0020848514	0.0195705754
0	0.0192462674	0.0216462414	0.0112238279	0.0130090784	0.0002219649	0.0000000000	0.6589062433	0.1769203814	0.0584626736	0.0403633218
0	0.0033065188	0.0000000000	0.1376167867	0.3447915176	0.0009890816	0.0807524375	0.3707086810	0.0455984582	0.0119968896	0.0042396289
0	0.2004620935	0.0380350481	0.0943442304	0.1129264248	0.1489929125	0.1443582272	0.0208890526	0.0383597351	0.0253112623	0.1763210134
0	0.0760179976	0.0009637158	0.1150645068	0.0220318764	0.0000000004	0.0000000050	0.1590831607	0.0923870560	0.1939908479	0.3404608332
0	0.0160809008	0.0014022239	0.0855670680	0.0597048835	0.4920061708	0.0930783667	0.0128554391	0.1181833935	0.1171393373	0.0039822162
0	0.1067685213	0.0015871989	0.0674314542	0.0641198911	0.5077063267	0.0642404692	0.0391512828	0.0127640424	0.0011178491	0.1351129644
0	0.0267798617	0.0095755645	0.2131383019	0.0215374218	0.0024680476	0.0122543447	0.3332799867	0.1576305752	0.1786589261	0.0446769698
0	0.0520250123	0.0832261257	0.0370433807	0.0199602519	0.1721500972	0.0029773703	0.0000000016	0.2588002884	0.1298844525	0.2439330193
1	0.4396037571	0.0011738650	0.0000015848	0.0000597400	0.0000000020	0.3952908299	0.0000006789	0.0999330492	0.0377779410	0.0261585521
0	0.1036394752	0.1652834547	0.0533871716	0.0664884372	0.0113928688	0.0343252100	0.0001673326	0.1267682315	0.1232824822	0.3152653362
1	0.0027618633	0.0012011080	0.0772312966	0.1159935420	0.0001465525	0.3016734266	0.0819847687	0.0003043003	0.4187031415	0.0000000004
0	0.0005833276	0.0034979706	0.5262362712	0.2649886291	0.0000096507	0.0126464879	0.0991736899	0.0031847901	0.0664558872	0.0232232957
