0	0.0139619932	0.0138336618	0.3917508129	0.0460774916	0.4017995133	0.0123059133	0.0013479450	0.0600296883	0.0588855177	0.0000074628
0	0.0000459138	0.0851586136	0.1052859707	0.0134711817	0.0734336041	0.0392445778	0.0000000000	0.0001144255	0.6832457127	0.0000000000
1	0.0013715697	0.4312300270	0.0000000000	0.0629978617	0.0138729075	0.0083601243	0.0066111717	0.0043993608	0.0000000599	0.4711569174
0	0.1065385290	0.0327882773	0.0143062537	0.0098235107	0.0080025622	0.0538400145	0.0438430904	0.7267837172	0.0008488790	0.0032251660
0	0.0023664633	0.0252485038	0.3646411688	0.0001936036	0.0659640522	0.4690850016	0.0186277177	0.0000115989	0.0522378605	0.0016240295
0	0.3279948874	0.2850049335	0.0675952562	0.0676802900	0.1711767790	0.0057604684	0.0000000001	0.0548091867	0.0199781986	0.0000000000
2	0.0000000011	0.0111288279	0.0000031637	0.0170001344	0.0421424939	0.0015487590	0.0083783006	0.1304734574	0.0226091301	0.7667157318
0	0.0006557148	0.0456180444	0.6797494301	0.0000367473	0.0000000009	0.0004561278	0.0056737607	0.0000000000	0.0032789374	0.2645312367
0	0.0227998965	0.1352644824	0.0000000004	0.4588125900	0.0001363209	0.0108158301	0.0023523222	0.3366477409	0.0209505979	0.0122202186
0	0.0077386344	0.0026348689	0.0000054767	0.0251652446	0.7261915350	0.0886211083	0.1485246932	0.0001999391	0.0000000001	0.0009184997
0	0.0248187623	0.0057247687	0.6523679994	0.0025038918	0.0012118979	0.1579443246	0.0000000000	0.0079105919	0.1428200817	0.0046976818
1	0.0000000000	0.0526836651	0.0021274512	0.0048050548	0.0122340879	0.0411286238	0.2445968801	0.2780002269	0.0287620568	0.3356619535
0	0.0001720894	0.0517907165	0.2446040659	0.5366497087	0.0302511021	0.0983279637	0.0083770489	0.0000008935	0.0289650301	0.0008613813
0	0.0539874428	0.2492556286	0.6399718634	0.0314446670	0.0000000617	0.0000000415	0.0001497504	0.0115235242	0.0102926407	0.0033743797
0	0.0046750247	0.0953570341	0.3241378618	0.0000434839	0.0094828087	0.0070383580	0.0999011243	0.1788707292	0.0000083067	0.2804852685
0	0.0000000001	0.0046654754	0.0005132873	0.0589237687	0.7980900464	0.0366947053	0.0000020640	0.0646833011	0.0340126981	0.0024146535
0	0.0785164445	0.0995078859	0.0855325506	0.0717490068	0.3546687594	0.0442160948	0.0000037016	0.0102623743	0.2542765957	0.0012665864
0	0.0000652765	0.2014780040	0.2096453689	0.1016294065	0.1649758745	0.0825123328	0.0025486279	0.0465261544	0.0478643423	0.1427546123
0	0.0463911435	0.0995513141	0.0646282832	0.5423136651	0.2138764290	0.0009285229	0.0000000000	0.0002015513	0.0310337362	0.0010753546
0	0.0046353914	0.0073963531	0.1359474784	0.1437043273	0.0025528651	0.0071142260	0.0000000000	0.0015321374	0.0060908002	0.6910264212
0	0.0000001848	0.4818808366	0.0110872750	0.0262788325	0.0104152688	0.0022839628	0.0004871133	0.4084685999	0.0129651281	0.0461327982
0	0.0000103490	0.0676020692	0.0003728195	0.0326657697	0.6033137756	0.2038594204	0.0080356903	0.0229654193	0.0000068080	0.0611678789
0	0.0847970477	0.1081928780	0.0833893517	0.5337234303	0.0031679127	0.1778019028	0.0000243301	0.0003435548	0.0082516984	0.0003078935
0	0.4899068836	0.0164572387	0.0025806097	0.1382775899	0.1083545202	0.0006479365	0.0161327272	0.1917554468	0.0013913839	0.0344956635
0	0.0000000000	0.2103629624	0.2407467232	0.0530360603	0.0626112970	0.0003799402	0.0329693858	0.2589097226	0.0060844746	0.1348994338
1	0.0000001603	0.0560907275	0.0017720771	0.3977969160	0.0046420237	0.0430331034	0.0849676427	0.2521396115	0.0315208507	0.1280368870
0	0.0000000000	0.8640567999	0.0041140600	0.0000122766	0.0100581580	0.0000129489	0.0001078088	0.1174051755	0.0000132211	0.0042195512
0	0.0000000000	0.0000785824	0.0337473452	0.0000001289	0.5129615481	0.0050163888	0.0821662732	0.0555982779	0.1593825271	0.1510489283
1	0.0043139141	0.1841291491	0.0000002916	0.3488177763	0.0007562489	0.0456094698	0.0013587257	0.3137481611	0.0000299152	0.1012363482
0	0.0012758895	0.0000004650	0.0128957553	0.0970831936	0.0670405500	0.0086724200	0.0235890153	0.1256204462	0.5420994425	0.1217228227
1	0.1126979405	0.0061319473	0.0225695912	0.0116872199	0.0565510248	0.0000239724	0.0004346807	0.7883809032	0.0007980323	0.0007246877
0	0.0706579796	0.0180718721	0.0719208549	0.0625236871	0.0194352323	0.0559681771	0.0372845979	0.0563167367	0.1916963735	0.4161244889
0	0.0345493437	0.0361678651	0.1367711982	0.3818586945	0.2828937200	0.0506018742	0.0000000000	0.0000000000	0.0769897731	0.0001675312
0	0.0000652632	0.2986144515	0.0049543155	0.1088133557	0.1769262986	0.0192590636	0.0269995178	0.1029269617	0.2585080768	0.0029326957
0	0.2011906116	0.2420921468	0.4280721762	0.0000000636	0.0563762515	0.0348508434	0.0301690692	0.0072356953	0.0000012179	0.0000119245
0	0.0000009881	0.0052740655	0.0140036754	0.0191046724	0.8713993070	0.0266454464	0.0001367385	0.0273497388	0.0274431532	0.0086422146
0	0.0003673835	0.0224306135	0.0636522646	0.0503131954	0.3079721711	0.2135182433	0.2539142141	0.0000012305	0.0200041471	0.0678265370
2	0.0029726693	0.0115885635	0.0000000000	0.0269887575	0.0000965717	0.0021787473	0.0000687651	0.7921892324	0.0553953650	0.1085213282
0	0.0055138328	0.1227324669	0.4107410926	0.0254512911	0.1872906869	0.0668387654	0.0002192089	0.0000067094	0.0656218462	0.1155840999
0	0.0142455589	0.0676586534	0.0069572244	0.0004010534	0.4645711253	0.0298351460	0.0043063319	0.3279087981	0.0126104191	0.0715056895
0	0.0415309694	0.1692005084	0.5123191551	0.0435574811	0.1201774256	0.0427981309	0.0000000001	0.0687417042	0.0015682082	0.0001064170
0	0.0415658891	0.0505813013	0.5920995904	0.0000752433	0.1149131444	0.0855546990	0.0053459137	0.0003884080	0.0765742961	0.0329015149
0	0.0268271347	0.0285273674	0.0551380602	0.0012878392	0.1533819693	0.4960019887	0.0625360890	0.0340548664	0.0000000003	0.1422446849
0	0.0013669572	0.0047131949	0.0000000000	0.1682729350	0.0690820189	0.0045707535	0.0092445146	0.6891439623	0.0097485803	0.0438570833
1	0.0019864926	0.0058599214	0.0083033886	0.0417694544	0.0637716051	0.0149375194	0.0075979767	0.0047791800	0.0135593768	0.8374350849
0	0.1159074994	0.2606014582	0.1149533452	0.0000170888	0.1452125125	0.1017462070	0.0000000010	0.1854222487	0.0112837049	0.0648559342
0	0.4603511532	0.0003456771	0.0264195666	0.0000001701	0.1566627052	0.0000006872	0.0000314171	0.3248669038	0.0312637749	0.0000579449
0	0.0162409995	0.5109122359	0.0901542751	0.1556989631	0.0000037911	0.0007935293	0.0051308697	0.0000000000	0.1717367938	0.0493285425
0	0.0012157983	0.0458052742	0.4121547673	0.4057002504	0.0007231901	0.0015245311	0.0024002642	0.0545484024	0.0682784817	0.0076490403
0	0.0034772543	0.0891401824	0.0460756934	0.0398075964	0.0042784777	0.0000121788	0.0066710046	0.4606456524	0.2776533440	0.0722386159
0	0.0010857199	0.0288627465	0.2658673522	0.0457517101	0.6166494648	0.0242037974	0.0004307169	0.0023059679	0.0010083357	0.0138341886
0	0.3278466490	0.0010851595	0.0633354815	0.0012063885	0.0647533605	0.0579004960	0.0268830448	0.3627750717	0.0014126655	0.0928016830
1	0.0185574799	0.0160794969	0.0985882858	0.0145272919	0.1332598453	0.0016338814	0.0004051148	0.1026792862	0.1144315294	0.4998377884
0	0.1442269327	0.0792077410	0.0931373913	0.0682137437	0.0183547517	0.0275683146	0.0033827046	0.1376086043	0.0007229134	0.4275769028
0	0.0000037718	0.0187029641	0.0946680294	0.7722165928	0.0828816432	0.0098242360	0.0125975985	0.0046523956	0.0000000000	0.0044527686
0	0.0042853553	0.7092994940	0.0003030665	0.0921962521	0.0073180752	0.0028164590	0.0174872139	0.0859871323	0.0007548410	0.0795521108
0	0.3827280678	0.0033262712	0.1328791747	0.0206852913	0.0469020421	0.0412177403	0.0000008445	0.3721971703	0.0000111617	0.0000522360
0	0.0171562038	0.1864095319	0.0010381127	0.0072469309	0.5141739907	0.1309402376	0.0119391304	0.1300165840	0.0010789719	0.0000003060
0	0.0688823591	0.0344113717	0.0312582755	0.0000130912	0.2792002312	0.0181495469	0.0596393332	0.1394962833	0.3601030106	0.0088464974
0	0.0000001717	0.2596150952	0.2080350794	0.0691333229	0.0447126193	0.1610306829	0.0331008796	0.0000000000	0.1102710312	0.1141011179
0	0.0033654636	0.4124965718	0.0041163003	0.0790677858	0.0927379828	0.1109662527	0.0004713691	0.0070888849	0.0839259516	0.2057634374
0	0.0591265991	0.0000117771	0.0638767889	0.7462998236	0.0429906641	0.0000110760	0.0000000000	0.0492093784	0.0000004270	0.0384734657
1	0.0015604316	0.1636670876	0.4196762283	0.0007206599	0.0008212141	0.0824202273	0.0014590171	0.1050453513	0.0502155876	0.1744141953
1	0.0318489774	0.0205827007	0.0125355291	0.1264104576	0.0133341460	0.0055242175	0.0130166035	0.2660529578	0.0386087524	0.4720856580
0	0.0005723173	0.2540261377	0.0003839774	0.0491708475	0.6272629044	0.0000000032	0.0001493496	0.0049513190	0.0000020406	0.0634811033
1	0.0005327908	0.0038473584	0.0993866971	0.3235202461	0.0073497243	0.1375769963	0.0731025875	0.2379653614	0.0085172021	0.1082010359
0	0.0292700349	0.5253469658	0.1900320593	0.0360892130	0.0713548565	0.0147448075	0.0439053167	0.0608027486	0.0045406584	0.0239133393
0	0.1357280271	0.0842993590	0.0511402544	0.0801455822	0.0179390351	0.0615344318	0.0000103328	0.5566125535	0.0013821026	0.0112083215
0	0.0390039340	0.0160645793	0.1602115330	0.0236637597	0.3061976133	0.1112123605	0.0000001558	0.0802564689	0.2548071088	0.0085824866
0	0.0000000000	0.0104699219	0.2715796711	0.4736335871	0.0004572758	0.0092513888	0.0708728037	0.0028070624	0.1367040739	0.0242242153
0	0.2656438131	0.2152863471	0.0010662384	0.1967845199	0.1483076679	0.0852866492	0.0770485005	0.0041786405	0.0000117267	0.0063858966
1	0.0093346061	0.0896383416	0.0158992171	0.1654072770	0.2087305379	0.3551411768	0.0589084412	0.0122235862	0.0446039831	0.0401128330
0	0.1307395449	0.0658074798	0.0649498593	0.0361075891	0.2706265374	0.1707203877	0.0000000061	0.0057641430	0.0744453279	0.1808391247
0	0.0000002425	0.0759741887	0.0577765157	0.1041773718	0.3820625794	0.0012465993	0.0000140414	0.0265498714	0.0005918384	0.3516067513
0	0.0000000000	0.0778149348	0.1345241589	0.0000029322	0.5931439933	0.0000000214	0.1004244850	0.0000257976	0.0079947329	0.0860689440
0	0.0567960108	0.0101665206	0.4996618807	0.2830853435	0.0200498284	0.0491137128	0.0714884295	0.0000000000	0.0096275280	0.0000107456
0	0.0728302276	0.2467211467	0.0109833080	0.1652575649	0.0000062089	0.0000078962	0.0001533751	0.4698650807	0.0013587622	0.0328164296
0	0.0255499628	0.0044999722	0.7028975313	0.0667222406	0.0824801096	0.0609907730	0.0000008247	0.0246198970	0.0009789929	0.0312596958
1	0.0000000000	0.0065281140	0.0014376401	0.0178412844	0.0107793578	0.0002648378	0.0192084087	0.0151649828	0.0003135220	0.9284618525
0	0.0052243961	0.0984574118	0.0267768695	0.0300853086	0.0002250754	0.0223362003	0.0437858854	0.0153316982	0.7506824194	0.0070947354
1	0.0000000084	0.0899669564	0.0965198283	0.0065752297	0.1570632863	0.0001668351	0.0013407521	0.3553184375	0.0000312194	0.2930174469
0	0.1145606696	0.0142919633	0.0014786136	0.0492126495	0.0957428467	0.5265502501	0.0000428563	0.0036057854	0.0316563489	0.1628580166
0	0.1937836364	0.0000002445	0.0015237217	0.0333121072	0.0002077178	0.0089853442	0.0440758089	0.0162720424	0.4406180731	0.2612213037
0	0.0000000010	0.0252964096	0.8770868241	0.0097824115	0.0432861825	0.0103842201	0.0294849150	0.0019921208	0.0024002271	0.0002866883
1	0.0156838588	0.5195292976	0.0427548077	0.2670614816	0.0228443535	0.0674072265	0.0170681238	0.0234899747	0.0004179491	0.0237429268
1	0.0091683684	0.0751366741	0.0145836408	0.1417473960	0.0080689290	0.0765106333	0.0011184720	0.2458428533	0.0500122007	0.3778108324
0	0.0684175972	0.0003704389	0.1299823212	0.0074207562	0.6142902685	0.0041891469	0.0964758832	0.0006905742	0.0000000000	0.0781630137
0	0.0001666419	0.0821586754	0.0057618740	0.0032707987	0.3601984103	0.0016153077	0.0033295620	0.0068644710	0.3588273195	0.1778069394
1	0.0000000175	0.0000000000	0.0000782507	0.1318228374	0.0017795078	0.0699364152	0.0000741797	0.0000568026	0.0001101542	0.7961418349
0	0.0047865897	0.1965742217	0.2458898877	0.1384658876	0.0432343436	0.0011181793	0.0000033904	0.0000000057	0.2172951673	0.1526323269
0	0.0226541818	0.0600843548	0.1176874293	0.0174106990	0.1571732610	0.0000661016	0.0394863331	0.4895129256	0.0298617648	0.0660629491
1	0.0000178420	0.0044069666	0.0725056372	0.2264011209	0.0459389953	0.0108694417	0.0000000000	0.0473855419	0.2241305636	0.3683438909
0	0.0287580580	0.0004461324	0.0000000000	0.2555445720	0.0538045520	0.0000023560	0.0451381678	0.6032935443	0.0014573218	0.0115552956
0	0.0444430422	0.0932930898	0.0141029330	0.1934681010	0.3015111542	0.0187362869	0.0014326912	0.0018190078	0.0035167928	0.3276769010
0	0.1934770540	0.0961389418	0.1394216303	0.1920127778	0.2177128711	0.0039117217	0.0717104397	0.0686230740	0.0061758348	0.0108156549
0	0.0050545570	0.0000000314	0.0061650400	0.0072710730	0.1353808234	0.2273470339	0.0000441251	0.2251809529	0.3828481818	0.0107081815
1	0.0025610413	0.0129637658	0.0044581349	0.5635608505	0.0943874724	0.1010346042	0.0018941409	0.1677416435	0.0013754510	0.0500228955
0	0.0072624512	0.0000000000	0.5294131525	0.0002385538	0.0860259486	0.0000000000	0.1118249886	0.0551694578	0.0000000857	0.2100653619
0	0.0585565712	0.0005157834	0.1722313138	0.5935603532	0.1257667780	0.0000000000	0.0018157276	0.0391171723	0.0001854821	0.0082508185
0	0.0294089810	0.0000257910	0.0753185698	0.3763798658	0.0232141249	0.0000134111	0.1808163139	0.0208082649	0.0178473699	0.2761673077
