0	0.0131474821	0.1166368960	0.3996405762	0.0737120661	0.0525185933	0.1291020021	0.0000009371	0.1782461899	0.0369952573	0.0000000000
0	0.0039491383	0.0001023493	0.0570242164	0.0000000002	0.0186164550	0.0535887824	0.0042124112	0.7659874520	0.0375052319	0.0590139633
1	0.0016021393	0.0001125074	0.9424847059	0.0241887430	0.0005039810	0.0240110921	0.0002482075	0.0068267047	0.0000213394	0.0000005797
0	0.0860169975	0.0126986249	0.0840826012	0.1353156176	0.0180397979	0.5525608479	0.0023618556	0.0493900630	0.0592980307	0.0002355636
1	0.0000722819	0.0000000000	0.0921242700	0.6628846756	0.0006925185	0.0043198931	0.1505746701	0.0891753619	0.0000076163	0.0001487126
0	0.0000277764	0.0569770770	0.0602363014	0.0773954875	0.0980797764	0.4640076626	0.0739272316	0.1498513111	0.0111423767	0.0083549994
0	0.0400817032	0.0155417075	0.0007064074	0.0555018103	0.0945553891	0.7824841870	0.0003829607	0.0034344756	0.0064943857	0.0008169736
0	0.0033200331	0.0714891633	0.0928304342	0.1746448366	0.0001499722	0.0746346287	0.0004546879	0.5266554456	0.0469880767	0.0088327219
0	0.0780262664	0.0129357931	0.0299218212	0.2067502087	0.0147920818	0.0000000000	0.0442107656	0.0666128841	0.0000000000	0.5467501792
0	0.0000431924	0.0075060299	0.7581970262	0.0052965580	0.0094548935	0.0889415643	0.0290736820	0.0001057139	0.1006426844	0.0007386554
0	0.0039809497	0.0797936812	0.0069208972	0.0629763961	0.0580252245	0.0486369300	0.0028184404	0.6730451446	0.0382326311	0.0255697053
0	0.0238882351	0.0395977599	0.0950052336	0.3266422284	0.0746174367	0.0000000000	0.0009171281	0.3341319552	0.0961313050	0.0090687181
0	0.0000000001	0.0017299647	0.0556460534	0.0530108784	0.0051306723	0.1008644692	0.0428329909	0.1218652326	0.6070704560	0.0118492823
1	0.0000000000	0.0000004798	0.6580246723	0.0014394938	0.0113168181	0.0054568616	0.0070985460	0.2766653965	0.0267787578	0.0132189742
0	0.0114412039	0.0786095606	0.0519212211	0.0013393249	0.0238762431	0.0479226416	0.0190210858	0.7532712508	0.0004147117	0.0121827564
0	0.0000000000	0.0003468869	0.0002648013	0.3344578531	0.0110827594	0.4371998098	0.0000787701	0.0000002751	0.2165686087	0.0000002357
0	0.0000181095	0.0013246054	0.1226002059	0.0048897097	0.0045470256	0.0179580407	0.6722347007	0.0931607954	0.0832668067	0.0000000005
0	0.0006702797	0.0651499577	0.5321817220	0.1192878425	0.0575666320	0.1475566341	0.0327255474	0.0000000000	0.0000000843	0.0448613004
0	0.0094580810	0.0023778388	0.2734822823	0.1190391211	0.0000233584	0.3122925511	0.0000000000	0.1450983114	0.0638175521	0.0744109037
0	0.0000103328	0.0067022986	0.3367559055	0.1896688350	0.0409386699	0.3879160711	0.0059618991	0.0309845942	0.0010613353	0.0000000586
0	0.0000004102	0.0001183134	0.3191368336	0.2175868925	0.3092960070	0.0353423567	0.0024390509	0.0000000000	0.0000000000	0.1160801356
0	0.0144966619	0.0000128583	0.0126089493	0.0717472264	0.0466860904	0.5756716351	0.1119608342	0.1440675387	0.0102249582	0.0125232474
0	0.0000000000	0.0008508765	0.1049913881	0.0320390406	0.3345484070	0.2262854814	0.0000000000	0.0008008305	0.2945137264	0.0059702495
0	0.0163285163	0.0000012187	0.4041435817	0.0108693563	0.0000065689	0.4696727959	0.0000000233	0.0554082027	0.0282866998	0.0152830366
0	0.0000000000	0.0068231384	0.0022467723	0.1817743819	0.0311626913	0.0020757001	0.0001738678	0.0096166491	0.0620224867	0.7041043125
0	0.0000000899	0.5094522940	0.3792861407	0.0507985310	0.0194525504	0.0003075057	0.0000142784	0.0314572244	0.0010261852	0.0082052005
0	0.0000041668	0.0701342776	0.2289183877	0.5760137512	0.0012661884	0.0115356733	0.0913572254	0.0000011826	0.0093694693	0.0113996778
0	0.0349571435	0.0761448511	0.6777623742	0.0717937286	0.0286447291	0.0020573183	0.0000000000	0.1029395416	0.0056421076	0.0000582059
0	0.0000608646	0.0890551242	0.8793285470	0.0170128766	0.0009217059	0.0000473163	0.0029942460	0.0010510897	0.0000002228	0.0095280070
0	0.0082524320	0.0066800841	0.0028513299	0.7077257618	0.0667413979	0.1669882119	0.0105000853	0.0065841115	0.0201014248	0.0035751608
1	0.0036402659	0.0164023860	0.0287512445	0.0003704009	0.0000003236	0.0103813899	0.0120978940	0.8827017593	0.0447875196	0.0008668164
1	0.0018600834	0.0006541529	0.1570211845	0.4613325344	0.0000001369	0.0650011097	0.0015221082	0.0594973065	0.2531103151	0.0000010683
0	0.0004659705	0.0401840701	0.0767390583	0.0042792130	0.0359226822	0.0000019070	0.0000000000	0.0877982499	0.6948018820	0.0598069671
1	0.0044634526	0.0039265280	0.8247623472	0.0157344509	0.0000000000	0.0190464335	0.0869474718	0.0385617119	0.0065576041	0.0000000000
1	0.0013390468	0.0043771511	0.7328297841	0.0156948213	0.0000088324	0.0006404255	0.2139433031	0.0185527620	0.0123912136	0.0002226599
2	0.0000324438	0.0000000000	0.0149571142	0.0584338595	0.0000000000	0.0013614551	0.0123480952	0.9120784654	0.0007885668	0.0000000000
0	0.0065267355	0.0230266123	0.0576888889	0.6328709148	0.0000037889	0.0000000385	0.0091066670	0.1430010254	0.0000007669	0.1277745617
1	0.0000428178	0.0000000000	0.0093334521	0.9475682880	0.0000000066	0.0389544656	0.0015898794	0.0024902390	0.0000132647	0.0000075868
1	0.0051428221	0.0172805876	0.0506867505	0.6040317836	0.0693508397	0.0072590989	0.2018233311	0.0030637653	0.0407771597	0.0005838615
1	0.0421269344	0.0000000000	0.0224973007	0.1152717047	0.0002593848	0.2882841779	0.0122184461	0.5193359007	0.0000000139	0.0000061367
0	0.0000000708	0.3109358477	0.0186624640	0.3740195777	0.0203308476	0.0194997137	0.0064277559	0.1507869996	0.0532256738	0.0461110493
0	0.0005727084	0.0004072905	0.0000834870	0.4663577360	0.1643837546	0.1706142323	0.1086589714	0.0884181399	0.0004923375	0.0000113424
1	0.0214636728	0.0044229862	0.3659454485	0.5123978111	0.0014147725	0.0058869459	0.0126490889	0.0754321720	0.0003871007	0.0000000015
0	0.0000000000	0.0155165975	0.0089107167	0.2098234613	0.2354982189	0.3129109865	0.0000010070	0.1699098105	0.0266661389	0.0207630625
0	0.0000003925	0.0006220388	0.3142366439	0.0376530129	0.0787165831	0.3947789836	0.1151058810	0.0009407804	0.0005855649	0.0573601190
0	0.0401445067	0.0356964112	0.0690301765	0.0020461394	0.0000000000	0.3808043951	0.3304579848	0.1325285296	0.0000000000	0.0092918568
0	0.0256747493	0.0115664444	0.6379360288	0.0184217571	0.0001997712	0.0156987899	0.1675811386	0.0822058860	0.0394216333	0.0012938014
0	0.0004178148	0.0016100938	0.0215297796	0.3313409905	0.0000000000	0.1941545586	0.0000000332	0.3284722199	0.0125316764	0.1099428331
0	0.0232780553	0.0131915303	0.1117463350	0.2201829132	0.0000437193	0.0828655106	0.0000007346	0.5070065261	0.0196416770	0.0220429987
0	0.0011604600	0.0000000175	0.4503097779	0.4204761380	0.0082846536	0.0782644850	0.0007072292	0.0167316837	0.0240655549	0.0000000000
0	0.0136618157	0.2282399792	0.2234819560	0.0169172790	0.1592004108	0.0071672940	0.0003315728	0.2105367835	0.0365023712	0.1039605379
0	0.0000000000	0.0289006133	0.4602235150	0.0273654902	0.0649146196	0.0626873220	0.0000030429	0.3341866031	0.0169966007	0.0047221933
0	0.0002631242	0.0356042395	0.2140948375	0.3721816172	0.0487808081	0.1710239955	0.0010609498	0.0090226818	0.1479677464	0.0000000000
0	0.0765471802	0.0091838394	0.0015978164	0.0002487760	0.0610418579	0.5259890515	0.0857215762	0.2115199781	0.0256250632	0.0025248612
0	0.0060348703	0.0000253630	0.1551853132	0.3903110107	0.2443026873	0.0728311636	0.0518638202	0.0094221010	0.0060023088	0.0640213620
0	0.2667688983	0.0924163686	0.0923460429	0.1972914596	0.0037682818	0.0026379477	0.0131441597	0.2995668899	0.0311689091	0.0008910424
0	0.0000080508	0.0678694116	0.0000952420	0.8468779430	0.0547377542	0.0031483015	0.0067628779	0.0116226150	0.0088778038	0.0000000000
1	0.0026388944	0.0020901968	0.3135104069	0.1441074460	0.0000000000	0.2879361758	0.0180733241	0.2240409358	0.0076025850	0.0000000353
0	0.0034465695	0.0103270937	0.0264058449	0.8598861152	0.0061942926	0.0004197273	0.0005468748	0.0010795072	0.0056049076	0.0860890671
0	0.0478998662	0.0248408281	0.1366631090	0.3362448128	0.1208522350	0.0000092179	0.0000000741	0.2742868284	0.0576384454	0.0015645831
0	0.0119487772	0.0007514485	0.0309147412	0.0251259158	0.1050027125	0.8075757106	0.0112968147	0.0066806706	0.0002942848	0.0004089242
0	0.0705696412	0.0048253899	0.0761275090	0.2803443023	0.0008560219	0.0401620891	0.0417170342	0.0116498902	0.0000000026	0.4737481197
0	0.0158442879	0.0000000000	0.0013490946	0.1010074925	0.0478025265	0.2382098354	0.0459503596	0.4174835962	0.1305060349	0.0018467724
0	0.0000488659	0.0105106231	0.0611800718	0.9253717491	0.0000000000	0.0003656649	0.0000103100	0.0012349485	0.0012773601	0.0000004067
0	0.0936545594	0.0000007986	0.0000000000	0.0763770058	0.0000000000	0.0072824064	0.0013637490	0.1543450365	0.6004312908	0.0665451535
0	0.0142792854	0.0957777164	0.0742321586	0.0172941841	0.0371778297	0.4702874495	0.0114624638	0.2578818305	0.0207490909	0.0008579911
0	0.0000411424	0.1002442167	0.6950837436	0.0070510547	0.0343605335	0.1148003821	0.0139085011	0.0189880865	0.0107676089	0.0047547305
0	0.0499760157	0.0632374025	0.1067272975	0.5628156113	0.0000000145	0.0581497275	0.0025189571	0.0304330645	0.0013207817	0.1248211278
0	0.0079237788	0.0348415238	0.0535730943	0.0000001147	0.0000632591	0.2781677383	0.0004488403	0.0497634186	0.0000036684	0.5752145635
0	0.0046508222	0.0531981927	0.3061989754	0.0005019791	0.0000000000	0.2444489526	0.0000000040	0.3841346853	0.0016199456	0.0052464431
0	0.3271101279	0.0051656997	0.0486140387	0.0304574400	0.2084494791	0.0656157118	0.0826130719	0.1570150026	0.0745393988	0.0004200298
0	0.0000000000	0.1006628199	0.0471541307	0.6415075946	0.0001456110	0.0517789431	0.0004589077	0.1564322057	0.0018553014	0.0000044859
0	0.0000000000	0.0940285529	0.6976700541	0.0002898824	0.0408635912	0.0307540975	0.0052335837	0.0158652156	0.1139654509	0.0013295717
0	0.0000001920	0.1342798723	0.1022742714	0.2590905322	0.0301495312	0.0254419269	0.0000017593	0.3814934232	0.0252097882	0.0420587032
0	0.0076223455	0.0893666546	0.0052845429	0.3139998049	0.0008204201	0.3831616276	0.0073792938	0.1785905707	0.0040576169	0.0097171229
0	0.0090382017	0.0002370192	0.5437121044	0.1365932276	0.0000000039	0.0498639521	0.0497691633	0.0011099286	0.1305412491	0.0791351500
0	0.0033603560	0.0834068186	0.0726437566	0.3434753687	0.1157441435	0.0040652584	0.0000000000	0.3669454067	0.0103588832	0.0000000083
0	0.0964645318	0.0000000000	0.0624296512	0.1139120376	0.0005599870	0.6775023861	0.0009720341	0.0421357629	0.0060236092	0.0000000000
0	0.0243997115	0.1744035188	0.0011989067	0.6756194545	0.0453901335	0.0002185154	0.0000000010	0.0668210080	0.0000070629	0.0119416877
0	0.7391490872	0.0005209399	0.1874457906	0.0070534143	0.0020534800	0.0128539616	0.0204013072	0.0109074788	0.0077046511	0.0119098892
1	0.0000000443	0.0001134586	0.0979493125	0.4905625833	0.0190164384	0.1441100980	0.0372782488	0.2109693342	0.0000004818	0.0000000000
0	0.0000009146	0.0012553193	0.0024033286	0.1925574488	0.0274907596	0.0785426596	0.0025303980	0.0211794386	0.6213022758	0.0527374571
0	0.0000037177	0.0582128638	0.0001712573	0.0578511038	0.3700253252	0.0514591305	0.0138233139	0.4385314217	0.0000000741	0.0099217920
0	0.1425796100	0.0044583127	0.1025028067	0.0000077055	0.0389649868	0.0349737272	0.0144670375	0.6041889075	0.0578569061	0.0000000000
0	0.0135759782	0.0000933673	0.0105048858	0.1498036852	0.0126972077	0.6641335805	0.0018116658	0.0317859364	0.0302517952	0.0853418980
0	0.0000005123	0.0151493603	0.0230927231	0.0077857707	0.1299288749	0.0361700496	0.0000009030	0.7325848760	0.0000009696	0.0552859606
0	0.0000000000	0.0617663169	0.4887445137	0.1273430841	0.0000000001	0.0312543394	0.0237607545	0.1856030589	0.0011674176	0.0803605147
0	0.0078092119	0.0018180236	0.0598526498	0.1389077504	0.0595588663	0.0928630755	0.0000114958	0.0044404177	0.1823584149	0.4523800942
0	0.0033522981	0.1427742386	0.0004687675	0.6734757104	0.0000000000	0.0269968642	0.0004520270	0.0076399901	0.1204257927	0.0244143114
0	0.0035169833	0.0787459694	0.0002619684	0.0185854794	0.0006744440	0.0191933672	0.0101123707	0.7005502136	0.1521440428	0.0162151612
0	0.0454959338	0.0001738576	0.0000000124	0.0000000298	0.0000932923	0.6222309554	0.0319237544	0.0096586033	0.0000000259	0.2904235352
0	0.0803970963	0.0004743236	0.0424285773	0.0070650849	0.0031113043	0.8571136154	0.0000002201	0.0045387586	0.0000000660	0.0048709535
0	0.0030351130	0.0441193122	0.2693339037	0.5928728676	0.0000000000	0.0000000000	0.0064476951	0.0007011930	0.0425866151	0.0409033002
1	0.2445670770	0.0000000000	0.2902469190	0.0989389273	0.0053908165	0.0790567326	0.0326467690	0.2075484380	0.0415737830	0.0000305375
0	0.0000051326	0.0000441209	0.7302949043	0.0921829280	0.0018666521	0.0039863230	0.0136788534	0.0549300351	0.0229394593	0.0800715914
0	0.0828363972	0.0062989436	0.0138462181	0.0145341451	0.1011384472	0.4497977477	0.0002731958	0.0456229354	0.2667248065	0.0189271634
0	0.0468780814	0.0000000126	0.2776599816	0.0000090654	0.4022456219	0.1353150365	0.0165241995	0.0081798480	0.1131866303	0.0000015228
0	0.0050823149	0.0048692469	0.0082836293	0.2781783940	0.4884523134	0.0883936786	0.0092989309	0.0330840940	0.0051975549	0.0791598430
0	0.0089504705	0.0000073757	0.1530182484	0.1338056184	0.0175439460	0.0123496604	0.0253913079	0.5640653012	0.0840734645	0.0007946070
0	0.0000000278	0.0196057262	0.1282377324	0.1153368407	0.0113084490	0.4632681460	0.0000000077	0.0479328127	0.1431284927	0.0711817649
