0	0.2346475551	0.1991236970	0.5662287478
0	0.2266108512	0.7733789073	0.0000102416
0	0.1237221054	0.0982477405	0.7780301541
0	0.2598307606	0.0000000000	0.7401692394
0	0.0835342827	0.1626736860	0.7537920312
0	0.0516540353	0.5034287838	0.4449171809
0	0.9947960477	0.0052004785	0.0000034737
0	0.4946500986	0.3577941595	0.1475557419
0	0.0000015688	0.5288458455	0.4711525857
1	0.7799586708	0.2183028089	0.0017385202
0	0.0035291698	0.1179633167	0.8785075135
1	0.0089295037	0.9883818198	0.0026886766
0	0.0000000000	0.9315594389	0.0684405611
0	0.0193862040	0.0001906187	0.9804231773
1	0.0000000000	1.0000000000	0.0000000000
0	0.0075591581	0.9876333292	0.0048075128
0	0.0271989429	0.0235723735	0.9492286836
1	0.7794389425	0.2195861789	0.0009748786
0	0.1238812655	0.6595041101	0.2166146244
0	0.4703244184	0.0000001246	0.5296754571
0	0.1921595661	0.7081833981	0.0996570358
0	0.1591475789	0.1358076573	0.7050447638
0	0.0000001815	0.0027067445	0.9972930741
0	0.0385995366	0.0569413376	0.9044591258
0	0.4826911413	0.5083805573	0.0089283014
0	0.0000000123	0.7453690410	0.2546309467
1	0.8052902785	0.0341813604	0.1605283611
0	0.0000377524	0.2580103913	0.7419518562
0	0.0074472522	0.0779856150	0.9145671328
0	0.3808146399	0.4318993782	0.1872859819
0	0.3455617479	0.6544378600	0.0000003920
0	0.0000086387	0.0962711178	0.9037202434
0	0.7531351743	0.2468645736	0.0000002522
0	0.1416174732	0.0222574643	0.8361250626
0	0.4455762872	0.0483363860	0.5060873268
0	0.0000489114	0.1638870963	0.8360639923
0	0.9996935527	0.0000000000	0.0003064473
0	0.1343473063	0.8468656608	0.0187870329
0	0.9719934355	0.0280065645	0.0000000000
0	0.1009143443	0.0026134647	0.8964721910
0	0.0000000013	0.0000797652	0.9999202335
0	0.5207778262	0.0163611302	0.4628610436
0	0.5218026181	0.0000000002	0.4781973817
0	0.9999969580	0.0000000001	0.0000030419
1	0.9953181162	0.0000393787	0.0046425051
0	0.0000644194	0.5678158053	0.4321197753
0	0.9528278131	0.0073964205	0.0397757664
1	0.0000000000	0.0035558558	0.9964441442
0	0.0033272344	0.8542948178	0.1423779477
0	0.4230460292	0.1067680082	0.4701859626
0	0.6643024187	0.1186714400	0.2170261412
1	0.0311270123	0.9659184206	0.0029545671
0	0.9018994730	0.0946492702	0.0034512568
0	0.6751140260	0.0694494501	0.2554365238
0	0.6332181869	0.0001739258	0.3666078872
0	0.7236975969	0.1087924080	0.1675099951
0	0.1027892916	0.0129834821	0.8842272263
0	0.0000000120	0.0048798754	0.9951201126
0	0.0667323861	0.0181804118	0.9150872021
0	0.0000000000	0.6823181680	0.3176818320
0	0.0728085292	0.0000132197	0.9271782511
1	0.4117292474	0.5882559284	0.0000148241
0	0.6140512576	0.3857985885	0.0001501540
0	0.0042386309	0.0007237438	0.9950376252
0	0.9962428578	0.0029399277	0.0008172145
1	0.7985196704	0.0001664813	0.2013138484
0	0.4501939027	0.0631723409	0.4866337563
0	0.0519202624	0.2609594295	0.6871203081
0	0.8530995474	0.1018737999	0.0450266527
0	0.0023954059	0.0036123895	0.9939922046
0	0.0000000000	0.0000610566	0.9999389434
0	0.2466899452	0.0959006341	0.6574094207
0	0.3380510985	0.0000000000	0.6619489015
1	0.4661491796	0.4922938187	0.0415570017
0	0.5375729485	0.4182609053	0.0441661462
0	0.7735524834	0.2264475166	0.0000000000
0	0.5051029211	0.2462445824	0.2486524966
0	0.0632441863	0.9172051015	0.0195507122
0	0.9263050460	0.0734163018	0.0002786522
0	0.3136423106	0.0000000001	0.6863576893
0	0.8128305755	0.0000000043	0.1871694201
0	0.3562879513	0.6437114145	0.0000006343
0	0.1384420889	0.0584460362	0.8031118749
0	0.8241449513	0.0694280879	0.1064269608
0	0.7409930915	0.1329806583	0.1260262502
0	0.0030979259	0.2477014850	0.7492005891
1	0.0000000000	0.1529950040	0.8470049960
1	0.1772549250	0.0001080326	0.8226370424
1	0.0092933029	0.7202699099	0.2704367871
0	0.0010105185	0.3393114301	0.6596780514
0	0.5545938473	0.3226949358	0.1227112169
0	0.0000000111	0.0004914498	0.9995085391
2	0.4735634335	0.2891221946	0.2373143719
0	0.0692430223	0.2172688068	0.7134881709
0	0.8357983937	0.1641976961	0.0000039102
0	0.7732491292	0.2267508694	0.0000000014
0	0.5025409725	0.1187948929	0.3786641346
0	0.0000000029	0.8381062754	0.1618937217
0	0.0614971919	0.9277141916	0.0107886165
0	0.0080876696	0.1930895465	0.7988227839
