0	0.9990969221	0.0000967574	0.0008063205
0	0.8176302500	0.0034242740	0.1789454760
0	0.0023731986	0.0164955824	0.9811312190
1	0.9874961189	0.0125037786	0.0000001025
0	0.0011070037	0.8507203927	0.1481726036
1	0.1821841845	0.4116226723	0.4061931432
0	0.0128390085	0.1715391594	0.8156218321
0	0.0544801321	0.6250211603	0.3204987077
2	0.2570957938	0.7198703635	0.0230338427
0	0.1263376618	0.0279268161	0.8457355221
0	0.0000000000	0.9492908583	0.0507091417
0	0.6787454106	0.3199562186	0.0012983707
0	0.0745468160	0.9254531840	0.0000000000
0	0.0193271872	0.6337500577	0.3469227551
0	0.7845146182	0.2152963036	0.0001890781
0	0.3668110555	0.0433426350	0.5898463095
0	0.3713424593	0.4313720041	0.1972855366
0	0.9082745038	0.0917252372	0.0000002590
0	0.6065435995	0.2625587133	0.1308976872
0	0.8190272800	0.0000743188	0.1808984012
0	0.0000036209	0.0399277280	0.9600686510
0	0.7727177756	0.0000931675	0.2271890569
0	0.2362425923	0.6893430507	0.0744143570
0	0.0079542680	0.7964733894	0.1955723427
0	0.0003631632	0.9374671400	0.0621696968
0	0.0019543930	0.0000025856	0.9980430214
0	0.8814091905	0.1185908095	0.0000000000
0	0.2038664670	0.3779304549	0.4182030781
0	0.2172503996	0.0238986727	0.7588509278
0	0.0014310353	0.0148632275	0.9837057372
0	0.9999108282	0.0000030696	0.0000861022
0	0.0000046784	0.4098586364	0.5901366852
0	0.9300906899	0.0289040954	0.0410052147
0	0.0366595517	0.0582552374	0.9050852109
0	0.0384325193	0.0574673698	0.9041001110
0	0.0000000000	0.9999439054	0.0000560946
0	0.9804138470	0.0003157961	0.0192703569
0	0.0347204660	0.2283349071	0.7369446268
0	0.9715020059	0.0067050944	0.0217928997
1	0.0000000277	0.0019209158	0.9980790566
0	0.3343897440	0.0519663710	0.6136438850
0	0.0073277778	0.9926721098	0.0000001124
0	0.2678216650	0.3719981197	0.3601802153
1	0.2766660437	0.0994875521	0.6238464042
0	0.0070939327	0.0028385515	0.9900675158
0	0.0090278582	0.0000076320	0.9909645098
0	0.1299369941	0.7650283358	0.1050346701
0	0.9171784462	0.0828215537	0.0000000001
0	0.0000000071	0.0000000000	0.9999999929
0	0.0074567894	0.9905521605	0.0019910501
0	0.0781721976	0.0205753731	0.9012524293
0	0.3262004635	0.6678985853	0.0059009512
0	0.1725994913	0.0557215487	0.7716789601
0	0.8593460036	0.1406496452	0.0000043512
0	0.8006963860	0.1993036140	0.0000000000
0	0.8089603994	0.0020034422	0.1890361585
0	0.4541636473	0.4610324705	0.0848038822
0	0.0000402441	0.9602443983	0.0397153576
0	0.3187499492	0.6812500508	0.0000000000
0	0.8576638977	0.0172793017	0.1250568006
0	0.0477421070	0.0012001922	0.9510577008
0	0.5978304950	0.3273036366	0.0748658684
1	0.0000262591	0.7761670803	0.2238066606
0	0.0810455883	0.5104677220	0.4084866897
0	0.3775389758	0.1436982477	0.4787627765
0	0.3974663982	0.0000833987	0.6024502030
0	0.2463658171	0.7345470300	0.0190871529
0	0.0000000808	0.0000176971	0.9999822221
0	0.8826754403	0.1172879425	0.0000366172
0	0.9925142838	0.0074856529	0.0000000633
0	0.0123161415	0.9750597973	0.0126240612
1	0.7921818371	0.2078075093	0.0000106536
0	0.9777132336	0.0055880655	0.0166987008
0	0.8370623363	0.0100589184	0.1528787453
0	0.9338917536	0.0661082338	0.0000000126
0	0.0294465922	0.0000000000	0.9705534078
0	0.5270727211	0.0014537551	0.4714735238
0	0.2951050942	0.0913921851	0.6135027206
0	0.2894257168	0.0000274147	0.7105468685
0	0.1558359820	0.0000000000	0.8441640180
0	0.3977440970	0.6022116685	0.0000442346
0	0.0039334430	0.3263652915	0.6697012655
1	0.2185173465	0.7814688215	0.0000138321
0	0.0000065404	0.5896555366	0.4103379230
0	0.2607002653	0.7392997347	0.0000000000
0	0.7782943117	0.1493688925	0.0723367959
0	0.1465794629	0.2853540257	0.5680665115
0	0.7681122993	0.1331755032	0.0987121975
0	0.0000050007	0.0121627346	0.9878322647
0	0.9999999387	0.0000000613	0.0000000000
0	0.7315694347	0.2684259912	0.0000045741
0	0.2022081630	0.2875190737	0.5102727633
0	0.0999550861	0.9000449129	0.0000000010
0	0.5374248675	0.4624910601	0.0000840724
0	0.9748587588	0.0000000001	0.0251412411
0	0.5720814582	0.1750848396	0.2528337022
0	0.0455247685	0.0000000003	0.9544752313
0	0.4194796320	0.0247517508	0.5557686173
0	0.9809185951	0.0184251637	0.0006562412
0	0.0170606748	0.9828814385	0.0000578867
