1	0.8733678741	0.0070103450	0.1196217809
0	0.9099311382	0.0485911982	0.0414776636
1	0.0047027576	0.0245986462	0.9706985962
0	0.3204350159	0.0023928583	0.6771721259
0	0.9627016404	0.0202054093	0.0170929503
0	0.0635891280	0.2586957800	0.6777150920
1	0.0017425199	0.2301174224	0.7681400577
0	0.3053433523	0.6934392196	0.0012174281
0	0.1303658160	0.7802904034	0.0893437806
0	0.9127824352	0.0017871157	0.0854304490
0	0.5026493248	0.4967082111	0.0006424641
0	0.9981073701	0.0000000000	0.0018926299
0	0.0322860628	0.8163582586	0.1513556786
0	0.5170595503	0.4334945864	0.0494458633
0	0.5931740096	0.0129175339	0.3939084564
0	0.0093090838	0.0000001537	0.9906907625
0	0.0000000000	0.3908505523	0.6091494477
1	0.7211879918	0.2173971394	0.0614148688
0	0.7379802307	0.1543856076	0.1076341617
0	0.0011390287	0.0146892221	0.9841717492
0	0.0496309997	0.1899222823	0.7604467180
0	0.9768546038	0.0018143518	0.0213310444
0	0.1114895512	0.7273166824	0.1611937664
0	0.0357302908	0.6657588243	0.2985108849
1	0.1929522028	0.8070454953	0.0000023019
0	0.2145073577	0.7416514160	0.0438412263
0	0.8496356687	0.0003318608	0.1500324705
0	0.9316249488	0.0006601683	0.0677148829
0	0.9999765010	0.0000168339	0.0000066651
0	0.6901080526	0.3056678587	0.0042240887
0	0.0779534792	0.7404965223	0.1815499984
1	0.0615011090	0.8558606591	0.0826382319
0	0.9420153634	0.0542175011	0.0037671354
0	0.7052377800	0.2898795625	0.0048826574
0	0.0035782873	0.9930439172	0.0033777955
0	0.8984447936	0.0521042217	0.0494509847
0	0.1845870505	0.8154129416	0.0000000079
0	0.3896752907	0.0281310596	0.5821936497
0	0.0042673137	0.9904983060	0.0052343803
0	0.0000000124	0.3742897016	0.6257102859
0	0.9082522622	0.0174230699	0.0743246679
1	0.0249549789	0.0543852563	0.9206597648
0	0.9274845400	0.0725012079	0.0000142521
0	0.0000022792	0.9681072947	0.0318904261
0	0.0535425966	0.8538895904	0.0925678130
0	0.0000121199	0.2288755516	0.7711123285
1	0.5505621438	0.3475822496	0.1018556067
0	0.0195166844	0.9771347178	0.0033485978
0	0.0667244023	0.3836293404	0.5496462573
0	0.0209625412	0.6882093052	0.2908281536
0	0.5872073008	0.0214980348	0.3912946644
0	0.0000000000	0.0000000000	1.0000000000
0	0.3447208523	0.3883332515	0.2669458962
0	0.3769239605	0.6117127066	0.0113633330
1	0.9387828148	0.0607567336	0.0004604516
0	0.0043119616	0.9955500665	0.0001379718
0	0.0015292480	0.0206493314	0.9778214206
0	0.0317877764	0.7983603347	0.1698518890
0	0.0001996609	0.0239152042	0.9758851349
1	0.6514970165	0.1276368639	0.2208661197
0	0.0010451741	0.9171261260	0.0818286998
0	0.0001598382	0.6465083302	0.3533318316
1	0.2498922160	0.5438881216	0.2062196623
0	0.4918530580	0.4962837576	0.0118631843
0	0.1871728336	0.0000000000	0.8128271664
0	0.0000149622	0.9263839715	0.0736010664
0	0.1362895187	0.7634085040	0.1003019772
1	0.0000000008	0.0000988561	0.9999011431
1	0.1747852453	0.8140146998	0.0112000549
0	0.5582250531	0.3973767546	0.0443981923
0	0.3855939234	0.0793576937	0.5350483829
0	0.6592586158	0.3354547467	0.0052866375
1	0.1338418481	0.8657976758	0.0003604761
0	0.0000316259	0.0000000000	0.9999683741
0	0.0000000000	0.5358072850	0.4641927150
0	0.7131811950	0.2772475695	0.0095712356
0	0.0000000000	0.0000000000	1.0000000000
1	0.9656770178	0.0343228930	0.0000000892
0	0.4488652350	0.0021858243	0.5489489407
2	0.6927651178	0.2997199627	0.0075149195
1	0.0005865751	0.0588072528	0.9406061721
0	0.9614417651	0.0000000000	0.0385582349
0	0.8074433067	0.1291377316	0.0634189616
1	0.9884597319	0.0086614532	0.0028788149
0	0.0711818278	0.9097628902	0.0190552821
0	0.5490567264	0.0000001572	0.4509431163
0	0.0003371629	0.0142675336	0.9853953035
0	0.0002639150	0.4287233566	0.5710127284
0	0.9432499978	0.0062701359	0.0504798663
0	0.0780651523	0.9084386829	0.0134961648
0	0.6933501174	0.1166272437	0.1900226389
0	0.9766471351	0.0052419133	0.0181109516
0	0.7063904789	0.2360555414	0.0575539798
0	0.0181769178	0.9313479810	0.0504751012
0	0.2794747922	0.5459940917	0.1745311161
0	0.0047149654	0.8819819622	0.1133030724
0	0.0240223070	0.7709831955	0.2049944975
1	0.0022972445	0.0000447739	0.9976579817
0	0.9994507366	0.0005492634	0.0000000000
0	0.0619576424	0.7339957547	0.2040466028
