0	0.0052974096	0.9946858320	0.0000167584
0	0.4328616598	0.1834664785	0.3836718617
0	0.7213610416	0.0000056074	0.2786333510
0	0.7218113403	0.1776936101	0.1004950496
0	0.0116175971	0.4749091184	0.5134732845
0	0.0230941998	0.9769058002	0.0000000000
0	0.3390020271	0.6600711720	0.0009268009
0	0.0000029299	0.5158138582	0.4841832119
0	0.9250803327	0.0011359877	0.0737836796
0	0.9880916448	0.0118923432	0.0000160120
0	0.6327771760	0.0523517358	0.3148710882
0	0.6475386627	0.3213310547	0.0311302826
0	0.2981728137	0.5106747579	0.1911524284
0	0.0519525439	0.0205471315	0.9275003247
1	0.0004345745	0.0000006648	0.9995647607
0	0.2702384930	0.3012591789	0.4285023281
0	0.7034461234	0.2790331731	0.0175207036
0	0.0000000001	0.9999999291	0.0000000708
0	0.4546235110	0.3566964622	0.1886800267
0	0.2756959766	0.0072428976	0.7170611258
0	0.9584650929	0.0000193054	0.0415156016
0	0.0000147133	0.9589261603	0.0410591264
0	0.8571117008	0.1428503115	0.0000379876
0	0.5081235528	0.1128579417	0.3790185055
0	0.1229590686	0.1541382671	0.7229026644
0	0.9992685789	0.0000192348	0.0007121863
0	0.0000497586	0.2116776246	0.7882726168
0	0.0318809809	0.9681190191	0.0000000000
0	0.0000226749	0.4278265012	0.5721508239
0	0.2818935406	0.1887486370	0.5293578224
0	0.1421604397	0.5609514874	0.2968880729
0	0.0000000000	0.5200660175	0.4799339825
0	0.0089991247	0.5668344078	0.4241664675
0	0.9596773658	0.0000520547	0.0402705795
1	0.2969627231	0.6337323671	0.0693049098
0	0.2076989246	0.1747608494	0.6175402259
0	0.1740680768	0.0000000123	0.8259319109
0	0.3683950259	0.6316044346	0.0000005395
0	0.7481365635	0.1348973574	0.1169660791
0	0.8035612119	0.0000009602	0.1964378279
1	0.7633556870	0.2319748300	0.0046694830
1	0.2298953480	0.5801673321	0.1899373200
0	0.0221389977	0.0157814476	0.9620795548
0	0.3404009997	0.4394109098	0.2201880906
0	0.2891120100	0.0291359165	0.6817520735
0	0.0000000000	0.8112762516	0.1887237484
0	0.9630257005	0.0086122539	0.0283620456
0	0.0913524367	0.7661347813	0.1425127820
0	0.0826587703	0.9128164000	0.0045248297
0	0.0015160820	0.0005452440	0.9979386740
1	0.5480097251	0.2538979872	0.1980922878
0	0.0000006058	0.5161785969	0.4838207973
0	0.0000835519	0.9678317320	0.0320847161
0	0.9791897011	0.0000000038	0.0208102951
0	0.8698012938	0.1150302047	0.0151685015
0	0.0133400756	0.0028450814	0.9838148431
0	0.7048471845	0.2509506806	0.0442021349
0	0.0788953222	0.0000000000	0.9211046778
0	0.7911290582	0.2081439952	0.0007269466
0	0.2325077401	0.6754798031	0.0920124568
0	0.0000000001	0.9542874761	0.0457125237
0	0.0127863595	0.7863305639	0.2008830766
0	0.0041306364	0.0908828574	0.9049865063
0	0.0009446886	0.9633443621	0.0357109493
0	0.0499039860	0.6061301669	0.3439658471
0	0.0000000002	0.0053163402	0.9946836596
0	0.1006895507	0.0000003117	0.8993101376
0	0.6391741382	0.1649452237	0.1958806380
0	0.8213197930	0.1784479255	0.0002322815
0	0.0162954646	0.0066072260	0.9770973094
0	0.7056092817	0.1985623302	0.0958283881
0	0.0003044776	0.0000000317	0.9996954907
0	0.1364957332	0.2612198215	0.6022844454
0	0.5513195654	0.0115534088	0.4371270258
0	0.0126989322	0.9398879860	0.0474130818
0	0.3609892004	0.0025257546	0.6364850450
0	0.0000014435	0.9980620008	0.0019365557
1	0.4333514607	0.2617761324	0.3048724069
0	0.3069563338	0.0214990141	0.6715446521
0	0.1220623701	0.0006142735	0.8773233564
0	0.0000000000	0.3896998509	0.6103001491
0	0.0834097195	0.0001031371	0.9164871434
0	0.1240191960	0.4089540275	0.4670267765
0	0.0000000006	0.4928797348	0.5071202646
2	0.5896001769	0.2597735281	0.1506262950
0	0.5539530641	0.4460469016	0.0000000343
0	0.0045510541	0.9954291590	0.0000197868
0	0.0555382051	0.6769760451	0.2674857498
0	0.0344378838	0.9550093633	0.0105527529
0	0.3821903686	0.6178095076	0.0000001238
0	0.5822433472	0.3013001587	0.1164564941
0	0.1024344644	0.8975330159	0.0000325197
1	0.1666937000	0.0222294015	0.8110768986
0	0.9996557551	0.0003442449	0.0000000000
0	0.9867991261	0.0000373300	0.0131635439
0	0.2126838894	0.2182715421	0.5690445685
0	0.4890635654	0.4677778663	0.0431585683
0	0.0066104122	0.8009169125	0.1924726753
0	0.7586643856	0.1426121817	0.0987234327
0	0.0430355517	0.0487939270	0.9081705213
