1	0.0572147752	0.7764559614	0.1663292635
0	0.7911575636	0.1246572226	0.0841852138
0	0.0000000000	0.0574442557	0.9425557443
0	0.0927823521	0.6652794835	0.2419381644
0	0.0057107333	0.9904917577	0.0037975091
0	0.0201366655	0.1532722929	0.8265910416
0	0.1875137891	0.6956001181	0.1168860928
0	0.5727200176	0.2827500625	0.1445299199
0	0.0000514295	0.8313815875	0.1685669830
0	0.6668766163	0.2560980687	0.0770253150
0	0.0000566388	0.0000001948	0.9999431664
0	0.0013526032	0.1778500522	0.8207973446
0	0.9951936365	0.0048063634	0.0000000001
0	0.1503686844	0.8493037575	0.0003275581
0	0.5972300557	0.0016382047	0.4011317396
1	0.2508033692	0.6392742478	0.1099223829
0	0.0000212166	0.9194473598	0.0805314236
0	0.2251344654	0.7621970542	0.0126684805
0	0.4522827366	0.5274884347	0.0202288287
1	0.0822255890	0.9041965948	0.0135778162
0	0.4235294685	0.0050335428	0.5714369887
0	0.6049829421	0.3362669151	0.0587501428
0	0.0000000000	0.1728383592	0.8271616408
0	0.8035932772	0.1964067228	0.0000000000
0	0.0017898099	0.0016110371	0.9965991530
0	0.3117372440	0.6715390126	0.0167237434
0	0.1858998099	0.8140576971	0.0000424929
0	0.6359190536	0.0211637148	0.3429172316
0	0.2081756885	0.7918242792	0.0000000323
0	0.0000176913	0.9996774043	0.0003049045
0	0.0026008322	0.0795114134	0.9178877544
0	0.0086037162	0.1192334570	0.8721628268
0	0.9847335574	0.0152659247	0.0000005179
0	0.0000774325	0.0000016319	0.9999209356
0	0.9938332084	0.0061602759	0.0000065156
0	0.1625217414	0.5525007027	0.2849775559
0	0.9979197370	0.0016198549	0.0004604080
0	0.2390615129	0.0904050935	0.6705333937
0	0.0393877356	0.6488011250	0.3118111393
0	0.3359393093	0.6234965208	0.0405641699
0	0.7652561142	0.2343780396	0.0003658462
0	0.5328213297	0.0007986522	0.4663800181
0	0.0765318705	0.9234681295	0.0000000000
0	0.0000174853	0.0041466305	0.9958358842
0	0.0000386740	0.6969920346	0.3029692914
0	0.6493685956	0.3043785883	0.0462528161
0	0.0679217690	0.1729378300	0.7591404011
0	0.8786178783	0.0023998381	0.1189822836
1	0.0954213268	0.9027372033	0.0018414699
0	0.1557033911	0.2262100713	0.6180865376
1	0.9684565764	0.0315434232	0.0000000004
1	0.3867653350	0.5988650719	0.0143695930
0	0.6888321673	0.3111226870	0.0000451457
0	0.0000000000	0.9845539857	0.0154460143
0	0.0641467013	0.2102445117	0.7256087871
0	0.8826131889	0.0001986927	0.1171881184
0	0.0281984197	0.3379956798	0.6338059005
0	0.0772142780	0.9197060515	0.0030796704
1	0.8537068529	0.0542881334	0.0920050137
0	0.4730926883	0.0000000000	0.5269073117
0	0.0023324693	0.0207746856	0.9768928451
1	0.0036249629	0.0000000000	0.9963750371
0	0.7131185793	0.2868793635	0.0000020572
1	0.9491060577	0.0000071502	0.0508867921
0	0.3239958892	0.5172263508	0.1587777601
0	0.0062992515	0.0000000125	0.9937007360
0	0.0001044761	0.9997314121	0.0001641119
0	0.4540182181	0.0099993243	0.5359824575
0	0.0260314657	0.6843977737	0.2895707606
0	0.0000000000	0.9991284834	0.0008715166
0	0.8857167681	0.0109267843	0.1033564475
0	0.3032893357	0.1486322115	0.5480784528
0	0.0953203456	0.2770915360	0.6275881184
1	0.7267957248	0.0000000000	0.2732042752
0	0.0117307952	0.9553236227	0.0329455821
0	0.4478162730	0.0016824348	0.5505012922
0	0.7714055943	0.2284967169	0.0000976888
0	0.2291882503	0.0000000003	0.7708117494
0	0.3622449393	0.0932488726	0.5445061881
0	0.0000170765	0.8699520102	0.1300309133
0	0.3249460856	0.6657706891	0.0092832253
0	0.1300718674	0.2655823870	0.6043457455
0	0.4482740258	0.0000011182	0.5517248559
0	0.0000103543	0.9999896457	0.0000000000
0	0.5178190566	0.0122566563	0.4699242871
0	0.7410059798	0.0000000017	0.2589940186
0	0.0136840757	0.3129473795	0.6733685448
0	0.0017084405	0.9823329878	0.0159585717
0	0.0000000000	0.9130792843	0.0869207157
2	0.0066888651	0.2134693695	0.7798417654
0	0.0018823010	0.2253258708	0.7727918283
1	0.1220005605	0.8127150637	0.0652843759
0	0.9969665889	0.0001967382	0.0028366729
0	0.0290231176	0.3227598213	0.6482170610
0	0.1089495200	0.6889135887	0.2021368913
0	0.0070616112	0.2453776192	0.7475607696
0	0.4222628267	0.1605039769	0.4172331964
0	0.8207291916	0.0004307216	0.1788400867
0	0.0104388047	0.2614680724	0.7280931229
0	0.0090535993	0.5860877263	0.4048586745
