0	0.9793844466	0.0139102083	0.0067053451
0	0.4115723952	0.4765825256	0.1118450792
0	0.0000000000	0.3320529990	0.6679470010
0	0.2072680989	0.0777011469	0.7150307541
0	0.9075595116	0.0924404120	0.0000000763
0	0.0364847140	0.2608617846	0.7026535013
0	0.0143635894	0.9807228169	0.0049135937
0	0.0006911935	0.0001075388	0.9992012677
0	0.6941154237	0.2738207612	0.0320638152
0	0.8736996914	0.0805561522	0.0457441564
0	0.0467352716	0.6874486053	0.2658161231
0	0.0355748183	0.0000954273	0.9643297544
0	0.6854680814	0.0031342418	0.3113976768
0	0.8612703842	0.0057370899	0.1329925259
0	0.1159021583	0.7746253994	0.1094724423
0	0.0000128464	0.3559639737	0.6440231799
0	0.9999527624	0.0000472376	0.0000000000
0	0.0000006545	0.5999272591	0.4000720864
0	0.4923288394	0.0084797533	0.4991914073
0	0.6032497250	0.1375622378	0.2591880371
0	0.0008826322	0.9990530883	0.0000642795
0	0.9277453752	0.0002266950	0.0720279298
1	0.1124992121	0.0012631710	0.8862376168
0	0.0465607691	0.6641110962	0.2893281347
0	0.0000000000	0.9999995796	0.0000004204
0	0.0000016927	0.0012343133	0.9987639940
0	0.0044008784	0.8425637370	0.1530353847
0	0.2803508240	0.7196427022	0.0000064738
0	0.7792581998	0.0978751754	0.1228666248
0	0.2825189690	0.0000379322	0.7174430988
0	0.7014510675	0.2985256366	0.0000232959
0	0.0924046528	0.0239009870	0.8836943601
0	0.0000738016	0.4486564262	0.5512697723
0	0.7477953630	0.0001085713	0.2520960657
0	0.9959258844	0.0040730790	0.0000010366
0	0.3451950574	0.1286432115	0.5261617311
0	0.0000003771	0.9999996229	0.0000000000
1	0.9886148012	0.0076706911	0.0037145077
0	0.0000050744	0.7703036951	0.2296912305
0	0.0000024541	0.1643879530	0.8356095930
0	0.3243402479	0.6567367752	0.0189229769
0	0.6829188950	0.3170628127	0.0000182923
0	0.0641142774	0.6137250046	0.3221607180
0	0.0045360536	0.0127705938	0.9826933525
0	0.0417375593	0.0680397541	0.8902226866
0	0.3675518806	0.5571699634	0.0752781560
0	0.2160793856	0.6999569837	0.0839636307
0	0.9319269324	0.0673204588	0.0007526089
0	0.7768872308	0.0000000000	0.2231127692
0	0.2974151883	0.6964475390	0.0061372727
0	0.0123247314	0.7543348529	0.2333404158
2	0.0091131097	0.1077378967	0.8831489936
0	0.0713263665	0.5868617014	0.3418119321
0	0.0000039227	0.0047088696	0.9952872077
0	0.2923781268	0.1075690834	0.6000527899
0	0.0000223164	0.6977774278	0.3022002558
0	0.1363560217	0.7850375857	0.0786063927
0	0.0793245945	0.0127492031	0.9079262023
0	0.1818647936	0.3121696217	0.5059655847
0	0.0143846201	0.1754432465	0.8101721334
0	0.8544346545	0.1218820173	0.0236833282
0	0.0451817796	0.1311030318	0.8237151886
1	0.2188344168	0.0000665867	0.7810989966
0	0.0288844920	0.9340295214	0.0370859866
0	0.4731542350	0.0866646021	0.4401811629
0	0.3026436015	0.0179559947	0.6794004038
0	0.1794201308	0.8063413773	0.0142384919
0	0.0009778431	0.5835913974	0.4154307594
0	0.1134657654	0.0863455027	0.8001887318
0	0.9264542339	0.0007873622	0.0727584039
0	0.4617684404	0.1203062833	0.4179252763
0	0.2098445733	0.3342449961	0.4559104306
0	0.0024164713	0.7795249903	0.2180585384
0	0.2304223921	0.0103982377	0.7591793702
0	0.9512260863	0.0052636242	0.0435102895
0	0.2320744165	0.0727811105	0.6951444729
0	0.0161581059	0.6261027220	0.3577391721
0	0.0000511353	0.7606568590	0.2392920057
0	0.6282241373	0.0001227167	0.3716531460
0	0.3737044165	0.0000000000	0.6262955835
0	0.0000067526	0.9986183415	0.0013749059
0	0.8294672836	0.1185619262	0.0519707902
0	0.0905818102	0.0000000000	0.9094181898
0	0.4533449603	0.5365024122	0.0101526275
0	0.9648234515	0.0202840574	0.0148924911
0	0.9778478788	0.0151076619	0.0070444593
2	0.9999765544	0.0000000322	0.0000234134
0	0.4958172206	0.4718021956	0.0323805838
0	0.0069711559	0.7735086984	0.2195201458
0	0.1039871173	0.0000338427	0.8959790401
0	0.7108249131	0.0244384217	0.2647366652
0	0.8308786784	0.1579175603	0.0112037613
0	0.3609952539	0.2591560118	0.3798487343
0	0.3986699018	0.2813907585	0.3199393397
0	0.6977734548	0.1033626781	0.1988638670
1	0.5734873213	0.1158797253	0.3106329533
1	0.0041260280	0.8032484912	0.1926254808
0	0.9556443961	0.0178691325	0.0264864714
0	0.0000000001	0.0014048563	0.9985951436
0	0.5369112344	0.0954025128	0.3676862528
