0	0.9728667970	0.0093724361	0.0177607669
0	0.5502275933	0.0025182440	0.4472541627
0	0.8048870914	0.0195452023	0.1755677064
0	0.7310080230	0.0038425386	0.2651494384
0	0.0945552449	0.0000000000	0.9054447551
0	0.7814026942	0.2065479917	0.0120493140
1	0.9705861806	0.0000000000	0.0294138194
0	0.7956984046	0.1887313532	0.0155702422
0	0.4955060081	0.0044090878	0.5000849041
0	0.2016305105	0.3304548475	0.4679146420
0	0.3169019063	0.5875581156	0.0955399782
0	0.0797661863	0.1573708237	0.7628629900
0	0.0000000000	0.9719568759	0.0280431241
0	0.0126090528	0.0928140054	0.8945769418
0	0.0000004641	0.7686247525	0.2313747834
0	0.0256507751	0.1367290318	0.8376201931
1	0.0268125261	0.9518964223	0.0212910517
2	0.6621214568	0.3373950257	0.0004835175
0	0.9873485901	0.0118668478	0.0007845621
0	0.0000000000	0.0191562620	0.9808437379
0	0.0452363971	0.9347413449	0.0200222580
0	0.6939568033	0.0735785793	0.2324646174
0	0.2616140075	0.7382293978	0.0001565947
0	0.5220955856	0.0000037301	0.4779006844
0	0.5991632117	0.1128710669	0.2879657214
0	0.2087027372	0.0270700002	0.7642272626
0	0.1044723178	0.2105834338	0.6849442484
0	0.9277050096	0.0082266789	0.0640683115
1	0.9993034747	0.0006965253	0.0000000000
0	0.7740488050	0.0001875067	0.2257636883
0	0.2530841954	0.6883924609	0.0585233437
0	0.9682371005	0.0317624601	0.0000004394
0	0.6218291751	0.3781704207	0.0000004042
0	0.3166305758	0.6627998542	0.0205695700
0	0.4589225355	0.0000000000	0.5410774645
0	0.0074327273	0.9925672727	0.0000000000
0	0.9016460786	0.0000017218	0.0983521996
0	0.0097005426	0.1651403631	0.8251590943
0	0.3857956306	0.1284975725	0.4857067969
1	0.5918159761	0.4081840238	0.0000000000
0	0.0000002402	0.7363272872	0.2636724726
0	0.7841548952	0.1466196394	0.0692254655
0	0.1045072209	0.0699708569	0.8255219222
0	0.4385995461	0.0507725214	0.5106279324
0	0.3219480020	0.6780519980	0.0000000000
0	0.8163613587	0.1787117753	0.0049268660
0	0.4386010766	0.4760574788	0.0853414446
0	0.0000020224	0.0000000000	0.9999979776
0	0.0600385954	0.0553191016	0.8846423030
0	0.4540991869	0.5339060597	0.0119947534
0	0.2578391473	0.1232467640	0.6189140887
0	0.0000094185	0.9999905815	0.0000000000
0	0.0000002387	0.4750217129	0.5249780484
1	0.0000000000	0.8517517326	0.1482482674
0	0.9387434020	0.0508913135	0.0103652845
0	0.0901653782	0.0905458030	0.8192888188
0	0.0226690126	0.0009732514	0.9763577360
0	0.0219363749	0.6561337194	0.3219299057
0	0.0095430143	0.9904569851	0.0000000006
0	0.2785220074	0.0020681211	0.7194098715
0	0.0424689693	0.0018816494	0.9556493813
0	0.5884594515	0.0543447426	0.3571958058
0	0.4719475311	0.0091099434	0.5189425255
0	0.9399861066	0.0031094852	0.0569044082
0	0.7505036758	0.1169507301	0.1325455942
0	0.0034651047	0.1636999389	0.8328349564
0	0.0230777955	0.8769080453	0.1000141592
0	0.5758870476	0.4229399455	0.0011730069
0	0.7544304770	0.1219407173	0.1236288057
0	0.0615801002	0.2527864375	0.6856334623
0	0.4735040853	0.0000001466	0.5264957681
0	0.7349607223	0.2560517622	0.0089875155
0	0.1817111179	0.8182888011	0.0000000810
0	0.4992120944	0.3726405801	0.1281473255
0	0.4128888552	0.5810856736	0.0060254712
0	0.0000000000	0.8264370736	0.1735629264
0	0.3893965971	0.5140063094	0.0965970935
0	0.1139110420	0.8857910979	0.0002978600
0	0.0963148261	0.2240318293	0.6796533445
0	0.4017730690	0.0017186665	0.5965082645
0	0.0000000001	0.9148859415	0.0851140584
0	0.0775304836	0.0011961506	0.9212733657
0	0.0005112859	0.7572606727	0.2422280414
0	0.0018514776	0.0822501916	0.9158983308
0	0.0101777145	0.9212438451	0.0685784404
0	0.9999229650	0.0000014064	0.0000756286
0	0.7926291959	0.0556123557	0.1517584485
0	0.1179252757	0.0869246768	0.7951500476
0	0.0000000007	0.9708829642	0.0291170350
0	0.8716518526	0.0287958846	0.0995522628
1	0.0000577079	0.3021616080	0.6977806841
0	0.2620268043	0.6479011718	0.0900720239
0	0.8099058754	0.1900941245	0.0000000001
0	0.0000000000	0.2855800779	0.7144199221
0	0.5108397559	0.0000024928	0.4891577513
0	0.0659240908	0.4877720333	0.4463038759
0	0.6397831954	0.3174421470	0.0427746576
1	0.1644304219	0.3703473774	0.4652222007
0	0.1623627636	0.8225919652	0.0150452712
1	0.2239257706	0.6375727000	0.1385015295
