1	0.0474390465	0.9525609252	0.0000000283
0	0.0802262895	0.3426075427	0.5771661678
0	0.0959144384	0.0000000000	0.9040855616
0	0.0375711847	0.5448339445	0.4175948707
0	0.2501069735	0.5522083073	0.1976847193
1	0.5782584038	0.1286158544	0.2931257419
0	0.7293254396	0.0008193573	0.2698552031
0	0.0502905250	0.8042593427	0.1454501323
0	0.3857278690	0.5641078462	0.0501642848
1	0.7650616765	0.0528075991	0.1821307243
1	0.0340474942	0.4304971438	0.5354553620
0	0.6490075342	0.2554297231	0.0955627427
0	0.9514370931	0.0000000000	0.0485629069
0	0.0024318179	0.1666901296	0.8308780525
0	0.9576601526	0.0004212410	0.0419186063
2	0.1355369951	0.7785339233	0.0859290816
0	0.5010053044	0.4920589723	0.0069357233
0	0.0000000165	0.0123900083	0.9876099751
0	0.0656469042	0.3505379051	0.5838151907
0	0.8966398530	0.0583135514	0.0450465955
0	0.0007345919	0.6121732646	0.3870921435
0	0.0979784642	0.7062622155	0.1957593203
0	0.0000462729	0.2187474085	0.7812063186
0	0.0000006787	0.3750703999	0.6249289214
0	0.0943467128	0.6869860012	0.2186672860
1	0.6980585177	0.0034978811	0.2984436013
0	0.9999737691	0.0000000006	0.0000262304
0	0.1697244321	0.3583991765	0.4718763914
0	0.0000000000	0.8883739843	0.1116260157
0	0.5223111752	0.3799868824	0.0977019424
0	0.9991488721	0.0008172603	0.0000338676
0	0.9264970228	0.0733751440	0.0001278333
0	0.9785535272	0.0185267343	0.0029197385
0	0.0515578572	0.5525804041	0.3958617387
0	0.5864077795	0.1304886122	0.2831036083
0	0.0000002596	0.0186116539	0.9813880865
0	0.1856417220	0.1015855568	0.7127727211
0	0.0310991821	0.0052486917	0.9636521263
0	0.7057372486	0.2928302254	0.0014325261
0	0.2567261570	0.4208812635	0.3223925794
0	0.0376872328	0.9249588242	0.0373539431
0	0.5879089907	0.3390557279	0.0730352814
0	0.1082397088	0.0000000212	0.8917602700
1	0.7851032862	0.0000000000	0.2148967138
0	0.4178830901	0.3877492635	0.1943676464
0	0.0000424347	0.0116901276	0.9882674378
0	0.1900627893	0.2812202332	0.5287169775
0	0.7746452474	0.2030794678	0.0222752849
0	0.0000000000	0.8738241496	0.1261758504
1	0.0000000000	0.0307559142	0.9692440858
0	0.0764368953	0.8981251599	0.0254379447
0	0.2769102090	0.6603286163	0.0627611746
0	0.9349850857	0.0510217317	0.0139931826
0	0.0639703774	0.9357598362	0.0002697864
0	0.7107232918	0.0063182349	0.2829584732
0	0.0166670482	0.0600830515	0.9232499002
0	0.2182476223	0.6280498547	0.1537025230
0	0.8191365857	0.1633604487	0.0175029655
0	0.9942561548	0.0002110876	0.0055327576
1	0.6968835144	0.0000871088	0.3030293768
0	0.7890737037	0.1598897854	0.0510365109
0	0.8295072396	0.1703442236	0.0001485368
1	0.0002680450	0.8953113000	0.1044206550
0	0.2727118373	0.0000048297	0.7272833329
0	0.5790090604	0.4207924917	0.0001984479
0	0.9666267655	0.0330714296	0.0003018049
0	0.5682439954	0.2890978965	0.1426581082
0	0.6572676199	0.0234292182	0.3193031619
1	0.8735593622	0.0941137408	0.0323268969
0	0.7406183160	0.2353552712	0.0240264128
0	0.4728373127	0.2619327074	0.2652299799
1	0.9132064059	0.0867934875	0.0000001066
0	0.9270007416	0.0000000031	0.0729992553
0	0.1065827404	0.0001454409	0.8932718187
0	0.0000000000	0.9782324590	0.0217675410
0	0.0078683155	0.9822216443	0.0099100402
0	0.8130546033	0.1865149335	0.0004304632
0	0.4042138259	0.5957861741	0.0000000000
0	0.3081916400	0.0423544216	0.6494539385
0	0.0003716237	0.4552263472	0.5444020291
0	0.0319035692	0.0939226390	0.8741737918
0	0.9999867091	0.0000000000	0.0000132909
0	0.7285862834	0.2714136129	0.0000001037
0	0.0000273724	0.8241820614	0.1757905662
0	0.0804093073	0.8696612922	0.0499294005
0	0.4578147824	0.1704448413	0.3717403763
0	0.2053794304	0.0000000508	0.7946205188
0	0.9701223271	0.0046179024	0.0252597705
0	0.3963399731	0.4685470420	0.1351129850
0	0.0000000000	0.0527071149	0.9472928851
0	0.0000046448	0.9973262787	0.0026690765
0	0.0655660669	0.0526121436	0.8818217895
0	0.0000063433	0.2510014635	0.7489921931
0	0.2724137266	0.0229948585	0.7045914148
0	0.0675099184	0.0000318577	0.9324582239
0	0.0059902733	0.9939704193	0.0000393073
0	0.0216038014	0.2661242302	0.7122719684
0	0.3288415066	0.0020028838	0.6691556095
0	0.0000049190	0.0000000000	0.9999950810
0	0.2308106801	0.0662767052	0.7029126147
