0	0.9999980704	0.0000003659	0.0000015637
0	0.1479742681	0.6441245408	0.2079011911
0	0.0001553256	0.0059519483	0.9938927261
0	0.0468183962	0.7297706931	0.2234109106
0	0.5088293198	0.0568635067	0.4343071735
0	0.4868143216	0.0301940028	0.4829916756
0	0.0002874148	0.9762579431	0.0234546420
0	0.1636573464	0.0654074817	0.7709351719
0	0.7715252813	0.0216521519	0.2068225668
0	0.6150977003	0.1313590598	0.2535432398
0	0.6492647442	0.3505514203	0.0001838355
0	0.9232594280	0.0000020241	0.0767385479
1	0.1458842004	0.2532758055	0.6008399942
0	0.0264046685	0.9320914283	0.0415039032
0	0.9317904072	0.0525248749	0.0156847179
0	0.3925529894	0.5975156231	0.0099313875
0	0.7366189200	0.2630299996	0.0003510804
0	0.0002889263	0.5181294813	0.4815815925
1	0.0447574266	0.0140190111	0.9412235623
0	0.5716357990	0.4281593822	0.0002048188
1	0.0001001771	0.8162786133	0.1836212096
0	0.0789143590	0.6678449392	0.2532407018
0	0.0000000000	0.9903791504	0.0096208496
0	0.5433923012	0.3914594701	0.0651482287
1	0.1421821872	0.8578176122	0.0000002006
0	0.1429381618	0.8121533429	0.0449084953
0	0.0445588158	0.2406620348	0.7147791494
0	0.2926839460	0.5609140989	0.1464019551
0	0.8664425438	0.1335292088	0.0000282475
0	0.7719713002	0.2228621062	0.0051665936
0	0.0045141315	0.0083628238	0.9871230447
0	0.6950911591	0.1805472911	0.1243615498
1	0.0698069944	0.8682177023	0.0619753033
0	0.7179578499	0.2819718005	0.0000703497
0	0.0000000001	0.9999999999	0.0000000000
0	0.8932539006	0.1065165547	0.0002295447
0	0.0684839596	0.8624165175	0.0690995229
0	0.0951712927	0.5511177970	0.3537109103
0	0.6845231492	0.3154539992	0.0000228516
0	0.8503348633	0.1385400971	0.0111250396
1	0.0000000000	0.0171309171	0.9828690829
0	0.0000000000	0.0000000014	0.9999999986
0	0.9714631128	0.0000000086	0.0285368786
0	0.0021654101	0.7203939465	0.2774406434
0	0.3306054958	0.6563846271	0.0130098771
0	0.8329847145	0.1670152854	0.0000000001
0	0.5312168423	0.4687204186	0.0000627391
1	0.8708735301	0.1290008014	0.0001256685
0	0.5562188354	0.3537562803	0.0900248843
0	0.0625500696	0.6190530209	0.3183969095
0	0.0028116879	0.5528999195	0.4442883927
0	0.0253091200	0.0202309398	0.9544599402
0	0.5001589854	0.0032812088	0.4965598058
0	0.0086134374	0.3581385975	0.6332479651
0	0.2979981878	0.0267346838	0.6752671284
1	0.0667158197	0.9332841802	0.0000000001
0	0.0004024153	0.8939842869	0.1056132978
0	0.2636569748	0.6248984330	0.1114445922
0	0.9802095277	0.0000013069	0.0197891654
0	0.0100510546	0.0000003274	0.9899486180
0	0.0349969353	0.9101626974	0.0548403673
0	0.7605866057	0.0264484024	0.2129649920
1	0.0000173684	0.9999826316	0.0000000000
0	0.3122142012	0.0017289330	0.6860568658
0	0.6069794088	0.3213160458	0.0717045453
0	0.0029083844	0.9723817312	0.0247098844
0	0.0076356370	0.9802571293	0.0121072336
0	0.7055629136	0.0000266560	0.2944104304
0	0.0126306678	0.7782176888	0.2091516434
2	0.0052163348	0.9947718868	0.0000117785
0	0.1501746572	0.0031344745	0.8466908683
0	0.0235820953	0.0000333794	0.9763845253
0	0.6324713327	0.3675243370	0.0000043303
0	0.8208675459	0.1610169795	0.0181154745
0	0.2514752791	0.0401720962	0.7083526248
0	0.0000000039	0.0316257031	0.9683742930
0	0.6675561451	0.3088515105	0.0235923444
0	0.1109567544	0.6627857769	0.2262574687
0	0.9731392672	0.0268560990	0.0000046339
0	0.0204289026	0.9793885122	0.0001825852
0	0.9216198266	0.0000000065	0.0783801669
0	0.2856825705	0.4420387630	0.2722786665
0	0.2139060340	0.0000015204	0.7860924456
0	0.6888758644	0.3111241204	0.0000000152
1	0.0000000000	0.9552366985	0.0447633015
1	0.0833875910	0.9160691226	0.0005432864
0	0.0192352702	0.6055979157	0.3751668142
0	0.9937382926	0.0000000000	0.0062617074
0	0.0023253868	0.1696315770	0.8280430363
1	0.9272809637	0.0254653672	0.0472536692
0	0.2401997502	0.6177492881	0.1420509617
1	0.2789325903	0.7210674086	0.0000000011
0	0.0718268354	0.9281731532	0.0000000114
1	0.0676228975	0.6320533881	0.3003237143
0	0.1187029063	0.7961526870	0.0851444067
0	0.0175915278	0.7926577122	0.1897507600
0	0.0000000000	0.7281492311	0.2718507689
0	0.3619713843	0.0232707738	0.6147578419
0	0.0357935486	0.9446829158	0.0195235356
0	0.0528009068	0.2486192402	0.6985798530
