0	0.9662779534	0.0000000000	0.0337220466
0	0.0113389287	0.9844922412	0.0041688301
0	0.2856778640	0.0009895619	0.7133325741
0	0.2361087233	0.6226217457	0.1412695310
0	0.0011315294	0.0480057383	0.9508627323
0	0.0000199155	0.8583107967	0.1416692878
0	0.9991377991	0.0008276870	0.0000345140
0	0.8607299436	0.0288947990	0.1103752574
0	0.5984087311	0.2678609864	0.1337302825
0	0.1457083481	0.7970668860	0.0572247660
0	0.8225092203	0.1604115314	0.0170792483
1	0.1684732134	0.6355102262	0.1960165603
0	0.0473091240	0.9194903455	0.0332005305
0	0.8907480990	0.0918778179	0.0173740831
0	0.5124077800	0.2464338724	0.2411583476
0	0.0001115346	0.7034659592	0.2964225063
0	0.6557693478	0.3328905325	0.0113401197
0	0.0047111936	0.3312355184	0.6640532880
0	0.0000000000	0.0070015112	0.9929984888
0	0.2705696228	0.7288758101	0.0005545671
0	0.0000000000	0.9855110847	0.0144889153
0	0.9921877866	0.0078117799	0.0000004335
0	0.0057188634	0.9889199214	0.0053612152
0	0.8582791549	0.0377763768	0.1039444682
0	0.5438748679	0.0000000004	0.4561251317
0	0.1764376738	0.2448653885	0.5786969377
0	0.3972217988	0.4179598811	0.1848183202
0	0.1148417635	0.8763356976	0.0088225389
0	0.0000515227	0.5073533529	0.4925951243
0	0.6438893134	0.1943620729	0.1617486137
0	0.3955942925	0.3789463896	0.2254593179
0	0.3737595323	0.6241060347	0.0021344329
0	0.0691805376	0.0108600919	0.9199593705
2	0.0070167030	0.9730270745	0.0199562225
0	0.0000747475	0.2566571170	0.7432681356
0	0.8195283572	0.0433468489	0.1371247939
0	0.0000000000	0.0008932957	0.9991067043
0	0.3365317325	0.0000000163	0.6634682512
0	0.2759070237	0.0815338614	0.6425591149
0	0.3409672383	0.2020202236	0.4570125381
0	0.4501763697	0.0187529991	0.5310706312
1	0.6689080982	0.2725868330	0.0585050688
0	0.1203474442	0.8512123741	0.0284401817
0	0.0133456266	0.1617359467	0.8249184267
0	0.2964884014	0.7035115986	0.0000000000
0	0.4728965593	0.0682897950	0.4588136457
0	0.2314983769	0.7672747944	0.0012268287
0	0.0049718643	0.0666600035	0.9283681322
0	0.0000000000	0.9625242519	0.0374757481
0	0.0325206239	0.0929316481	0.8745477279
0	0.0072722682	0.0000000000	0.9927277318
0	0.9477713211	0.0512310488	0.0009976301
1	0.8404223156	0.1282726156	0.0313050688
0	0.7040967522	0.0761561468	0.2197471009
0	0.7572993885	0.2426118662	0.0000887453
0	0.9999994328	0.0000000000	0.0000005672
0	0.9896451417	0.0085057838	0.0018490744
0	0.0000000000	0.9661439165	0.0338560835
0	0.0003129740	0.6061264943	0.3935605317
0	0.7695636370	0.1567299571	0.0737064058
0	0.7530401358	0.0101747311	0.2367851332
0	0.1443550548	0.2921914279	0.5634535173
0	0.9999568926	0.0000422032	0.0000009042
0	0.0000000000	0.0000000000	1.0000000000
0	0.6957286133	0.0001677599	0.3041036268
0	0.0092194815	0.8886737531	0.1021067654
0	0.5177932713	0.4822067287	0.0000000000
0	0.8743911768	0.1256088232	0.0000000000
1	0.2134895966	0.6889864976	0.0975239058
0	0.2139384296	0.0018413427	0.7842202277
0	0.6562102630	0.3435014282	0.0002883088
1	0.9173784612	0.0823651021	0.0002564367
0	0.1473466212	0.3731538827	0.4794994960
0	0.0000000000	0.0001601616	0.9998398384
0	0.6604423493	0.3395576507	0.0000000000
0	0.5071506096	0.0312521506	0.4615972399
0	0.6271853957	0.0069526355	0.3658619689
0	0.0000000150	0.0000000000	0.9999999850
0	0.7634806142	0.2360019396	0.0005174463
0	0.2096050613	0.5392271372	0.2511678015
0	0.7692233729	0.0000002190	0.2307764081
0	0.9783822588	0.0000024045	0.0216153367
0	0.4142619876	0.5313689143	0.0543690981
0	0.8666951825	0.1084741241	0.0248306933
0	0.0879565429	0.9120418650	0.0000015921
0	0.1021964715	0.8965936851	0.0012098433
0	0.2381861922	0.4432119568	0.3186018510
0	0.0492421655	0.0951085832	0.8556492513
0	0.4540618961	0.3192561211	0.2266819828
0	0.0000000000	0.9887783840	0.0112216160
0	0.9576504340	0.0039551006	0.0383944654
0	0.5881682346	0.4116782933	0.0001534721
0	0.0000026089	0.9979387449	0.0020586462
1	0.2519603445	0.0221871911	0.7258524644
0	0.0688577358	0.5666836657	0.3644585985
0	0.0000031350	0.0271831969	0.9728136681
0	0.0067731657	0.9931667266	0.0000601077
0	0.0000000000	0.1857394778	0.8142605222
0	0.2419548822	0.2473708938	0.5106742240
0	0.0365082238	0.0258852879	0.9376064883
