0	0.0000000089	0.9702275902	0.0297724009
1	0.2394769064	0.7275535738	0.0329695198
1	0.2132864611	0.7588882380	0.0278253010
0	0.0000000000	0.1583912584	0.8416087416
0	0.8841328011	0.1100150812	0.0058521177
0	0.9910392424	0.0015085985	0.0074521590
0	0.0673485424	0.9326514576	0.0000000000
0	0.2550939706	0.5723298826	0.1725761468
1	0.0372224733	0.9611826331	0.0015948936
0	0.4420244206	0.5479022021	0.0100733773
0	0.0001534742	0.0121006523	0.9877458735
0	0.5235258370	0.2474196917	0.2290544713
0	0.4855366071	0.4810024479	0.0334609450
0	0.5605356609	0.1768804161	0.2625839230
0	0.6467278234	0.0000006844	0.3532714922
0	0.8737864700	0.0284730439	0.0977404861
1	0.0000003604	0.9999918278	0.0000078118
0	0.0829843801	0.9134083866	0.0036072333
0	0.0096000064	0.4249230218	0.5654769719
0	0.4387451605	0.5251255798	0.0361292597
0	0.8036304000	0.1963476025	0.0000219974
0	0.5802377606	0.0164368587	0.4033253807
1	0.0000009539	0.9857096379	0.0142894082
0	0.0426567498	0.4275364511	0.5298067991
0	0.2063192607	0.5222766827	0.2714040565
0	0.2100773212	0.0364300504	0.7534926284
0	0.0150817282	0.0022756428	0.9826426290
0	0.0977289343	0.4970226400	0.4052484257
0	0.7787716796	0.2155980484	0.0056302720
0	0.8417321256	0.1537680050	0.0044998694
0	0.3232609233	0.0024540337	0.6742850430
0	0.6537579005	0.3462419455	0.0000001540
0	0.0929987206	0.0000078063	0.9069934730
0	0.7708507168	0.1540325364	0.0751167468
0	0.0000000000	0.2648923020	0.7351076980
0	0.0000018177	0.9999971260	0.0000010562
0	0.0000000000	0.3363046969	0.6636953031
1	0.0000007094	0.1483751764	0.8516241142
0	0.0073371901	0.9845202577	0.0081425522
0	0.7795001794	0.0000000000	0.2204998206
0	0.5389884694	0.1740296705	0.2869818602
0	0.0024575382	0.5696304854	0.4279119764
0	0.0322822582	0.9653676371	0.0023501047
0	0.2183516257	0.0021269975	0.7795213768
0	0.0742234402	0.8797503249	0.0460262349
0	0.0000000000	0.2716391338	0.7283608662
0	0.0025500806	0.9611106519	0.0363392676
0	0.7640475810	0.0570751943	0.1788772247
0	0.0822214565	0.2315536610	0.6862248825
0	0.8779002334	0.1220997306	0.0000000359
0	0.1513517976	0.7568340499	0.0918141525
0	0.0689641580	0.9310352882	0.0000005538
0	0.0464728822	0.2038015482	0.7497255695
0	0.0007501352	0.9992498252	0.0000000396
1	0.0017109728	0.7155507949	0.2827382322
0	0.0000166224	0.2325306322	0.7674527455
0	0.0083567649	0.0488383724	0.9428048627
0	0.8337136447	0.1660246189	0.0002617364
0	0.0000000000	0.9937113029	0.0062886971
0	0.2377748598	0.2237151309	0.5385100093
0	0.7910841971	0.2089158028	0.0000000001
0	0.0024376526	0.9959839132	0.0015784342
0	0.0021231050	0.0004179759	0.9974589192
0	0.9718543183	0.0236030770	0.0045426047
0	0.3050409952	0.6808534974	0.0141055074
2	0.3397940733	0.6566963341	0.0035095926
0	0.1472744745	0.1347575156	0.7179680099
0	0.0000021636	0.7359039500	0.2640938864
0	0.3070821333	0.0000077333	0.6929101334
0	0.0000000696	0.0511749556	0.9488249747
1	0.0105122761	0.7534525331	0.2360351908
1	0.2764790893	0.0091569643	0.7143639464
0	0.0000000000	0.1941530154	0.8058469846
0	0.6263755328	0.0000000000	0.3736244672
0	0.0271661006	0.7811557047	0.1916781947
1	0.0280572452	0.0553771111	0.9165656437
1	0.5211457377	0.4757428701	0.0031113922
1	0.1753902194	0.5343601373	0.2902496433
0	0.0472788492	0.3525671399	0.6001540109
0	0.0177739419	0.0000015397	0.9822245184
0	0.1222707113	0.8618201426	0.0159091461
0	0.9999921116	0.0000000261	0.0000078623
0	0.8041174182	0.0000105511	0.1958720307
0	0.4051626988	0.3538499244	0.2409873768
0	0.0373616365	0.9625087869	0.0001295767
0	0.0035840378	0.8209979461	0.1754180161
0	0.5370252017	0.3979561534	0.0650186449
0	0.9629518645	0.0370476245	0.0000005110
0	0.0223507604	0.9742630917	0.0033861479
0	0.4791432396	0.2388189791	0.2820377814
0	0.0000000000	0.9404634532	0.0595365468
0	0.9163982493	0.0000000000	0.0836017507
0	0.0000000000	0.0972601580	0.9027398420
0	0.6001694508	0.2026608100	0.1971697393
0	0.4610784515	0.0000000000	0.5389215485
1	0.0050300886	0.0805182541	0.9144516573
0	0.0967351923	0.0870938475	0.8161709603
0	0.1166682536	0.8782732424	0.0050585041
0	0.9832021687	0.0167978295	0.0000000019
0	0.8358585623	0.1641414315	0.0000000063
