0	0.9088257371	0.0911742604	0.0000000026
0	0.1891773723	0.0003442183	0.8104784094
0	0.6428215541	0.3434201885	0.0137582574
0	0.0010766401	0.0003727984	0.9985505615
0	0.1119902002	0.0004056337	0.8876041661
0	0.0000000000	0.0074318584	0.9925681416
0	0.9315821483	0.0213485687	0.0470692830
0	0.0403301940	0.9423772286	0.0172925774
1	0.2921612324	0.6260297028	0.0818090649
1	0.1258627012	0.6865734271	0.1875638717
0	0.5167342205	0.2463931506	0.2368726289
0	0.0000039009	0.7135346869	0.2864614122
0	0.4452329888	0.4227633368	0.1320036745
0	0.0028011622	0.0270574260	0.9701414118
0	0.0000028133	0.0336667143	0.9663304724
0	0.9913018342	0.0086981657	0.0000000001
0	0.5224276290	0.0000000009	0.4775723701
0	0.3758193062	0.0161376057	0.6080430881
0	0.5497822402	0.4494845111	0.0007332488
0	0.3247166696	0.3936001038	0.2816832266
0	0.8824114223	0.1144521452	0.0031364325
0	0.3102970630	0.0014182443	0.6882846927
0	0.0453900068	0.5918032944	0.3628066988
0	0.6813854481	0.0144121014	0.3042024505
0	0.1269123271	0.8556278311	0.0174598418
0	0.1039756935	0.8878101534	0.0082141530
0	0.9927918646	0.0007849611	0.0064231743
0	0.0000000000	0.0027845387	0.9972154613
0	0.0192201026	0.8281298837	0.1526500137
0	0.0243150184	0.0400891483	0.9355958333
0	0.1362729299	0.7516627323	0.1120643379
0	0.0398413898	0.7599109930	0.2002476172
0	0.4671024345	0.3135280487	0.2193695168
0	0.1054948868	0.3981965693	0.4963085439
0	0.5782367489	0.4217632511	0.0000000000
1	0.0021223565	0.0000000000	0.9978776435
0	0.0000002774	0.9999989655	0.0000007571
0	0.5255638925	0.0000000000	0.4744361075
1	0.0351581753	0.9648418203	0.0000000045
0	0.7530370291	0.0008451834	0.2461177875
0	0.1237124134	0.0000066487	0.8762809379
1	0.2703416822	0.7290757595	0.0005825583
1	0.0015548877	0.1413888661	0.8570562462
0	0.8171298055	0.0773877789	0.1054824156
0	0.3841389808	0.4427156313	0.1731453879
0	0.0000000000	0.9418575054	0.0581424946
0	0.0001285258	0.9494815285	0.0503899457
0	0.3496261240	0.6312006465	0.0191732295
0	0.0223869143	0.7708877777	0.2067253080
0	0.0396703891	0.9556489127	0.0046806982
0	0.5311493945	0.4358337305	0.0330168750
0	0.0727164085	0.5076247490	0.4196588425
0	0.1499685702	0.0338714324	0.8161599974
0	0.1921255287	0.7843289496	0.0235455217
0	0.0000000000	0.0000000129	0.9999999871
0	0.2392355109	0.3993961713	0.3613683177
1	0.0552525218	0.8524849409	0.0922625373
0	0.3660938962	0.0002057134	0.6337003904
1	0.8811047274	0.0426102970	0.0762849756
0	0.3508729618	0.0557528618	0.5933741764
0	0.1724337505	0.0000000042	0.8275662453
0	0.0000002227	0.4009767597	0.5990230175
0	0.7295579665	0.0000000001	0.2704420334
0	0.0000000000	0.9160182495	0.0839817505
0	0.9509392033	0.0000000000	0.0490607967
0	0.0250129134	0.0116112363	0.9633758502
0	0.8293520898	0.0996667341	0.0709811761
0	0.3733429567	0.2612961109	0.3653609324
0	0.9160503471	0.0835265817	0.0004230712
2	0.0000001740	0.6870784766	0.3129213494
0	0.1160616712	0.0001598377	0.8837784911
0	0.0364320876	0.5689703333	0.3945975792
0	0.0573007758	0.4797552213	0.4629440030
1	0.0000114224	0.4175777078	0.5824108698
0	0.4446327377	0.4807103613	0.0746569010
0	0.4987673804	0.0142369769	0.4869956427
2	0.1340188254	0.8463001708	0.0196810038
0	0.9855907846	0.0034367179	0.0109724976
0	0.0459828386	0.8967328203	0.0572843410
0	0.0146125897	0.8787426086	0.1066448017
0	0.9505643260	0.0437377243	0.0056979497
0	0.8442531840	0.1319330477	0.0238137683
0	0.3488719547	0.1601745095	0.4909535358
0	0.0000000017	0.4022954237	0.5977045746
0	0.5264162985	0.0000000026	0.4735836989
0	0.9999999969	0.0000000002	0.0000000030
0	0.3974204412	0.0500075088	0.5525720500
0	0.0017804604	0.0000496625	0.9981698771
0	0.8464901797	0.0268290893	0.1266807310
0	0.0614097761	0.9367563340	0.0018338898
0	0.0673822446	0.9326175860	0.0000001694
0	0.9023884792	0.0060778675	0.0915336534
0	0.1680664657	0.7707042844	0.0612292499
0	0.4983279941	0.4977523023	0.0039197036
0	0.5249217062	0.0001501964	0.4749280974
0	0.0086758227	0.5311983465	0.4601258308
1	0.0290912968	0.9371453837	0.0337633195
0	0.0361010834	0.9587254768	0.0051734398
0	0.8598422786	0.0000287507	0.1401289707
1	0.0001643112	0.6449326961	0.3549029927
