0	0.1876383007	0.5987353919	0.2136263075
1	0.0000000000	0.9816129910	0.0183870090
0	0.8749726275	0.0257038158	0.0993235567
0	0.5833124798	0.4165282094	0.0001593108
0	0.0620330076	0.2472477406	0.6907192518
0	0.0004889719	0.0763588536	0.9231521745
0	0.0000079202	0.2436470697	0.7563450101
0	0.0721403464	0.9278127797	0.0000468739
0	0.0024527285	0.0834661777	0.9140810938
0	0.3757030690	0.2824910692	0.3418058619
0	0.4183349492	0.5146933750	0.0669716758
0	0.0364483352	0.3079934972	0.6555581676
0	0.1999667930	0.7908863429	0.0091468641
1	0.2434904018	0.2784008947	0.4781087035
0	0.9045483821	0.0259774254	0.0694741925
0	0.2650961549	0.0011194094	0.7337844358
0	0.4413962530	0.1796459970	0.3789577500
0	0.0213366017	0.0762890162	0.9023743821
0	0.0185749664	0.4944610766	0.4869639570
0	0.0085086429	0.9897064034	0.0017849538
0	0.2913597228	0.6874420771	0.0211982001
1	0.0309052587	0.1937059589	0.7753887824
0	0.0223596047	0.8919772079	0.0856631874
0	0.0442331575	0.0648646202	0.8909022223
0	0.4797906658	0.5202089533	0.0000003809
2	0.1947012328	0.7958083384	0.0094904288
0	0.3144658456	0.4825075272	0.2030266271
0	0.0704295154	0.0000121552	0.9295583294
0	0.3834999388	0.1234342266	0.4930658346
0	0.9085048415	0.0707730530	0.0207221055
0	0.4684100742	0.4806818915	0.0509080343
0	0.1454892685	0.8487534199	0.0057573116
0	0.9924486513	0.0066169229	0.0009344258
0	0.0568070453	0.0045647341	0.9386282206
0	0.8993405923	0.0937110030	0.0069484047
0	0.0013830833	0.9581624853	0.0404544314
0	0.1104759867	0.2345315187	0.6549924947
0	0.0146591367	0.1710715690	0.8142692942
0	0.8479306122	0.1520693878	0.0000000000
1	0.3719447389	0.0011742391	0.6268810220
0	0.0000952474	0.7260131998	0.2738915528
0	0.5513928147	0.0013385793	0.4472686061
0	0.0000000000	0.1121832000	0.8878168000
0	0.7619350838	0.2136640053	0.0244009109
0	0.0184858069	0.8794822382	0.1020319549
0	0.1976310337	0.0000203540	0.8023486123
0	0.0259544533	0.9740455467	0.0000000000
0	0.0000000000	0.9995177851	0.0004822149
0	0.7269056862	0.0741202641	0.1989740498
0	0.0000000000	0.8352322756	0.1647677244
0	0.2209778953	0.7088452968	0.0701768079
0	0.0033308378	0.9290998055	0.0675693567
0	0.0619568560	0.8943592023	0.0436839417
0	0.9771283628	0.0051372433	0.0177343939
0	0.2126234317	0.0080693600	0.7793072084
1	0.0273531831	0.9285319626	0.0441148543
0	0.0456106718	0.4962625309	0.4581267973
0	0.1820220730	0.0116879269	0.8062900001
0	0.0051941656	0.0000000000	0.9948058344
0	0.9504209555	0.0403424621	0.0092365824
0	0.6399178306	0.1861871040	0.1738950654
0	0.3652988186	0.5653365905	0.0693645909
0	0.7832335775	0.0231337623	0.1936326601
0	0.0229252009	0.5574064277	0.4196683714
0	0.6374034027	0.3486940070	0.0139025903
0	0.5486974441	0.2498085411	0.2014940148
0	0.9126919000	0.0364779838	0.0508301162
0	0.1082610692	0.0703828741	0.8213560567
0	0.0000036234	0.9745029046	0.0254934720
0	0.3021166224	0.6931063277	0.0047770499
0	0.4149438856	0.1676471418	0.4174089725
0	0.9760821148	0.0196385846	0.0042793006
0	0.6872990532	0.3126764991	0.0000244476
0	0.0140059144	0.9855345496	0.0004595359
0	0.9330691930	0.0000000000	0.0669308070
0	0.1688019192	0.0000172009	0.8311808799
0	0.0384276999	0.4029732535	0.5585990466
0	0.0009404188	0.0000000000	0.9990595812
1	0.0000000000	0.9934426215	0.0065573785
0	0.9935249867	0.0000112097	0.0064638036
1	0.5454374620	0.4471181948	0.0074443432
0	0.0006658525	0.5135320423	0.4858021052
1	0.8781046473	0.0625681206	0.0593272320
0	0.0652513476	0.0000298125	0.9347188399
0	0.0632568158	0.9345179516	0.0022252326
0	0.8855010775	0.0478085615	0.0666903610
0	0.0926665469	0.2577689143	0.6495645388
0	0.4043320173	0.0002661611	0.5954018216
0	0.2713707198	0.1795142043	0.5491150759
0	0.7566014095	0.0014013191	0.2419972715
0	0.0981424370	0.9018575493	0.0000000137
0	0.0925615078	0.8690145277	0.0384239645
0	0.6621822115	0.2205801881	0.1172376004
0	0.9932176294	0.0000069966	0.0067753740
0	0.6319676887	0.3386923706	0.0293399407
0	0.0256869405	0.0751330782	0.8991799813
0	0.4296485743	0.1574059903	0.4129454354
0	0.0381123667	0.9618468240	0.0000408094
0	0.9792704591	0.0021021021	0.0186274388
0	0.0642513928	0.4047964446	0.5309521626
