0	0.4611492997	0.0820361791	0.4568145212
0	0.9826477414	0.0066530737	0.0106991849
0	0.2475870030	0.5556507582	0.1967622388
0	0.2658458093	0.0000005878	0.7341536028
0	0.1728992104	0.5105566559	0.3165441337
0	0.2961967109	0.5083422726	0.1954610165
0	0.1196373358	0.4809902337	0.3993724305
0	0.0917207921	0.7401049799	0.1681742280
0	0.1870187882	0.1291279884	0.6838532233
0	0.2429184439	0.1946946528	0.5623869032
0	0.9396413797	0.0314482773	0.0289103430
0	0.9966629817	0.0031525359	0.0001844824
0	0.2414936123	0.5439857685	0.2145206192
0	0.5458486956	0.4130166360	0.0411346683
0	0.8528416175	0.0737808146	0.0733775679
0	0.9990779122	0.0000361216	0.0008859661
0	0.0488046410	0.8337836735	0.1174116855
0	0.0000000000	0.8692968683	0.1307031317
0	0.9150071299	0.0000266410	0.0849662292
0	0.0354135094	0.0000000000	0.9645864906
0	0.3566948475	0.0031617978	0.6401433547
0	0.0145507305	0.0000000657	0.9854492038
0	0.3119493737	0.4974336726	0.1906169538
0	0.5624554288	0.0020458577	0.4354987135
0	0.0032617658	0.8197907340	0.1769475001
0	0.1767903740	0.8050964435	0.0181131825
0	0.7294666997	0.1550583559	0.1154749444
0	0.0219740710	0.5905622787	0.3874636502
0	0.0844107802	0.8175376449	0.0980515750
0	0.0000004386	0.2623175729	0.7376819885
0	0.5187100854	0.0000329202	0.4812569944
0	0.9950990785	0.0042931758	0.0006077457
0	0.5102529678	0.0055791903	0.4841678419
0	0.0002988179	0.1591211865	0.8405799956
0	0.9599064565	0.0390066017	0.0010869418
0	0.7960610453	0.1147723100	0.0891666447
0	0.0108989436	0.0788465504	0.9102545060
0	0.7760627643	0.0000000000	0.2239372357
0	0.0000536897	0.7346058011	0.2653405092
0	0.9969634906	0.0030342192	0.0000022902
0	0.0275320435	0.2143332641	0.7581346924
0	0.0132906186	0.0510499216	0.9356594598
1	0.0000156238	0.5830243435	0.4169600327
0	0.0616757524	0.7352194035	0.2031048441
0	0.8015005932	0.0038331672	0.1946662396
1	0.0000000006	0.1224505488	0.8775494505
0	0.0242699189	0.0006426102	0.9750874710
0	0.0316612050	0.9667565184	0.0015822766
0	0.0540034150	0.0003599762	0.9456366089
0	0.3945915782	0.5450777560	0.0603306658
0	0.9527189847	0.0000494580	0.0472315573
1	0.5442001590	0.3046091702	0.1511906708
0	0.7067875615	0.0000568109	0.2931556276
0	0.9310061331	0.0653522649	0.0036416020
0	0.0102512161	0.8618268398	0.1279219442
1	0.0062133455	0.9784698200	0.0153168345
0	0.5677292106	0.3933388576	0.0389319318
0	0.2635820309	0.0531136931	0.6833042760
0	0.0000000000	0.3034669898	0.6965330102
1	0.4529405262	0.5458227311	0.0012367427
0	0.1671990785	0.5441093309	0.2886915906
1	0.0000137529	0.9541703617	0.0458158854
0	0.7296017171	0.0009238857	0.2694743971
2	0.1136981675	0.8859462958	0.0003555367
0	0.0000000000	0.9949534838	0.0050465162
0	0.9006793347	0.0992877898	0.0000328755
0	0.9307585561	0.0692405374	0.0000009065
0	0.2095093744	0.7717270086	0.0187636169
0	0.0499121537	0.9500864758	0.0000013705
0	0.4468062272	0.3101309668	0.2430628060
0	0.2218146559	0.3600041349	0.4181812092
0	0.5422296572	0.4058053079	0.0519650349
1	0.0254029200	0.6189517971	0.3556452829
0	0.9974989479	0.0000242925	0.0024767596
1	0.0000000000	0.8943122433	0.1056877567
0	0.4250103234	0.4973567117	0.0776329649
0	0.0443852989	0.0123727810	0.9432419201
0	0.4737688042	0.5144948870	0.0117363089
0	0.8251387117	0.0704982282	0.1043630600
0	0.9731449419	0.0015115086	0.0253435495
1	0.1007205611	0.8451239459	0.0541554930
0	0.7349023082	0.1736609643	0.0914367275
0	0.1205678725	0.7222811402	0.1571509873
0	0.0979096330	0.0483550330	0.8537353340
0	0.0000000000	0.2292437079	0.7707562921
0	0.0237742919	0.0277478639	0.9484778442
0	0.1491150788	0.8135826078	0.0373023134
0	0.9809616559	0.0000000000	0.0190383441
0	0.9601771585	0.0217692006	0.0180536408
0	0.2394525682	0.1436388988	0.6169085330
0	0.1332564183	0.0060793063	0.8606642754
1	0.2167301789	0.0193513723	0.7639184488
1	0.0025780736	0.9843218751	0.0131000513
0	0.1187166759	0.6834634805	0.1978198436
0	0.0107444663	0.8758193762	0.1134361575
0	0.0012127483	0.2422985784	0.7564886733
1	0.5576574832	0.0997775470	0.3425649698
0	0.9916708227	0.0010593555	0.0072698218
0	0.8001773654	0.1963489731	0.0034736615
1	0.1626706676	0.8370860414	0.0002432909
