0	0.9938526740	0.0061469481	0.0000003779
0	0.0686417357	0.3786200226	0.5527382417
0	0.4928726379	0.0052444950	0.5018828671
0	0.9999999909	0.0000000076	0.0000000015
0	0.0017803572	0.9105176676	0.0877019752
0	0.6672913805	0.0098849837	0.3228236358
0	0.4417661633	0.2701637827	0.2880700540
0	0.0227264782	0.4776088526	0.4996646691
0	0.3002261230	0.6416381505	0.0581357265
0	0.0000000114	0.0007149678	0.9992850208
0	0.8503339560	0.1370223365	0.0126437075
0	0.8592048070	0.0011576947	0.1396374983
0	0.1243305317	0.2289503251	0.6467191432
0	0.9762887087	0.0112558375	0.0124554538
0	0.6222362024	0.0033511778	0.3744126198
1	0.3037377608	0.0114382259	0.6848240133
0	0.4247720405	0.3362207988	0.2390071607
0	0.0007689605	0.8803358777	0.1188951618
0	0.7427326575	0.2572659583	0.0000013841
0	0.9999999957	0.0000000043	0.0000000000
0	0.4910955675	0.0235867150	0.4853177175
0	0.9898928059	0.0000000176	0.0101071765
0	0.0813226402	0.9067758557	0.0119015040
0	0.0000996772	0.9998999715	0.0000003513
0	0.8374169529	0.0546261778	0.1079568692
0	0.5861534795	0.1815235667	0.2323229538
0	0.5164267699	0.2620162794	0.2215569507
0	0.0188711486	0.0000000000	0.9811288514
0	0.1703980038	0.0976414512	0.7319605451
1	0.4290590498	0.5709409502	0.0000000000
0	0.1766310463	0.0001613668	0.8232075869
0	0.9576591685	0.0041824486	0.0381583828
0	0.2282485557	0.0114923451	0.7602590992
0	0.0552682204	0.0000000000	0.9447317796
0	0.3200671983	0.0007508308	0.6791819709
0	0.0645589790	0.9338597470	0.0015812740
1	0.3760508262	0.5520030396	0.0719461342
1	0.2628084528	0.3904139670	0.3467775802
0	0.0015477316	0.0000015160	0.9984507525
0	0.0000001561	0.0294325825	0.9705672614
0	0.7646166547	0.0055322267	0.2298511186
0	0.0002908515	0.0342067580	0.9655023905
0	0.9590882235	0.0063068283	0.0346049482
0	0.1232551400	0.4771791027	0.3995657573
0	0.4789670687	0.5210329313	0.0000000000
0	0.0000016250	0.0040616225	0.9959367525
0	0.0099667974	0.5115845859	0.4784486168
0	0.0013861009	0.9819897317	0.0166241674
0	0.9732619559	0.0125249463	0.0142130978
0	0.5539429686	0.4460568230	0.0000002085
0	0.9229665857	0.0001455891	0.0768878252
1	0.6752932093	0.1076435643	0.2170632265
0	0.2346178921	0.4487349505	0.3166471574
0	0.0066736574	0.5598188233	0.4335075193
0	0.0000000164	0.5472903871	0.4527095965
1	0.1746574711	0.7812033398	0.0441391891
0	0.7697222696	0.2290380946	0.0012396358
0	0.1510817061	0.1124057201	0.7365125738
0	0.5803586562	0.4166280151	0.0030133287
0	0.9852583347	0.0067892165	0.0079524488
0	0.0027233148	0.9972638054	0.0000128798
0	0.0138600035	0.9825816726	0.0035583239
0	0.0025404549	0.0055237918	0.9919357533
0	0.0123754523	0.0001193303	0.9875052174
0	0.4526177431	0.4654248538	0.0819574031
0	0.0000000000	0.5316838225	0.4683161775
0	0.9097903782	0.0002343737	0.0899752480
0	0.9968274139	0.0002282546	0.0029443314
0	0.9662814238	0.0262179283	0.0075006479
0	0.0820082006	0.7765971178	0.1413946816
0	0.8855726465	0.1143692041	0.0000581494
0	0.0090912700	0.0253130843	0.9655956456
0	0.5873525070	0.4063638980	0.0062835950
0	0.9088716733	0.0756430036	0.0154853231
0	0.0000000000	0.3616996979	0.6383003021
0	0.9862046131	0.0137953869	0.0000000000
0	0.8738238545	0.1162172515	0.0099588940
0	0.0755784379	0.6733483824	0.2510731798
0	0.0744898942	0.9171176909	0.0083924149
0	0.0000519608	0.9584680067	0.0414800325
0	0.0000000000	0.0012012417	0.9987987583
0	0.9999293989	0.0000001133	0.0000704877
0	0.9801552643	0.0131733122	0.0066714235
0	0.8834522758	0.1149117978	0.0016359264
0	0.1150687718	0.0196896863	0.8652415420
0	0.0000301074	0.9989280681	0.0010418245
0	0.0000914086	0.9498994854	0.0500091060
0	0.9920196580	0.0021021974	0.0058781446
1	0.0000000000	0.9867855553	0.0132144447
0	0.6481947346	0.0000001108	0.3518051546
0	0.0186127322	0.2611317935	0.7202554743
0	0.2291087840	0.1243224187	0.6465687973
1	0.4229815931	0.5770184069	0.0000000000
0	0.0018321455	0.9966630290	0.0015048255
2	0.0000013465	0.0298754634	0.9701231901
0	0.1160891846	0.3325230981	0.5513877173
0	0.5242228106	0.2151022895	0.2606748999
0	0.9998924968	0.0000000007	0.0001075025
0	0.6110518528	0.3889479858	0.0000001614
0	0.8466718477	0.1519682808	0.0013598715
