0	0.0285040190	0.4634114317	0.4943093142	0.0120340298	0.0017412054
0	0.0025055996	0.2596798347	0.0286077725	0.2045845828	0.5046222104
1	0.2531833960	0.2826924793	0.0176343370	0.2224016904	0.2240880973
0	0.0603786837	0.2152650482	0.0292361752	0.6946466270	0.0004734659
0	0.0000003649	0.7161145751	0.0000000053	0.2801835896	0.0037014651
0	0.0021994525	0.0754993924	0.0000007779	0.2782686756	0.6440317015
2	0.3604725220	0.5075342880	0.1020457074	0.0010610427	0.0288864398
1	0.3690431996	0.4234726127	0.0051505059	0.1894002714	0.0129334104
0	0.0126133796	0.1942238513	0.0488366916	0.7343249500	0.0100011275
0	0.2506354953	0.7271308965	0.0000000000	0.0191111360	0.0031224722
