1	0.0474655934	0.1703511863	0.7390100786	0.0001351803	0.0430379614
0	0.8776095578	0.0011836733	0.0003951462	0.1207318239	0.0000797988
0	0.4553018224	0.2428534230	0.0283632045	0.0626029951	0.2108785550
0	0.5762705278	0.0493971160	0.0000000007	0.3743291187	0.0000032368
0	0.0123208916	0.1705272665	0.0956542096	0.5836457572	0.1378518751
1	0.0000006601	0.1300332000	0.7993529329	0.0120515856	0.0585616214
0	0.1404140001	0.0000000014	0.0981023283	0.0828861771	0.6785974931
0	0.0004975144	0.0049126374	0.3169004298	0.1874577191	0.4902316992
1	0.0000892505	0.0255963891	0.1405960533	0.1650716288	0.6686466783
2	0.3162383003	0.1558143848	0.4166993747	0.1031580729	0.0080898673
