2	0.1436261822	0.3849886248	0.0000831340	0.3022585129	0.1690435461
1	0.0621432095	0.0431282147	0.4669467019	0.4277818739	0.0000000000
1	0.1125210523	0.0425278340	0.5644376937	0.0942666023	0.1862468177
0	0.3034057142	0.2379105703	0.2082344520	0.2503678464	0.0000814172
0	0.0000912782	0.0967165948	0.7358744600	0.1646750570	0.0026426099
0	0.0260471630	0.2497363365	0.0001277647	0.4790362314	0.2450525044
0	0.0651417112	0.0227724337	0.4675942302	0.0160743512	0.4284172737
1	0.1992048992	0.3553850525	0.3149274585	0.0050288439	0.1254537460
1	0.0593014571	0.0484601081	0.6051402239	0.0001374351	0.2869607759
0	0.2762943736	0.0472234269	0.3608575560	0.0042118543	0.3114127891
