0	0.4425762607	0.1907062690	0.2350529253	0.0231814730	0.1084830720
0	0.5542604927	0.3235426875	0.0190593234	0.0867931875	0.0163443089
0	0.1338241349	0.2806712906	0.5510503409	0.0329746261	0.0014796075
0	0.0000000000	0.3780860972	0.1567450485	0.0015620223	0.4636068321
0	0.0212799983	0.3528368155	0.2047190221	0.2816798990	0.1394842651
0	0.4610696416	0.0261798635	0.0000009886	0.0000393483	0.5127101581
1	0.0170158772	0.4974817035	0.0000333654	0.4429389862	0.0425300677
2	0.0430728291	0.0044528099	0.5638694112	0.3629035838	0.0257013659
1	0.0515430587	0.0076973190	0.2230618663	0.7005162584	0.0171814976
0	0.0828626371	0.0016437306	0.2713310119	0.1509049104	0.4932577099
