0	0.1319795710	0.7023382355	0.1050073317	0.0218440249	0.0388308369
0	0.3907128706	0.0578711939	0.2712059869	0.2232533907	0.0569565580
0	0.1634222994	0.1244471797	0.2125841395	0.0014790573	0.4980673241
0	0.1553725364	0.0000000000	0.2371895137	0.1691677364	0.4382702135
0	0.1474592907	0.6907632506	0.0013803247	0.0292165921	0.1311805418
1	0.0269428121	0.0519150776	0.0000003651	0.1425342004	0.7786075448
1	0.0712917257	0.0014238603	0.8351741708	0.0050756787	0.0870345645
0	0.4948703271	0.1120654158	0.3446311290	0.0003533914	0.0480797367
0	0.0868580363	0.1163004248	0.7672781352	0.0080775120	0.0214858917
2	0.0000000000	0.0415744046	0.0000748862	0.9583507092	0.0000000000
