0	0.0120308774	0.1250974694	0.1609411909	0.4778144582	0.2241160041
2	0.1849006792	0.0000000000	0.8069625828	0.0076924469	0.0004442912
1	0.0521476593	0.0004009438	0.9363532155	0.0110867700	0.0000114114
0	0.0355552407	0.0000001533	0.0906913827	0.0347957182	0.8389575052
0	0.4041867299	0.5598216680	0.0252395340	0.0045532178	0.0061988502
0	0.2743244794	0.0084166795	0.4531370320	0.0367982989	0.2273235103
0	0.0831151325	0.6483826179	0.1651388957	0.0004908850	0.1028724688
0	0.3603799975	0.5610931012	0.0027708032	0.0742596354	0.0014964627
1	0.6172562831	0.0293648813	0.2040918481	0.0757094742	0.0735775132
0	0.0575145208	0.1201581347	0.3139660635	0.4439875388	0.0643737421
