0	0.0912964761	0.1900329431	0.1529107680	0.0455340137	0.5202257991
0	0.1673258162	0.2928464856	0.0709681488	0.0000127191	0.4688468303
0	0.0817812773	0.8651536694	0.0013434057	0.0500662181	0.0016554296
1	0.4335227552	0.0280331658	0.0038240676	0.5189307315	0.0156892800
0	0.0205363716	0.0116367274	0.3962461582	0.4724447212	0.0991360216
0	0.0000620531	0.0036918666	0.0076193432	0.0165644001	0.9720623370
2	0.2880058259	0.0587309156	0.4112684645	0.2142639352	0.0277308589
0	0.0519620216	0.5150083264	0.0058049394	0.0041528517	0.4230718609
0	0.6248116745	0.0000066446	0.0229069367	0.0000586786	0.3522160656
0	0.0113722430	0.1116527377	0.0000008649	0.1040571859	0.7729169686
