1	0.6413112255	0.0051278718	0.3229120455	0.0000000000	0.0306488572
0	0.1713689052	0.0201816790	0.0428042982	0.0015785188	0.7640665988
0	0.1262940011	0.0209987481	0.8076151931	0.0005318953	0.0445601624
0	0.6317913321	0.0630193638	0.0000014425	0.2626133322	0.0425745294
0	0.0014280765	0.3641714892	0.3550279628	0.0168229209	0.2625495506
2	0.8515417638	0.0134469558	0.1024252234	0.0145977695	0.0179882876
1	0.8898640614	0.0199475202	0.0778726911	0.0037638078	0.0085519196
0	0.0380763522	0.0016470498	0.1637682941	0.1078738255	0.6886344784
0	0.0054539588	0.0163629526	0.9770557866	0.0000000000	0.0011273019
2	0.2474727777	0.6410013414	0.1045841693	0.0067340799	0.0002076316
