0	0.1317668250	0.0018537027	0.5212452446	0.3451261516	0.0000080761
0	0.0215623659	0.6529322113	0.1724289702	0.0659344666	0.0871419860
1	0.4681931659	0.0777974291	0.1338947995	0.0003140331	0.3198005724
2	0.3758776813	0.3663882013	0.1432621762	0.1143666100	0.0001053312
0	0.3739276898	0.1256064174	0.1520300619	0.3483941512	0.0000416797
0	0.2133967031	0.0898962566	0.0009433452	0.3105353539	0.3852283413
0	0.0002656930	0.0000000000	0.0902515303	0.0096952804	0.8997874963
0	0.0051295643	0.2359557970	0.0407449505	0.1465005584	0.5716691298
0	0.4372804577	0.0731959814	0.0000016612	0.4803479708	0.0091739288
0	0.0320908044	0.0000000000	0.1440293766	0.7066746335	0.1172051855
