1	0.0138570481	0.0315474791	0.0612119031	0.8933835697	0.0000000000
0	0.0907772881	0.3806231592	0.1024776465	0.2241128793	0.2020090269
0	0.0044811245	0.9729483901	0.0040420978	0.0167234069	0.0018049807
2	0.4491270967	0.0053546448	0.3851207056	0.1603674427	0.0000301101
1	0.3393468574	0.0147074718	0.2601935199	0.3857426359	0.0000095150
0	0.0546967390	0.6031704129	0.2050377356	0.0000000085	0.1370951040
0	0.0000455175	0.3204666428	0.0741243719	0.2992124477	0.3061510202
0	0.0113712537	0.0178494833	0.6540168718	0.2087892320	0.1079731591
1	0.0214833862	0.3105804083	0.6566135309	0.0108033509	0.0005193237
0	0.9142400078	0.0044907189	0.0000000000	0.0078107847	0.0734584886
