0	0.0000000000	0.6357774930	0.3016110959	0.0042701038	0.0583413072
0	0.0022858532	0.0007173062	0.7210663153	0.2628623382	0.0130681871
0	0.2742202527	0.0169405363	0.7033557758	0.0054376233	0.0000458119
0	0.0000000130	0.0743416736	0.6710870613	0.2483199070	0.0062513452
0	0.0000000000	0.0031349009	0.7685118887	0.0544758438	0.1738773666
0	0.0445814026	0.1012838341	0.2835467161	0.1598422476	0.4107457997
0	0.0505790029	0.7718287391	0.1083837535	0.0000022917	0.0692062128
0	0.0000000000	0.0000329675	0.2595234498	0.0177232216	0.7227203610
0	0.0076731902	0.0002651621	0.1975214645	0.3059987521	0.4885414311
0	0.0273317734	0.0177352952	0.2369062820	0.5521615490	0.1658651003
0	0.0031448890	0.0018839945	0.2172703179	0.7402624571	0.0374383414
0	0.3053471741	0.6842941261	0.0026254305	0.0077167792	0.0000164900
0	0.0002082819	0.3856135520	0.4699066135	0.0443546290	0.0999169236
0	0.0002620670	0.2289205531	0.5938318654	0.0000041921	0.1769813224
0	0.0266474875	0.0000651987	0.4847107486	0.0036447446	0.4849318206
0	0.0090278995	0.4610007986	0.0584816694	0.2091462340	0.2623433985
0	0.0306031928	0.0619765758	0.8579369498	0.0491196886	0.0003635929
0	0.0000023887	0.1998215079	0.0086163057	0.0047160749	0.7868437229
0	0.0342591719	0.0708918888	0.2159874475	0.0401820152	0.6386794767
0	0.1490103179	0.0021849806	0.8469738627	0.0018308079	0.0000000309
0	0.0000005785	0.5966132218	0.0663336889	0.0900199709	0.2470325399
1	0.0262334132	0.0000001196	0.2539224960	0.3032580424	0.4165859288
0	0.0000000000	0.4019648978	0.1044528062	0.1858908917	0.3076914044
0	0.0000001486	0.2244657959	0.4851846366	0.0074439796	0.2829054394
1	0.0000407419	0.0114139881	0.5000960420	0.0479364036	0.4405128245
0	0.2836548143	0.0335453202	0.0388467504	0.3597848339	0.2841682812
0	0.0000000001	0.3424794592	0.0793800605	0.4991057485	0.0790347317
0	0.0015495543	0.7524642749	0.1578878441	0.0212466862	0.0668516405
0	0.5025163741	0.0195884075	0.1344672486	0.0751152408	0.2683127291
0	0.0000000000	0.0025020307	0.0591758719	0.8131138754	0.1252082220
1	0.0000000000	0.2797220661	0.1969327552	0.1788273259	0.3445178529
0	0.2752442736	0.0941288096	0.1920162944	0.3433210355	0.0952895868
0	0.0100744582	0.0990809290	0.0457217187	0.5843200194	0.2608028747
0	0.0511970923	0.0844724952	0.0097015676	0.3702954449	0.4843333999
0	0.0209794313	0.1181266653	0.0060364879	0.4248119807	0.4300454349
0	0.0021358232	0.3532780320	0.0803029799	0.0024452936	0.5618378714
0	0.0092381541	0.3722363945	0.2386770599	0.3775808334	0.0022675581
0	0.4844622570	0.2087398213	0.1637204669	0.1273850273	0.0156924276
0	0.0546681785	0.2044611388	0.0965282532	0.6157696756	0.0285727539
1	0.0000425907	0.3078090312	0.0140313918	0.3755131396	0.3026038468
0	0.0235249316	0.3774009863	0.3522056040	0.0485059116	0.1983625665
0	0.2330280894	0.2601964153	0.4571238007	0.0087029792	0.0409487154
0	0.0299044167	0.0000000000	0.8075661965	0.0060219606	0.1565074262
0	0.0040998158	0.0107377424	0.0012436040	0.0256807443	0.9582380935
0	0.0007295710	0.0578383323	0.3247119052	0.5203443865	0.0963758050
0	0.0035819103	0.2766993489	0.0162386272	0.7033612230	0.0001188905
0	0.0049783204	0.0035352394	0.8380147884	0.1495428303	0.0039288215
0	0.0000000076	0.0000000000	0.6926689454	0.0656181729	0.2417128741
0	0.0084019700	0.8282541583	0.1269235165	0.0248104161	0.0116099391
0	0.0116420595	0.5790570578	0.3679436352	0.0409447602	0.0004124873
0	0.4678593272	0.0167862896	0.0049857817	0.3257545705	0.1846140310
0	0.0038781785	0.0117754838	0.0620071020	0.7643521123	0.1579871234
0	0.0000000470	0.0000000000	0.6030658723	0.0039738477	0.3929602330
0	0.0000301822	0.9021005207	0.0428656425	0.0007270726	0.0542765819
0	0.0721501484	0.6479961834	0.2351382780	0.0135203408	0.0311950495
1	0.0000234873	0.0000013582	0.0424287121	0.3465619649	0.6109844776
0	0.0000000000	0.0014000976	0.0000000000	0.2126119387	0.7859879638
0	0.0000057089	0.5932318825	0.3724316036	0.0343308048	0.0000000002
0	0.0387297598	0.1755839864	0.4790419493	0.1652697560	0.1413745485
0	0.0215118848	0.0635014848	0.8165531780	0.0000037040	0.0984297483
0	0.0000000019	0.0970763186	0.0338785671	0.7054749756	0.1635701368
0	0.0000000692	0.0151127445	0.0226990024	0.0114582726	0.9507299114
0	0.0004476546	0.8879799678	0.0000056945	0.0209070587	0.0906596244
1	0.1469577469	0.0481462213	0.3971155395	0.0005845010	0.4071959913
0	0.0001082809	0.0000377004	0.9739746571	0.0222078621	0.0036714995
2	0.0000000623	0.2097043522	0.0329664917	0.6396343680	0.1176947259
0	0.0053179620	0.2914514331	0.0700432153	0.3291577980	0.3040295916
0	0.0116488844	0.2986413282	0.2685594219	0.3323607072	0.0887896583
0	0.0016560563	0.0005497000	0.0924352789	0.9020986735	0.0032602914
0	0.0026508838	0.0161873004	0.2503938216	0.2664134441	0.4643545501
0	0.0334688941	0.7316649132	0.0064943558	0.0000000001	0.2283718368
0	0.0002695210	0.0636150383	0.2866236686	0.2280806132	0.4214111589
0	0.0198089795	0.4620718966	0.0113145418	0.3966661784	0.1101384036
0	0.2603259143	0.5391538689	0.0062207508	0.0251100720	0.1691893940
0	0.0016677086	0.0105084326	0.0055595431	0.8678526415	0.1144116742
0	0.0000000000	0.0032218667	0.9450531644	0.0517249689	0.0000000000
0	0.0030078927	0.0300195581	0.0031886787	0.0125254532	0.9512584173
0	0.5799625608	0.1549765270	0.0106644138	0.1999895304	0.0544069680
0	0.0605213263	0.0079678158	0.1298569446	0.0073976005	0.7942563128
0	0.0432890760	0.2046181099	0.0061718144	0.4871002500	0.2588207497
0	0.0403261666	0.0061391502	0.3289671905	0.3552095574	0.2693579352
1	0.0008643330	0.2905191896	0.4268945929	0.0507689404	0.2309529441
0	0.0597828941	0.1659254460	0.6563491015	0.0003560566	0.1175865018
0	0.0000006925	0.1461453296	0.4243415320	0.2943423845	0.1351700614
0	0.0000097454	0.3523788660	0.6361432231	0.0042827767	0.0071853888
0	0.0000000000	0.8313619185	0.1481319049	0.0141615273	0.0063446493
0	0.0031929028	0.4618716011	0.0410185058	0.4433103682	0.0506066221
0	0.2437810308	0.0112324298	0.1507820289	0.5924774638	0.0017270467
0	0.0105768898	0.7647915804	0.0552464924	0.1094397070	0.0599453305
0	0.0186668478	0.0988938804	0.8778580087	0.0035650757	0.0010161874
0	0.0407439486	0.0024906527	0.0007208721	0.0121729132	0.9438716135
0	0.0000001939	0.0003877098	0.7359024216	0.0042679745	0.2594417002
1	0.0002816694	0.0351036761	0.0000000681	0.0008079849	0.9638066015
0	0.0378741416	0.6794166985	0.2727648410	0.0038891308	0.0060551881
0	0.0169961816	0.1239639115	0.7323753010	0.0052708355	0.1213937704
0	0.0755869892	0.0000078474	0.3833608442	0.4545325117	0.0865118075
0	0.0210830740	0.0573112279	0.0000000000	0.9050029243	0.0166027738
0	0.2907362243	0.0282480049	0.2584551383	0.0230946596	0.3994659729
0	0.0080055157	0.1281110159	0.7032998386	0.1466085314	0.0139750983
0	0.0000000000	0.0320814616	0.6026886351	0.0000000001	0.3652299032
