0	0.0014866246	0.1566838798	0.4376444921	0.1051067379	0.2990782655
0	0.0397284178	0.0148359799	0.2033162474	0.7419951546	0.0001242003
0	0.0457612097	0.4804674046	0.0063418679	0.0031976735	0.4642318443
0	0.1314649853	0.0017243574	0.4057801894	0.4186154291	0.0424150387
0	0.0000000000	0.0323614386	0.0052621543	0.9560962808	0.0062801263
0	0.0000362847	0.2546543805	0.2365957008	0.4548232719	0.0538903622
0	0.1597876413	0.0449137042	0.2906872964	0.3199233807	0.1846879773
0	0.0783098106	0.0045458914	0.0913127750	0.3698205026	0.4560110204
0	0.0266697638	0.0001092509	0.2173213859	0.0060144847	0.7498851147
2	0.0090013448	0.0868988307	0.0153005071	0.1441564390	0.7446428784
0	0.0000001093	0.2811188111	0.1062913032	0.4769568464	0.1356329301
0	0.2900421097	0.0686420124	0.4922574337	0.1422891177	0.0067693265
0	0.1601636645	0.0763236559	0.3969416149	0.0284310902	0.3381399745
0	0.0025855294	0.0278370420	0.7822692457	0.1359916227	0.0513165602
0	0.0009801904	0.0159035590	0.9608822213	0.0219716507	0.0002623787
0	0.0157990897	0.4273764447	0.2713884495	0.0823295985	0.2031064176
0	0.0351734329	0.1775427041	0.5337154086	0.0067670890	0.2468013654
0	0.0385008217	0.1382074344	0.4599100970	0.0060490179	0.3573326290
0	0.0480303713	0.1609747789	0.0822441770	0.6879420171	0.0208086557
0	0.0199633039	0.4680759479	0.2795756739	0.1515310544	0.0808540200
0	0.2833683318	0.1166204838	0.0498880631	0.0261340843	0.5239890370
0	0.0820642178	0.1485539613	0.4123328113	0.0581361621	0.2989128475
0	0.0216223625	0.2461477101	0.0011219907	0.2818208713	0.4492870654
0	0.0000001770	0.3158236096	0.5841204608	0.0244756461	0.0755801065
0	0.0000600503	0.1221295705	0.6110880608	0.2500156363	0.0167066822
0	0.6760198914	0.0178257845	0.0927496117	0.1959949332	0.0174097792
0	0.0333208892	0.0462209569	0.1153545393	0.6130160451	0.1920875695
0	0.0384753903	0.0972566471	0.5729895476	0.2840633717	0.0072150433
0	0.0320678166	0.0000000182	0.3492454384	0.4155926066	0.2030941202
0	0.0018367850	0.4396566478	0.0249467499	0.4862680664	0.0472917508
1	0.0092949623	0.1705220469	0.2417165069	0.4689402179	0.1095262660
0	0.0133981048	0.6249602815	0.0003564216	0.0000000015	0.3612851905
0	0.0000080884	0.3022172730	0.2989497755	0.3967302550	0.0020946080
0	0.0000000000	0.3703869473	0.0276224773	0.0445394131	0.5574511623
1	0.0348795691	0.1471238614	0.1693055590	0.2735003735	0.3751906370
0	0.0118907680	0.1436516739	0.0291553181	0.5936314935	0.2216707465
0	0.1442569483	0.0002562225	0.8554866029	0.0000000000	0.0000002262
0	0.0003054094	0.2162935401	0.0912314795	0.0051827326	0.6869868384
0	0.1654807509	0.1847973230	0.0643126200	0.2631541450	0.3222551612
0	0.1036640685	0.1114697246	0.1907628561	0.3750714064	0.2190319444
0	0.0002836622	0.4909038894	0.0992401555	0.0026798034	0.4068924896
0	0.0015999353	0.4099298135	0.2609083064	0.3245859638	0.0029759810
1	0.0250014417	0.3543968089	0.1840686528	0.4355473615	0.0009857350
0	0.0500895862	0.0506701146	0.3229867144	0.5395810409	0.0366725440
0	0.3817350929	0.4913660975	0.0000116622	0.1267027326	0.0001844147
0	0.0030676974	0.0000000000	0.2626544803	0.1604360710	0.5738417513
0	0.0245451837	0.2937614236	0.3140138904	0.0817482130	0.2859312893
0	0.0316753456	0.3683491093	0.4885508847	0.1046751090	0.0067495514
0	0.0001354565	0.0671982677	0.1876934107	0.6397934152	0.1051794499
0	0.0225263871	0.6752906193	0.0144696143	0.1848005328	0.1029128465
0	0.0000000000	0.5474707624	0.0048127723	0.0000088307	0.4477076346
2	0.0007386338	0.1365231224	0.0004552101	0.6254378380	0.2368451957
0	0.0725635104	0.5951005584	0.1783532417	0.0421538433	0.1118288463
1	0.0250263683	0.2087336103	0.5438620621	0.0045231873	0.2178547721
0	0.0000000815	0.0041453314	0.0089909064	0.0377520379	0.9491116428
0	0.0146118874	0.0000000434	0.8321830922	0.1522054173	0.0009995597
0	0.0613024682	0.7782076869	0.0166078062	0.0140053748	0.1298766639
0	0.0000000502	0.0009823190	0.8262438048	0.1194736685	0.0533001575
1	0.0000065288	0.5008632888	0.1079401746	0.3356648178	0.0555251899
0	0.0782612557	0.0045758651	0.1636029733	0.6464275940	0.1071323118
1	0.0842026538	0.0000001856	0.1842829075	0.7290416244	0.0024726287
0	0.0179961477	0.0230666870	0.1962638715	0.3514230270	0.4112502669
0	0.0132882485	0.0386916596	0.5342161260	0.3744225870	0.0393813789
0	0.0348845606	0.3711476614	0.0655735047	0.0334012057	0.4949930676
0	0.0353212146	0.4843106058	0.0021909242	0.4772466563	0.0009305990
0	0.0025964370	0.0194162374	0.4959684741	0.2865019186	0.1955169330
0	0.1291544037	0.1162445970	0.3633429775	0.3912557138	0.0000023080
0	0.0039323047	0.2317336866	0.4728590924	0.1835261849	0.1079487313
1	0.1591110258	0.0000000000	0.2784356820	0.5623941106	0.0000591817
0	0.0065207129	0.7547990119	0.0288630493	0.1925559216	0.0172613042
0	0.0002741868	0.0736765197	0.0043670888	0.0000000993	0.9216821054
0	0.0355728511	0.3626328372	0.2083414508	0.3811922712	0.0122605896
0	0.0228085707	0.0000000425	0.1234986332	0.6633115460	0.1903812076
0	0.0002755338	0.6115434223	0.0791792221	0.3035541167	0.0054477051
0	0.0000013665	0.0000090466	0.5769749606	0.1509559968	0.2720586295
0	0.0032508490	0.0100415347	0.4445059564	0.2330063795	0.3091952804
0	0.0000146018	0.0485244114	0.0018491592	0.5461334902	0.4034783374
0	0.0000001670	0.8830725638	0.0000471825	0.0450605074	0.0718195793
0	0.0287194249	0.0829723729	0.1822096661	0.6020490716	0.1040494645
0	0.0000011909	0.0012101274	0.9378948696	0.0603046518	0.0005891603
0	0.0000000000	0.2649447890	0.6465494211	0.0869685192	0.0015372707
0	0.0492587771	0.0191586200	0.1393307777	0.7493370251	0.0429148000
0	0.5855792869	0.1086807263	0.1675123790	0.1365240855	0.0017035224
1	0.0099578767	0.2169809642	0.7674118148	0.0021500246	0.0034993196
0	0.5269229941	0.0024608570	0.0484871154	0.3398172980	0.0823117355
0	0.1955684575	0.1095222548	0.0404534436	0.5382120046	0.1162438395
0	0.0206776525	0.3777916949	0.3042216726	0.0676263732	0.2296826068
0	0.0749688887	0.0563001653	0.8035205899	0.0644932587	0.0007170974
0	0.0150676385	0.1051245502	0.4306346322	0.0459642198	0.4032089592
0	0.6585059278	0.1536886324	0.0146306090	0.0006683287	0.1725065021
0	0.0086729731	0.4976950618	0.0110917908	0.2745296708	0.2080105034
0	0.0022362860	0.0107979093	0.0000000104	0.2859967232	0.7009690712
0	0.0000651808	0.6591983900	0.0378621700	0.0158049319	0.2870693273
0	0.0780432652	0.1038199096	0.0045752705	0.6863317209	0.1272298336
0	0.0097160098	0.0267263825	0.0802023267	0.5731166575	0.3102386235
0	0.0000000721	0.3199597425	0.2092839944	0.0000000000	0.4707561910
1	0.2111477907	0.0981533682	0.0082337770	0.3060159096	0.3764491545
0	0.0082828895	0.3530797809	0.3586966139	0.2799240331	0.0000166827
0	0.0017141155	0.0003321439	0.1595001888	0.2907900093	0.5476635425
0	0.0291704129	0.3321899534	0.0865884111	0.0007091663	0.5513420563
