0	0.0039713880	0.1190214411	0.8406933161	0.0000254328	0.0362884220
0	0.0074534729	0.9815675291	0.0011353510	0.0097271894	0.0001164575
0	0.0000000573	0.1676358701	0.2041704997	0.4764135056	0.1517800672
0	0.0000133541	0.9730965558	0.0131082920	0.0091756752	0.0046061228
0	0.0189549991	0.1444175365	0.0172987939	0.6488741544	0.1704545161
0	0.0009173430	0.4646268764	0.0069793551	0.5241315130	0.0033449125
0	0.0082663270	0.0023185532	0.0503226508	0.0244025921	0.9146898768
0	0.0583983892	0.0001088439	0.0006890278	0.8609220225	0.0798817166
0	0.0000015591	0.0885939111	0.7761623961	0.1178256816	0.0174164521
0	0.0000000006	0.5029320711	0.3567958010	0.0827081677	0.0575639597
0	0.0028011034	0.1122222547	0.8423408297	0.0200091235	0.0226266887
0	0.0000000461	0.0270233382	0.0001437596	0.0030375157	0.9697953404
0	0.0179617230	0.0006418128	0.0853448978	0.6155698855	0.2804816808
0	0.0568824203	0.0331951953	0.0143884705	0.7150602605	0.1804736533
0	0.0004828541	0.2047114435	0.7781530803	0.0040797133	0.0125729087
0	0.0207633775	0.4484929993	0.0094944505	0.2152349771	0.3060141956
0	0.0151067403	0.0266866602	0.2247527216	0.6985724612	0.0348814168
0	0.0507084802	0.0150133021	0.7354811294	0.1987970880	0.0000000002
0	0.0005344866	0.0151987494	0.9700089725	0.0123193286	0.0019384629
0	0.0245860024	0.4998013189	0.0060030547	0.4696028233	0.0000068007
0	0.0714067251	0.0000860613	0.1425357881	0.5414277325	0.2445436930
0	0.0019177379	0.3666471101	0.3976235389	0.2178471943	0.0159644188
1	0.0000000000	0.1733857467	0.0011011590	0.1074451292	0.7180679652
0	0.0000000003	0.1482409520	0.5205039439	0.1895337334	0.1417213704
0	0.5331633883	0.2175745991	0.2431228404	0.0059675392	0.0001716330
1	0.0033278727	0.7866307825	0.1227122450	0.0826824304	0.0046466693
1	0.0000000018	0.0346151215	0.5065025412	0.4538507026	0.0050316329
0	0.0000039162	0.6916944799	0.2001697287	0.0740242913	0.0341075839
0	0.0288164472	0.1191001105	0.0010296729	0.8378454264	0.0132083429
0	0.3971677143	0.0000000003	0.3043388271	0.0333347903	0.2651586680
0	0.0473934054	0.1698238470	0.0077562926	0.1241643634	0.6508620917
1	0.0000000042	0.0000044723	0.0081011012	0.0036725615	0.9882218607
0	0.0097452270	0.0029244011	0.7416886589	0.1838505694	0.0617911437
0	0.0484665129	0.0000695874	0.9506595338	0.0008026793	0.0000016867
0	0.1371105391	0.4107996351	0.0497776162	0.2072739027	0.1950383070
0	0.1091824143	0.0490427554	0.0138682098	0.7088200018	0.1190866187
0	0.0024331121	0.4043864295	0.2576200937	0.0201432454	0.3154171192
0	0.0747425999	0.5246721351	0.0878231684	0.0625068976	0.2502551989
0	0.0789769386	0.3183416972	0.0349475197	0.2177504790	0.3499833655
0	0.1185315380	0.3814535675	0.1143044479	0.3417660535	0.0439443931
0	0.0000005449	0.0288354973	0.1913157413	0.7644687117	0.0153795048
0	0.0072597472	0.1015950953	0.0354144381	0.0010692644	0.8546614551
0	0.0096347629	0.1022608043	0.5963079100	0.0751436387	0.2166528841
1	0.0001730887	0.0425475586	0.5639069377	0.3921276991	0.0012447159
0	0.0565371761	0.1600250341	0.0297760000	0.3453654279	0.4082963619
0	0.0198602700	0.8426770005	0.0091981384	0.1279509080	0.0003136831
0	0.0012556536	0.0503757890	0.1364250156	0.0417440574	0.7701994844
0	0.0000037736	0.0000613250	0.7610620381	0.1288737138	0.1099991495
0	0.5698954051	0.2787385269	0.1489315883	0.0002172873	0.0022171925
0	0.1990023883	0.0286929748	0.6122689442	0.0011516717	0.1588840210
0	0.1601732069	0.5686498347	0.1773991899	0.0799198791	0.0138578895
0	0.0638019132	0.3009896612	0.6189926986	0.0162118577	0.0000038693
0	0.1274957729	0.5117036597	0.0121848090	0.2404267061	0.1081890524
0	0.0004538058	0.7920191598	0.0285876192	0.0277735911	0.1511658242
0	0.0000000000	0.1225316028	0.4737285780	0.4037398161	0.0000000031
0	0.0000000024	0.4727209019	0.0450975514	0.4819968427	0.0001847016
0	0.4448856104	0.3433308486	0.2104529935	0.0003422504	0.0009882971
0	0.3379723633	0.1082796060	0.0045722435	0.4466138151	0.1025619722
0	0.0066277320	0.9633803678	0.0144029855	0.0040111825	0.0115777322
0	0.0032763805	0.4982693812	0.3521638372	0.0992632602	0.0470271408
0	0.0029932373	0.6875527991	0.2511792413	0.0014649841	0.0568097381
0	0.0000022656	0.4322109656	0.3300233373	0.0045132527	0.2332501788
0	0.0000000083	0.1511003535	0.0866405018	0.7592624024	0.0029967340
0	0.3152956138	0.0019608924	0.4220145103	0.0410477467	0.2196812368
0	0.0001627834	0.0000180845	0.0420206453	0.7592951823	0.1985033045
0	0.0000000000	0.0087330117	0.0617727725	0.9294899672	0.0000042485
0	0.0511859624	0.0642408058	0.7889299014	0.0952727087	0.0003706216
0	0.0066634052	0.7520443157	0.1291705724	0.1062622735	0.0058594332
0	0.0747780018	0.8139097372	0.0234329906	0.0873365822	0.0005426882
0	0.0236482710	0.0796407021	0.0058180083	0.8839225522	0.0069704664
0	0.1407050600	0.4666406000	0.0808350554	0.3066359723	0.0051833123
0	0.8635368012	0.0000416174	0.1310003497	0.0019770200	0.0034442117
0	0.0069393224	0.3907329100	0.1703504076	0.1540050211	0.2779723389
2	0.1103219328	0.5146864500	0.1768920873	0.1472439826	0.0508555474
1	0.0014663449	0.0973193373	0.5607727479	0.2896466907	0.0507948792
0	0.0431163850	0.3639036554	0.0286739497	0.2596881197	0.3046178903
0	0.0630747823	0.5666959697	0.0377641401	0.2970327929	0.0354323150
0	0.3184951976	0.0007630167	0.0063694228	0.6217367174	0.0526356455
0	0.0001354670	0.0307633454	0.0064525098	0.2435600630	0.7190886148
0	0.1069694557	0.0000000438	0.0235484873	0.8240291740	0.0454528392
0	0.0000000000	0.1726711526	0.2071282799	0.3304796281	0.2897209394
0	0.0000000000	0.2399564017	0.4471865546	0.2699383306	0.0429187131
0	0.1075220498	0.2326672382	0.1121710455	0.1260181120	0.4216215546
0	0.0459040817	0.3027136659	0.1745385441	0.0000639987	0.4767797096
1	0.0000000000	0.1068507605	0.6266956559	0.0047016973	0.2617518863
0	0.0062798654	0.1046757617	0.5591101430	0.1509597333	0.1789744966
0	0.0003557721	0.4728297280	0.0733089891	0.4535055107	0.0000000000
0	0.0000071129	0.0084661661	0.8622602802	0.0105260286	0.1187404123
0	0.0000801846	0.5920412744	0.1418215811	0.0060811141	0.2599758458
0	0.0975005179	0.6155082509	0.1086212275	0.1782248486	0.0001451552
0	0.0613504227	0.0359658274	0.5965041138	0.0000621902	0.3061174459
1	0.0002108650	0.2188609971	0.5672254073	0.0739880836	0.1397146470
0	0.0000348037	0.0331378700	0.9118956166	0.0549316952	0.0000000145
0	0.0000000000	0.0219758670	0.2096469410	0.5210866680	0.2472905240
0	0.4229781831	0.0003914474	0.2961921952	0.0093385791	0.2710995953
0	0.0000235346	0.0682590879	0.6002716691	0.1850221151	0.1464235934
0	0.0179167345	0.0027080080	0.9112290614	0.0068992215	0.0612469745
0	0.0308901647	0.0031367732	0.4103873809	0.5555585280	0.0000271532
0	0.0427235172	0.2006433606	0.4818199293	0.2696519838	0.0051612091
0	0.0323741057	0.8324736317	0.0739456685	0.0423487884	0.0188578057
