0	0.0052804500	0.0551048376	0.0394103376	0.8278462185	0.0723581563
0	0.0527537336	0.0540940908	0.6379035100	0.2502432587	0.0050054069
0	0.0002191800	0.0658922130	0.9038009856	0.0139205265	0.0161670949
0	0.0000000000	0.0006430528	0.0055699960	0.9188915279	0.0748954233
0	0.0270605390	0.0414337815	0.0000586494	0.5197348244	0.4117122057
0	0.0696244617	0.0462642293	0.3987699283	0.4843329035	0.0010084771
0	0.0003840641	0.8838459248	0.0103370261	0.1054329285	0.0000000565
0	0.1495343272	0.0000610422	0.5617212769	0.2753564633	0.0133268903
0	0.0001551550	0.3682506016	0.0073172617	0.5646929802	0.0595840016
0	0.0084998129	0.8340578744	0.0100720781	0.0072048866	0.1401653479
0	0.0000000290	0.0869416623	0.8989643571	0.0028112652	0.0112826864
0	0.0000200879	0.0000307109	0.0570885757	0.9424715071	0.0003891184
0	0.0037871727	0.3903055204	0.0054284813	0.4232242028	0.1772546228
0	0.0000041218	0.5629951487	0.0384630067	0.3740580358	0.0244796870
0	0.0287610888	0.0590572295	0.0017059282	0.5642919556	0.3461837979
0	0.0000150222	0.4647746803	0.4108191778	0.1002379899	0.0241531297
0	0.0000050465	0.0000000677	0.2795763737	0.2956340438	0.4247844683
0	0.0107675103	0.1826270396	0.0103662346	0.0128362509	0.7834029647
0	0.0000000014	0.0171155986	0.8965528066	0.0000000511	0.0863315423
0	0.2718688216	0.4024975312	0.2308254722	0.0724485535	0.0223596214
0	0.0097891647	0.1240475472	0.3424465679	0.5161472892	0.0075694310
0	0.0020139794	0.8865534132	0.0973351704	0.0015269310	0.0125705059
0	0.0000000000	0.0001170626	0.8920433248	0.0729784725	0.0348611401
0	0.1952296088	0.0028919146	0.3556672960	0.3894701754	0.0567410053
0	0.0216678866	0.4599129376	0.0691380212	0.4178744792	0.0314066754
0	0.0045664954	0.8365759355	0.1586299747	0.0002264481	0.0000011463
0	0.0000000000	0.0101588658	0.0172120579	0.0213315424	0.9512975339
0	0.3486325117	0.1011380739	0.1732182946	0.1104613080	0.2665498118
0	0.1775086620	0.2409664568	0.0458766675	0.5353560929	0.0002921208
0	0.0093416619	0.0008856659	0.1807909436	0.5805576447	0.2284240839
0	0.0000002507	0.0062789626	0.3838322727	0.6098512186	0.0000372954
0	0.0238663867	0.7417511348	0.0775415445	0.0999379255	0.0569030086
0	0.2996793820	0.2261744871	0.0004482586	0.0006092949	0.4730885773
0	0.0311470881	0.0000009899	0.6568476819	0.2005732659	0.1114309742
0	0.0814739237	0.1000037607	0.0331518026	0.4908643664	0.2945061466
0	0.0033967822	0.0052355169	0.5975817192	0.1986072171	0.1951787646
0	0.0000000000	0.0313255510	0.0735450109	0.5177767403	0.3773526977
0	0.0005857263	0.3123595463	0.4483533061	0.1224138333	0.1162875880
0	0.0010131040	0.0001360345	0.0067477097	0.1393014754	0.8528016765
0	0.0000000000	0.0211544963	0.0000000121	0.1932742402	0.7855712514
1	0.0748954371	0.0051184696	0.1569271967	0.7630588966	0.0000000000
0	0.2940282933	0.0007435856	0.3316197608	0.3736051459	0.0000032144
0	0.0001272335	0.8530466898	0.0293089361	0.0176345275	0.0998826131
0	0.0013890003	0.9943970070	0.0000000109	0.0040475652	0.0001664166
0	0.3243688707	0.5682291783	0.0025923969	0.0521891227	0.0526204313
0	0.0036493603	0.1299169455	0.3859314644	0.4668200648	0.0136821650
0	0.0054907738	0.3833927965	0.1483940567	0.3181629006	0.1445594723
0	0.3803031302	0.1167772566	0.4932408208	0.0003645894	0.0093142030
0	0.1437736785	0.0001426582	0.1291544897	0.4928931561	0.2340360175
0	0.0152257160	0.0425991643	0.1802528171	0.5853102825	0.1766120201
0	0.2559119736	0.0008337505	0.6731996331	0.0613639584	0.0086906844
0	0.0000702610	0.0000566771	0.9533687893	0.0385459817	0.0079582909
0	0.1061903788	0.0076993248	0.2610179721	0.2192361961	0.4058561282
1	0.0282806932	0.1911257545	0.5025557457	0.0147692878	0.2632685187
0	0.0332965819	0.0016766009	0.4887334539	0.0845870502	0.3917063130
0	0.0319050662	0.4391285214	0.2472506312	0.0012878276	0.2804279536
1	0.0556328095	0.0000020325	0.3793738552	0.2895150200	0.2754762827
0	0.0000000000	0.2090653030	0.0939882413	0.5431175501	0.1538289055
0	0.0195666386	0.0194467290	0.5538873635	0.0696957757	0.3374034932
0	0.2484769346	0.2217864781	0.2522889845	0.0087921392	0.2686554635
0	0.0873440509	0.0000001796	0.0046258763	0.3366791531	0.5713507402
0	0.0366710552	0.3006826805	0.5975453318	0.0095729207	0.0555280118
1	0.0346357380	0.7160190221	0.2087336023	0.0398455104	0.0007661272
1	0.1371431814	0.0925607757	0.2901266539	0.0618596512	0.4183097378
0	0.1672696103	0.1077460667	0.4891350626	0.2345960062	0.0012532542
1	0.0391351353	0.0646463970	0.0689255443	0.0795014661	0.7477914573
0	0.0015321537	0.1090074263	0.7160584220	0.1274935748	0.0459084232
0	0.0872100697	0.4544950448	0.0118297275	0.4343064524	0.0121587056
0	0.0021143909	0.3525971660	0.0002053698	0.6450551510	0.0000279224
0	0.0113523100	0.7833029759	0.0579723867	0.0817493252	0.0656230022
0	0.0000191209	0.0022975753	0.2194045541	0.1972762511	0.5810024985
0	0.0911443390	0.3175921205	0.3460093204	0.1491269486	0.0961272716
0	0.1506797402	0.0667032939	0.1914230268	0.2386691340	0.3525248051
0	0.0150379191	0.0854170286	0.0194526861	0.4590150552	0.4210773109
0	0.0022871991	0.5238574500	0.0249844688	0.3527539278	0.0961169543
0	0.0094056592	0.1090762721	0.7447480457	0.0101575405	0.1266124824
0	0.5435076910	0.0000000000	0.4416603066	0.0144667952	0.0003652072
0	0.0449458317	0.0023040381	0.1692146498	0.1301358714	0.6533996091
1	0.1369800386	0.7411799042	0.0032260113	0.0130637568	0.1055502891
0	0.0612799998	0.9099632089	0.0000000000	0.0258430336	0.0029137577
0	0.1314678274	0.0000000013	0.4474468785	0.2625508807	0.1585344121
1	0.0000188584	0.7464081179	0.1903785881	0.0339008195	0.0292936160
0	0.0000000000	0.0073350078	0.0794804675	0.8849397924	0.0282447323
0	0.0000376690	0.0152325850	0.0000000663	0.9783910730	0.0063386067
0	0.2556626470	0.1742509900	0.0015393570	0.1780518482	0.3904951577
0	0.0000000406	0.1136440442	0.2028226130	0.3095548672	0.3739784350
0	0.0271248410	0.7977763235	0.1135381461	0.0376708485	0.0238898409
0	0.0000000355	0.0473920432	0.9356863655	0.0018566125	0.0150649434
0	0.0010356559	0.0320301228	0.6542444669	0.1035263691	0.2091633852
0	0.0126060601	0.0000135999	0.9654963484	0.0211374405	0.0007465512
0	0.0000000000	0.8906121348	0.0244569368	0.0848916046	0.0000393238
0	0.0001540484	0.9218756954	0.0130669316	0.0268601306	0.0380431940
2	0.0158395021	0.5724943645	0.3913034201	0.0003166125	0.0200461008
0	0.0121487797	0.0068017086	0.9798491070	0.0000552934	0.0011451112
0	0.0020642597	0.0000039919	0.9249674249	0.0661435739	0.0068207495
0	0.0000000000	0.0413212160	0.9357107533	0.0000002613	0.0229677693
0	0.0070565989	0.0957227023	0.6163591384	0.2214563456	0.0594052148
0	0.3164634434	0.0053148419	0.1799234683	0.4982982463	0.0000000000
0	0.1231034033	0.4146317670	0.3234390545	0.1384080080	0.0004177672
0	0.0027798014	0.1178019025	0.8773078354	0.0013189522	0.0007915084
