0	0.0289537164	0.0578393073	0.3445951761	0.1927246952	0.3758871050
2	0.0098643296	0.1111121842	0.6452759085	0.2167059915	0.0170415862
1	0.1212712345	0.1566320242	0.0296373184	0.6894838230	0.0029755998
1	0.0011511375	0.1166848490	0.8138550410	0.0632026598	0.0051063128
0	0.0000000001	0.5110960440	0.0645774715	0.4177347498	0.0065917347
0	0.0429285995	0.0178865950	0.1864626318	0.3396813005	0.4130408732
0	0.0809898951	0.0646678144	0.0008285262	0.6435972514	0.2099165128
0	0.0014458006	0.2628419225	0.0141655513	0.0007336964	0.7208130291
0	0.1133871496	0.0029786069	0.0619723928	0.8172272244	0.0044346263
0	0.0000000000	0.0020777630	0.0000000005	0.3844473146	0.6134749219
0	0.2003246326	0.0230728226	0.1909327826	0.0905320091	0.4951377531
0	0.4835746555	0.0521316104	0.3814070113	0.0509936815	0.0318930414
0	0.0348548482	0.0006063997	0.0110141399	0.9212086748	0.0323159375
0	0.0390416661	0.1887206028	0.2296117428	0.5379261960	0.0046997923
0	0.1627078486	0.0571363425	0.0292413143	0.3496876972	0.4012267974
0	0.4817455246	0.0565594057	0.0742666491	0.0021977858	0.3852306348
0	0.0000205108	0.5177235663	0.0010951004	0.4793915038	0.0017693187
0	0.0000003597	0.4063393830	0.1541007228	0.0438231098	0.3957364246
1	0.0159053978	0.8927307730	0.0030970761	0.0274179892	0.0608487639
0	0.4803128125	0.2589089167	0.0170542943	0.1877754280	0.0559485486
0	0.0000000000	0.1258318056	0.3632659366	0.4463882942	0.0645139636
0	0.0000298870	0.2903347022	0.0034836269	0.7039975211	0.0021542629
0	0.0317428758	0.2208736121	0.4050240985	0.3225402565	0.0198191570
0	0.0002662402	0.0272228754	0.3317507897	0.3022830600	0.3384770346
0	0.3677269449	0.0706371446	0.0008348034	0.5276567783	0.0331443288
0	0.0784092705	0.0292897585	0.1736532593	0.5159719885	0.2026757233
0	0.0352040829	0.1548848606	0.4984954117	0.1412798970	0.1701357478
0	0.0000000000	0.0048876937	0.3163200678	0.2716021348	0.4071901036
0	0.0817271428	0.9017728558	0.0001358948	0.0037617415	0.0126023651
0	0.0028682484	0.0000925421	0.7419301992	0.2448703635	0.0102386468
0	0.0044329134	0.0000577593	0.0473957704	0.9480805203	0.0000330367
0	0.0000030106	0.0614095742	0.3275960809	0.1691996174	0.4417917170
0	0.0025086700	0.0000571353	0.9720931263	0.0253398290	0.0000012395
0	0.1476855689	0.3803445081	0.3406032423	0.1313666795	0.0000000013
0	0.0065972865	0.0393742615	0.2851866678	0.0886786817	0.5801631025
0	0.3391417957	0.0006972459	0.0000000003	0.1622139564	0.4979470017
0	0.0000001720	0.0100736636	0.1477665707	0.2492741260	0.5928854677
0	0.0013910370	0.5087270368	0.0566821926	0.4324991619	0.0007005716
0	0.0215707815	0.0933298460	0.6186990250	0.1301948649	0.1362054826
0	0.8731162644	0.0555462439	0.0035708479	0.0031049058	0.0646617381
0	0.0418296802	0.0858337308	0.7306001798	0.1371144152	0.0046219940
0	0.0403257349	0.0289855751	0.3259049365	0.0219376297	0.5828461238
0	0.0022146967	0.6626655103	0.3008034144	0.0012275255	0.0330888530
0	0.0576910344	0.5853213126	0.3552506241	0.0017369268	0.0000001020
0	0.1837990372	0.0980707024	0.3408455020	0.1996007077	0.1776840507
0	0.0000407409	0.3130599545	0.0552181437	0.5904946743	0.0411864865
0	0.0131681661	0.1586811655	0.0023556629	0.7987502904	0.0270447151
0	0.0038159569	0.0223745069	0.9267000605	0.0065289714	0.0405805043
0	0.0102311350	0.0246618391	0.9053336795	0.0436214814	0.0161518651
0	0.0000000000	0.0849336763	0.1407580883	0.0819147410	0.6923934945
0	0.4793265867	0.4005917731	0.0006026538	0.1193983387	0.0000806477
0	0.0000820805	0.0065387322	0.3613568524	0.2933929830	0.3386293519
0	0.0791861570	0.8190323946	0.0685633398	0.0000067305	0.0332113780
0	0.0894845099	0.0000000154	0.3064419619	0.0632390657	0.5408344471
0	0.0040918618	0.0022950405	0.8232414970	0.1644125292	0.0059590715
0	0.2331986429	0.0099734692	0.3892303146	0.0000002016	0.3675973718
0	0.1002802422	0.0034996602	0.2442485726	0.0000034804	0.6519680445
0	0.0001282131	0.4191720196	0.2254250448	0.3307280335	0.0245466891
0	0.0000078216	0.0093429865	0.1464048255	0.1425347546	0.7017096118
0	0.2105260866	0.0071051937	0.1707812755	0.4729904810	0.1385969632
0	0.1987553664	0.0043637947	0.6100597600	0.0458493597	0.1409717192
0	0.0230038069	0.1366192965	0.5133203657	0.3204940589	0.0065624719
0	0.0159974887	0.0711005592	0.3823589699	0.1166917742	0.4138512080
0	0.0008938315	0.0002129332	0.1007455811	0.4453891646	0.4527584895
0	0.0480472735	0.0002434086	0.8049520603	0.1386277104	0.0081295473
0	0.0861063648	0.3297491652	0.3229149963	0.0000000000	0.2612294738
0	0.0000000000	0.0767491007	0.0437373527	0.6645929308	0.2149206159
0	0.0066633868	0.0055237361	0.6802814675	0.0119004144	0.2956309952
0	0.0014379638	0.5233662425	0.0575420756	0.0575511283	0.3601025898
0	0.0000000006	0.0034869480	0.1052564092	0.8912512545	0.0000053878
0	0.0123102292	0.0000021547	0.5490394461	0.0907281707	0.3479199993
0	0.0945518458	0.0768434454	0.4165659378	0.2440683935	0.1679703774
1	0.0293140546	0.0112457239	0.1781647175	0.7812605380	0.0000149661
0	0.0158202438	0.0004075877	0.1421649168	0.8416065119	0.0000007398
0	0.0000000000	0.0001123420	0.0126754991	0.3259968213	0.6612153376
0	0.0000000000	0.5672340075	0.3040841891	0.0506596916	0.0780221118
0	0.0000042905	0.2640578033	0.6246202967	0.1109950656	0.0003225438
0	0.0064105250	0.0000932610	0.3415089006	0.6139372361	0.0380500772
0	0.8452145366	0.0022912855	0.0010735075	0.1212029392	0.0302177311
0	0.0000000003	0.1112474562	0.2419490780	0.3321625664	0.3146408990
0	0.0090627083	0.0014216313	0.0453390005	0.5957553762	0.3484212836
0	0.0115777165	0.3199838737	0.4563617558	0.1767172529	0.0353594010
0	0.0019644510	0.9812580962	0.0000040152	0.0150617554	0.0017116822
0	0.0003062301	0.0000011719	0.5512177767	0.4217514911	0.0267233303
0	0.0351388982	0.0183119259	0.7175019986	0.2290433458	0.0000038315
0	0.7684147456	0.1323010909	0.0612062477	0.0283116814	0.0097662345
0	0.1207466754	0.2136396300	0.2690274953	0.1154244351	0.2811617642
0	0.0000000000	0.0000000000	0.1182000423	0.4120974466	0.4697025111
0	0.0214736635	0.0041789029	0.1135120477	0.3775918773	0.4832435086
0	0.0013438845	0.0747007640	0.7804132236	0.1414501986	0.0020919293
0	0.0001230693	0.4701940556	0.3766546025	0.1256397551	0.0273885175
1	0.1571981926	0.4495586092	0.3870120857	0.0000071209	0.0062239916
0	0.0000248020	0.0036418776	0.0150250339	0.9799138744	0.0013944120
0	0.0077640414	0.2459204000	0.0878802818	0.5454561207	0.1129791561
0	0.0370585641	0.0072219503	0.5477942550	0.1928140101	0.2151112205
0	0.4527536234	0.2808297609	0.0540149636	0.2065992948	0.0058023574
0	0.0386674443	0.1080703891	0.1050585420	0.0641227210	0.6840809037
0	0.0250104502	0.1281125418	0.0903358245	0.6289520974	0.1275890861
0	0.0006347589	0.0017874038	0.9961221166	0.0014557166	0.0000000042
0	0.0775690266	0.0081815452	0.7678957029	0.0018578465	0.1444958787
