0	0.1139683383	0.2421006519	0.0000000000	0.4692168622	0.1747141477
0	0.0936851697	0.1488822353	0.5630592510	0.1942986783	0.0000746657
0	0.0000062345	0.0000000000	0.3224353406	0.0271895462	0.6503688788
0	0.0031347690	0.5298840920	0.0079156528	0.1414038523	0.3176616339
0	0.8211192210	0.0001974506	0.0132478546	0.1181763952	0.0472590787
0	0.0570680572	0.0721715022	0.2701881563	0.5977242874	0.0028479969
1	0.0013355597	0.1310170531	0.0615919025	0.5667305961	0.2393248886
0	0.0053507085	0.0000000037	0.4123145250	0.1787988541	0.4035359087
0	0.0000000000	0.1472190403	0.5321838628	0.2529416834	0.0676554135
0	0.4179667067	0.5650891966	0.0081566719	0.0052613139	0.0035261108
0	0.1788172068	0.0200724314	0.3633062729	0.2694832920	0.1683207969
0	0.0046987451	0.0054237064	0.1266889689	0.8515810260	0.0116075535
1	0.3322982296	0.0000000282	0.0060174033	0.3217501715	0.3399341674
0	0.0161804569	0.2006787358	0.7137342882	0.0518963865	0.0175101327
0	0.0000000000	0.5371954325	0.3846429361	0.0023616629	0.0757999685
0	0.0088112724	0.0100887677	0.9450294245	0.0129412135	0.0231293219
0	0.0657845919	0.1684885117	0.2838412538	0.0005946300	0.4812910127
1	0.0003679604	0.4911621284	0.3234359540	0.0000002235	0.1850337337
0	0.0201469491	0.0000000298	0.1473690558	0.8248898191	0.0075941462
0	0.0025686484	0.1266105700	0.2277904750	0.2220518521	0.4209784545
0	0.0021689256	0.0001871738	0.4536288617	0.3190424001	0.2249726387
0	0.0025661342	0.0354980694	0.1568915675	0.2299615945	0.5750826344
0	0.0051398055	0.1127934643	0.0882941920	0.7937428379	0.0000297003
0	0.3521027686	0.1686698334	0.1902963364	0.2858218315	0.0031092302
0	0.0000015765	0.1748055014	0.6668725602	0.1445397874	0.0137805746
0	0.0410281133	0.3533258509	0.5332845267	0.0326630165	0.0396984926
0	0.0000000000	0.0042664624	0.5218252299	0.4739055535	0.0000027542
0	0.2632414315	0.1054513491	0.5225437110	0.0959371855	0.0128263229
0	0.0000000000	0.6160065820	0.1224318492	0.0971013713	0.1644601975
0	0.1397007547	0.0003069117	0.0345696120	0.7492304600	0.0761922615
0	0.0008055747	0.2584968855	0.1914809337	0.4584818651	0.0907347411
0	0.0179727224	0.0984334488	0.8677371782	0.0086436384	0.0072130122
0	0.0000000000	0.0000002621	0.4550394779	0.3805186758	0.1644415842
0	0.2175171854	0.2777996373	0.0099159461	0.3544347024	0.1403325288
0	0.0000000000	0.0000028410	0.7199571774	0.0234253138	0.2566146678
1	0.0000935775	0.0015397982	0.0351053669	0.8861768488	0.0770844086
0	0.0000000000	0.4155478850	0.3052348146	0.0041520838	0.2750652166
0	0.1214164568	0.1830134593	0.1457365625	0.5362773057	0.0135562156
0	0.0036298166	0.9945632061	0.0000063452	0.0005337891	0.0012668430
0	0.0000000969	0.0495020583	0.4185651608	0.5036864847	0.0282461994
1	0.0018891292	0.5042378984	0.0223771854	0.1714309742	0.3000648128
0	0.0221686455	0.0208880266	0.0524118662	0.9030228552	0.0015086064
0	0.7864970250	0.0224294710	0.0000000002	0.1788046534	0.0122688505
1	0.0126089344	0.0370157791	0.5812509992	0.3326626462	0.0364616410
0	0.1240928176	0.0002501437	0.0973000054	0.7655803458	0.0127766875
0	0.0000061821	0.1088449494	0.1370896905	0.7452333630	0.0088258151
0	0.0000000000	0.0258404245	0.9506784516	0.0148249236	0.0086562003
0	0.0300756833	0.0002042915	0.7250203541	0.2439663590	0.0007333122
0	0.1860625366	0.0938286636	0.3421510311	0.2934593381	0.0844984306
0	0.0346777229	0.0000218210	0.3919613283	0.0340679259	0.5392712020
0	0.0353504327	0.4559189928	0.0004979449	0.3549416813	0.1532909482
0	0.0000202550	0.0411829468	0.8544132328	0.0995616717	0.0048218937
0	0.0000004443	0.0866451996	0.1191968327	0.7731999084	0.0209576150
0	0.5479281349	0.0000010821	0.0020263168	0.0520711574	0.3979733087
0	0.2941366536	0.2351766482	0.3182586157	0.1282176289	0.0242104536
0	0.0799525161	0.0013819001	0.1546043343	0.3647864071	0.3992748424
0	0.0163319351	0.0665035919	0.0040504818	0.9125920445	0.0005219467
0	0.0000005782	0.2532094151	0.0682770697	0.6772214790	0.0012914580
0	0.0000000000	0.4075280732	0.0333169601	0.0684581472	0.4906968196
0	0.0667688362	0.2427332546	0.4330984197	0.2321119803	0.0252875092
0	0.2040128780	0.0006993271	0.7913893966	0.0024362101	0.0014621882
1	0.0000000915	0.0000000098	0.3100129874	0.6891829143	0.0008039969
0	0.0002550272	0.2832066345	0.3577914520	0.0171491816	0.3415977048
0	0.0000000000	0.8214745185	0.0006802820	0.0987241216	0.0791210779
0	0.1983835807	0.3186933099	0.0560317722	0.0000000000	0.4268913372
1	0.1475897188	0.3855739568	0.4067495725	0.0598849739	0.0002017781
0	0.0045903803	0.0033243289	0.2435986574	0.4472515536	0.3012350797
1	0.0022364851	0.0007476545	0.2555983499	0.7016269837	0.0397905268
0	0.0000024123	0.1133848637	0.7014870481	0.1805210247	0.0046046511
0	0.3080133429	0.0000000000	0.6357439317	0.0104211696	0.0458215558
0	0.0001535641	0.0656859457	0.5851737968	0.1716236411	0.1773630523
0	0.0000000000	0.0973352936	0.6256048583	0.0140868139	0.2629730342
0	0.0002808561	0.0001547696	0.9962603416	0.0003914686	0.0029125641
0	0.0000005460	0.7461390564	0.2283855782	0.0234405235	0.0020342960
0	0.2911893415	0.0111446434	0.3710124550	0.0399058916	0.2867476684
0	0.0712138938	0.5017400023	0.3072731924	0.0140190632	0.1057538484
0	0.0000020792	0.1182651304	0.1045671242	0.0195200338	0.7576456324
0	0.0251599258	0.2704626747	0.6943508369	0.0000000080	0.0100265546
0	0.0164133382	0.2663743532	0.2207539755	0.4964583331	0.0000000001
1	0.0057079729	0.0000014533	0.1628163878	0.6071632967	0.2243108893
0	0.4613042350	0.0417761157	0.3456915596	0.0407152286	0.1105128611
0	0.2906589804	0.4650762957	0.0297044910	0.0723880742	0.1421721587
0	0.0033500581	0.8273905053	0.0267101401	0.0697520978	0.0727971987
0	0.0353476425	0.6876882873	0.0807880574	0.1961760128	0.0000000000
0	0.0026396803	0.0224017980	0.7526664904	0.1813658621	0.0409261692
0	0.2609749207	0.1265389096	0.0522518315	0.1217707249	0.4384636133
0	0.4952579186	0.1011985528	0.0423296168	0.0047283316	0.3564855802
0	0.0000050304	0.1695070667	0.0313375790	0.1668045660	0.6323457579
0	0.0180621780	0.0027755399	0.8102982013	0.0648490232	0.1040150575
0	0.0000002627	0.1189590312	0.2363881089	0.3517422086	0.2929103886
0	0.1159026426	0.0385214033	0.7170318695	0.1183586988	0.0101853858
0	0.0013220688	0.0235330433	0.2331773959	0.5397879648	0.2021795273
0	0.0000000000	0.7218785088	0.0749785631	0.1113664350	0.0917764930
0	0.5406156778	0.0000000004	0.0003470984	0.0528096710	0.4062275524
0	0.0218499300	0.3759218650	0.4245879254	0.0067929857	0.1708472939
0	0.2040372959	0.6529778772	0.0011386380	0.0725958129	0.0692503760
0	0.0310996904	0.1097569326	0.1108198808	0.3185860206	0.4297374756
0	0.0570131473	0.0093609935	0.2125216962	0.0866455203	0.6344586427
2	0.0000003799	0.0000021829	0.9796100290	0.0003076286	0.0200797796
0	0.0000390450	0.0344363630	0.0212630527	0.8885101489	0.0557513903
