0	0.0011547715	0.1590260920	0.1763430226	0.3854279260	0.2780481880
0	0.2706014973	0.1908370773	0.0877622758	0.1160287847	0.3347703649
0	0.3210876753	0.1142800435	0.0787921928	0.4071277270	0.0787123615
0	0.0569495661	0.2189772768	0.2563833866	0.2117168087	0.2559729618
0	0.0018350370	0.0221443344	0.0673004103	0.8360098431	0.0727103752
0	0.4669188951	0.1279188572	0.2284857319	0.0298761823	0.1468003335
0	0.0267721325	0.0000003748	0.9501503075	0.0015985204	0.0214786648
0	0.0003654516	0.4619684967	0.3673490961	0.0300012967	0.1403156589
0	0.0000035590	0.3344552330	0.6585110732	0.0070301348	0.0000000000
0	0.0022280888	0.0907523912	0.7095638165	0.0003265878	0.1971291156
0	0.0032004844	0.7471385330	0.0119449222	0.2343541002	0.0033619603
0	0.0006210116	0.0549021912	0.5912222990	0.0149974527	0.3382570455
0	0.0866578514	0.6293649589	0.0430502660	0.0709024720	0.1700244517
0	0.0000000002	0.9526661014	0.0270423565	0.0175690954	0.0027224465
2	0.0675235560	0.0212007101	0.6984681472	0.0017754939	0.2110320927
1	0.2579733966	0.0040072313	0.0334036062	0.6626753464	0.0419404194
0	0.0475232984	0.2000396213	0.2490541084	0.0000754006	0.5033075713
0	0.0024320850	0.1160005945	0.1005716978	0.0205246940	0.7604709287
0	0.1776362686	0.1189531123	0.0000025943	0.0744724398	0.6289355851
0	0.0025605104	0.1118626368	0.7924572257	0.0178009065	0.0753187207
0	0.0050165040	0.0001000257	0.5422491686	0.1000387413	0.3525955604
0	0.0154500061	0.0601053747	0.7266908623	0.0991067623	0.0986469947
0	0.0036782192	0.0000000009	0.8360213568	0.0602579568	0.1000424663
0	0.2512490767	0.0722005107	0.4698372596	0.2062963862	0.0004167668
0	0.0663140821	0.0750979669	0.0531740741	0.8054019515	0.0000119254
0	0.0295844674	0.9059879941	0.0343863581	0.0294911336	0.0005500468
0	0.0078275730	0.3974053786	0.2440884284	0.0422068811	0.3084717388
1	0.0275253709	0.1749732842	0.2169814455	0.2718846901	0.3086352093
0	0.0000000002	0.6370945365	0.0299723050	0.0034993987	0.3294337596
0	0.2083647149	0.0021087714	0.7854330690	0.0028712525	0.0012221921
0	0.0839705565	0.2531481885	0.6133386008	0.0488601745	0.0006824797
0	0.3631749813	0.2442689312	0.0462733261	0.2522751752	0.0940075862
0	0.0000001135	0.2459492041	0.1112339062	0.6424441780	0.0003725982
0	0.0095029139	0.0003776910	0.3288780814	0.2118343746	0.4494069392
0	0.0000000000	0.4372743219	0.5017688499	0.0413787556	0.0195780726
0	0.1184326315	0.0525395011	0.3897552400	0.2295773843	0.2096952431
0	0.5524439903	0.0020365395	0.0973651979	0.0306261402	0.3175281321
0	0.0023930864	0.2580357634	0.0000443363	0.4215816113	0.3179452026
0	0.0019817280	0.0629387105	0.1061483857	0.0894527009	0.7394784748
0	0.0014250897	0.0591185293	0.7166825781	0.0002760884	0.2224977145
0	0.0545291310	0.0708381488	0.6825317317	0.1849150533	0.0071859352
0	0.0000000332	0.4410754483	0.3190410708	0.2258454024	0.0140380453
0	0.0000000000	0.0001235696	0.2398210532	0.5144955515	0.2455598257
0	0.2383559514	0.5507840851	0.0014561288	0.0605566072	0.1488472275
0	0.0468078694	0.4681512948	0.3420031781	0.0116934945	0.1313441632
0	0.0719860086	0.1226108092	0.5189189885	0.1161052323	0.1703789614
0	0.0355814547	0.0014404685	0.0907903055	0.8721877567	0.0000000146
0	0.0000001586	0.0003065364	0.0171527662	0.9700980865	0.0124424524
0	0.0000000000	0.0866097105	0.0357038667	0.0000157054	0.8776707174
0	0.1299332366	0.0386269769	0.6810784082	0.0424004279	0.1079609505
0	0.0094503978	0.1195469141	0.8482846423	0.0090941578	0.0136238880
0	0.0000000000	0.5237751464	0.0262185752	0.2124621053	0.2375441731
0	0.0049334125	0.3260278442	0.1082829582	0.4784738670	0.0822819180
0	0.0383841208	0.1228407295	0.0809447149	0.7500031597	0.0078272751
0	0.0036048882	0.1223832708	0.0558628182	0.0061882502	0.8119607726
0	0.0068405774	0.0536155484	0.0902706522	0.8047810467	0.0444921754
0	0.0373114517	0.2117951807	0.2354755160	0.4001179938	0.1152998578
1	0.0326128660	0.1503057321	0.7156871896	0.0053921488	0.0960020634
0	0.0592757555	0.7343498681	0.0020983427	0.1966183094	0.0076577243
0	0.1722036374	0.1820499987	0.6387231053	0.0043926023	0.0026306563
0	0.5020364356	0.3891407470	0.0289693628	0.0276217897	0.0522316649
0	0.2606752064	0.4175643729	0.1035981876	0.0172169362	0.2009452968
0	0.0021201051	0.1001538749	0.0001265964	0.8905613973	0.0070380263
0	0.0664425951	0.0782906332	0.0111237704	0.6697401481	0.1744028532
0	0.0000821689	0.1105475690	0.3289712757	0.0018191574	0.5585798289
0	0.2446073876	0.0039196408	0.3937323159	0.3106704280	0.0470702277
0	0.0000208722	0.1023992572	0.2929463566	0.0968932783	0.5077402356
0	0.1019827131	0.0301294546	0.0206249641	0.2315333684	0.6157294998
0	0.0027918178	0.0028897513	0.1576999891	0.6194045251	0.2172139167
0	0.1889061594	0.6706674849	0.0066984619	0.0636640162	0.0700638776
0	0.3247764757	0.1672293953	0.0028865132	0.4665244393	0.0385831765
0	0.1096379620	0.0000000018	0.7075608352	0.1745271630	0.0082740380
0	0.7861250198	0.0000000000	0.0000176991	0.0023198752	0.2115374058
0	0.2158111447	0.7193070890	0.0161425504	0.0447267972	0.0040124187
0	0.0008796722	0.0000000000	0.9917841406	0.0073015204	0.0000346668
0	0.0000013412	0.8991602102	0.0255586368	0.0751658194	0.0001139924
0	0.0000000033	0.8068159617	0.0715556505	0.0946288071	0.0269995775
0	0.0075509711	0.0000000000	0.1069909048	0.8854581239	0.0000000002
0	0.0570682575	0.3810636502	0.1952210410	0.0463034916	0.3203435597
0	0.0000000000	0.2399051245	0.0716863183	0.4953990880	0.1930094692
0	0.0694122616	0.3226055286	0.4836729151	0.0711779579	0.0531313367
0	0.0704508434	0.0000257780	0.7793958363	0.0938367927	0.0562907496
0	0.4329877265	0.1717570486	0.3431541428	0.0414795560	0.0106215261
0	0.0018214997	0.0069681435	0.2191063984	0.7721039188	0.0000000395
1	0.0078001092	0.5429050210	0.0656166548	0.0239538430	0.3597243720
0	0.0000000066	0.0000004229	0.9583342426	0.0416645873	0.0000007406
0	0.0238370009	0.0003369500	0.4787118197	0.4872465634	0.0098676660
1	0.0597898419	0.0465930128	0.3435891104	0.1799276808	0.3701003541
0	0.0965520374	0.0377332055	0.6941428826	0.0511832184	0.1203886561
0	0.0000000008	0.0321243100	0.9640721323	0.0000000592	0.0038034977
0	0.0000983300	0.0097734246	0.9609282731	0.0021282916	0.0270716807
0	0.0000067189	0.0090359690	0.5247629331	0.3964059464	0.0697884326
0	0.0023251303	0.0302821256	0.9074874052	0.0345600527	0.0253452862
1	0.0261968233	0.0912538394	0.4629171148	0.4196299732	0.0000022493
0	0.0130723276	0.0005982160	0.8304751775	0.1405521629	0.0153021160
0	0.0031437062	0.2345089656	0.0349310423	0.3861736062	0.3412426797
0	0.2896526404	0.0661757166	0.2515117866	0.2071266936	0.1855331629
0	0.0801069561	0.1055313638	0.7606795561	0.0001260631	0.0535560609
0	0.0270448511	0.3424969210	0.5523357657	0.0781224621	0.0000000000
0	0.1178416537	0.4879563947	0.1604857838	0.2141554745	0.0195606933
