0	0.0032001863	0.0848736388	0.0248007198	0.0261228270	0.8610026281
0	0.0130258499	0.1281795756	0.1486287557	0.4567021487	0.2534636702
0	0.0000000000	0.0000001398	0.5662867204	0.4327401619	0.0009729779
0	0.2242280948	0.0050438498	0.7041772347	0.0546191302	0.0119316904
0	0.0186743721	0.0224256767	0.0293533760	0.6599055917	0.2696409834
0	0.0176527732	0.2167396871	0.0102240639	0.7169264733	0.0384570025
1	0.4071794600	0.0021437973	0.1596383514	0.4013414685	0.0296969229
0	0.2857402882	0.1770544283	0.0271397813	0.2465437535	0.2635217486
0	0.0998432229	0.0000000000	0.1492290660	0.7413403749	0.0095873363
0	0.0174306384	0.2346559864	0.3426002831	0.0046764932	0.4006365990
1	0.0667297171	0.4791131029	0.2341553126	0.1138030613	0.1061988061
0	0.0000000000	0.0000000000	0.3699762402	0.3996871593	0.2303366004
0	0.0421724871	0.0066630262	0.6085236380	0.1932316184	0.1494092304
0	0.0000000061	0.0214043252	0.3300667216	0.6481200002	0.0004089469
1	0.0019591147	0.0000000004	0.0117820451	0.9734905418	0.0127682980
0	0.0000000000	0.1293926387	0.4521473958	0.3586761804	0.0597837850
1	0.0000600686	0.0000000012	0.2041267474	0.0358937332	0.7599194496
0	0.2615709460	0.2346115029	0.0789029495	0.0949801862	0.3299344154
0	0.0639036559	0.0106733227	0.0041642639	0.4285902164	0.4926685411
0	0.0000000050	0.1204549832	0.7599790845	0.1190810181	0.0004849091
0	0.0000000000	0.3964573118	0.0016159821	0.0212937862	0.5806329199
0	0.4446535052	0.2058196638	0.2180671375	0.1314437675	0.0000159260
1	0.0005853815	0.2659307707	0.0388352941	0.0092235432	0.6854250105
1	0.0003726975	0.0004897293	0.8116650570	0.1494061979	0.0380663182
0	0.2578434612	0.0463206131	0.2868856236	0.1845403949	0.2244099072
0	0.0324483944	0.5702096381	0.0003617367	0.3809653963	0.0160148345
0	0.0011646555	0.1341930487	0.8543844851	0.0102530882	0.0000047224
0	0.0000678996	0.5165896452	0.4100780988	0.0389275131	0.0343368433
0	0.0379854199	0.0000374315	0.6566854101	0.2937905526	0.0115011859
0	0.3427361704	0.0698396447	0.5687371599	0.0186870250	0.0000000000
0	0.0015805029	0.0724282444	0.0670992500	0.5679315783	0.2909604244
0	0.0402040866	0.0000000000	0.5873221722	0.3705483732	0.0019253679
0	0.3111490749	0.0494483119	0.6181979741	0.0212046245	0.0000000146
0	0.1484005560	0.0034268965	0.5280476535	0.2574521644	0.0626727296
0	0.2412094807	0.1370266226	0.4218918497	0.1159217834	0.0839502635
0	0.0000000082	0.0001380714	0.9255232877	0.0094313911	0.0649072416
0	0.0023172864	0.0582857410	0.0226325800	0.9166985421	0.0000658505
0	0.0000000000	0.1256155629	0.0000000660	0.6047243517	0.2696600194
0	0.0571669064	0.0432060382	0.0015018906	0.5577825020	0.3403426628
0	0.0481600088	0.1965109490	0.0501606584	0.3848571673	0.3203112165
0	0.0197741597	0.4193950501	0.3872250797	0.1312521943	0.0423535162
0	0.0172343619	0.7886746526	0.0704547271	0.0579865776	0.0656496808
1	0.0000000000	0.0335131431	0.8765124638	0.0597859406	0.0301884524
0	0.2321053687	0.0191545686	0.3280378430	0.2336981296	0.1870040901
0	0.1640934685	0.0000019920	0.2415229743	0.2168970712	0.3774844941
0	0.0000000000	0.2430879236	0.2651987930	0.1143222509	0.3773910325
0	0.0000037745	0.0128452523	0.9786582945	0.0080820949	0.0004105837
0	0.9292879190	0.0006509217	0.0000022880	0.0631392245	0.0069196468
0	0.0355904009	0.0000029695	0.1639500247	0.6990684110	0.1013881940
2	0.0000000000	0.0928370903	0.1834504230	0.4535211334	0.2701913533
0	0.0014528983	0.0001119419	0.0154371755	0.0200697747	0.9629282096
0	0.0000339301	0.0200154159	0.0024438334	0.0631512109	0.9143556097
0	0.2543694678	0.2922621042	0.2147796728	0.1980328654	0.0405558898
0	0.4546364059	0.0000000000	0.0005303953	0.5448331988	0.0000000000
0	0.0000730165	0.0090276085	0.1654622149	0.0436073170	0.7818298431
0	0.0000000000	0.0000716964	0.6820435900	0.1877000280	0.1301846856
0	0.2506081341	0.3097151684	0.4214505274	0.0173026674	0.0009235027
0	0.0016401030	0.0070808051	0.2692214975	0.0498324553	0.6722251391
0	0.0000000000	0.2613205983	0.2915154106	0.1634302879	0.2837337032
0	0.0049143684	0.0714630781	0.9164223496	0.0071936557	0.0000065482
0	0.0003018542	0.0055112053	0.8100836382	0.0601529341	0.1239503682
0	0.0200199666	0.2893031154	0.1759798390	0.1932090240	0.3214880551
0	0.1015091726	0.1008359586	0.0217853275	0.7673084076	0.0085611338
0	0.0003362442	0.0863130387	0.5225880570	0.0095640820	0.3811985781
0	0.0000000000	0.0338440421	0.0525484589	0.6260724391	0.2875350599
1	0.2331684063	0.1495983328	0.0039789298	0.5904723131	0.0227820180
0	0.0000019900	0.0001139593	0.9073133201	0.0923009974	0.0002697331
0	0.0000000060	0.2251857106	0.0736949797	0.6390732237	0.0620460800
0	0.1806319096	0.1386918709	0.4530137147	0.1310910373	0.0965714676
1	0.0032348177	0.0637128032	0.0911877306	0.0648463691	0.7770182795
0	0.0056253039	0.4175116520	0.4841368713	0.0904810197	0.0022451532
0	0.0000998193	0.7244306941	0.2162011360	0.0444795230	0.0147888276
0	0.0000051204	0.6057715554	0.0358781622	0.2651369965	0.0932081655
0	0.4725855491	0.0039064735	0.2346977361	0.0000147072	0.2887955341
0	0.8949987703	0.0384237049	0.0002829884	0.0661400925	0.0001544438
0	0.3621602930	0.2553131578	0.3569956519	0.0014696313	0.0240612661
0	0.3325013626	0.0585883518	0.5216304502	0.0009338347	0.0863460007
0	0.0004941360	0.4902685298	0.0035750960	0.5056622382	0.0000000000
0	0.0487228709	0.4320859315	0.0380718957	0.3998596426	0.0812596593
0	0.7028804263	0.0003636666	0.0041061442	0.2926497630	0.0000000000
0	0.0000255111	0.0002727026	0.0490102341	0.4884783256	0.4622132266
0	0.0000035613	0.0538776548	0.5998850031	0.3462013003	0.0000324804
0	0.0291469152	0.0127369631	0.4035881530	0.2652671794	0.2892607893
0	0.0037232931	0.0019063804	0.6122695655	0.2004653893	0.1816353717
0	0.0000000005	0.0008910473	0.0778024267	0.9134986307	0.0078078948
0	0.0009937829	0.1775463523	0.0210124710	0.0891803583	0.7112670354
0	0.0004537624	0.0016326937	0.0924983192	0.7436667195	0.1617485053
0	0.0000000000	0.0261721622	0.9558591772	0.0009541712	0.0170144895
0	0.0000004273	0.0512539872	0.9487413472	0.0000001588	0.0000040794
0	0.0000000000	0.0005976300	0.0143921535	0.0000000000	0.9850102164
0	0.6623050903	0.0566237494	0.0375026260	0.2426615882	0.0009069461
0	0.0023609898	0.3584683329	0.2808091939	0.3583614790	0.0000000044
0	0.0547886446	0.0002062680	0.7638647224	0.0020552427	0.1790851222
0	0.0965057165	0.3876888206	0.2807283337	0.0033001957	0.2317769335
0	0.0011020597	0.0081056941	0.0077894990	0.9790413402	0.0039614069
0	0.0006523026	0.0079246935	0.3847914771	0.1184439967	0.4881875301
0	0.0358665384	0.0061033405	0.8460851017	0.0498242918	0.0621207276
0	0.0399784043	0.5958484373	0.0658043171	0.0700472082	0.2283216330
0	0.0209015252	0.0069950623	0.0362200652	0.1109375145	0.8249458327
0	0.0856752227	0.6995485789	0.0574874777	0.0282573814	0.1290313393
