2	0.0000077726	0.4168559425	0.1290926549	0.0138953959	0.4401482340
0	0.0005205258	0.0867533077	0.7744282916	0.0034067226	0.1348911523
0	0.0403565699	0.0000156971	0.4388806841	0.2946859718	0.2260610772
0	0.0000000364	0.0043635949	0.6437046476	0.3282182749	0.0237134462
0	0.0332535699	0.1802578370	0.3579809082	0.0725378205	0.3559698645
0	0.0054826125	0.0589132033	0.4965774270	0.4386374667	0.0003892905
0	0.8913562012	0.0001098975	0.0500437706	0.0151804743	0.0433096564
0	0.0281815530	0.4076414471	0.4167719753	0.1436220203	0.0037830042
0	0.5553812356	0.2135139002	0.0013620576	0.0022650440	0.2274777626
0	0.0000000000	0.0592072179	0.4685186889	0.4581190532	0.0141550400
0	0.0028447130	0.2359569443	0.5578792592	0.1621986811	0.0411204024
0	0.0306473631	0.0077866730	0.1243193043	0.8335871349	0.0036595247
0	0.0000987853	0.0041875846	0.3740799320	0.5634907797	0.0581429184
0	0.0029254288	0.0000449527	0.6711709203	0.1597910301	0.1660676680
0	0.0489947998	0.1679113840	0.4011109926	0.3819205405	0.0000622831
0	0.1167680343	0.1752207762	0.4860398465	0.0319511652	0.1900201778
0	0.1354849555	0.0000656708	0.6060977550	0.0995338069	0.1588178118
0	0.0000000000	0.5085881837	0.0063967989	0.4831933795	0.0018216379
0	0.0000057982	0.0441877249	0.6918974405	0.2544829599	0.0094260765
0	0.0000000000	0.0013081083	0.1888944046	0.5860181319	0.2237793552
0	0.0000782461	0.1735398355	0.0682327776	0.0752289329	0.6829202078
0	0.0000882216	0.0220312222	0.3288531208	0.6419106336	0.0071168018
1	0.0592202896	0.0017925319	0.5620306584	0.3563973515	0.0205591687
0	0.1792550555	0.6380132842	0.0003523970	0.0121965667	0.1701826966
0	0.0792522693	0.1216507575	0.1052003854	0.6720671315	0.0218294564
0	0.0929551730	0.0882798259	0.0232422610	0.0896600490	0.7058626912
0	0.0000038308	0.1076936353	0.0611867280	0.7199187690	0.1111970369
0	0.0451931762	0.2141087345	0.0623663147	0.6487589565	0.0295728180
0	0.0000000002	0.1046765334	0.2279982915	0.6191048885	0.0482202864
0	0.0326253553	0.0325773797	0.1070075683	0.8277894179	0.0000002789
0	0.0013466671	0.0107679381	0.0006534352	0.9872314506	0.0000005090
0	0.0640497469	0.0407245252	0.2758580403	0.4678597570	0.1515079306
1	0.0000828255	0.6318213102	0.0221571287	0.3114782546	0.0344604810
0	0.3711165197	0.0240335990	0.1930081734	0.1377360704	0.2741056375
0	0.0935400728	0.4218303422	0.4096309102	0.0007495704	0.0742491044
0	0.3038009254	0.0784415328	0.0828690426	0.2533663464	0.2815221528
1	0.0246142803	0.0280156887	0.2127815206	0.6773222642	0.0572662462
0	0.0555975300	0.1516930139	0.5022770078	0.0005944813	0.2898379670
0	0.0861498554	0.5001504906	0.0149258008	0.0342749848	0.3644988686
0	0.0208904978	0.9417141524	0.0139017706	0.0001115444	0.0233820348
0	0.1207935377	0.0426186797	0.0720759650	0.7637260904	0.0007857271
0	0.6008187224	0.0692876883	0.1007968004	0.2281587276	0.0009380613
1	0.0000100558	0.8523173484	0.0612418360	0.0862802813	0.0001504784
0	0.0059289942	0.0000000101	0.0011200386	0.0773367466	0.9156142105
0	0.2752402235	0.2121634671	0.2338848806	0.0008867366	0.2778246922
0	0.0001318325	0.1467591711	0.6901905582	0.0326533894	0.1302650488
0	0.0250418641	0.3742668663	0.5384088921	0.0010632700	0.0612191074
0	0.2176894629	0.0007208879	0.6323524066	0.0462162885	0.1030209541
0	0.0006462722	0.0069719403	0.5684494071	0.0307681628	0.3931642176
0	0.0676643151	0.0367132552	0.3655742881	0.0263930132	0.5036551283
0	0.1533610227	0.3308431948	0.1059167629	0.0900386780	0.3198403416
0	0.0304048106	0.0067708789	0.7421869512	0.1851220550	0.0355153043
1	0.1082716369	0.0297621616	0.0190578498	0.0209771359	0.8219312157
0	0.0000000000	0.0690438431	0.2737303588	0.0000019319	0.6572238662
0	0.0000009763	0.4756520976	0.3776391094	0.1091041362	0.0376036805
0	0.0000000053	0.0573311113	0.0858933459	0.4547767435	0.4019987939
1	0.0000390735	0.1160226651	0.7854515237	0.0984662137	0.0000205239
0	0.0381188274	0.0773095619	0.0447431572	0.2346572762	0.6051711774
0	0.1588305625	0.5668948195	0.1238218057	0.1370921207	0.0133606916
0	0.0405366462	0.3942592497	0.0630024535	0.4975511376	0.0046505131
0	0.0068882907	0.0000606324	0.0388386871	0.2634936293	0.6907187605
0	0.0000006839	0.0220858351	0.1730668413	0.7884659488	0.0163806910
0	0.0000245215	0.0010086429	0.1966301028	0.5637042964	0.2386324365
1	0.0593547043	0.4760822089	0.4044073139	0.0013243104	0.0588314625
0	0.2229352803	0.0003908727	0.0001174678	0.7331849265	0.0433714528
0	0.3692043995	0.0629181988	0.4827719632	0.0519572104	0.0331482281
0	0.0173802547	0.1232317993	0.0098894693	0.0970189383	0.7524795384
0	0.0491366888	0.1987155054	0.0289878325	0.5483055047	0.1748544685
0	0.0000000000	0.0485644981	0.1557495272	0.7289803884	0.0667055863
0	0.0000000000	0.0085764946	0.0471438181	0.2490686118	0.6952110754
0	0.0000229609	0.0940580822	0.5745930249	0.2846343756	0.0466915564
0	0.3907198633	0.0000317092	0.4862494135	0.0490449664	0.0739540474
0	0.6549176502	0.2603708225	0.0334829250	0.0021740957	0.0490545066
0	0.0000000048	0.2015649887	0.4677864912	0.0366178007	0.2940307146
0	0.2710866901	0.1417609356	0.0366639587	0.5258740827	0.0246143329
0	0.0000000002	0.3343767426	0.1268704858	0.0013507723	0.5374019991
0	0.0000098071	0.5232455544	0.0028187633	0.4632760877	0.0106497875
0	0.0021715916	0.6847943644	0.1381417403	0.0097183938	0.1651739099
0	0.0000000000	0.0072731034	0.0804190407	0.7816642920	0.1306435639
0	0.0367818155	0.5809201414	0.2601404874	0.1088137681	0.0133437876
0	0.0000020462	0.1581286036	0.0049483977	0.7390506471	0.0978703055
0	0.0470927132	0.0000705901	0.0064540567	0.9415963988	0.0047862411
0	0.0494212677	0.0367349084	0.7318771798	0.1796029598	0.0023636842
0	0.0000013508	0.0610848987	0.7366227455	0.0401473359	0.1621436691
0	0.0000000034	0.1135460818	0.0001626207	0.0423452143	0.8439460799
0	0.0000712847	0.0320215091	0.0026068383	0.9344008567	0.0308995111
0	0.0007491419	0.4071146879	0.0885932535	0.4055727721	0.0979701446
0	0.1590003680	0.2217264511	0.4907264352	0.1275356652	0.0010110804
0	0.0120697909	0.0026194648	0.8829762712	0.1021620389	0.0001724342
0	0.6648441107	0.0000000000	0.1471636077	0.1830854534	0.0049068283
0	0.0000000000	0.0001215723	0.4666968312	0.5074329794	0.0257486171
0	0.2571432881	0.1736206758	0.0393050979	0.0169877596	0.5129431785
1	0.0862689105	0.0467729762	0.0096530924	0.0000008732	0.8573041477
1	0.1164221065	0.0000000000	0.6282534930	0.1463082499	0.1090161506
0	0.0703320946	0.3416613206	0.0000000000	0.0286579210	0.5593486638
0	0.0196692269	0.5148993828	0.0323463115	0.4076199328	0.0254651461
1	0.0000049935	0.2349117003	0.0007346286	0.5195556629	0.2447930147
0	0.0084689550	0.1118947832	0.2335652983	0.6379623249	0.0081086387
0	0.0019780980	0.3932154345	0.2419678993	0.3626593480	0.0001792202
0	0.0160979452	0.2296461878	0.0125175325	0.0937752634	0.6479630711
