0	0.0032372120	0.0000000341	0.9720473595	0.0003979432	0.0243174513
1	0.0408587383	0.6347898474	0.2437029264	0.0783012804	0.0023472074
1	0.0000112553	0.8246656787	0.0004533899	0.0000000000	0.1748696761
0	0.0000118348	0.0631652488	0.5738414935	0.0061942562	0.3567871667
0	0.0373850403	0.0011534085	0.0168227369	0.9440343756	0.0006044386
0	0.6199775053	0.0022975877	0.0000068479	0.3218432419	0.0558748173
0	0.0512315183	0.0582661485	0.8686790727	0.0218227051	0.0000005554
0	0.0087700199	0.7394344747	0.0090417724	0.2281879648	0.0145657681
0	0.0724457100	0.2395937089	0.5851016785	0.0930074179	0.0098514847
0	0.0000000000	0.6045183243	0.0846057854	0.3108756153	0.0000002750
1	0.0000000832	0.0636736514	0.9252456881	0.0110801492	0.0000004280
0	0.0030365244	0.0900414926	0.0562845745	0.4994339803	0.3512034282
0	0.0241745686	0.4019313742	0.0653162152	0.4670608609	0.0415169811
0	0.0885789397	0.8172990195	0.0558639653	0.0072690741	0.0309890014
1	0.4968543235	0.1546573684	0.2269216918	0.1215665537	0.0000000627
0	0.2685090415	0.1480729900	0.0119312700	0.0007337214	0.5707529771
0	0.0000000000	0.0532018315	0.1210655971	0.0041423797	0.8215901917
1	0.0091413411	0.4163616939	0.1931292577	0.3714580338	0.0099096735
0	0.0022837091	0.0000054418	0.0621408845	0.9322263026	0.0033436619
0	0.0000006302	0.0003944967	0.8029499033	0.1966509351	0.0000040347
0	0.0026036536	0.0005335632	0.8897115337	0.0120527174	0.0950985321
0	0.0043259118	0.0503004550	0.6359508889	0.0000126302	0.3094101141
0	0.0082365120	0.3125811540	0.0646471245	0.5780320140	0.0365031955
0	0.0000107731	0.0002187909	0.3419705307	0.0020454926	0.6557544128
1	0.0006029030	0.0000000000	0.8951197070	0.0862917136	0.0179856764
1	0.0008148512	0.0919909968	0.5262476630	0.0000232760	0.3809232129
0	0.0018509584	0.0061689785	0.9639863889	0.0038038430	0.0241898312
0	0.0010375044	0.4634715296	0.3306810380	0.1064733866	0.0983365414
0	0.0237543863	0.9144786816	0.0335799046	0.0074160287	0.0207709986
0	0.5500989117	0.2351378614	0.0125304395	0.2012873962	0.0009453913
0	0.0738458035	0.0325956005	0.0815632873	0.0062794687	0.8057158401
0	0.0019417155	0.3965824648	0.0706499395	0.0648731880	0.4659526922
0	0.0000000000	0.0196559843	0.7419319543	0.0783570417	0.1600550196
0	0.0099250182	0.5226616128	0.2651846986	0.0017812296	0.2004474409
0	0.0002871362	0.0189829516	0.0465388965	0.9341910096	0.0000000061
0	0.2313188569	0.0947845299	0.2909479125	0.3825553965	0.0003933042
2	0.0314431217	0.0560303927	0.0813736870	0.7352062363	0.0959465622
0	0.0000000000	0.6152848549	0.0068425186	0.3778710424	0.0000015841
0	0.0026318540	0.0539967437	0.0013058502	0.9408807597	0.0011847925
0	0.0080507422	0.3081280139	0.5491949118	0.0952525189	0.0393738132
0	0.0003199122	0.2390516625	0.0232472763	0.6981076961	0.0392734528
0	0.0748854647	0.2430035910	0.1310224104	0.2409835673	0.3101049665
1	0.0506786417	0.0313924679	0.4140105111	0.0711269918	0.4327913874
0	0.0000000000	0.3319285537	0.4172398671	0.1905639087	0.0602676705
0	0.0137725945	0.0667525149	0.0000109041	0.6782533844	0.2412106021
0	0.0000000000	0.9992687384	0.0000000000	0.0003630105	0.0003682511
0	0.8036250685	0.0000000000	0.1085763237	0.0680493153	0.0197492924
0	0.2111519783	0.0080026465	0.3618826572	0.1435760870	0.2753866309
0	0.0027824898	0.0198000943	0.9655347636	0.0115243168	0.0003583354
0	0.0504081756	0.8430195017	0.0015132244	0.1014101499	0.0036489484
0	0.0001367449	0.0000000012	0.4115794284	0.0036779426	0.5846058829
0	0.0017079819	0.0008418257	0.4368258505	0.4749803977	0.0856439442
0	0.1822913867	0.3498865541	0.2632765237	0.0000070201	0.2045385154
0	0.3203349604	0.0310160759	0.4297131639	0.0862171788	0.1327186209
0	0.0000000000	0.8737879360	0.0433830796	0.0003547836	0.0824742008
0	0.0000012719	0.4489523820	0.1406094179	0.3958393824	0.0145975458
0	0.3134231202	0.0014159604	0.2422272962	0.1491129387	0.2938206845
0	0.0299659718	0.1730984018	0.0020987440	0.7470043402	0.0478325422
0	0.6208935623	0.2455865399	0.1168711375	0.0010973884	0.0155513721
0	0.0005573413	0.3949391578	0.0406472066	0.2582822973	0.3055739970
0	0.0602871223	0.0236911124	0.0023166188	0.2954380949	0.6182670515
0	0.0029731456	0.0002997733	0.9025137609	0.0778498338	0.0163634864
1	0.0000154134	0.4087598900	0.3342646934	0.2569435173	0.0000164860
0	0.1211604005	0.0023920648	0.4912009711	0.0901397798	0.2951067838
0	0.3433563462	0.4214922524	0.0000018549	0.1853042593	0.0498452871
1	0.0018686004	0.0250071258	0.8978698943	0.0752325503	0.0000218292
1	0.0000011709	0.0000000000	0.7643878228	0.2320878832	0.0035231232
0	0.0365553583	0.1807062106	0.6540485609	0.0932482688	0.0354416014
0	0.0000001861	0.0073073904	0.0000001506	0.9925711925	0.0001210803
1	0.2266643886	0.2730606947	0.4136973958	0.0336804249	0.0528970960
0	0.2809405425	0.0294298118	0.1130540607	0.5765755851	0.0000000000
0	0.0031523209	0.0010314842	0.6757503071	0.3059408299	0.0141250579
0	0.0000008433	0.0152802494	0.7304100866	0.0730258165	0.1812830042
0	0.0031568414	0.0000526713	0.0105621987	0.9858719532	0.0003563354
0	0.1644504376	0.0047113629	0.0000847055	0.8307532101	0.0000002840
1	0.0014474441	0.0000013182	0.3914547051	0.0680371682	0.5390593644
0	0.0012233486	0.4833082287	0.3897115978	0.0000000000	0.1257568249
0	0.4268559798	0.4430489769	0.0001393372	0.0053168405	0.1246388656
0	0.0000000000	0.0000000006	0.9427683370	0.0000313346	0.0572003278
0	0.0132216223	0.0000000000	0.9806553546	0.0052204413	0.0009025819
0	0.0138573980	0.0191234702	0.6791954105	0.1949055337	0.0929181877
0	0.0008747256	0.8864458855	0.0434151318	0.0374455270	0.0318187302
0	0.0580154617	0.3681870112	0.5554753918	0.0018597532	0.0164623822
0	0.0145862518	0.1298949088	0.0578483399	0.7791056632	0.0185648364
0	0.0000065776	0.0362251287	0.5614892728	0.4009334012	0.0013456197
0	0.0004875934	0.0001267406	0.0440334007	0.8884706914	0.0668815740
0	0.0000000000	0.0007439107	0.7156531017	0.2815025169	0.0021004707
0	0.1275057503	0.1713632940	0.0213082963	0.0002112638	0.6796113956
0	0.0011991336	0.0000000000	0.0129821090	0.4802239840	0.5055947735
0	0.0057572363	0.1201231109	0.1105325029	0.7447023171	0.0188848329
0	0.0706485403	0.0075847600	0.1003825215	0.2916860724	0.5296981058
0	0.0000000000	0.1266123675	0.0027101743	0.7177322351	0.1529452230
0	0.0009209782	0.0098611873	0.2029787346	0.7862390984	0.0000000015
0	0.0256979518	0.5877821285	0.1672249865	0.2190413454	0.0002535878
0	0.1067540126	0.0418247297	0.3991645845	0.1372092667	0.3150474066
0	0.1689029270	0.1487629394	0.5847343740	0.0000000000	0.0975997596
0	0.0000000000	0.3936529003	0.0610053497	0.5120170731	0.0333246769
0	0.4054597660	0.0852678833	0.0457448549	0.0850745129	0.3784529829
0	0.0457643742	0.0007869565	0.0029674832	0.5598405737	0.3906406124
0	0.0012565296	0.6423409825	0.2477694412	0.0620310329	0.0466020138
