0	0.0408529255	0.0009090215	0.0292705584	0.0000157682	0.9289517264
1	0.0285578564	0.0725126650	0.3231457335	0.3918684867	0.1839152583
0	0.0148282821	0.3260321513	0.3160775190	0.3430567838	0.0000052638
0	0.0139270905	0.0936803131	0.0051040568	0.8870824587	0.0002060809
0	0.0248889400	0.0000051117	0.3187833567	0.6407242804	0.0155983112
0	0.0146837278	0.0080519275	0.1963991216	0.0031418286	0.7777233945
0	0.0611351114	0.2964752931	0.5318500278	0.0000000000	0.1105395676
0	0.0000010220	0.0030964401	0.1456621133	0.8314552450	0.0197851796
0	0.0000000001	0.2061776531	0.0636561316	0.7294307917	0.0007354235
0	0.0117152052	0.0274147389	0.8493105989	0.0001353113	0.1114241457
0	0.4947829662	0.4944169134	0.0083270482	0.0018618393	0.0006112329
0	0.0006065444	0.8112223108	0.0554110835	0.1060801311	0.0266799302
0	0.1616839812	0.0358838755	0.1029106844	0.5508182523	0.1487032066
1	0.0000004708	0.1010353650	0.1295967572	0.2180695324	0.5512978745
0	0.1629926966	0.1091505737	0.1202094026	0.5479294097	0.0597179174
0	0.3021505697	0.3474383722	0.2509004718	0.0983192585	0.0011913279
0	0.0000515712	0.2260492130	0.1554203086	0.5143500788	0.1041288284
0	0.0013765419	0.0027224438	0.7707572574	0.2251436124	0.0000001444
0	0.0000802129	0.4937661371	0.2487255355	0.0251402525	0.2322878620
0	0.0030391939	0.7294999809	0.2405822002	0.0224828394	0.0043957856
0	0.0005703231	0.0262895964	0.8968269077	0.0757083549	0.0006048179
0	0.0000715087	0.0227389429	0.1550682792	0.8214465513	0.0006747180
0	0.0000000001	0.0848681276	0.8687188522	0.0457981021	0.0006149180
1	0.0897883670	0.0353013465	0.4062244493	0.4647932217	0.0038926155
0	0.1934463319	0.0028524788	0.0331689093	0.3389608329	0.4315714472
0	0.0000195493	0.3274356979	0.1809186746	0.4245310192	0.0670950589
0	0.0020254068	0.0058302776	0.0000189166	0.9920301263	0.0000952727
0	0.0221496553	0.0068923549	0.2237867726	0.3715747817	0.3755964356
0	0.0704390921	0.6540718365	0.0359730680	0.0564090787	0.1831069247
0	0.0000006499	0.0250565450	0.1577594049	0.4385481633	0.3786352369
0	0.0410722377	0.0000000004	0.1089355653	0.6175242834	0.2324679132
0	0.0098443287	0.6365580386	0.0469440701	0.0000568537	0.3065967089
2	0.0000000117	0.0111703226	0.0346691209	0.3497136072	0.6044469376
0	0.0062787313	0.3032593736	0.4366330250	0.1154419869	0.1383868832
0	0.1065021995	0.3817740443	0.0000000000	0.0695205350	0.4422032213
0	0.0038756591	0.0343261293	0.9617736343	0.0000000841	0.0000244933
1	0.0102160246	0.9517659664	0.0005888780	0.0188944881	0.0185346429
0	0.2263000350	0.0053108344	0.3444626723	0.3999480481	0.0239784102
0	0.3602969839	0.1074191498	0.0356460834	0.4965826453	0.0000551376
0	0.0121920590	0.2940177480	0.2356031143	0.3834321791	0.0747548997
0	0.2030080912	0.6768697931	0.0000000000	0.0040525784	0.1160695372
1	0.0737889415	0.4509245402	0.3497281699	0.0742332642	0.0513250842
0	0.0000000000	0.8013620311	0.0153140116	0.1230534627	0.0602704946
0	0.1571666984	0.4346973613	0.1114920768	0.1330199024	0.1636239610
0	0.0427837579	0.0067563541	0.8937003157	0.0344785410	0.0222810313
0	0.0458384758	0.8385142030	0.1125194450	0.0031278074	0.0000000687
0	0.0299186738	0.0326898223	0.0048673514	0.6748586401	0.2576655123
0	0.0000135256	0.1629142177	0.3292902799	0.1643250391	0.3434569376
0	0.0000000815	0.1245523453	0.6123868222	0.0696932960	0.1933674550
0	0.0000055951	0.0009094722	0.0160562767	0.9669816767	0.0160469793
0	0.3243038968	0.3710389843	0.0042508256	0.2881588645	0.0122474288
0	0.2711640237	0.4282452274	0.0018740945	0.0470207652	0.2516958892
0	0.1664966739	0.0616453890	0.5724611634	0.1884261675	0.0109706062
1	0.0000908009	0.0396054332	0.9406068896	0.0000000000	0.0196968763
1	0.0000000000	0.0275543250	0.4337487410	0.5382752772	0.0004216568
0	0.0596478948	0.6378504057	0.0115890847	0.2748738911	0.0160387236
0	0.0000102929	0.3092756328	0.0401112238	0.5683422575	0.0822605931
0	0.0156923001	0.0738592168	0.4728415280	0.2865858236	0.1510211315
0	0.0205515493	0.0013032906	0.5888076823	0.3361730739	0.0531644039
0	0.0007945906	0.0036060717	0.9665577227	0.0002450265	0.0287965885
0	0.0060804186	0.1563939737	0.1004065049	0.7317429270	0.0053761758
0	0.0001857453	0.0180882143	0.3789043099	0.0554533051	0.5473684253
0	0.0016620400	0.0088591326	0.6740396352	0.3154361607	0.0000030315
0	0.0180086844	0.0816696603	0.5785976363	0.0013059248	0.3204180943
0	0.4543260679	0.3603488871	0.0404879452	0.0380665975	0.1067705023
0	0.0120375024	0.4067744510	0.1853943629	0.0581352015	0.3376584823
0	0.0000206428	0.2169113436	0.2951311178	0.0446540625	0.4432828333
1	0.3397133594	0.0377788881	0.1435508875	0.3586688869	0.1202879780
0	0.0043165845	0.0917216530	0.0890625423	0.6589444144	0.1559548058
0	0.0129230651	0.6601305740	0.0492719255	0.0438246874	0.2338497479
1	0.0015465872	0.0087316091	0.2453596451	0.7321246170	0.0122375415
0	0.0000000000	0.1292848373	0.1952405269	0.0159461858	0.6595284500
0	0.0000000012	0.0025826377	0.7677335935	0.2270872283	0.0025965393
0	0.3001775058	0.0462614373	0.1250219834	0.5285385990	0.0000004744
1	0.0292612030	0.0005061473	0.1494535731	0.8198728827	0.0009061939
0	0.0011771939	0.0050831700	0.1116735138	0.8465970225	0.0354690998
0	0.0270491869	0.0000000000	0.6599903286	0.3087135222	0.0042469623
0	0.0029421996	0.0161656899	0.6015077045	0.3292595637	0.0501248424
0	0.0000000014	0.0061689906	0.0184908459	0.2709849391	0.7043552229
0	0.0244680279	0.1715068517	0.4940970317	0.2881338626	0.0217942261
0	0.0024097142	0.1168461484	0.0280371721	0.7529437484	0.0997632169
0	0.0551748062	0.0356238561	0.0403049937	0.8648720842	0.0040242598
0	0.0370788400	0.0025734815	0.4619678979	0.4781601883	0.0202195924
0	0.2844345850	0.2382832220	0.0000011910	0.0094596253	0.4678213767
0	0.0829826564	0.3357042010	0.4518256514	0.0000000005	0.1294874908
1	0.0022143176	0.0001389034	0.5434722643	0.4502753191	0.0038991956
0	0.0524924861	0.1472549653	0.0000006927	0.5551358268	0.2451160291
0	0.1240377346	0.0694458722	0.0365596069	0.0036151243	0.7663416619
0	0.0008698971	0.4152497151	0.3927253710	0.0000000000	0.1911550168
0	0.0009462458	0.2133941891	0.1455435872	0.5880985571	0.0520174209
0	0.0000000000	0.3447651930	0.5900726851	0.0636234223	0.0015386996
0	0.0000265459	0.5188305968	0.0644863014	0.1265183071	0.2901382488
0	0.0891312212	0.6012908148	0.2331250837	0.0001063193	0.0763465610
0	0.0000014101	0.1236894895	0.4539982772	0.1890577345	0.2332530888
0	0.0000271642	0.0005996128	0.0790668476	0.8763969643	0.0439094110
0	0.0001545521	0.0253383356	0.5631062143	0.3629322815	0.0484686165
0	0.0033669187	0.3554862679	0.5917242185	0.0070758656	0.0423467293
0	0.0000328494	0.2186210997	0.2861934560	0.0496881365	0.4454644585
0	0.6704565198	0.0000000010	0.1140135004	0.0147880331	0.2007419457
0	0.4156957758	0.1693753571	0.1773262911	0.1285397954	0.1090627806
