0	0.0728278319	0.0431476028	0.0059882694	0.8776997327	0.0003365632
0	0.0527094060	0.2680975397	0.1763330394	0.5028273165	0.0000326985
0	0.1337234733	0.0000000000	0.0665105325	0.3753771781	0.4243888161
0	0.0003363253	0.0334468373	0.6943004700	0.2719163674	0.0000000000
0	0.0005257834	0.0830060481	0.1513247075	0.0002517476	0.7648917134
0	0.0000000000	0.0499607050	0.5357292952	0.2502246576	0.1640853422
0	0.0000172804	0.0021082243	0.6065049529	0.3693086849	0.0220608574
0	0.0200667221	0.0319610431	0.4946989888	0.0003126267	0.4529606194
0	0.0073442542	0.4755628061	0.1739832737	0.3263448789	0.0167647871
0	0.0000723599	0.6364224742	0.2014073521	0.1065757190	0.0555220948
0	0.2651188213	0.7265656455	0.0082001698	0.0000621138	0.0000532497
0	0.0002621410	0.2092081838	0.7536139564	0.0304922146	0.0064235043
1	0.0034418614	0.0000000000	0.0920754098	0.8166050668	0.0878776620
0	0.0002914779	0.0550861862	0.4267735670	0.0985034337	0.4193453351
0	0.0311791768	0.7920090816	0.0000019336	0.0212352522	0.1555745558
1	0.0000000000	0.6190701059	0.3804487956	0.0000136128	0.0004674857
0	0.0000000014	0.0144268405	0.6021705158	0.3833984123	0.0000042301
0	0.1897000391	0.0000000000	0.1415504248	0.0180399931	0.6507095429
1	0.0000264817	0.0119744062	0.0000855957	0.9241699498	0.0637435666
0	0.0108109004	0.1609014499	0.0766678033	0.0807566029	0.6708632436
0	0.0000942932	0.0510238211	0.1281630856	0.0002312859	0.8204875142
0	0.0687054381	0.1396562317	0.0323927918	0.7043697467	0.0548757916
0	0.0273132512	0.2468990606	0.1955064208	0.0205611940	0.5097200733
0	0.1111424224	0.0677036711	0.0644123351	0.0613387545	0.6954028168
0	0.0381004403	0.0000756715	0.2045558767	0.1548095270	0.6024584845
0	0.7130672306	0.0000000000	0.2006774392	0.0810267262	0.0052286040
0	0.0544200544	0.5127887545	0.1552894794	0.2048459406	0.0726557711
0	0.0002812177	0.0018458783	0.8993891449	0.0433018712	0.0551818878
0	0.0000000016	0.0552305832	0.0475021018	0.5205796931	0.3766876203
0	0.0533990924	0.0021428794	0.0020631494	0.9413952142	0.0009996646
0	0.2892818865	0.2747378272	0.2278555436	0.0208800619	0.1872446808
0	0.5556030982	0.1053923811	0.0000069120	0.0000477419	0.3389498669
1	0.4363160183	0.0342756730	0.0434011463	0.2292647636	0.2567423988
0	0.7261945949	0.0043327472	0.0075015911	0.2619326669	0.0000383998
0	0.0000102759	0.0092764876	0.0018970548	0.0304641376	0.9583520442
0	0.0072293416	0.0113850283	0.2874547394	0.4568522617	0.2370786290
1	0.0108676940	0.5845178600	0.3136480228	0.0877645829	0.0032018403
2	0.0316224347	0.0748951761	0.4905974802	0.0019998052	0.4008851037
0	0.5291534458	0.3036536054	0.1671883215	0.0000046273	0.0000000000
0	0.0003804339	0.9063474729	0.0778244925	0.0028432954	0.0126043053
0	0.0838702350	0.6960343250	0.0939592270	0.1261224759	0.0000137370
0	0.0740049501	0.0168426773	0.4150988943	0.3692880210	0.1247654574
0	0.0001583080	0.0194495495	0.0561665287	0.6304977002	0.2937279137
1	0.0505538204	0.7321144236	0.0518842954	0.1167519450	0.0486955156
0	0.0001168120	0.6208589545	0.1054228082	0.0502248369	0.2233765884
0	0.0004610017	0.0793379428	0.8685521496	0.0182926949	0.0333562110
0	0.5092511388	0.0492806950	0.3627656684	0.0786973952	0.0000051025
0	0.0208359107	0.0557809699	0.6882149492	0.1636640957	0.0715040746
0	0.0065032330	0.2366243308	0.7009538770	0.0351894110	0.0207291482
0	0.5732693558	0.0105580090	0.1032622737	0.3019560344	0.0109543270
0	0.0022168598	0.0578638568	0.0883193255	0.7731769498	0.0784230082
0	0.0000000000	0.0195521036	0.1552541029	0.0549871024	0.7702066911
0	0.0697843105	0.1088289553	0.1676726141	0.0387039985	0.6150101217
0	0.0218148933	0.0260488408	0.0768693463	0.0075282868	0.8677386328
0	0.0783867351	0.0279267642	0.6482554749	0.2441544497	0.0012765762
0	0.0038832824	0.7847447140	0.1144142826	0.0968647061	0.0000930150
0	0.2360367646	0.1377967688	0.5979222047	0.0017585297	0.0264857322
0	0.0004935665	0.1696029622	0.0094584080	0.8201203490	0.0003247145
1	0.2108555388	0.2409989207	0.5129458922	0.0351376329	0.0000620155
0	0.0023712775	0.1110666222	0.2007071902	0.2169373157	0.4689175945
0	0.0135422652	0.0000189373	0.3626832216	0.6237555760	0.0000000000
0	0.0804465581	0.2551312023	0.3033909123	0.3178360711	0.0431952563
0	0.0000000000	0.0401612047	0.2270432788	0.7251223875	0.0076731291
0	0.0086934841	0.2598617728	0.1105752074	0.4997634799	0.1211060558
0	0.0116729409	0.1714054610	0.0000152164	0.6670299915	0.1498763901
0	0.0003699056	0.6131079075	0.0712375398	0.1730139094	0.1422707378
0	0.0753539499	0.0021825286	0.4205705207	0.4904103133	0.0114826875
0	0.1536271383	0.0260126946	0.5422801059	0.2777087595	0.0003713016
0	0.0383535275	0.7429290923	0.0020444613	0.0258108734	0.1908620455
0	0.0068566108	0.1928344465	0.2447101166	0.5555478984	0.0000509278
0	0.0258467761	0.0352572981	0.8378538774	0.0693761696	0.0316658788
0	0.0015896636	0.4802045506	0.1250204889	0.0581548177	0.3350304791
0	0.0000000000	0.0140012683	0.0179722997	0.8570828849	0.1109435470
0	0.0701357362	0.4256632884	0.1775734223	0.0025036213	0.3241239318
0	0.0003932130	0.1370509236	0.4639814066	0.3427286017	0.0558458552
0	0.0162051498	0.0329589164	0.0751882561	0.8755867341	0.0000609436
0	0.0500994282	0.0666218248	0.0674685424	0.0379394540	0.7778707506
0	0.0152012577	0.3086243093	0.1799718901	0.3750334781	0.1211690647
0	0.0028363327	0.0167624073	0.0713254316	0.0996342606	0.8094415678
0	0.0006857464	0.6898210135	0.0145837236	0.0673250722	0.2275844443
0	0.0099777259	0.8679504533	0.0813521908	0.0079814228	0.0327382071
0	0.0021029408	0.5333746635	0.2922078753	0.1372508723	0.0350636480
0	0.0892700294	0.2453364382	0.4485522127	0.1722974802	0.0445438396
1	0.0000000015	0.4532302619	0.0589162584	0.4878534782	0.0000000000
0	0.0032265940	0.0254971761	0.0311028970	0.9401733328	0.0000000000
0	0.0227683829	0.0000057137	0.2528846470	0.6931739426	0.0311673138
0	0.0001668292	0.0188319413	0.9683242231	0.0123421558	0.0003348506
0	0.0031226064	0.9873928548	0.0000351478	0.0090518673	0.0003975237
0	0.0000000000	0.0941326361	0.0163748750	0.8477919611	0.0417005279
0	0.0400214119	0.0249782488	0.9135451386	0.0214552007	0.0000000000
0	0.0000000000	0.7365293040	0.1726847862	0.0652651358	0.0255207739
0	0.0059694876	0.0336949981	0.0866104239	0.0714200135	0.8023050769
0	0.0626287846	0.0000001697	0.8135250242	0.1238460215	0.0000000000
0	0.2014941240	0.1344498790	0.0252247169	0.6350724697	0.0037588105
0	0.1532228634	0.1750460357	0.5776246580	0.0851274776	0.0089789653
0	0.0001112449	0.0371927301	0.0005252552	0.0015072556	0.9606635142
0	0.5662770071	0.0134072738	0.3478201970	0.0723179945	0.0001775276
0	0.0418593241	0.1329829922	0.6678184921	0.0984282756	0.0589109159
0	0.0569988691	0.0442880625	0.6477492472	0.2483763234	0.0025874977
0	0.0024393143	0.0000000047	0.0026770748	0.1165978194	0.8782857868
