0	0.1447043264	0.3125474028	0.3053694131	0.0015524652	0.2358263924
0	0.2171649497	0.0000101009	0.0548885823	0.3128586203	0.4150777468
0	0.0039064993	0.7536734101	0.2305814420	0.0111614223	0.0006772262
0	0.0000009381	0.0964525238	0.4289739666	0.4204130315	0.0541595399
0	0.0000000000	0.0855276741	0.4992554060	0.2879692492	0.1272476706
0	0.1876940681	0.0004085377	0.0071127835	0.2432718911	0.5615127196
0	0.0020924974	0.1821767388	0.3439903555	0.4339874112	0.0377529970
0	0.0070599925	0.7241095417	0.1452713764	0.1235590894	0.0000000000
0	0.0005064056	0.1098979280	0.2032633870	0.6860932141	0.0002390653
0	0.0057724394	0.0000831263	0.7466119746	0.1749993443	0.0725331154
0	0.0000000000	0.8061416029	0.0479430627	0.0123753047	0.1335400296
0	0.0082208857	0.0008395345	0.0010839652	0.9897484612	0.0001071534
0	0.0387146228	0.0005138287	0.3726972352	0.3637636972	0.2243106161
0	0.7978913056	0.0000589089	0.1674113642	0.0000021631	0.0346362582
0	0.0201805763	0.0440520276	0.0511536380	0.8061625483	0.0784512098
0	0.0558219527	0.2603774083	0.1207046187	0.4855268490	0.0775691712
0	0.0000000000	0.4426817753	0.0000000001	0.1426674129	0.4146508117
0	0.0435609967	0.0208065381	0.6915173240	0.0858908884	0.1582242528
0	0.0000000000	0.0609266976	0.0602550964	0.5236963870	0.3551218190
0	0.0000037991	0.0893268122	0.0143689743	0.8962955522	0.0000048623
0	0.3586192653	0.1783016114	0.0971160082	0.0694565407	0.2965065745
0	0.0157677595	0.0001941466	0.1017514748	0.4677916686	0.4144949505
0	0.0000000009	0.3700303495	0.0349494218	0.5162552465	0.0787649812
0	0.0456621549	0.0706979449	0.1961257288	0.5791955531	0.1083186184
0	0.0000385708	0.7903317597	0.0316902134	0.0050975395	0.1728419166
0	0.0000024938	0.0001913479	0.9947576649	0.0005841503	0.0044643432
1	0.0101180005	0.0001180317	0.0838085771	0.7099200110	0.1960353797
0	0.0398950288	0.0452231383	0.0138671516	0.8925173929	0.0084972884
0	0.0000000000	0.2493371202	0.6921051005	0.0001143020	0.0584434773
0	0.0449541309	0.7423128364	0.0389745010	0.1436441472	0.0301143844
0	0.0110057322	0.1321951560	0.2542846440	0.0215585597	0.5809559081
0	0.0021979609	0.0593029615	0.2254433146	0.3913974866	0.3216582764
0	0.0000000000	0.1585174737	0.0205552987	0.8202948684	0.0006323591
0	0.0147977030	0.4115132185	0.0369234454	0.3572298182	0.1795358149
0	0.2541368018	0.1717425611	0.3581965673	0.1678264405	0.0480976292
0	0.0512972486	0.0947601460	0.0365718395	0.5059826396	0.3113881263
1	0.0000014859	0.3888215577	0.2179929087	0.0434968711	0.3496871766
0	0.2365548634	0.0702184537	0.0725398365	0.1662426157	0.4544442307
0	0.0000000000	0.0000692689	0.5831154119	0.0000000000	0.4168153192
0	0.0000000025	0.2393592835	0.0622403597	0.6849044689	0.0134958855
0	0.0882887207	0.0000015656	0.0000413001	0.9114526365	0.0002157771
0	0.0000011113	0.1475082820	0.4853321745	0.3634693658	0.0036890664
0	0.0027752933	0.1470504188	0.7524348079	0.0083904135	0.0893490665
0	0.4923137668	0.0000003863	0.0811934391	0.4226469715	0.0038454365
0	0.0000056975	0.3663565148	0.0579476419	0.1554331998	0.4202569460
1	0.0000007823	0.5177710633	0.3939543996	0.0864966145	0.0017771403
0	0.0000935214	0.0968976501	0.0356094477	0.0000002426	0.8673991382
0	0.0000003323	0.1498858161	0.6851980060	0.0000000000	0.1649158456
0	0.2248031643	0.0535044779	0.5867726057	0.0007653796	0.1341543725
0	0.0084962953	0.1396632903	0.0012140691	0.0000001511	0.8506261942
0	0.0000000003	0.0063587916	0.7471993640	0.2151434143	0.0312984298
1	0.0000000000	0.0484175411	0.0016688280	0.0005864699	0.9493271609
0	0.0587699349	0.0750210840	0.2949857722	0.5386654904	0.0325577185
0	0.0007871366	0.2071919001	0.1425355165	0.0865005802	0.5629848666
0	0.0555679829	0.1320236026	0.1177071176	0.0148587342	0.6798425627
0	0.0591452816	0.2385620991	0.6815882430	0.0167307348	0.0039736416
1	0.0003011312	0.2521843816	0.2429008673	0.1463344566	0.3582791633
1	0.0054781157	0.0292829768	0.7371520313	0.1361390215	0.0919478547
0	0.0000629849	0.1377678120	0.0385263940	0.7805067567	0.0431360524
0	0.7607161369	0.0196960162	0.0639110081	0.1519491265	0.0037277124
0	0.1904221924	0.0037486642	0.1560773749	0.0849699529	0.5647818156
2	0.0000283106	0.0124958862	0.0447587702	0.0434498681	0.8992671649
0	0.0475995704	0.0179423248	0.5250247127	0.2138175677	0.1956158244
0	0.0000000000	0.0024857721	0.9875506629	0.0096868329	0.0002767321
0	0.0004039463	0.0001039532	0.9771529820	0.0215449439	0.0007941745
0	0.0038159086	0.2325239683	0.0005312067	0.7629875285	0.0001413879
0	0.0118063208	0.0515449185	0.3771826716	0.5128217596	0.0466443294
0	0.0000001633	0.0219472233	0.5991829903	0.1045762923	0.2742933308
0	0.0872181640	0.9003368099	0.0002566198	0.0121866062	0.0000018002
1	0.0888507075	0.2758134882	0.0321113683	0.0416656831	0.5615587530
2	0.0000000368	0.2359353914	0.0322353251	0.4190841905	0.3127450561
0	0.0000296848	0.2526582176	0.7054230618	0.0004490612	0.0414399746
0	0.0491930280	0.1381240589	0.0714878779	0.0063667449	0.7348282903
0	0.0844891955	0.0127186960	0.7707894449	0.0000001802	0.1320024834
0	0.0000000000	0.0180003368	0.0572032311	0.0390013772	0.8857950549
0	0.0093456731	0.1349006658	0.0381297959	0.7774464123	0.0401774529
0	0.0043872920	0.0020513307	0.4044201708	0.4631428007	0.1259984058
1	0.0001146668	0.0204340865	0.7008406618	0.2641149141	0.0144956707
0	0.0345503599	0.3113957617	0.0000000118	0.3032005860	0.3508532805
1	0.4035471706	0.0011474245	0.4085220191	0.1768380477	0.0099453382
0	0.0156976400	0.6339943851	0.3321685840	0.0180687988	0.0000705920
0	0.0000081724	0.0657221614	0.2623152721	0.6719543130	0.0000000811
0	0.0089156224	0.0246117471	0.0558507670	0.0948641717	0.8157576919
1	0.0000000001	0.0423235223	0.4030242156	0.3737695876	0.1808826743
0	0.0272662434	0.2433014717	0.2739173798	0.4540873866	0.0014275185
0	0.0000000001	0.8547548640	0.0136897748	0.0002221452	0.1313332159
0	0.0095380692	0.5890306865	0.0650536119	0.3363776325	0.0000000000
1	0.1063102010	0.2568618799	0.0887854793	0.5231876469	0.0248547928
0	0.0000000000	0.0304961724	0.6462173427	0.3016112615	0.0216752234
0	0.0002877121	0.2375490123	0.4357525855	0.2903115238	0.0360991662
0	0.0194901740	0.0030855599	0.3214521925	0.6332145660	0.0227575076
0	0.0001431902	0.1217597418	0.0290256591	0.7443509627	0.1047204462
0	0.0000000000	0.4905830747	0.0195325549	0.4739958317	0.0158885386
0	0.1433723698	0.0487121704	0.7265903344	0.0804402153	0.0008849100
0	0.1382130383	0.0034345014	0.1675601802	0.6560060665	0.0347862135
0	0.0314578845	0.0050688673	0.2441667744	0.4272734734	0.2920330005
0	0.0002135276	0.0002174094	0.0971903277	0.8975929033	0.0047858320
0	0.0000882240	0.8735428607	0.0000954040	0.1148174005	0.0114561108
1	0.0000000004	0.3450517147	0.5018619825	0.1337740104	0.0193122920
0	0.0339437845	0.9167156520	0.0197715453	0.0184302571	0.0111387611
