0	0.0274915134	0.3296500422	0.1713514326	0.4628440952	0.0086629166
0	0.0045107059	0.3061554834	0.6390068224	0.0176962559	0.0326307324
0	0.0000041248	0.0030522797	0.6304979554	0.0321105875	0.3343350525
0	0.0535781052	0.0384730126	0.5144549967	0.3373132900	0.0561805955
0	0.0113603143	0.9310718705	0.0320916206	0.0094407941	0.0160354005
0	0.0017637709	0.0041459613	0.9473728075	0.0315440021	0.0151734581
0	0.9017421410	0.0000000000	0.0835198303	0.0085312434	0.0062067852
0	0.0153720895	0.4021069493	0.3450650577	0.0561508119	0.1813050916
2	0.0000000000	0.0188791111	0.5486954640	0.2444958865	0.1879295384
0	0.0237464011	0.1247046851	0.0140110916	0.0000000000	0.8375378222
0	0.1408709316	0.0358334734	0.5915389787	0.0054151604	0.2263414559
0	0.0000064359	0.1723567021	0.2145986347	0.6126323674	0.0004058599
0	0.1185830812	0.0758219738	0.0819952683	0.1865162419	0.5370834348
2	0.0325974413	0.1769097018	0.1445762063	0.6459166507	0.0000000000
0	0.0001216324	0.6439717262	0.0367058125	0.0032784894	0.3159223396
1	0.0362299378	0.4835533202	0.1688196991	0.1053439317	0.2060531112
0	0.0000007940	0.0000000000	0.0705981236	0.3114419559	0.6179591265
1	0.0010980467	0.5613706974	0.1035287300	0.2830214911	0.0509810349
0	0.0623582803	0.1784361227	0.5262425641	0.2282896643	0.0046733687
0	0.0089815080	0.1086236108	0.6023052863	0.2709281523	0.0091614427
1	0.0142971888	0.1827374604	0.1758835115	0.0009661423	0.6261156970
0	0.0000000000	0.0353080146	0.3798593427	0.4562565517	0.1285760909
0	0.0080813924	0.0004254472	0.0692444558	0.5931855746	0.3290631300
0	0.0012842428	0.1767167330	0.0000000007	0.5006790532	0.3213199703
0	0.0043078637	0.1261589534	0.1987594910	0.0230101391	0.6477635528
0	0.0059590500	0.0207403222	0.0201273652	0.8715722816	0.0816009809
0	0.0000000000	0.0207754847	0.0020600960	0.1523284581	0.8248359611
0	0.5784635619	0.0000824869	0.0268129444	0.0000000017	0.3946410051
0	0.0000000000	0.0005855644	0.7971682856	0.1681036253	0.0341425247
0	0.0167038321	0.8432932233	0.0334368872	0.0725202210	0.0340458363
0	0.0000000017	0.0004987277	0.5484309901	0.2059626879	0.2451075927
0	0.0174123908	0.1115971057	0.4445991019	0.3090926091	0.1172987925
0	0.0230461532	0.0394438229	0.0429760519	0.8859045842	0.0086293878
0	0.2407244022	0.0105952694	0.1512889835	0.0400974682	0.5572938767
0	0.0142328084	0.5701012791	0.0793730996	0.1223909734	0.2139018395
0	0.0875189279	0.0161536018	0.0057245914	0.3726940724	0.5179088065
0	0.0027833991	0.0000020301	0.1475366487	0.6662618667	0.1834160553
0	0.0003353663	0.0000020263	0.0000000000	0.9764406436	0.0232219638
0	0.0000089265	0.0000003522	0.0469892808	0.0239954111	0.9290060294
0	0.0054896886	0.0454413395	0.0555757946	0.7577405388	0.1357526385
0	0.1577072273	0.4318950218	0.0099041485	0.3884769502	0.0120166521
0	0.0065630922	0.0006954809	0.9572690072	0.0302926816	0.0051797381
0	0.0168912737	0.4216651654	0.0746008293	0.0542709604	0.4325717711
0	0.0000000000	0.1272001549	0.3149840427	0.4918097648	0.0660060377
1	0.0506244527	0.5601318682	0.1943790691	0.0000004427	0.1948641673
0	0.0070936624	0.1834019675	0.2486713018	0.0191429079	0.5416901605
0	0.5029604877	0.2223093659	0.0005046577	0.2248514505	0.0493740381
0	0.0673479727	0.4605509728	0.2617481387	0.1611859924	0.0491669234
0	0.0055391366	0.0000004635	0.7817156419	0.0908731317	0.1218716262
0	0.3193279257	0.0238719424	0.5507033120	0.1060962114	0.0000006085
0	0.0090164210	0.5513887635	0.2901993933	0.1179199313	0.0314754909
1	0.0512779592	0.4763138583	0.0798341510	0.0677690349	0.3248049966
0	0.0118671469	0.0711922394	0.0521712699	0.0000534400	0.8647159038
0	0.3664239318	0.0604064660	0.2776454194	0.1913843674	0.1041398154
0	0.0019857917	0.0169473274	0.5518946939	0.0007268689	0.4284453181
0	0.0035512979	0.0061849924	0.1555211986	0.7759527011	0.0587898099
0	0.0684266972	0.0789324150	0.0484865397	0.0172894175	0.7868649306
0	0.2786175389	0.0652816125	0.1160297432	0.4458791250	0.0941919804
0	0.0000040300	0.0201812180	0.8899832295	0.0898017923	0.0000297301
0	0.0000000000	0.4148151911	0.0159166406	0.5572942423	0.0119739260
0	0.3770773672	0.0673071165	0.1053975903	0.4006439725	0.0495739535
0	0.5736602456	0.0000000000	0.3963881330	0.0237819419	0.0061696795
0	0.0028845846	0.8206796023	0.1165336350	0.0316784279	0.0282237501
1	0.0214917118	0.0205205257	0.3039680793	0.6414060652	0.0126136181
0	0.1303984070	0.0004045794	0.8216188980	0.0474911920	0.0000869235
0	0.0000072511	0.0273392880	0.6716336691	0.0137832869	0.2872365050
0	0.0000081119	0.5279971612	0.0202419030	0.4408333137	0.0109195102
0	0.0000815430	0.8415257629	0.0155910536	0.0390623723	0.1037392681
0	0.0044506472	0.2842683008	0.4732691151	0.2102524439	0.0277594929
0	0.0143768219	0.0094045853	0.0002667980	0.7115057289	0.2644460658
0	0.1928931599	0.0012602621	0.3138759584	0.2657750364	0.2261955833
0	0.0003097041	0.0098991135	0.9204603741	0.0547957662	0.0145350420
0	0.0000000307	0.0000073983	0.9925375282	0.0073517180	0.0001033249
0	0.0000383123	0.6415688369	0.0285152294	0.3214297092	0.0084479122
0	0.0003368484	0.0007962905	0.3798214766	0.5060614161	0.1129839685
0	0.0000165502	0.0288319772	0.1525482045	0.0543784805	0.7642247877
0	0.4238157944	0.1946979505	0.0000000015	0.0363630029	0.3451232506
0	0.0012368631	0.2274245996	0.4998033278	0.0475092993	0.2240259102
0	0.0000014110	0.2781362839	0.0798107717	0.1846791244	0.4573724090
0	0.0624064856	0.2998341677	0.6040339651	0.0296194982	0.0041058835
0	0.0018400785	0.0002682772	0.9097300420	0.0880999223	0.0000616800
0	0.3000040138	0.0002184614	0.4880797469	0.2030731533	0.0086246245
0	0.0123366916	0.0477665657	0.0045101733	0.9345388370	0.0008477324
0	0.0130406408	0.1077472414	0.0838602364	0.6658109032	0.1295409781
0	0.0005247757	0.0087324058	0.5395507376	0.0593866973	0.3918053836
0	0.6640517528	0.1117781993	0.2000419369	0.0240671677	0.0000609433
0	0.0007358372	0.1513400490	0.3583089431	0.1485983427	0.3410168279
0	0.0102448266	0.3548254682	0.0953368564	0.3575630110	0.1820298378
0	0.0000000000	0.0419139639	0.0190840396	0.5248404935	0.4141615031
0	0.0053589564	0.3706239196	0.0000000000	0.1429921210	0.4810250031
0	0.0146504285	0.0000000324	0.0084646891	0.9706373487	0.0062475014
0	0.1946139042	0.0091477275	0.1825838541	0.1496056952	0.4640488190
0	0.1564581462	0.0298590850	0.8106086160	0.0000000916	0.0030740612
0	0.0031369686	0.0176456526	0.0079375794	0.0871454658	0.8841343335
0	0.0041496777	0.0177818661	0.1505682820	0.8248688871	0.0026312871
0	0.0038728518	0.0361130123	0.0119172674	0.9424131921	0.0056836765
0	0.1668185412	0.1064075148	0.0824270405	0.4774872277	0.1668596757
0	0.3727029684	0.0011026348	0.4254826004	0.0680641256	0.1326476707
0	0.0000000041	0.0677685841	0.7291891242	0.1872254548	0.0158168329
0	0.0031661383	0.0203732276	0.3129334006	0.0001344845	0.6633927490
